8.731994596838131356e-05
8.731509106030920897e-05
8.730988700735240198e-05
8.730467153336051106e-05
8.729942398695922172e-05
8.729413279107874611e-05
8.728879353564349445e-05
8.728340610358779428e-05
8.727797291124425540e-05
8.727249774133859737e-05
8.726698501225602003e-05
8.726143939233773066e-05
8.725586582215999769e-05
8.725026850741648932e-05
8.724465062997690385e-05
8.723901511713048451e-05
8.723336580172073840e-05
8.722770789818089373e-05
8.722204732718294353e-05
8.721640794043028283e-05
8.721045166950675475e-05
8.720679714857768852e-05
8.727507595867266786e-05
8.804562778054188070e-05
8.895090064898363621e-05
9.000302899295933141e-05
9.108105978662862793e-05
9.215065301933668808e-05
9.323958145931267099e-05
9.437678987602682811e-05
9.559946236928641683e-05
9.695315667536601818e-05
9.849470341603560632e-05
1.002999584507030230e-04
1.024763360181239828e-04
1.051844254554702940e-04
1.086766734358361497e-04
1.133691582487081692e-04
1.199744721057347414e-04
1.297249986877825980e-04
1.446026784314067789e-04
1.669753196941939485e-04
1.976320348586660240e-04
2.340334291685501448e-04
2.723113390780726559e-04
3.096924423580769557e-04
3.445283527610519016e-04
3.758021557311063462e-04
4.029939435365321987e-04
4.260492878461503031e-04
4.452700228454068245e-04
4.611543045597602474e-04
4.742565762113487571e-04
4.850993648994024270e-04
4.941327296290440232e-04
5.017245351534346375e-04
5.081663572506828121e-04
5.136853054741140475e-04
5.184566963400213816e-04
5.226154029140774645e-04
5.262652145671598740e-04
5.294862302086107654e-04
5.323405584068123964e-04
5.348766563498866516e-04
5.371326101859708220e-04
5.391386090370759668e-04
5.409188094029402207e-04
5.424927442639654492e-04
5.438763893356823951e-04
5.450829722540656780e-04
5.461235879031526219e-04
5.470076688052214527e-04
5.477433456878570868e-04
5.483377242814187810e-04
5.487970996775066567e-04
5.491271196883543365e-04
5.493329141808713347e-04
5.494191953071493519e-04
5.493903330955559900e-04
5.492504179101172527e-04
5.490033089170469468e-04
5.486526707445235672e-04
5.482020044104802484e-04
5.476546690862317979e-04
5.470139024186923462e-04
5.462828375936681826e-04
5.454645142406970701e-04
5.445618871937387686e-04
5.435778345727111270e-04
5.425151627791575904e-04
5.413766230626704560e-04
5.401649019434265082e-04
5.388826303721947321e-04
5.375323867355727816e-04
5.361166996248135962e-04
5.346380500124022460e-04
5.330988726014572075e-04
5.315015571346875384e-04
5.298484495365535707e-04
5.281418528177917382e-04
5.263840277721485881e-04
5.245771935143108333e-04
5.227235278939153240e-04
5.208251677862076046e-04
5.188842092695692852e-04
5.169027077272326859e-04
5.148826778932314926e-04
5.128260938406927838e-04
5.107348889213514506e-04
5.086109556759300454e-04
5.064561457296660367e-04
5.042722696849853345e-04
5.020610970260523838e-04
4.998243560328545151e-04
4.975637336942467619e-04
4.952808756276061907e-04
4.929773860194815909e-04
4.906548275945602465e-04
4.883147216156731411e-04
4.859585479166584807e-04
4.835877449698409731e-04
4.812037099897910060e-04
4.788077990746766378e-04
4.764013273861566989e-04
4.739855693683578636e-04
4.715617590061101940e-04
4.691310901222793951e-04
4.666947167137264815e-04
4.642537533251603105e-04
4.618092754598878465e-04
4.593623200263037402e-04
4.569138858187185418e-04
4.544649340309864704e-04
4.520163888012769982e-04
4.495691377861882527e-04
4.471240327623235856e-04
4.446818902533826163e-04
4.422434921807433055e-04
4.398095865355078696e-04
4.373808880699160163e-04
4.349580790060708830e-04
4.325418097598947081e-04
4.301326996782599450e-04
4.277313377872741054e-04
4.253382835497339712e-04
4.229540676298030872e-04
4.205791926630402249e-04
4.182141340299472742e-04
4.158593406312952284e-04
4.135152356635389635e-04
4.111822173927296938e-04
4.088606599253903607e-04
4.065509139749260586e-04
4.042533076222115380e-04
4.019681470690897600e-04
3.996957173836036261e-04
3.974362832358593347e-04
3.951900896235213483e-04
3.929573625860182154e-04
3.907383099066200180e-04
3.885331218016286670e-04
3.863419715960164842e-04
3.841650163849109575e-04
3.820023976804040079e-04
3.798542420432540908e-04
3.777206616990829596e-04
3.756017551387769594e-04
3.734976077028409895e-04
3.714082921495206590e-04
3.693338692065657280e-04
3.672743881065715192e-04
3.652298871058675604e-04
3.632003939869886964e-04
3.611859265447997383e-04
3.591864930563813674e-04
3.572020927348441496e-04
3.552327161672510212e-04
3.532783457368703409e-04
3.513389560300140277e-04
3.494145142277460905e-04
3.475049804827617657e-04
3.456103082817775399e-04
3.437304447937682139e-04
3.418653312044417554e-04
3.400149030373258259e-04
3.381790904618831310e-04
3.363578185890712751e-04
3.345510077547811270e-04
3.327585737916097675e-04
3.309804282894213763e-04
3.292164788451701807e-04
3.274666293024637077e-04
3.257307799813683792e-04
3.240088278989557494e-04
3.223006669810985804e-04
3.206061882660474725e-04
3.189252801003147550e-04
3.172578283274172248e-04
3.156037164700275328e-04
3.139628259060974055e-04
3.123350360395339980e-04
3.107202244660172319e-04
3.091182671345479253e-04
3.075290385053497497e-04
3.059524117047300010e-04
3.043882586775292125e-04
3.028364503378031393e-04
3.012968567183564638e-04
2.997693471197830813e-04
2.982537902596320983e-04
2.967500544223352125e-04
2.952580076104975842e-04
2.937775176981407611e-04
2.923084525864427905e-04
2.908506803624899746e-04
2.894040694614786113e-04
2.879684888327425593e-04
2.865438081098873268e-04
2.851298977851870814e-04
2.837266293882790029e-04
2.823338756690047641e-04
2.809515107840665602e-04
2.795794104869216493e-04
2.782174523200956406e-04
2.768655158087612628e-04
2.755234826541212712e-04
2.741912369247395567e-04
2.728686652435626599e-04
2.715556569679474755e-04
2.702521043595691773e-04
2.689579027406401686e-04
2.676729506324666201e-04
2.663971498720142444e-04
2.651304057018942571e-04
2.638726268290381215e-04
2.626237254473964052e-04
2.613836172202357649e-04
2.601522212181660038e-04
2.589294598098549325e-04
2.577152585035627887e-04
2.565095457391247148e-04
2.553122526318582475e-04
2.541233126719763427e-04
2.529426613854019899e-04
2.517702359643357547e-04
2.506059748782952135e-04
2.494498174786050483e-04
2.483017036111194887e-04
2.471615732533061259e-04
2.460293661923398370e-04
2.449050217605143031e-04
2.437884786428394111e-04
2.426796747690790031e-04
2.415785472986835562e-04
2.404850327021286829e-04
2.393990669362850495e-04
2.383205857049962577e-04
2.372495247895244227e-04
2.361858204275724528e-04
2.351294097149591081e-04
2.340802310013880298e-04
2.330382242515960801e-04
2.320033313457803433e-04
2.309754962983732107e-04
2.299546653814326649e-04
2.289407871472274041e-04
2.279338123530039173e-04
2.269336937983474039e-04
2.259403860912127338e-04
2.249538453621205685e-04
2.239740289471210070e-04
2.230008950591543969e-04
2.220344024649694684e-04
2.210745101813680225e-04
2.201211772008537782e-04
2.191743622533957230e-04
2.182340236081970332e-04
2.173001189174730331e-04
2.163726051031987974e-04
2.154514382880706800e-04
2.145365737727729805e-04
2.136279660630493874e-04
2.127255689525928096e-04
2.118293356706446758e-04
2.109392191064528375e-04
2.100551721262817681e-04
2.091771480022161750e-04
2.083051009751738793e-04
2.074389869767775431e-04
2.065787645350034344e-04
2.057243958854347425e-04
2.048758483014503310e-04
2.040330956401612667e-04
2.031961200735326841e-04
2.023649139334229624e-04
2.015394815448795290e-04
2.007198408577010409e-04
1.999060246225910686e-04
1.990980808141835348e-04
1.982960720044508638e-04
1.975000734615231090e-04
1.967101699019341071e-04
1.959264510424413731e-04
1.951490063321768733e-04
1.943779194285994978e-04
1.936132630508015503e-04
1.928550947765265749e-04
1.921034541674503386e-04
1.913583613694241643e-04
1.906198171075341129e-04
1.898878038299206148e-04
1.891622876696363647e-04
1.884432208836894567e-04
1.877305444706371619e-04
1.870241907368821435e-04
1.863240856561711482e-04
1.856301509332566391e-04
1.849423057349765937e-04
1.842604680890416497e-04
1.835845559742875868e-04
1.829144881389593792e-04
1.822501846886984014e-04
1.815915674859923238e-04
1.809385603998378436e-04
1.802910894397999797e-04
1.796490828034904511e-04
1.790124708613405997e-04
1.783811860978150267e-04
1.777551630240293700e-04
1.771343380732009868e-04
1.765186494874500613e-04
1.759080372021261016e-04
1.753024427319779333e-04
1.747018090620775942e-04
1.741060805452929183e-04
1.735152028073366607e-04
1.729291226598001744e-04
1.723477880211878488e-04
1.717711478456833744e-04
1.711991520592114665e-04
1.706317515022526526e-04
1.700688978788263280e-04
1.695105437110455010e-04
1.689566422986598694e-04
1.684071476830307102e-04
1.678620146150188982e-04
1.673211985263085714e-04
1.667846555037314621e-04
1.662523422662145903e-04
1.657242161439960535e-04
1.652002350598204348e-04
1.646803575118402569e-04
1.641645425580002995e-04
1.636527498017049888e-04
1.631449393785989641e-04
1.626410719443142114e-04
1.621411086630565308e-04
1.616450111969271761e-04
1.611527416958810003e-04
1.606642627882533486e-04
1.601795375717797736e-04
1.596985296050628766e-04
1.592212028994278083e-04
1.587475219111253910e-04
1.582774515338372461e-04
1.578109570914459816e-04
1.573480043310311377e-04
1.568885594160689893e-04
1.564325889198095345e-04
1.559800598188218598e-04
1.555309394866909406e-04
1.550851956878666373e-04
1.546427965716556973e-04
1.542037106663578206e-04
1.537679068735382803e-04
1.533353544624295364e-04
1.529060230644659893e-04
1.524798826679283194e-04
1.520569036127064112e-04
1.516370565851689626e-04
1.512203126131315403e-04
1.508066430609211013e-04
1.503960196245366840e-04
1.499884143268927423e-04
1.495837995131491882e-04
1.491821478461296082e-04
1.487834323018129062e-04
1.483876261649077263e-04
1.479947030244999767e-04
1.476046367697811282e-04
1.472174015858439483e-04
1.468329719495506619e-04
1.464513226254744022e-04
1.460724286619078836e-04
1.456962653869370446e-04
1.453228084045846222e-04
1.449520335910157423e-04
1.445839170908069088e-04
1.442184353132786902e-04
1.438555649288876027e-04
1.434952828656784656e-04
1.431375663057951402e-04
1.427823926820453982e-04
1.424297396745296488e-04
1.420795852073147966e-04
1.417319074451706031e-04
1.413866847903533740e-04
1.410438958794437748e-04
1.407035195802350356e-04
1.403655349886714617e-04
1.400299214258354092e-04
1.396966584349812869e-04
1.393657257786185921e-04
1.390371034356395604e-04
1.387107715984930577e-04
1.383867106704020290e-04
1.380649012626242894e-04
1.377453241917575490e-04
1.374279604770858561e-04
1.371127913379655309e-04
1.367997981912541430e-04
1.364889626487764596e-04
1.361802665148325155e-04
1.358736917837409465e-04
1.355692206374223838e-04
1.352668354430151582e-04
1.349665187505338568e-04
1.346682532905589427e-04
1.343720219719605265e-04
1.340778078796603563e-04
1.337855942724243549e-04
1.334953645806881981e-04
1.332071024044157175e-04
1.329207915109924037e-04
1.326364158331443891e-04
1.323539594668916635e-04
1.320734066695338437e-04
1.317947418576588731e-04
1.315179496051864169e-04
1.312430146414393910e-04
1.309699218492419196e-04
1.306986562630441800e-04
1.304292030670778770e-04
1.301615475935363547e-04
1.298956753207791584e-04
1.296315718715667091e-04
1.293692230113173403e-04
1.291086146463887559e-04
1.288497328223879763e-04
1.285925637224999321e-04
1.283370936658439489e-04
1.280833091058521881e-04
1.278311966286705835e-04
1.275807429515833603e-04
1.273319349214575846e-04
1.270847595132145738e-04
1.268392038283159976e-04
1.265952550932745644e-04
1.263529006581875288e-04
1.261121279952871137e-04
1.258729246975109624e-04
1.256352784770962538e-04
1.253991771641891587e-04
1.251646087054745441e-04
1.249315611628263581e-04
1.247000227119742779e-04
1.244699816411890610e-04
1.242414263499873838e-04
1.240143453478513450e-04
1.237887272529683785e-04
1.235645607909874571e-04
1.233418347937905823e-04
1.231205381982819480e-04
1.229006600451940166e-04
1.226821894779089373e-04
1.224651157412947906e-04
1.222494281805602638e-04
1.220351162401205763e-04
1.218221694624832985e-04
1.216105774871433740e-04
1.214003300494993239e-04
1.211914169797766340e-04
1.209838282019707120e-04
1.207775537328018657e-04
1.205725836806850531e-04
1.203689082447117223e-04
1.201665177136448232e-04
1.199654024649283621e-04
1.197655529637075541e-04
1.195669597618668507e-04
1.193696134970734165e-04
1.191735048918387787e-04
1.189786247525890568e-04
1.187849639687495971e-04
1.185925135118390950e-04
1.184012644345762395e-04
1.182112078699999372e-04
1.180223350305983866e-04
1.178346372074485734e-04
1.176481057693686824e-04
1.176481057693096205e-04
