8.731994598911348171e-05
8.731509111785363229e-05
8.730988711013789856e-05
8.730467169857600860e-05
8.729942421953392341e-05
8.729413311030212647e-05
8.728879397249214469e-05
8.728340666905519917e-05
8.727797353780488061e-05
8.727249829733813903e-05
8.726698573706688348e-05
8.726144075037671032e-05
8.725586684623330702e-05
8.725026723544363296e-05
8.724464739830506996e-05
8.723901335090623269e-05
8.723340764917564239e-05
8.722735492484577657e-05
8.722838379685349578e-05
8.758003567954940121e-05
8.828765805071562016e-05
8.911795456078979458e-05
8.991250801415666362e-05
9.067519218997782161e-05
9.141873511944122903e-05
9.215801218730350157e-05
9.290912580350167737e-05
9.368808271300948457e-05
9.451084617905668910e-05
9.539421371182878022e-05
9.635698868118768381e-05
9.742129812054128890e-05
9.861433647892079086e-05
9.997081017281198283e-05
1.015365106808388421e-04
1.033737033917130944e-04
1.055695348810474992e-04
1.082494731708932953e-04
1.115991776280285511e-04
1.159001430975056856e-04
1.215859105259539327e-04
1.293203188206972615e-04
1.400652805429987251e-04
1.550011404766708659e-04
1.750420771601071972e-04
2.000064582196030445e-04
2.283750856993271730e-04
2.581299288629639835e-04
2.875841143552279404e-04
3.155466836057402020e-04
3.412218960857942214e-04
3.641462703977909427e-04
3.841551152730613978e-04
4.013257887045527418e-04
4.158965555841541125e-04
4.281857942951428769e-04
4.385303202704716736e-04
4.472474978135356828e-04
4.546169186249359655e-04
4.608749360766424747e-04
4.662162966199463071e-04
4.707989812511158712e-04
4.747500078249016625e-04
4.781710519062011252e-04
4.811434036541519443e-04
4.837321208317206154e-04
4.859894105574179626e-04
4.879573352240630982e-04
4.896699538370363498e-04
4.911550096187480277e-04
4.924352520268048591e-04
4.935294773187670148e-04
4.944533439283702167e-04
4.952200095355255727e-04
4.958406329161914577e-04
4.963247770398472071e-04
4.966807169783848605e-04
4.969156872845784329e-04
4.970360795639342877e-04
4.970475985859537258e-04
4.969553867952393802e-04
4.967641235731862052e-04
4.964781046908830911e-04
4.961013061201771527e-04
4.956374353998519670e-04
4.950899730860071606e-04
4.944622062933629091e-04
4.937572559180120925e-04
4.929780988003983457e-04
4.921275858251832579e-04
4.912084567503819050e-04
4.902233523968610668e-04
4.891748247007282700e-04
4.880653450303535008e-04
4.868973110906796623e-04
4.856730526727591089e-04
4.843948364535751567e-04
4.830648700128334859e-04
4.816853052034991180e-04
4.802582409852368742e-04
4.787857258093680289e-04
4.772697596302671636e-04
4.757122956058925625e-04
4.741152415397246870e-04
4.724804611078884742e-04
4.708097749050433830e-04
4.691049613331838204e-04
4.673677573554962418e-04
4.655998591391504187e-04
4.638029226088456335e-04
4.619785639282155808e-04
4.601283599226725814e-04
4.582538484551921089e-04
4.563565287652218672e-04
4.544378617797009039e-04
4.524992704041262605e-04
4.505421398006224779e-04
4.485678176590504693e-04
4.465776144664055226e-04
4.445728037790188866e-04
4.425546225014195573e-04
4.405242711751332103e-04
4.384829142801406035e-04
4.364316805512598058e-04
4.343716633112520813e-04
4.323039208220583445e-04
4.302294766552203567e-04
4.281493200821912849e-04
4.260644064849645357e-04
4.239756577871446781e-04
4.218839629054065726e-04
4.197901782210012884e-04
4.176951280708197825e-04
4.155996052573536254e-04
4.135043715767288352e-04
4.114101583638805687e-04
4.093176670538196493e-04
4.072275697578428165e-04
4.051405098534942360e-04
4.030571025869866082e-04
4.009779356867936235e-04
3.989035699870461540e-04
3.968345400593869025e-04
3.947713548519105292e-04
3.927144983338187712e-04
3.906644301444412099e-04
3.886215862452857875e-04
3.865863795738191141e-04
3.845592006976935738e-04
3.825404184682074668e-04
3.805303806717984629e-04
3.785294146784470783e-04
3.765378280858915549e-04
3.745559093586515792e-04
3.725839284608740000e-04
3.706221374820990321e-04
3.686707712551103196e-04
3.667300479650787478e-04
3.648001697492760272e-04
3.628813232867099132e-04
3.609736803770870824e-04
3.590773985085573346e-04
3.571926214137773601e-04
3.553194796138776836e-04
3.534580909499686016e-04
3.516085611018931914e-04
3.497709840939711959e-04
3.479454427875361866e-04
3.461320093601208316e-04
3.443307457711912260e-04
3.425417042143608960e-04
3.407649275560849646e-04
3.390004497608406584e-04
3.372482963028683163e-04
3.355084845645627239e-04
3.337810242216384293e-04
3.320659176152314525e-04
3.303631601111161730e-04
3.286727404462497378e-04
3.269946410628749240e-04
3.253288384304364603e-04
3.236753033555784436e-04
3.220340012805185110e-04
3.204048925700906368e-04
3.187879327877974245e-04
3.171830729611739563e-04
3.155902598368258622e-04
3.140094361254812914e-04
3.124405407374098559e-04
3.108835090085862820e-04
3.093382729179536294e-04
3.078047612961620251e-04
3.062829000261646051e-04
3.047726122360431417e-04
3.032738184844410928e-04
3.017864369389881515e-04
3.003103835480870382e-04
2.988455722064430379e-04
2.973919149147132034e-04
2.959493219336378918e-04
2.945177019330313386e-04
2.930969621359882449e-04
2.916870084586651929e-04
2.902877456459900690e-04
2.888990774036425367e-04
2.875209065266385710e-04
2.861531350248395990e-04
2.847956642457003407e-04
2.834483949945404402e-04
2.821112276526133232e-04
2.807840622932200212e-04
2.794667987960861044e-04
2.781593369601922158e-04
2.768615766152089674e-04
2.755734177316504713e-04
2.742947605298155702e-04
2.730255055875379635e-04
2.717655539467196419e-04
2.705148072185531417e-04
2.692731676872915647e-04
2.680405384123554324e-04
2.668168233284929085e-04
2.656019273436488319e-04
2.643957564341165218e-04
2.631982177364754661e-04
2.620092196357393425e-04
2.608286718490665100e-04
2.596564855043037882e-04
2.584925732125734673e-04
2.573368491340418795e-04
2.561892290359486638e-04
2.550496303419407841e-04
2.539179721717004976e-04
2.527941753698570155e-04
2.516781625231629218e-04
2.505698579649330592e-04
2.494691877658144455e-04
2.483760797099974680e-04
2.472904632561277933e-04
2.462122694823018097e-04
2.451414310147111077e-04
2.440778819397545856e-04
2.430215576996753166e-04
2.419723949721254474e-04
2.409303315344101535e-04
2.398953061135744363e-04
2.388672582239516633e-04
2.378461279942873687e-04
2.368318559870789982e-04
2.358243830133437894e-04
2.348236499465901166e-04
2.338295975403736676e-04
2.328421662543874045e-04
2.318612960945836473e-04
2.308869264732941041e-04
2.299189960957067757e-04
2.289574428792432717e-04
2.280022039124007078e-04
2.270532154592818004e-04
2.261104130153520231e-04
2.251737314187893929e-04
2.242431050200559392e-04
2.233184679100081219e-04
2.223997542039434351e-04
2.214868983755641663e-04
2.205798356310900027e-04
2.196785023099912155e-04
2.187828362954034455e-04
2.178927774147107791e-04
2.170082678094957507e-04
2.161292522544037704e-04
2.152556784066594604e-04
2.143874969719312918e-04
2.135246617776442239e-04
2.126671297510816122e-04
2.118148608060323591e-04
2.109678176475135534e-04
2.101259655086754226e-04
2.092892718369232866e-04
2.084577059474696436e-04
2.076312386620771664e-04
2.068098419490184707e-04
2.059934885777367985e-04
2.051821517988321186e-04
2.043758050572745005e-04
2.035744217445053530e-04
2.027779749934545568e-04
2.019864375200524959e-04
2.011997815154622582e-04
2.004179785936629338e-04
1.996409998012768498e-04
1.988688156991740529e-04
1.981013965285515638e-04
1.973387124776977437e-04
1.965807340693135729e-04
1.958274326915493727e-04
1.950787812982722317e-04
1.943347553043159445e-04
1.935953336981130523e-04
1.928605003848464798e-04
1.921302457552479307e-04
1.914045684452052396e-04
1.906834772068565268e-04
1.899669927524781957e-04
1.892551493628996423e-04
1.885479959848153830e-04
1.878455964981965820e-04
1.871480288450361055e-04
1.864553828008679113e-04
1.857677563503001112e-04
1.850852508735826847e-04
1.844079656030347437e-04
1.837359919868158259e-04
1.830694086390675761e-04
1.824082774428702517e-04
1.817526411444831574e-04
1.811025225084489582e-04
1.804579248686336609e-04
1.798188337580863534e-04
1.791852192420480185e-04
1.785570385965329029e-04
1.779342390399728821e-04
1.773167603085567081e-04
1.767045369463811507e-04
1.760975002480076005e-04
1.754955798398282916e-04
1.748987049186537951e-04
1.743068051842763984e-04
1.737198115110477809e-04
1.731376564050190363e-04
1.725602742905615785e-04
1.719876016655213515e-04
1.714195771581851968e-04
1.708561415134619648e-04
1.702972375302192344e-04
1.697428099668751075e-04
1.691928054282516294e-04
1.686471722433087407e-04
1.681058603406635290e-04
1.675688211266803957e-04
1.670360073692692213e-04
1.665073730893120861e-04
1.659828734607387527e-04
1.654624647196276978e-04
1.649461040822776977e-04
1.644337496718765947e-04
1.639253604532445229e-04
1.634208961749876845e-04
1.629203173183827705e-04
1.624235850523008491e-04
1.619306611934892180e-04
1.614415081715913562e-04
1.609560889983111844e-04
1.604743672402105133e-04
1.599963069946534712e-04
1.595218728684857218e-04
1.590510299590810388e-04
1.585837438374273719e-04
1.581199805329730891e-04
1.576597065199951398e-04
1.572028887052621623e-04
1.567494944168179246e-04
1.562994913937119511e-04
1.558528477765398041e-04
1.554095320986725122e-04
1.549695132780708705e-04
1.545327606096064978e-04
1.540992437578211005e-04
1.536689327500727700e-04
1.532417979700251320e-04
1.528178101514405054e-04
1.523969403722451701e-04
1.519791600488420210e-04
1.515644409306370283e-04
1.511527550947614764e-04
1.507440749409713621e-04
1.503383731866983638e-04
1.499356228622475580e-04
1.495357973061204693e-04
1.491388701604580056e-04
1.487448153665910555e-04
1.483536071606927291e-04
1.479652200695284476e-04
1.475796289062901955e-04
1.471968087665199737e-04
1.468167350241121843e-04
1.464393833273942391e-04
1.460647295952817080e-04
1.456927500135046447e-04
1.453234210309042776e-04
1.449567193557945355e-04
1.445926219523896829e-04
1.442311060372976578e-04
1.438721490760693270e-04
1.435157287798122792e-04
1.431618231018618901e-04
1.428104102345071139e-04
1.424614686057741695e-04
1.421149768762636797e-04
1.417709139360399321e-04
1.414292589015730224e-04
1.410899911127318196e-04
1.407530901298253414e-04
1.404185357306926465e-04
1.400863079078436041e-04
1.397563868656396429e-04
1.394287530175269485e-04
1.391033869833100203e-04
1.387802695864720926e-04
1.384593818515329614e-04
1.381407050014556810e-04
1.378242204550906658e-04
1.375099098246606395e-04
1.371977549132845343e-04
1.368877377125426976e-04
1.365798404000780411e-04
1.362740453372334555e-04
1.359703350667309943e-04
1.356686923103801691e-04
1.353690999668268470e-04
1.350715411093338623e-04
1.347759989835982191e-04
1.344824570055971067e-04
1.341908987594722961e-04
1.339013079954424004e-04
1.336136686277470645e-04
1.333279647326254705e-04
1.330441805463207549e-04
1.327623004631170065e-04
1.324823090334029628e-04
1.322041909617696414e-04
1.319279311051295748e-04
1.316535144708694651e-04
1.313809262150234935e-04
1.311101516404806458e-04
1.308411761952150238e-04
1.305739854705377588e-04
1.303085651993836466e-04
1.300449012546128270e-04
1.297829796473446351e-04
1.295227865253090996e-04
1.292643081712264400e-04
1.290075310012090879e-04
1.287524415631838206e-04
1.284990265353398340e-04
1.282472727245958437e-04
1.279971670650907666e-04
1.277486966166949491e-04
1.275018485635422117e-04
1.272566102125817879e-04
1.270129689921527076e-04
1.267709124505747131e-04
1.265304282547623780e-04
1.262915041888542961e-04
1.260541281528659331e-04
1.258182881613557869e-04
1.255839723421144246e-04
1.253511689348695381e-04
1.251198662900066948e-04
1.248900528673120146e-04
1.246617172347267474e-04
1.244348480671241843e-04
1.242094341450976824e-04
1.239854643537692893e-04
1.237629276816126517e-04
1.235418132192886637e-04
1.233221101585039916e-04
1.231038077908763208e-04
1.228868955068229674e-04
1.226713627944567536e-04
1.224571992385008570e-04
1.222443945192180253e-04
1.220329384113510399e-04
1.218228207830803774e-04
1.216140315949927944e-04
1.214065608990661622e-04
1.212003988376630557e-04
1.209955356425441433e-04
1.207919616338871195e-04
1.205896672193255189e-04
1.203886428929916907e-04
1.201888792345801163e-04
1.199903669084176241e-04
1.197930966625491907e-04
1.195970593278304362e-04
1.194022458170365187e-04
1.192086471239808538e-04
1.190162543226451784e-04
1.188250585663175416e-04
1.186350510867475083e-04
1.184462231933055908e-04
1.182585662721576965e-04
1.180720717854480054e-04
1.178867312704924997e-04
1.177025363389826992e-04
1.175194786761985568e-04
1.173375500402327668e-04
1.171567422612236370e-04
1.169770472405979504e-04
1.167984569503213607e-04
1.167984569502648060e-04
