8.732106130978010126e-05
8.731692665209898224e-05
8.731235721160024498e-05
8.730770022994787391e-05
8.730294888508428820e-05
8.729810550239042383e-05
8.729317752723079614e-05
8.728817421667073426e-05
8.728310510668436711e-05
8.727797932041699491e-05
8.727280567321388130e-05
8.726759203103045832e-05
8.726234406997573640e-05
8.725706659766724934e-05
8.725176635117805476e-05
8.724645027408837138e-05
8.724116215348847229e-05
8.723541529221249852e-05
8.723694169467338753e-05
8.759645795344341587e-05
8.834385935080625823e-05
8.929983182295089241e-05
9.031393605711058106e-05
9.139697760878750534e-05
9.258204557898034378e-05
9.392677379919802479e-05
9.552808675302439871e-05
9.755344837455142825e-05
1.003213380012302392e-04
1.045331446013302555e-04
1.120946827944467838e-04
1.299153853134586353e-04
1.841876697572134654e-04
2.841170314261257167e-04
3.869926598385020448e-04
4.812141834835633489e-04
5.612246585213018658e-04
6.239403342716522615e-04
6.707286399547426198e-04
7.054438337302952394e-04
7.319769756479247141e-04
7.532479284636261520e-04
7.711773125242531732e-04
7.869530646517986297e-04
8.012900719730712412e-04
8.146142798067168220e-04
8.271793718925804680e-04
8.391373142594223036e-04
8.505801750910583830e-04
8.615647447382068606e-04
8.721270097631464479e-04
8.822906689390656908e-04
8.920721481305465047e-04
9.014835502313158205e-04
9.105343869001519515e-04
9.192325858060532671e-04
9.275850696584641945e-04
9.355980880817539634e-04
9.432774012729469061e-04
9.506283779151315002e-04
9.576560500389032313e-04
9.643651412498746578e-04
9.707600879979483201e-04
9.768450516165635110e-04
9.826239359544556087e-04
9.881004037736364903e-04
9.932778949740977449e-04
9.981596520485282176e-04
1.002748743828251301e-03
1.007048093042235562e-03
1.011060499391665431e-03
1.014788671936838610e-03
1.018235261609546673e-03
1.021402880048541450e-03
1.024294123576918042e-03
1.026911605104973433e-03
1.029257983982082231e-03
1.031335968245014958e-03
1.033148342764650656e-03
1.034697985360892710e-03
1.035987882000977828e-03
1.037021139185441768e-03
1.037800993078864115e-03
1.038330817362088021e-03
1.038614129433190498e-03
1.038654593852694199e-03
1.038456024306442594e-03
1.038022384162766692e-03
1.037357784923532023e-03
1.036466483175778027e-03
1.035352876179083297e-03
1.034021496611365297e-03
1.032477006715694151e-03
1.030724191078701262e-03
1.028767948479215183e-03
1.026613283168765784e-03
1.024265295662808804e-03
1.021729173122924283e-03
1.019010179428716557e-03
1.016113645038038520e-03
1.013044956726843852e-03
1.009809547291478597e-03
1.006412885288132881e-03
1.002860464876737315e-03
9.991577958293423965e-04
9.953103937562625229e-04
9.913237705966729610e-04
9.872034254141013807e-04
9.829548355313089299e-04
9.785834480334823764e-04
9.740946716634435064e-04
9.694938691277066355e-04
9.647863498277503471e-04
9.599773630267510087e-04
9.550720914582605135e-04
9.500756453799360027e-04
9.449930570723365317e-04
9.398292757801143382e-04
9.345891630904403424e-04
9.292774887414303022e-04
9.238989268514583584e-04
9.184580525586254554e-04
9.129593390583347649e-04
9.074071550257551940e-04
9.018057624090361751e-04
8.961593145783867736e-04
8.904718548155734614e-04
8.847473151279401996e-04
8.789895153708190967e-04
8.732021626619804622e-04
8.673888510718433947e-04
8.615530615730741500e-04
8.556981622334677677e-04
8.498274086361749672e-04
8.439439445116207099e-04
8.380508025658200228e-04
8.321509054901841691e-04
8.262470671383328764e-04
8.203419938558926964e-04
8.144382859497523858e-04
8.085384392837686790e-04
8.026448469884102160e-04
7.967598012723928029e-04
7.908854953248898971e-04
7.850240252974360726e-04
7.791773923552017516e-04
7.733475047878445204e-04
7.675361801706826045e-04
7.617451475674568220e-04
7.559760497664730610e-04
7.502304455424121596e-04
7.445098119365841250e-04
7.388155465488966149e-04
7.331489698352537535e-04
7.275113274045610576e-04
7.219037923099382286e-04
7.163274673291650588e-04
7.107833872297751425e-04
7.052725210146050007e-04
6.997957741439724683e-04
6.943539907309959243e-04
6.889479557069155997e-04
6.835783969535917486e-04
6.782459874006423238e-04
6.729513470849926658e-04
6.676950451708548459e-04
6.624776019284228700e-04
6.572994906698101988e-04
6.521611396409880690e-04
6.470629338686618775e-04
6.420052169612732373e-04
6.369882928634518129e-04
6.320124275634561497e-04
6.270778507532592631e-04
6.221847574411215609e-04
6.173333095166208496e-04
6.125236372682059957e-04
6.077558408535163430e-04
6.030299917227640661e-04
5.983461339955871211e-04
5.937042857918870290e-04
5.891044405172308910e-04
5.845465681034629508e-04
5.800306162052526644e-04
5.755565113533496003e-04
5.711241600653722003e-04
5.667334499150066549e-04
5.623842505605088386e-04
5.580764147334737069e-04
5.538097791888253827e-04
5.495841656170209538e-04
5.453993815194849637e-04
5.412552210483049121e-04
5.371514658112058315e-04
5.330878856428675422e-04
5.290642393436226004e-04
5.250802753865832550e-04
5.211357325942500649e-04
5.172303407856433362e-04
5.133638213950024410e-04
5.095358880630803007e-04
5.057462472020612899e-04
5.019945985351243140e-04
4.982806356116499351e-04
4.946040462990793128e-04
4.909645132524041028e-04
4.873617143622710631e-04
4.837953231826683156e-04
4.802650093391500692e-04
4.767704389185471823e-04
4.733112748410953801e-04
4.698871772159140853e-04
4.664978036807468603e-04
4.631428097268595564e-04
4.598218490099989291e-04
4.565345736482741496e-04
4.532806345078467330e-04
4.500596814772618776e-04
4.468713637312694397e-04
4.437153299849655843e-04
4.405912287390510804e-04
4.374987085170133744e-04
4.344374180950003267e-04
4.314070067251502471e-04
4.284071243531091424e-04
4.254374218304446246e-04
4.224975511226362738e-04
4.195871655132930866e-04
4.167059198051936155e-04
4.138534705187096570e-04
4.110294760881007302e-04
4.082335970561171449e-04
4.054654962672449444e-04
4.027248390598504911e-04
4.000112934573554508e-04
3.973245303584528533e-04
3.946642237262233937e-04
3.920300507758399389e-04
3.894216921603579841e-04
3.868388321538794128e-04
3.842811588311357868e-04
3.817483642422899804e-04
3.792401445814825634e-04
3.767562003473597511e-04
3.742962364935458115e-04
3.718599625667301989e-04
3.694470928297870584e-04
3.670573463671090997e-04
3.646904471691740646e-04
3.623461241932525142e-04
3.600241113971623490e-04
3.577241477431092700e-04
3.554459771688946515e-04
3.531893485242135135e-04
3.509540154703746570e-04
3.487397363425739200e-04
3.465462739748397620e-04
3.443733954889427332e-04
3.422208720498895614e-04
3.400884785920611645e-04
3.379759935215511778e-04
3.358831984017803386e-04
3.338098776308610124e-04
3.317558181204566183e-04
3.297208089868513929e-04
3.277046412655743924e-04
3.257071076610732027e-04
3.237280023425559601e-04
3.217671207960714802e-04
3.198242597412068611e-04
3.178992171183534204e-04
3.159917921493804373e-04
3.141017854708666327e-04
3.122289993349044936e-04
3.103732378681707624e-04
3.085343073757946413e-04
3.067120166729100689e-04
3.049061774240963271e-04
3.031166044695445439e-04
3.013431161170001616e-04
2.995855343804823545e-04
2.978436851503266656e-04
2.961173982839363601e-04
2.944065076122721349e-04
2.927108508629685233e-04
2.910302695063699224e-04
2.893646085352601224e-04
2.877137161921988501e-04
2.860774436600310548e-04
2.844556447313671167e-04
2.828481754718030895e-04
2.812548938897932276e-04
2.796756596236646712e-04
2.781103336537481090e-04
2.765587780452430778e-04
2.750208557255104770e-04
2.734964302981169335e-04
2.719853658950469868e-04
2.704875270688127760e-04
2.690027787270668903e-04
2.675309861127302992e-04
2.660720148348536245e-04
2.646257309576847288e-04
2.631920011581066884e-04
2.617706929646553124e-04
2.603616750946043741e-04
2.589648179089333807e-04
2.575799940079774586e-04
2.562070789927087451e-04
2.548459524169953850e-04
2.534964989535365009e-04
2.521586097886172723e-04
2.508321842460625663e-04
2.495171316160246550e-04
2.482133731270757355e-04
2.469208439495036256e-04
2.456394950557952103e-04
2.443692946988253786e-04
2.431102292142947564e-04
2.418623028338289188e-04
2.406255362340712332e-04
2.393999636632246873e-04
2.381856286780554394e-04
2.369825787600585978e-04
2.357908593013907216e-04
2.346105075932718360e-04
2.334415474652733679e-04
2.322839851071517342e-04
2.311378063927612607e-04
2.300029757806183999e-04
2.288794366497956686e-04
2.277671127832801953e-04
2.266659106454048400e-04
2.255757221039561870e-04
2.244964272978394997e-04
2.234278974233180860e-04
2.223699972867154880e-04
2.213225875373101242e-04
2.202855265456855481e-04
2.192586719293246876e-04
2.182418817504988280e-04
2.172350154243259091e-04
2.162379343801288083e-04
2.152505025194060792e-04
2.142725865108272617e-04
2.133040559581175235e-04
2.123447834714893979e-04
2.113946446680582236e-04
2.104535181218150500e-04
2.095212852794027774e-04
2.085978303542549545e-04
2.076830402085722135e-04
2.067768042301133997e-04
2.058790142087873977e-04
2.049895642164744432e-04
2.041083504923265051e-04
2.032352713349019359e-04
2.023702270018254337e-04
2.015131196172173424e-04
2.006638530867862027e-04
1.998223330202717309e-04
1.989884666607954415e-04
1.981621628205849136e-04
1.973433318225132032e-04
1.965318854468997534e-04
1.957277368830220811e-04
1.949308006848297773e-04
1.941409927303871879e-04
1.933582301846111190e-04
1.925824314649174850e-04
1.918135162094231224e-04
1.910514052474029608e-04
1.902960205717184100e-04
1.895472853129816617e-04
1.888051237152428086e-04
1.880694611130015329e-04
1.873402239093935817e-04
1.866173395553902671e-04
1.859007365299046577e-04
1.851903443206912156e-04
1.844860934059609260e-04
1.837879152366405245e-04
1.830957422192134524e-04
1.824095076991009620e-04
1.817291459445348803e-04
1.810545921308853040e-04
1.803857823254082871e-04
1.797226534723868503e-04
1.790651433786362282e-04
1.784131906993464381e-04
1.777667349242438761e-04
1.771257163640544839e-04
1.764900761372500818e-04
1.758597561570637467e-04
1.752346991187678921e-04
1.746148484871936106e-04
1.740001484844943408e-04
1.733905440781367564e-04
1.727859809691153256e-04
1.721864055803848500e-04
1.715917650455031217e-04
1.710020071974772743e-04
1.704170805578131514e-04
1.698369343257590458e-04
1.692615183677380884e-04
1.686907832069720276e-04
1.681246800132836841e-04
1.675631605930816336e-04
1.670061773795165178e-04
1.664536834228147325e-04
1.659056323807737683e-04
1.653619785094291822e-04
1.648226766538798071e-04
1.642876822392711205e-04
1.637569512619371228e-04
1.632304402806933536e-04
1.627081064082801243e-04
1.621899073029540691e-04
1.616758011602214564e-04
1.611657467047149933e-04
1.606597031822131762e-04
1.601576303517870893e-04
1.596594884780894500e-04
1.591652383237726208e-04
1.586748411420347193e-04
1.581882586692927696e-04
1.577054531179817838e-04
1.572263871694737835e-04
1.567510239671183602e-04
1.562793271093983508e-04
1.558112606432053722e-04
1.553467890572248866e-04
1.548858772754323166e-04
1.544284906507014028e-04
1.539745949585193542e-04
1.535241563908035353e-04
1.530771415498249194e-04
1.526335174422350561e-04
1.521932514731844099e-04
1.517563114405482251e-04
1.513226655292433816e-04
1.508922823056380318e-04
1.504651307120585173e-04
1.500411800613835913e-04
1.496204000317273011e-04
1.492027606612131611e-04
1.487882323428306431e-04
1.483767858193787016e-04
1.479683921784905325e-04
1.475630228477388341e-04
1.471606495898247411e-04
1.467612444978415960e-04
1.463647799906185717e-04
1.459712288081355537e-04
1.455805640070184962e-04
1.451927589561018649e-04
1.448077873320677853e-04
1.444256231151526024e-04
1.440462405849217995e-04
1.436696143161157681e-04
1.432957191745601983e-04
1.429245303131426313e-04
1.425560231678532511e-04
1.421901734538874487e-04
1.418269571618142519e-04
1.414663505538005369e-04
1.411083301599001295e-04
1.407528727743969537e-04
1.403999554522100072e-04
1.400495555053539291e-04
1.397016504994524498e-04
1.393562182503115801e-04
1.390132368205428365e-04
1.386726845162403242e-04
1.383345398837098619e-04
1.379987817062499310e-04
1.376653890009811164e-04
1.373343410157270737e-04
1.370056172259407343e-04
1.366791973316807101e-04
1.363550612546344262e-04
1.360331891351850020e-04
1.357135613295249962e-04
1.353961584068154723e-04
1.350809611463859921e-04
1.347679505349781400e-04
1.344571077640330660e-04
1.341484142270173824e-04
1.338418515167940823e-04
1.335374014230282600e-04
1.332350459296367427e-04
1.329347672122727412e-04
1.326365476358497492e-04
1.323403697521031725e-04
1.320462162971889025e-04
1.317540701893186983e-04
1.314639145264268484e-04
1.311757325838767572e-04
1.308895078121976739e-04
1.306052238348597190e-04
1.306052238347697573e-04
