8.731994597117337809e-05
8.731509106793445705e-05
8.730988702151645982e-05
8.730467156810929911e-05
8.729942404189426858e-05
8.729413287877259568e-05
8.728879368444182650e-05
8.728340631310695032e-05
8.727797310327214042e-05
8.727249777435205208e-05
8.726698512530508937e-05
8.726144005196137218e-05
8.725586604806184158e-05
8.725026631953359852e-05
8.724464641960287038e-05
8.723901239961270469e-05
8.723340700726560110e-05
8.722734674305493332e-05
8.722851408216267537e-05
8.758820127133648667e-05
8.834298319974896762e-05
8.931882162243370469e-05
9.034567548126062355e-05
9.140790400124209627e-05
9.250663252074647132e-05
9.365565226888644223e-05
9.488160672251837841e-05
9.622293931234131553e-05
9.773166178566282652e-05
9.947897167925265577e-05
1.015660354238235387e-04
1.041434054509235766e-04
1.074468430558938545e-04
1.118650301100043747e-04
1.180687272949499815e-04
1.272425700867083488e-04
1.413834433595527094e-04
1.631323291097409476e-04
1.938434259412549440e-04
2.311684533373782634e-04
2.708420917560474552e-04
3.097313300796105556e-04
3.460225307683625039e-04
3.786066078518215841e-04
4.069041352510914468e-04
4.308402293120161411e-04
4.507326141358906002e-04
4.671161920309890424e-04
4.805872023860698560e-04
4.917054857200794417e-04
5.009504251830949016e-04
5.087112291985744147e-04
5.152942516373275285e-04
5.209364780828497311e-04
5.258196400528059641e-04
5.300826656824064124e-04
5.338318288734335585e-04
5.371486879949802012e-04
5.400961538836585290e-04
5.427230721625182037e-04
5.450676648371473483e-04
5.471601075368606954e-04
5.490244629569895375e-04
5.506801300894065927e-04
5.521429382100640415e-04
5.534259701264721779e-04
5.545401871930684054e-04
5.554949052929845834e-04
5.562981560038422150e-04
5.569569647364280580e-04
5.574775608308572480e-04
5.578655442365107291e-04
5.581260133853793281e-04
5.582636595345554734e-04
5.582828400215576357e-04
5.581876472923194901e-04
5.579819517094617093e-04
5.576694327845993938e-04
5.572536123886580794e-04
5.567378769757754930e-04
5.561254966621875925e-04
5.554196397254385596e-04
5.546233839891299543e-04
5.537397263550567546e-04
5.527715906027667490e-04
5.517218337412761308e-04
5.505932511982628659e-04
5.493885810719187097e-04
5.481105076374608032e-04
5.467616642416932163e-04
5.453446356673759569e-04
5.438619600626733250e-04
5.423161305166580718e-04
5.407095963207412702e-04
5.390447639579647307e-04
5.373239978733232837e-04
5.355496210776321047e-04
5.337239156122804921e-04
5.318491228680710062e-04
5.299274437702438832e-04
5.279610388627736448e-04
5.259520283164782805e-04
5.239024918760121696e-04
5.218144687579287424e-04
5.196899575112609712e-04
5.175309158513578464e-04
5.153392604768957698e-04
5.131168668790450941e-04
5.108655691509110747e-04
5.085871598044521295e-04
5.062833896013064616e-04
5.039559674031711834e-04
5.016065600466608834e-04
4.992367922468983086e-04
4.968482465334407268e-04
4.944424632215577847e-04
4.920209404212986908e-04
4.895851340862819633e-04
4.871364581036255015e-04
4.846762844260106497e-04
4.822059432464224655e-04
4.797267232157611302e-04
4.772398717031374232e-04
4.747465950983695737e-04
4.722480591559024892e-04
4.697453893791217016e-04
4.672396714437992591e-04
4.647319516592240463e-04
4.622232374653829109e-04
4.597144979644152097e-04
4.572066644844696042e-04
4.547006311739373819e-04
4.521972556240062770e-04
4.496973595173876358e-04
4.472017293010531317e-04
4.447111168807707190e-04
4.422262403352290850e-04
4.397477846475564452e-04
4.372764024520223430e-04
4.348127147937896116e-04
4.323573118995780720e-04
4.299107539571781389e-04
4.274735719017960399e-04
4.250462682072922546e-04
4.226293176804229242e-04
4.202231682562902531e-04
4.178282417932755854e-04
4.154449348658310719e-04
4.130736195535541513e-04
4.107146442251155940e-04
4.083683343156391276e-04
4.060349930962780054e-04
4.037149024347808242e-04
4.014083235459627703e-04
3.991154977310576663e-04
3.968366471050549450e-04
3.945719753111675220e-04
3.923216682216933648e-04
3.900858946246079859e-04
3.878648068952959935e-04
3.856585416529291466e-04
3.834672204010444946e-04
3.812909501519649771e-04
3.791298240347805372e-04
3.769839218866507364e-04
3.748533108272661851e-04
3.727380458163653582e-04
3.706381701942477579e-04
3.685537162052879810e-04
3.664847055044960066e-04
3.644311496472124492e-04
3.623930505620853596e-04
3.603704010074876805e-04
3.583631850115932284e-04
3.563713782963633852e-04
3.543949486857040049e-04
3.524338564981108028e-04
3.504880549241287039e-04
3.485574903889815824e-04
3.466421029007577177e-04
3.447418263845462134e-04
3.428565890029474880e-04
3.409863134634017108e-04
3.391309173127910349e-04
3.372903132197943576e-04
3.354644092454914977e-04
3.336531091027162806e-04
3.318563124046980330e-04
3.300739149035361326e-04
3.283058087190572519e-04
3.265518825586524732e-04
3.248120219286812623e-04
3.230861093380742286e-04
3.213740244947691990e-04
3.196756444956598618e-04
3.179908440107343860e-04
3.163194954621457219e-04
3.146614691989435206e-04
3.130166336682595196e-04
3.113848555837485962e-04
3.097660000921293767e-04
3.081599309386873729e-04
3.065665106326390154e-04
3.049856006132732763e-04
3.034170614178153852e-04
3.018607528519618019e-04
3.003165341640489467e-04
2.987842642238157506e-04
2.972638017067100007e-04
2.957550052846360947e-04
2.942577338240227858e-04
2.927718465919892129e-04
2.912972034712858131e-04
2.898336651845551983e-04
2.883810935282628686e-04
2.869393516163931722e-04
2.855083041337456583e-04
2.840878175982542147e-04
2.826777606313390597e-04
2.812780042347542975e-04
2.798884220717875147e-04
2.785088907499534629e-04
2.771392901015497473e-04
2.757795034575712904e-04
2.744294179096053296e-04
2.730889245533872438e-04
2.717579187068866280e-04
2.704363000950162034e-04
2.691239729925398554e-04
2.678208463165190293e-04
2.665268336598145774e-04
2.652418532578584560e-04
2.639658278822080571e-04
2.626986846563899160e-04
2.614403547922111715e-04
2.601907732480731976e-04
2.589498783147186614e-04
2.577176111381242370e-04
2.564939151936525773e-04
2.552787357297571784e-04
2.540720192031423750e-04
2.528737127299365145e-04
2.516837635787158231e-04
2.505021187308529977e-04
2.493287245313842654e-04
2.481635264492970542e-04
2.470064689599160658e-04
2.458574955541665912e-04
2.447165488704614706e-04
2.435835709354957821e-04
2.424585034913378709e-04
2.413412883788335951e-04
2.402318679425874686e-04
2.391301854213039577e-04
2.380361852895387671e-04
2.369498135226459472e-04
2.358710177652753809e-04
2.347997473939448555e-04
2.337359534746150688e-04
2.326795886254499901e-04
2.316306068020106872e-04
2.305889630263999938e-04
2.295546130832295606e-04
2.285275132041881196e-04
2.275076197599897499e-04
2.264948889744681116e-04
2.254892766712900132e-04
2.244907380598010606e-04
2.234992275633509171e-04
2.225146986912870820e-04
2.215371039545540883e-04
2.205663948251487870e-04
2.196025217408275731e-04
2.186454341574741366e-04
2.176950806542786204e-04
2.167514090997618779e-04
2.158143668899400233e-04
2.148839012734500456e-04
2.139599597819988883e-04
2.130424907877908442e-04
2.121314442120692337e-04
2.112267724097384241e-04
2.103284312529685261e-04
2.094363814298552218e-04
2.085505899602360734e-04
2.076710319068191847e-04
2.067976922232279491e-04
2.059305676302158362e-04
2.050696683492242694e-04
2.042150194567520416e-04
2.033666615697512017e-04
2.025246505553801970e-04
2.016890560046749234e-04
2.008599583369925898e-04
2.000374446051584037e-04
1.992216033118237261e-04
1.984125187605185071e-04
1.976102655817195126e-04
1.968149040538650708e-04
1.960264766876086532e-04
1.952450063084329207e-04
1.944704956275401754e-04
1.937029280940811573e-04
1.929422697055336873e-04
1.921884714190642233e-04
1.914414718358719810e-04
1.907011998959685548e-04
1.899675773983252301e-04
1.892405212341701621e-04
1.885199452806116821e-04
1.878057619451388004e-04
1.870978833800436222e-04
1.863962224020880337e-04
1.857006931601674893e-04
1.850112115950050887e-04
1.843276957325219940e-04
1.836500658480224202e-04
1.829782445330227188e-04
1.823121566910842735e-04
1.816517294839004634e-04
1.809968922443406126e-04
1.803475763692626737e-04
1.797037152016748717e-04
1.790652439092227691e-04
1.784320993639003155e-04
1.778042200262887947e-04
1.771815458364187849e-04
1.765640181124357986e-04
1.759515794576166651e-04
1.753441736758121964e-04
1.747417456950797808e-04
1.741442414990771294e-04
1.735516080656554776e-04
1.729637933120369291e-04
1.723807460459454797e-04
1.718024159220608231e-04
1.712287534032072469e-04
1.706597097257230499e-04
1.700952368685028295e-04
1.695352875252531001e-04
1.689798150795603874e-04
1.684287735824014861e-04
1.678821177317836079e-04
1.673398028542291346e-04
1.668017848878638814e-04
1.662680203668938687e-04
1.657384664072769403e-04
1.652130806934280869e-04
1.646918214658125133e-04
1.641746475093020126e-04
1.636615181421931361e-04
1.631523932058007230e-04
1.626472330545609502e-04
1.621459985465826192e-04
1.616486510346046659e-04
1.611551523573164174e-04
1.606654648310086391e-04
1.601795512415222220e-04
1.596973748364683820e-04
1.592188993176938338e-04
1.587440888339714527e-04
1.582729079738947925e-04
1.578053217589582742e-04
1.573412956368154265e-04
1.568807954746931712e-04
1.564237875529604985e-04
1.559702385588374106e-04
1.555201155802407738e-04
1.550733860997518989e-04
1.546300179887136563e-04
1.541899795014391563e-04
1.537532392695353811e-04
1.533197662963359427e-04
1.528895299514360258e-04
1.524624999653333124e-04
1.520386464241639632e-04
1.516179397645379121e-04
1.512003507684642038e-04
1.507858505583702232e-04
1.503744105922095043e-04
1.499660026586542962e-04
1.495605988723732664e-04
1.491581716693928233e-04
1.487586938025395908e-04
1.483621383369583167e-04
1.479684786457117194e-04
1.475776884054522174e-04
1.471897415921679807e-04
1.468046124770044426e-04
1.464222756221525445e-04
1.460427058768081583e-04
1.456658783731992171e-04
1.452917685226788201e-04
1.449203520118856928e-04
1.445516047989655261e-04
1.441855031098557131e-04
1.438220234346326452e-04
1.434611425239193166e-04
1.431028373853476267e-04
1.427470852800846507e-04
1.423938637194114936e-04
1.420431504613589569e-04
1.416949235073963580e-04
1.413491610991758607e-04
1.410058417153270047e-04
1.406649440683029777e-04
1.403264471012808008e-04
1.399903299851050433e-04
1.396565721152846372e-04
1.393251531090340624e-04
1.389960528023647301e-04
1.386692512472172145e-04
1.383447287086440609e-04
1.380224656620325215e-04
1.377024427903723652e-04
1.373846409815648883e-04
1.370690413257748860e-04
1.367556251128241489e-04
1.364443738296227445e-04
1.361352691576396003e-04
1.358282929704161845e-04
1.355234273311138778e-04
1.352206544901001330e-04
1.349199568825709011e-04
1.346213171262083204e-04
1.343247180188761639e-04
1.340301425363477853e-04
1.337375738300697347e-04
1.334469952249564106e-04
1.331583902172209233e-04
1.328717424722342024e-04
1.325870358224217260e-04
1.323042542651834243e-04
1.320233819608528049e-04
1.317444032306793605e-04
1.314673025548444255e-04
1.311920645705053014e-04
1.309186740698666245e-04
1.306471159982814127e-04
1.303773754523792987e-04
1.301094376782201611e-04
1.298432880694792239e-04
1.295789121656518617e-04
1.293162956502884916e-04
1.290554243492543474e-04
1.287962842290138650e-04
1.285388613949384868e-04
1.282831420896401076e-04
1.280291126913257705e-04
1.277767597121788449e-04
1.275260697967616440e-04
1.272770297204411363e-04
1.270296263878333324e-04
1.267838468312759692e-04
1.265396782093177288e-04
1.262971078052277309e-04
1.260561230255316165e-04
1.258167113985619152e-04
1.255788605730308012e-04
1.253425583166246698e-04
1.251077925146142436e-04
1.248745511684866622e-04
1.246428223945944308e-04
1.244125944228249955e-04
1.241838555952881000e-04
1.239565943650193503e-04
1.237307992947014803e-04
1.235064590554064599e-04
1.232835624253506143e-04
1.230620982886684726e-04
1.228420556342047767e-04
1.226234235543180646e-04
1.224061912437044461e-04
1.221903479982374796e-04
1.219758832138184842e-04
1.217627863852502703e-04
1.215510471051174977e-04
1.213406550626880263e-04
1.211316000428253395e-04
1.209238719249180571e-04
1.207174606818216185e-04
1.205123563788141147e-04
1.203085491725671633e-04
1.201060293101286836e-04
1.199047871279197377e-04
1.197048130507451696e-04
1.195060975908163593e-04
1.193086313467862014e-04
1.191124050027984904e-04
1.189174093275478767e-04
1.187236351733518574e-04
1.185310734752361296e-04
1.183397152500315313e-04
1.181495515954826921e-04
1.179605736893659258e-04
1.177727727886207032e-04
1.175861402284923197e-04
1.174006674216855395e-04
1.172163458575257078e-04
1.170331671011369258e-04
1.170331671010789210e-04
