8.731994626565106360e-05
8.731509096800111691e-05
8.730988616638585048e-05
8.730467001952251947e-05
8.729942185881138473e-05
8.729413036160422361e-05
8.728879062890672639e-05
8.728340274039201826e-05
8.727796924186567945e-05
8.727249349934028389e-05
8.726698040324634004e-05
8.726143482615242373e-05
8.725586075399390960e-05
8.725026270272978840e-05
8.724464453946459983e-05
8.723901020656802221e-05
8.723336284208159928e-05
8.722770536905514050e-05
8.722204056368256637e-05
8.721637006687628553e-05
8.721069615257719414e-05
8.720502099336377487e-05
8.719934622321377088e-05
8.719367303012954249e-05
8.718800241247971381e-05
8.718233593884890250e-05
8.717667455403732264e-05
8.717101962374195845e-05
8.716537136234359627e-05
8.715973146356878888e-05
8.715410016029489300e-05
8.714847788060056948e-05
8.714286502550283359e-05
8.713726260714055793e-05
8.713167102604693257e-05
8.712609115555350239e-05
8.712052296422228041e-05
8.711496700000526344e-05
8.710942391793689561e-05
8.710389383640216080e-05
8.709837691429275764e-05
8.709287369329810080e-05
8.708738462829549636e-05
8.708191045264471479e-05
8.707645080274980262e-05
8.707100584193839035e-05
8.706557538996079616e-05
8.706016030060346263e-05
8.705476112131482888e-05
8.704937718810934542e-05
8.704400974988010461e-05
8.703865806955139565e-05
8.703332378754758715e-05
8.702800542636536518e-05
8.702275079540251431e-05
8.701683603599883441e-05
8.702434987775637754e-05
8.756180693512258706e-05
8.830462975815560377e-05
8.922872506433755649e-05
9.019441709864485881e-05
9.117530444831124076e-05
9.217763503960524699e-05
9.321724570003374940e-05
9.431729128934577828e-05
9.550829788976910705e-05
9.682946850491923091e-05
9.833207861611610568e-05
1.000857485297008162e-04
1.021891680652995316e-04
1.047888076309046315e-04
1.081122755135666976e-04
1.125297586959340463e-04
1.186672153816967245e-04
1.275999116256715401e-04
1.410843608683158676e-04
1.614048661972531404e-04
1.898594873968394267e-04
2.247131036168104187e-04
2.622744355619779813e-04
2.995306855386087905e-04
3.346462650651087179e-04
3.664855831718791669e-04
3.944129340819855513e-04
4.182603507756097274e-04
4.382418486997406606e-04
4.548042346347327632e-04
4.684820566612586299e-04
4.797982545250214234e-04
4.892135520616964399e-04
4.971100864572450522e-04
5.037937210588752527e-04
5.095042762707998902e-04
5.144277160041945459e-04
5.187075382188367735e-04
5.224543874504030284e-04
5.257537527080028122e-04
5.286719570573532702e-04
5.312607442348446290e-04
5.335607614782426379e-04
5.356041942031006123e-04
5.374167572774770328e-04
5.390192013413697483e-04
5.404284545084470700e-04
5.416584899452827869e-04
5.427209870677178255e-04
5.436258369935183851e-04
5.443815301352833598e-04
5.449954543325055863e-04
5.454741248702948790e-04
5.458233624821162309e-04
5.460484315146810165e-04
5.461541474978841076e-04
5.461449611565477244e-04
5.460250242365074450e-04
5.457982412577046857e-04
5.454683103499574463e-04
5.450387555979230650e-04
5.445129527646458585e-04
5.438941498364150383e-04
5.431854835041577834e-04
5.423899924448759551e-04
5.415106280727763344e-04
5.405502632804136311e-04
5.395116995748869574e-04
5.383976729252679463e-04
5.372108585687135080e-04
5.359538749697039320e-04
5.346292870858567218e-04
5.332396090620538515e-04
5.317873064501724579e-04
5.302747980326439400e-04
5.287044573134034664e-04
5.270786137283344809e-04
5.253995536183771230e-04
5.236695210014621774e-04
5.218907181739395945e-04
5.200653061677632362e-04
5.181954050861636634e-04
5.162830943377057008e-04
5.143304127862217794e-04
5.123393588321736121e-04
5.103118904392946187e-04
5.082499251188891606e-04
5.061553398829126077e-04
5.040299711758081981e-04
5.018756147940049185e-04
4.996940258010811780e-04
4.974869184456836560e-04
4.952559660885255850e-04
4.930028011439779607e-04
4.907290150411064596e-04
4.884361582083192451e-04
4.861257400851903550e-04
4.837992291644143674e-04
4.814580530663435665e-04
4.791035986480275633e-04
4.767372121482274516e-04
4.743601993694203920e-04
4.719738258974431975e-04
4.695793173590308983e-04
4.671778597171886505e-04
4.647705996040285754e-04
4.623586446904345620e-04
4.599430640916707023e-04
4.575248888078330026e-04
4.551051121978671814e-04
4.526846904856863868e-04
4.502645432968153298e-04
4.478455542238379849e-04
4.454285714188462053e-04
4.430144082110103881e-04
4.406038437473299482e-04
4.381976236545721370e-04
4.357964607204042775e-04
4.334010355916906526e-04
4.310119974879336388e-04
4.286299649278734218e-04
4.262555264672455622e-04
4.238892414457802460e-04
4.215316407415293869e-04
4.191832275306816885e-04
4.168444780510887683e-04
4.145158423677740701e-04
4.121977451387779886e-04
4.098905863797696041e-04
4.075947422259181517e-04
4.053105656896228916e-04
4.030383874127497611e-04
4.007785164121406606e-04
3.985312408172213988e-04
3.962968285986298968e-04
3.940755282868620341e-04
3.918675696800376883e-04
3.896731645399331592e-04
3.874925072755380589e-04
3.853257756134680924e-04
3.831731312546226209e-04
3.810347205165709244e-04
3.789106749612025323e-04
3.768011120072589496e-04
3.747061355274160992e-04
3.726258364296594389e-04
3.705602932227384377e-04
3.685095725655582709e-04
3.664737298004170111e-04
3.644528094700339978e-04
3.624468458183857547e-04
3.604558632753934212e-04
3.584798769255654011e-04
3.565188929607259827e-04
3.545729091169965200e-04
3.526419150962447117e-04
3.507258929722247291e-04
3.488248175816636857e-04
3.469386569005811628e-04
3.450673724061249889e-04
3.432109194242401813e-04
3.413692474634986984e-04
3.395423005354081063e-04
3.377300174615623682e-04
3.359323321679692320e-04
3.341491739669229005e-04
3.323804678267806910e-04
3.306261346300114461e-04
3.288860914198905058e-04
3.271602516362137700e-04
3.254485253404084820e-04
3.237508194304157018e-04
3.220670378457268692e-04
3.203970817629528422e-04
3.187408497822916543e-04
3.170982381052887735e-04
3.154691407042465646e-04
3.138534494836656792e-04
3.122510544340880855e-04
3.106618437787046750e-04
3.090857041130936353e-04
3.075225205384623920e-04
3.059721767887395760e-04
3.044345553518897117e-04
3.029095375858065686e-04
3.013970038291304411e-04
2.998968335073673636e-04
2.984089052346411593e-04
2.969330969114560579e-04
2.954692858188071795e-04
2.940173487090027410e-04
2.925771618935544172e-04
2.911486013284896317e-04
2.897315426974454624e-04
2.883258614928971763e-04
2.869314330958876386e-04
2.855481328546057864e-04
2.841758361621772133e-04
2.828144185340234580e-04
2.814637556851354240e-04
2.801237236076109115e-04
2.787941986487961574e-04
2.774750575903582725e-04
2.761661777286013113e-04
2.748674369563277654e-04
2.735787138465123531e-04
2.722998877380400232e-04
2.710308388237040312e-04
2.697714482406360446e-04
2.685215981632765327e-04
2.672811718989252338e-04
2.660500539858383037e-04
2.648281302937535893e-04
2.636152881266094067e-04
2.624114163271178460e-04
2.612164053826957150e-04
2.600301475321235237e-04
2.588525368721202816e-04
2.576834694628419523e-04
2.565228434311114867e-04
2.553705590699849033e-04
2.542265189330381167e-04
2.530906279215656323e-04
2.519627933626670635e-04
2.508429250760474296e-04
2.497309354272010673e-04
2.486267393645862664e-04
2.475302544383771431e-04
2.464414007984572154e-04
2.453601011695092076e-04
2.442862808013531698e-04
2.432198673931330445e-04
2.421607909905254649e-04
2.411089838558704132e-04
2.400643803119840373e-04
2.390269165613820063e-04
2.379965304837026497e-04
2.369731614152394063e-04
2.359567499155879901e-04
2.349472375274823551e-04
2.339445665368122633e-04
2.329486797405891667e-04
2.319595202310778136e-04
2.309770312045161789e-04
2.300011558025933430e-04
2.290318369942332636e-04
2.280690175040623149e-04
2.271126397923445002e-04
2.261626460890635369e-04
2.252189784822899413e-04
2.242815790581279749e-04
2.233503900865012218e-04
2.224253542440119715e-04
2.215064148623924895e-04
2.205935161888653809e-04
2.196866036434059555e-04
2.187856240575715015e-04
2.178905258804542165e-04
2.170012593393935794e-04
2.161177765461500195e-04
2.152400315431039096e-04
2.143679802882067584e-04
2.135015805814908163e-04
2.126407919395200080e-04
2.117855754268849395e-04
2.109358934555414697e-04
2.100917095634295022e-04
2.092529881834495869e-04
2.084196944127366205e-04
2.075917937905481022e-04
2.067692520911703247e-04
2.059520351363931670e-04
2.051401086304371424e-04
2.043334380189210033e-04
2.035319883725942040e-04
2.027357242960182927e-04
2.019446098617211989e-04
2.011586085710703286e-04
2.003776833434304616e-04
1.996017965368011328e-04
1.988309100047937607e-04
1.980649851967489358e-04
1.973039833100258429e-04
1.965478655059534605e-04
1.957965932034633812e-04
1.950501284669248399e-04
1.943084345067720036e-04
1.935714763126854406e-04
1.928392214384649916e-04
1.921116409541707244e-04
1.913887105728846760e-04
1.906704119446029299e-04
1.899567340862377016e-04
1.892476748829039011e-04
1.885432425519673082e-04
1.878434569113495323e-04
1.871483502463227666e-04
1.864579675393970241e-04
1.857723658352724856e-04
1.850916125749230178e-04
1.844157828563274004e-04
1.837449557501296001e-04
1.830792099790920567e-04
1.824186194094020526e-04
1.817632488545370352e-04
1.811131506399045205e-04
1.804683622354816622e-04
1.798289050779515365e-04
1.791947845245780654e-04
1.785659907475196375e-04
1.779425003065237740e-04
1.773242781262128953e-04
1.767112796349318781e-04
1.761034528755235043e-04
1.755007404575012052e-04
1.749030812739028255e-04
1.743104119491269946e-04
1.737226680150251738e-04
1.731397848325556311e-04
1.725616982875757962e-04
1.719883452942203613e-04
1.714196641398506380e-04
1.708555947034815859e-04
1.702960785760296997e-04
1.697410591066358997e-04
1.691904813951180750e-04
1.686442922467360547e-04
1.681024401019796510e-04
1.675648749511394098e-04
1.670315482409735275e-04
1.665024127787916833e-04
1.659774226377155827e-04
1.654565330656445460e-04
1.649397003995368039e-04
1.644268819859220280e-04
1.639180361080521341e-04
1.634131219197571699e-04
1.629120993858082056e-04
1.624149292284548639e-04
1.619215728796953254e-04
1.614319924387998078e-04
1.609461506345750178e-04
1.604640107918936379e-04
1.599855368020064851e-04
1.595106930961981873e-04
1.590394446223845979e-04
1.585717568242842154e-04
1.581075956228333314e-04
1.576469273995508729e-04
1.571897189815998311e-04
1.567359376283078366e-04
1.562855510189633526e-04
1.558385272417029820e-04
1.553948347833439823e-04
1.549544425200343497e-04
1.545173197086152520e-04
1.540834359785886887e-04
1.536527613246158974e-04
1.532252660994786852e-04
1.528009210074388806e-04
1.523796970979503403e-04
1.519615657596733941e-04
1.515464987147613709e-04
1.511344680133859465e-04
1.507254460284714720e-04
1.503194054506187393e-04
1.499163192831991828e-04
1.495161608375993793e-04
1.491189037286057349e-04
1.487245218699161586e-04
1.483329894697655508e-04
1.479442810266608233e-04
1.475583713252145263e-04
1.471752354320719357e-04
1.467948486919269343e-04
1.464171867236176920e-04
1.460422254163065334e-04
1.456699409257237738e-04
1.453003096704948214e-04
1.449333083285294049e-04
1.445689138334764218e-04
1.442071033712423759e-04
1.438478543765753541e-04
1.434911445297034575e-04
1.431369517530303704e-04
1.427852542078944628e-04
1.424360302913723188e-04
1.420892586331439281e-04
1.417449180924041199e-04
1.414029877548269589e-04
1.410634469295819673e-04
1.407262751463935239e-04
1.403914521526524958e-04
1.400589579105713189e-04
1.397287725943841539e-04
1.394008765875972145e-04
1.390752504802732204e-04
1.387518750663654791e-04
1.384307313410945510e-04
1.381118004983597166e-04
1.377950639281980941e-04
1.374805032142759856e-04
1.371681001314254344e-04
1.368578366432159912e-04
1.365496948995638588e-04
1.362436572343765444e-04
1.359397061632360818e-04
1.356378243811164335e-04
1.353379947601352894e-04
1.350402003473383911e-04
1.347444243625216947e-04
1.344506501960805853e-04
1.341588614068960073e-04
1.338690417202496798e-04
1.335811750257715391e-04
1.332952453754184061e-04
1.330112369814783499e-04
1.327291342146112902e-04
1.324489216019110948e-04
1.321705838250038343e-04
1.318941057181652549e-04
1.316194722664754124e-04
1.313466686039911949e-04
1.310756800119508298e-04
1.308064919170027313e-04
1.305390898894598264e-04
1.302734596415786549e-04
1.300095870258650326e-04
1.297474580334006665e-04
1.294870587921977698e-04
1.292283755655719720e-04
1.289713947505431214e-04
1.287161028762566592e-04
1.284624866024269764e-04
1.282105327178027527e-04
1.279602281386551447e-04
1.277115599072830784e-04
1.274645151905479221e-04
1.272190812784165900e-04
1.269752455825353559e-04
1.267329956348197664e-04
1.264923190860600861e-04
1.262532037045519776e-04
1.262532037044763003e-04
