8.731994598473295257e-05
8.731509110551919273e-05
8.730988708532190674e-05
8.730467167803162426e-05
8.729942418961766839e-05
8.729413309304473142e-05
8.728879397581699973e-05
8.728340665357620738e-05
8.727797337637572877e-05
8.727249817785100942e-05
8.726698597963248108e-05
8.726144019343899498e-05
8.725586403928736073e-05
8.725026531476702963e-05
8.724464712853602670e-05
8.723905222617966222e-05
8.723379220621230179e-05
8.740190292185367105e-05
8.805298862153139005e-05
8.887802946563771902e-05
8.976747510738981417e-05
9.069931350767355038e-05
9.166019702422222731e-05
9.265132559629846241e-05
9.368544827674232724e-05
9.478406954827285418e-05
9.597665934485528850e-05
9.730182858114214323e-05
9.881042791493872379e-05
1.005714534711447321e-04
1.026824087004259503e-04
1.052873192038341244e-04
1.086086718641636023e-04
1.130053358941331793e-04
1.190775209605337843e-04
1.278427986977891671e-04
1.409420920302022998e-04
1.605048748555326697e-04
1.878248845377550628e-04
2.214646152557332346e-04
2.580114277362109730e-04
2.945095398498305647e-04
3.291039419212081008e-04
3.606386042883243884e-04
3.884462806428361464e-04
4.123112205809096069e-04
4.323949320089509802e-04
4.490996448768137372e-04
4.629287530269513787e-04
4.743867535037221261e-04
4.839253252306358380e-04
4.919235222442272602e-04
4.986874766296020426e-04
5.044589308028381812e-04
5.094264217481409658e-04
5.137361271662604749e-04
5.175012088992112609e-04
5.208093955815581858e-04
5.237289424637739041e-04
5.263132261389993861e-04
5.286042568469526788e-04
5.306353484178236764e-04
5.324331438299382104e-04
5.340191522368912223e-04
5.354109207735842759e-04
5.366229279467592001e-04
5.376672616097360720e-04
5.385541383177282638e-04
5.392923182362055349e-04
5.398894021406279746e-04
5.403520741311514325e-04
5.406862883593309540e-04
5.408974134550034512e-04
5.409903458394070075e-04
5.409695978708930694e-04
5.408393669446182354e-04
5.406035900822164482e-04
5.402659871185841976e-04
5.398300949623513912e-04
5.392992948765896457e-04
5.386768342913471385e-04
5.379658443162935871e-04
5.371693538594252615e-04
5.362903010637444946e-04
5.353315426150220347e-04
5.342958613394715962e-04
5.331859724269538865e-04
5.320045285478430634e-04
5.307541240639229068e-04
5.294372984970131379e-04
5.280565393986603410e-04
5.266142847369931082e-04
5.251129248729614158e-04
5.235548041738841358e-04
5.219422223217500510e-04
5.202774353721635386e-04
5.185626566056564290e-04
5.168000572031475857e-04
5.149917667722028226e-04
5.131398737473136717e-04
5.112464256846727638e-04
5.093134294694542019e-04
5.073428514515664067e-04
5.053366175240484991e-04
5.032966131567166712e-04
5.012246833963251904e-04
4.991226328433028903e-04
4.969922256140468959e-04
4.948351852967934270e-04
4.926531949081707808e-04
4.904478968567550692e-04
4.882208929191523389e-04
4.859737442334369261e-04
4.837079713141254804e-04
4.814250540922228945e-04
4.791264319833408829e-04
4.768135039863143011e-04
4.744876288142671483e-04
4.721501250596163196e-04
4.698022713940665208e-04
4.674453068042683864e-04
4.650804308634392593e-04
4.627088040389360055e-04
4.603315480354538448e-04
4.579497461732675179e-04
4.555644438006983842e-04
4.531766487397563721e-04
4.507873317637471904e-04
4.483974271054551254e-04
4.460078329943618024e-04
4.436194122212979720e-04
4.412329927287478456e-04
4.388493682250255569e-04
4.364692988204288350e-04
4.340935116834739992e-04
4.317227017152578381e-04
4.293575322400000139e-04
4.269986357098170832e-04
4.246466144217862760e-04
4.223020412453855213e-04
4.199654603584324812e-04
4.176373879896848676e-04
4.153183131663076345e-04
4.130086984644933015e-04
4.107089807615499073e-04
4.084195719878719777e-04
4.061408598772592781e-04
4.038732087141360489e-04
4.016169600763027855e-04
3.993724335719115522e-04
3.971399275694744292e-04
3.949197199197616946e-04
3.927120686685509109e-04
3.905172127592585092e-04
3.883353727245777249e-04
3.861667513663097893e-04
3.840115344226795787e-04
3.818698912224847671e-04
3.797419753254990295e-04
3.776279251486478025e-04
3.755278645775124045e-04
3.734419035628174671e-04
3.713701387015954465e-04
3.693126538028028080e-04
3.672695204371999376e-04
3.652407984713959554e-04
3.632265365859727794e-04
3.612267727776842649e-04
3.592415348457508027e-04
3.572708408623264634e-04
3.553146996272633158e-04
3.533731111072972242e-04
3.514460668598719641e-04
3.495335504418040778e-04
3.476355378030382697e-04
3.457519976657756123e-04
3.438828918892708236e-04
3.420281758206341737e-04
3.401877986319705471e-04
3.383617036442348059e-04
3.365498286381821114e-04
3.347521061528160933e-04
3.329684637717510924e-04
3.311988243979227531e-04
3.294431065170865566e-04
3.277012244505647003e-04
3.259730885977060667e-04
3.242586056685457644e-04
3.225576789071497993e-04
3.208702083061425810e-04
3.191960908129415830e-04
3.175352205282146417e-04
3.158874888970991212e-04
3.142527848937308466e-04
3.126309951996544497e-04
3.110220043766777766e-04
3.094256950347815181e-04
3.078419479956737105e-04
3.062706424526246080e-04
3.047116561272056171e-04
3.031648654235865529e-04
3.016301455810407634e-04
3.001073708253133051e-04
2.985964145195222621e-04
2.970971493152416132e-04
2.956094473044186652e-04
2.941331801727601995e-04
2.926682193551988784e-04
2.912144361940125848e-04
2.897717021001413999e-04
2.883398887181832246e-04
2.869188680954697416e-04
2.855085128555554051e-04
2.841086963763210667e-04
2.827192929727811413e-04
2.813401780844984146e-04
2.799712284673463937e-04
2.786123223891065893e-04
2.772633398281412450e-04
2.759241626740838215e-04
2.745946749291351707e-04
2.732747629081843798e-04
2.719643154355540064e-04
2.706632240357282628e-04
2.693713831149485314e-04
2.680886901301015430e-04
2.668150457408732194e-04
2.655503539407296745e-04
2.642945221619635572e-04
2.630474613498446431e-04
2.618090860008623561e-04
2.605793141602402892e-04
2.593580673743550160e-04
2.581452705944327548e-04
2.569408520290313025e-04
2.557447429442769233e-04
2.545568774126598550e-04
2.533771920133763870e-04
2.522056254896124449e-04
2.510421183707608247e-04
2.498866125701832168e-04
2.487390509715927691e-04
2.475993770192818277e-04
2.464675343290063849e-04
2.453434663372090004e-04
2.442271160061462764e-04
2.431184256012650449e-04
2.420173365546770552e-04
2.409237894248097934e-04
2.398377239572348869e-04
2.387590792455682057e-04
2.376877939845139219e-04
2.366238068000763061e-04
2.355670566354731155e-04
2.345174831660144180e-04
2.334750272130144176e-04
2.324396311262066906e-04
2.314112391064978094e-04
2.303897974460582764e-04
2.293752546701893747e-04
2.283675615741763659e-04
2.273666711573229192e-04
2.263725384644195307e-04
2.253851203511310363e-04
2.244043751936215748e-04
2.234302625640989287e-04
2.224627428930822410e-04
2.215017771366284925e-04
2.205473264632119065e-04
2.195993519710432492e-04
2.186578144430091858e-04
2.177226741434459009e-04
2.167938906588985854e-04
2.158714227837241206e-04
2.149552284521398190e-04
2.140452647190195469e-04
2.131414877928249291e-04
2.122438531269643712e-04
2.113523155787599744e-04
2.104668296485320042e-04
2.095873498149042411e-04
2.087138309859863400e-04
2.078462290892584159e-04
2.069845018251104194e-04
2.061286096090397097e-04
2.052785167240795761e-04
2.044341926958583217e-04
2.035956138852411347e-04
2.027627652646924838e-04
2.019356423019745843e-04
2.011142528181386971e-04
2.002986186201544366e-04
1.994887766430893561e-04
1.986847792925362061e-04
1.978866936820117164e-04
1.970945995385351443e-04
1.963085857140273193e-04
1.955287454723422650e-04
1.947551709688462730e-04
1.939879475276241904e-04
1.932271483860887066e-04
1.924728304934204359e-04
1.917250317454957838e-04
1.909837697806494991e-04
1.902490422210210595e-04
1.895208280757118026e-04
1.887990899432488863e-04
1.880837766513346831e-04
1.873748260253003505e-04
1.866721675547149259e-04
1.859757248080238558e-04
1.852854175146152326e-04
1.846011632868393211e-04
1.839228789909223849e-04
1.832504817978797317e-04
1.825838899567404599e-04
1.819230233360463517e-04
1.812678037782980271e-04
1.806181553079859654e-04
1.799740042284214952e-04
1.793352791368503290e-04
1.787019108817470864e-04
1.780738324811963918e-04
1.774509790169273181e-04
1.768332875149406945e-04
1.762206968207361934e-04
1.756131474747909789e-04
1.750105815921473460e-04
1.744129427485726041e-04
1.738201758747297775e-04
1.732322271590526334e-04
1.726490439594830330e-04
1.720705747238747711e-04
1.714967689186275399e-04
1.709275769649767158e-04
1.703629501822986393e-04
1.698028407377521337e-04
1.692472016015987785e-04
1.686959865075717685e-04
1.681491499176968605e-04
1.676066469910233048e-04
1.670684335557790672e-04
1.665344660844962491e-04
1.660047016717205689e-04
1.654790980139495557e-04
1.649576133914888872e-04
1.644402066519600478e-04
1.639268371952235762e-04
1.634174649595229072e-04
1.629120504086844980e-04
1.624105545202278976e-04
1.619129387742712688e-04
1.614191651431361391e-04
1.609291960815594673e-04
1.604429945174384062e-04
1.599605238430471530e-04
1.594817479066686712e-04
1.590066310045849297e-04
1.585351378733956015e-04
1.580672336826205795e-04
1.576028840275606679e-04
1.571420549223856303e-04
1.566847127934345798e-04
1.562308244727043959e-04
1.557803571915115871e-04
1.553332785743200364e-04
1.548895566327128371e-04
1.544491597595075958e-04
1.540120567230051198e-04
1.535782166613591543e-04
1.531476090770695307e-04
1.527202038315835170e-04
1.522959711400066730e-04
1.518748815659216921e-04
1.514569060163005389e-04
1.510420157365186910e-04
1.506301823054582588e-04
1.502213776307055116e-04
1.498155739438342463e-04
1.494127437957729369e-04
1.490128600522574282e-04
1.486158958893624507e-04
1.482218247891148029e-04
1.478306205351778745e-04
1.474422572086172948e-04
1.470567091837356448e-04
1.466739511239810846e-04
1.462939579779243672e-04
1.459167049753053494e-04
1.455421676231465880e-04
1.451703217019317978e-04
1.448011432618489017e-04
1.444346086190956388e-04
1.440706943522477852e-04
1.437093772986859489e-04
1.433506345510835410e-04
1.429944434539508809e-04
1.426407816002359791e-04
1.422896268279834591e-04
1.419409572170444924e-04
1.415947510858424872e-04
1.412509869881900884e-04
1.409096437101591936e-04
1.405707002669989193e-04
1.402341359001031142e-04
1.398999300740298875e-04
1.395680624735652099e-04
1.392385130008331898e-04
1.389112617724525087e-04
1.385862891167394240e-04
1.382635755709527839e-04
1.379431018785821667e-04
1.376248489866794427e-04
1.373087980432317250e-04
1.369949303945744358e-04
1.366832275828442451e-04
1.363736713434729908e-04
1.360662436027174603e-04
1.357609264752298282e-04
1.354577022616632509e-04
1.351565534463144579e-04
1.348574626948021772e-04
1.345604128517816642e-04
1.342653869386917838e-04
1.339723681515385487e-04
1.336813398587080126e-04
1.333922855988164599e-04
1.331051890785905738e-04
1.328200341707774193e-04
1.325368049120890135e-04
1.322554855011742433e-04
1.319760602966224701e-04
1.316985138149958116e-04
1.314228307288903166e-04
1.311489958650253573e-04
1.308769942023611831e-04
1.306068108702437695e-04
1.303384311465769613e-04
1.300718404560202853e-04
1.298070243682136499e-04
1.295439685960261150e-04
1.292826589938322543e-04
1.290230815558100123e-04
1.287652224142656933e-04
1.285090678379827210e-04
1.282546042305888849e-04
1.280018181289553256e-04
1.277506962016111604e-04
1.275012252471827200e-04
1.272533921928552551e-04
1.270071840928553521e-04
1.267625881269552755e-04
1.265195915989983995e-04
1.262781819354426630e-04
1.260383466839285827e-04
1.258000735118642069e-04
1.255633502050285545e-04
1.253281646661963584e-04
1.250945049137843856e-04
1.248623590805091944e-04
1.246317154120689884e-04
1.244025622658418426e-04
1.241748881096014655e-04
1.239486815202510135e-04
1.237239311825722202e-04
1.235006258879952333e-04
1.232787545333803776e-04
1.230583061198198139e-04
1.228392697514540510e-04
1.226216346343045576e-04
1.224053900751214188e-04
1.221905254802467663e-04
1.219770303544944455e-04
1.217648943000413509e-04
1.215541070153379791e-04
1.213446582940302850e-04
1.211365380238966344e-04
1.209297361857975515e-04
1.207242428526418776e-04
1.205200481883644771e-04
1.203171424469185119e-04
1.201155159712792906e-04
1.199151591924628614e-04
1.197160626285562890e-04
1.195182168837605473e-04
1.193216126474466135e-04
1.191262406932228508e-04
1.189320918780160518e-04
1.187391571411613192e-04
1.185474275035057284e-04
1.183568940665247161e-04
1.181675480114475498e-04
1.179793805983932452e-04
1.177923831655214196e-04
1.176065471281898661e-04
1.174218639781244081e-04
1.172383252826000410e-04
1.170559226836304106e-04
1.168746478971713305e-04
1.166944927123284069e-04
1.166944927122713508e-04
