8.731994597661240027e-05
8.731509108306972965e-05
8.730988704838723159e-05
8.730467160767540070e-05
8.729942409575497950e-05
8.729413294867624615e-05
8.728879377068405135e-05
8.728340641807348220e-05
8.727797322915534456e-05
8.727249792282020392e-05
8.726698529557704834e-05
8.726144024334406204e-05
8.725586626354035551e-05
8.725026656207823036e-05
8.724464667283888760e-05
8.723901264488307500e-05
8.723340716770438847e-05
8.722734915187197564e-05
8.722847502630031715e-05
8.758575216156913546e-05
8.832664838732417231e-05
8.926031654710280254e-05
9.022045084406969174e-05
9.119702983781523026e-05
9.219392879008637498e-05
9.322394416273016126e-05
9.430857945237310688e-05
9.547666113080879576e-05
9.676499012599820953e-05
9.822130321430150659e-05
9.990976145636239550e-05
1.019201872229759598e-04
1.043840616887491157e-04
1.075028664135404421e-04
1.115995867006722706e-04
1.172131845834581144e-04
1.252638227744958292e-04
1.372792524743758494e-04
1.554122529149071794e-04
1.813957070337607694e-04
2.144122970563059108e-04
2.511220842317085753e-04
2.882598416746441172e-04
3.237406936860228357e-04
3.562821867851170246e-04
3.851179369594883817e-04
4.099485698424787990e-04
4.308813438312686156e-04
4.482975262436564062e-04
4.627044577531142563e-04
4.746238000799082759e-04
4.845285830786150334e-04
4.928182910880461471e-04
4.998164258608918387e-04
5.057785833944143964e-04
5.109039521220030359e-04
5.153467257908911142e-04
5.192260268592028150e-04
5.226339894512937881e-04
5.256421151502524989e-04
5.283061745162083217e-04
5.306699449098982620e-04
5.327680483544886859e-04
5.346280990021714695e-04
5.362723327210234397e-04
5.377188410989092344e-04
5.389825112263743005e-04
5.400757432532388982e-04
5.410089975377289006e-04
5.417912162145563674e-04
5.424301443841322498e-04
5.429325826324364222e-04
5.433045816574941841e-04
5.435515890453701798e-04
5.436785636863554266e-04
5.436900761831948373e-04
5.435903761817872633e-04
5.433834444794503546e-04
5.430730411421034326e-04
5.426627401289262076e-04
5.421559578115094698e-04
5.415559752455234317e-04
5.408659557912329089e-04
5.400889595037820746e-04
5.392279548291801106e-04
5.382858281028676372e-04
5.372653912956105917e-04
5.361693883524022881e-04
5.350005003949264435e-04
5.337613500098551929e-04
5.324545047957138233e-04
5.310824802870420117e-04
5.296477423608970990e-04
5.281527092219274371e-04
5.265997530287074143e-04
5.249912012109165691e-04
5.233293375304589896e-04
5.216164029371800695e-04
5.198545962617324122e-04
5.180460747615637813e-04
5.161929545235385049e-04
5.142973107461818643e-04
5.123611779308425004e-04
5.103865500017968617e-04
5.083753803690097646e-04
5.063295819452940608e-04
5.042510271287666207e-04
5.021415477607027921e-04
5.000029350679313297e-04
4.978369395980212228e-04
4.956452711546018800e-04
4.934295987393071386e-04
4.911915505060948997e-04
4.889327137329139983e-04
4.866546348150772882e-04
4.843588192840147079e-04
4.820467318545335988e-04
4.797197965031480297e-04
4.773793965795280580e-04
4.750268749526531642e-04
4.726635341928191137e-04
4.702906367902290525e-04
4.679094054105491750e-04
4.655210231874541173e-04
4.631266340518910797e-04
4.607273430975030674e-04
4.583242169814274254e-04
4.559182843594223830e-04
4.535105363541364651e-04
4.511019270550991125e-04
4.486933740489447127e-04
4.462857589781826437e-04
4.438799281267721028e-04
4.414766930306657320e-04
4.390768311114159579e-04
4.366810863309133540e-04
4.342901698652592733e-04
4.319047607958016190e-04
4.295255068153406631e-04
4.271530249475085175e-04
4.247879022773847347e-04
4.224306966914112191e-04
4.200819376247260078e-04
4.177421268140776574e-04
4.154117390545538540e-04
4.130912229583938596e-04
4.107810017142523120e-04
4.084814738453367553e-04
4.061930139649151672e-04
4.039159735277813093e-04
4.016506815763441155e-04
3.993974454800746613e-04
3.971565516671503467e-04
3.949282663472039059e-04
3.927128362241764687e-04
3.905104891983523997e-04
3.883214350567391806e-04
3.861458661510379473e-04
3.839839580625155108e-04
3.818358702531895717e-04
3.797017467027928345e-04
3.775817165310644511e-04
3.754758946049747406e-04
3.733843821305781450e-04
3.713072672292244540e-04
3.692446254979417082e-04
3.671965205538512442e-04
3.651630045625283067e-04
3.631441187502824257e-04
3.611398939003635194e-04
3.591503508331627347e-04
3.571755008705072279e-04
3.552153462841920015e-04
3.532698807289237327e-04
3.513390896598979872e-04
3.494229507352370682e-04
3.475214342035790114e-04
3.456345032771011914e-04
3.437621144903090582e-04
3.419042180449339673e-04
3.400607581413052621e-04
3.382316732965804165e-04
3.364168966502364532e-04
3.346163562572449868e-04
3.328299753693578526e-04
3.310576727049490352e-04
3.292993627078885915e-04
3.275549557959022513e-04
3.258243585989129367e-04
3.241074741878632566e-04
3.224042022945166263e-04
3.207144395227658315e-04
3.190380795519789947e-04
3.173750133329216296e-04
3.157251292768159133e-04
3.140883134381037786e-04
3.124644496914969123e-04
3.108534199039075297e-04
3.092551041018682181e-04
3.076693806350712574e-04
3.060961263366525700e-04
3.045352166808703871e-04
3.029865259388372293e-04
3.014499273329641275e-04
2.999252931907770347e-04
2.984124950987744390e-04
2.969114040569779435e-04
2.954218906348172829e-04
2.939438251289680417e-04
2.924770777237337247e-04
2.910215186545116227e-04
2.895770183748389861e-04
2.881434477274292779e-04
2.867206781195432309e-04
2.853085817028922487e-04
2.839070315581828968e-04
2.825159018842038220e-04
2.811350681912032378e-04
2.797644074980511447e-04
2.784037985324354716e-04
2.770531219330318461e-04
2.757122604522466353e-04
2.743810991577606980e-04
2.730595256306770887e-04
2.717474301576279136e-04
2.704447059137552942e-04
2.691512491329779450e-04
2.678669592615304110e-04
2.665917390903419838e-04
2.653254948614996631e-04
2.640681363438251799e-04
2.628195768725717575e-04
2.615797333483934695e-04
2.603485261912142799e-04
2.591258792453553662e-04
2.579117196333865093e-04
2.567059775576350220e-04
2.555085860501081214e-04
2.543194806737324003e-04
2.531385991802473302e-04
2.519658811326383062e-04
2.508012675026338538e-04
2.496447002562292338e-04
2.484961219423657245e-04
2.473554753014972629e-04
2.462227029116513446e-04
2.450977468895335662e-04
2.439805486630345797e-04
2.428710488291001052e-04
2.417691871071882184e-04
2.406749023935914305e-04
2.395881329158485449e-04
2.385088164797224150e-04
2.374368907942300138e-04
2.363722938536934326e-04
2.353149643504861882e-04
2.342648420888183861e-04
2.332218683691585439e-04
2.321859863150586389e-04
2.311571411191135831e-04
2.301352801920410012e-04
2.291203532075273012e-04
2.281123120444151695e-04
2.271111106358898279e-04
2.261167047416536263e-04
2.251290516630589684e-04
2.241481099226957246e-04
2.231738389292037608e-04
2.222061986456418667e-04
2.212451492762802883e-04
2.202906509828207022e-04
2.193426636374096487e-04
2.184011466168179821e-04
2.174660586400193349e-04
2.165373576501205015e-04
2.156150007419012252e-04
2.146989441370980480e-04
2.137891432106138142e-04
2.128855525734992785e-04
2.119881262214142923e-04
2.110968177605522262e-04
2.102115807265328038e-04
2.093323690153743631e-04
2.084591374488541690e-04
2.075918424988954078e-04
2.067304431960266661e-04
2.058749022441304420e-04
2.050251873555243608e-04
2.041812728044162121e-04
2.033431411699423617e-04
2.025107851998395395e-04
2.016842096715864782e-04
2.008634330628863507e-04
2.000484887776537470e-04
1.992394256257882569e-04
1.984363072508749928e-04
1.976392102661096413e-04
1.968482210090868282e-04
1.960634310472857925e-04
1.952849318105775328e-04
1.945128089241350436e-04
1.937471368987558407e-04
1.929879747752095390e-04
1.922353631347737887e-04
1.914893226396338231e-04
1.907498540261613805e-04
1.900169392962843798e-04
1.892905437605392797e-04
1.885706185747091875e-04
1.878571034565339627e-04
1.871499293420730305e-04
1.864490208201680620e-04
1.857542982536699412e-04
1.850656795510415410e-04
1.843830815905826378e-04
1.837064213237117919e-04
1.830356165967272203e-04
1.823705867353887940e-04
1.817112529363585803e-04
1.810575385061051978e-04
1.804093689828682940e-04
1.797666721717343559e-04
1.791293781174160252e-04
1.784974190343335538e-04
1.778707292092238503e-04
1.772492448878395632e-04
1.766329041542537173e-04
1.760216468088931488e-04
1.754154142495078247e-04
1.748141493578539082e-04
1.742177963937504280e-04
1.736263008974064047e-04
1.730396096003160484e-04
1.724576703446378367e-04
1.718804320107112629e-04
1.713078444521951189e-04
1.707398584382225173e-04
1.701764256019316728e-04
1.696174983947229791e-04
1.690630300456183682e-04
1.685129745251359647e-04
1.679672865131356854e-04
1.674259213701474313e-04
1.668888351117356426e-04
1.663559843855115289e-04
1.658273264504399596e-04
1.653028191581453518e-04
1.647824209359415753e-04
1.642660907713617158e-04
1.637537881979731055e-04
1.632454732823073742e-04
1.627411066117429451e-04
1.622406492832045583e-04
1.617440628925669293e-04
1.612513095246659398e-04
1.607623517438381612e-04
1.602771525849294569e-04
1.597956755447140376e-04
1.593178845736881622e-04
1.588437440681975555e-04
1.583732188628691898e-04
1.579062742233104839e-04
1.574428758390603359e-04
1.569829898167629317e-04
1.565265826735401801e-04
1.560736213305554548e-04
1.556240731067409430e-04
1.551779057126861873e-04
1.547350872446687665e-04
1.542955861788212341e-04
1.538593713654272117e-04
1.534264120233375041e-04
1.529966777345003262e-04
1.525701384386033929e-04
1.521467644278185741e-04
1.517265263416509317e-04
1.513093951618837355e-04
1.508953422076178585e-04
1.504843391304033567e-04
1.500763579094607401e-04
1.496713708469856992e-04
1.492693505635436584e-04
1.488702699935392745e-04
1.484741023807723459e-04
1.480808212740669606e-04
1.476904005229785701e-04
1.473028142735761448e-04
1.469180369642955348e-04
1.465360433218644413e-04
1.461568083572972385e-04
1.457803073619572598e-04
1.454065159036863042e-04
1.450354098229981385e-04
1.446669652293377281e-04
1.443011584973998831e-04
1.439379662635123600e-04
1.435773654220761546e-04
1.432193331220662667e-04
1.428638467635907677e-04
1.425108839945034278e-04
1.421604227070733721e-04
1.418124410347092450e-04
1.414669173487363924e-04
1.411238302552244315e-04
1.407831585918678660e-04
1.404448814249166825e-04
1.401089780461557092e-04
1.397754279699300255e-04
1.394442109302216552e-04
1.391153068777698442e-04
1.387886959772367931e-04
1.384643586044191708e-04
1.381422753435021826e-04
1.378224269843592292e-04
1.375047945198900549e-04
1.371893591434016676e-04
1.368761022460312170e-04
1.365650054142061973e-04
1.362560504271467972e-04
1.359492192544035959e-04
1.356444940534345066e-04
1.353418571672189083e-04
1.350412911219077460e-04
1.347427786245075935e-04
1.344463025606029347e-04
1.341518459921108345e-04
1.338593921550680285e-04
1.335689244574558778e-04
1.332804264770520762e-04
1.329938819593174326e-04
1.327092748153151504e-04
1.324265891196576748e-04
1.321458091084868236e-04
1.318669191774827587e-04
1.315899038799006311e-04
1.313147479246381806e-04
1.310414361743300333e-04
1.307699536434723847e-04
1.305002854965701519e-04
1.302324170463164358e-04
1.299663337517938837e-04
1.297020212167041876e-04
1.294394651876243341e-04
1.291786515522831843e-04
1.289195663378679224e-04
1.286621957093515660e-04
1.284065259678455475e-04
1.281525435489746579e-04
1.279002350212760325e-04
1.276495870846209050e-04
1.274005865686568800e-04
1.271532204312737324e-04
1.269074757570896178e-04
1.266633397559600502e-04
1.264207997615062059e-04
1.261798432296638546e-04
1.259404577372532426e-04
1.257026309805673529e-04
1.254663507739817955e-04
1.252316050485822074e-04
1.249983818508100303e-04
1.247666693411284802e-04
1.245364557927064898e-04
1.243077295901196162e-04
1.240804792280690572e-04
1.238546933101192053e-04
1.236303605474503282e-04
1.234074697576292726e-04
1.231860098633971636e-04
1.229659698914732592e-04
1.227473389713731422e-04
1.225301063342450734e-04
1.223142613117208187e-04
1.220997933347820342e-04
1.218866919326415458e-04
1.216749467316391166e-04
1.214645474541546286e-04
1.212554839175303050e-04
1.210477460330118104e-04
1.208413238047021851e-04
1.206362073285286145e-04
1.204323867912232787e-04
1.202298524693167387e-04
1.200285947281467587e-04
1.198286040208776588e-04
1.196298708875333152e-04
1.194323859540425607e-04
1.192361399312973113e-04
1.190411236142234589e-04
1.188473278808617798e-04
1.186547436914618534e-04
1.184633620875888692e-04
1.182731741912393245e-04
1.180841712039702610e-04
1.178963444060387875e-04
1.177096851555514017e-04
1.175241848876266472e-04
1.173398351135655630e-04
1.171566274200361741e-04
1.169745534682641616e-04
1.169745534682065091e-04
