8.731996737340698758e-05
8.731515089860871263e-05
8.730999455341760854e-05
8.730483316335721055e-05
8.729964348584882635e-05
8.729441250275059359e-05
8.728913415685169482e-05
8.728380786156293540e-05
8.727843546702310478e-05
8.727302027328011423e-05
8.726756693713843323e-05
8.726208015196546062e-05
8.725656387370232120e-05
8.725102280109263355e-05
8.724546068114035261e-05
8.723988175103607353e-05
8.723428886622252589e-05
8.722868544312439138e-05
8.722307395691618142e-05
8.721745613713126908e-05
8.721183453235278437e-05
8.720621148862315502e-05
8.720058826220867154e-05
8.719496623838482745e-05
8.718934674744698010e-05
8.718373100677568243e-05
8.717812045220948373e-05
8.717251588707439051e-05
8.716691811287106007e-05
8.716132867292242985e-05
8.715574756722278067e-05
8.715017541239511683e-05
8.714461267151483071e-05
8.713906034897745008e-05
8.713351898963942550e-05
8.712798923429192872e-05
8.712247105355679425e-05
8.711696536477737181e-05
8.711147248138442062e-05
8.710599242931941566e-05
8.710052579154062627e-05
8.709507275043538793e-05
8.708963429883252597e-05
8.708421047536090342e-05
8.707880120331813615e-05
8.707340641149985633e-05
8.706802641993389524e-05
8.706266206000032944e-05
8.705731326849215092e-05
8.705198016766203155e-05
8.704666325176780423e-05
8.704136265785930495e-05
8.703607930612317653e-05
8.703081926168587451e-05
8.702551033810429655e-05
8.702072818047769810e-05
8.713293621555533543e-05
8.786126009746397054e-05
8.875174092530639669e-05
8.969001748229064310e-05
9.066283798490975502e-05
9.165545137507378137e-05
9.267531141022787545e-05
9.374225056404828101e-05
9.488345240725750936e-05
9.613363717338298069e-05
9.753748033868839176e-05
9.915441888167503943e-05
1.010668291699029291e-04
1.033941980317618802e-04
1.063179747198119356e-04
1.101267513538322555e-04
1.153000088154887144e-04
1.226591322939350900e-04
1.335989324853094720e-04
1.502256316880187662e-04
1.746338472975411768e-04
2.067370357256400259e-04
2.434484837427759567e-04
2.811915959294305025e-04
3.175905850656697126e-04
3.512069443698517530e-04
3.811613180350953618e-04
4.070573927732663334e-04
4.289355923614578169e-04
4.471478195180994390e-04
4.622019474696300711e-04
4.746369973491318438e-04
4.849493715309541493e-04
4.935615523053497834e-04
5.008168445033822202e-04
5.069867344080999406e-04
5.122826575147880306e-04
5.168680286127263091e-04
5.208688200480496083e-04
5.243822182722869584e-04
5.274834399433067514e-04
5.302309852481966370e-04
5.326706398398588921e-04
5.348385058727021715e-04
5.367632927665113348e-04
5.384680487022455329e-04
5.399714713583538082e-04
5.412889024439777397e-04
5.424330844144216760e-04
5.434147379730153637e-04
5.442430041683322646e-04
5.449257838844493535e-04
5.454699993387684531e-04
5.458817961159786016e-04
5.461666997307429135e-04
5.463297373207445188e-04
5.463755325280443250e-04
5.463083797115970324e-04
5.461323021866687629e-04
5.458510980896894493e-04
5.454683766323534678e-04
5.449875868720293042e-04
5.444120406383948620e-04
5.437449308828378033e-04
5.429893464303280157e-04
5.421482838928246136e-04
5.412246573333760790e-04
5.402213061390148717e-04
5.391410014595164613e-04
5.379864514910435080e-04
5.367603058234550516e-04
5.354651590235279040e-04
5.341035535903684980e-04
5.326779823914837633e-04
5.311908906664762967e-04
5.296446776686402919e-04
5.280416980018030936e-04
5.263842626996742633e-04
5.246746400871009830e-04
5.229150564564150538e-04
5.211076965871795771e-04
5.192547041337073135e-04
5.173581819015773400e-04
5.154201920317687908e-04
5.134427561088997964e-04
5.114278552082139866e-04
5.093774298944254899e-04
5.072933801841513282e-04
5.051775654824569670e-04
5.030318045029565782e-04
5.008578751799128669e-04
4.986575145798789310e-04
4.964324188195831742e-04
4.941842429959767986e-04
4.919146011336153045e-04
4.896250661538840629e-04
4.873171698699237608e-04
4.849924030105146164e-04
4.826522152756098109e-04
4.802980154257005811e-04
4.779311714067021070e-04
4.755530105115848534e-04
4.731648195795849559e-04
4.707678452334326975e-04
4.683632941546781153e-04
4.659523333968945647e-04
4.635360907362435124e-04
4.611156550586217721e-04
4.586920767823958358e-04
4.562663683155121887e-04
4.538395045456045042e-04
4.514124233615566346e-04
4.489860262048688011e-04
4.465611786490462898e-04
4.441387110051577534e-04
4.417194189516329109e-04
4.393040641863285686e-04
4.368933750988530668e-04
4.344880474611168149e-04
4.320887451340880178e-04
4.296961007887227730e-04
4.273107166390692946e-04
4.249331651855769738e-04
4.225639899666815873e-04
4.202037063167843181e-04
4.178528021287903336e-04
4.155117386194591878e-04
4.131809510958580744e-04
4.108608497213027942e-04
4.085518202792360817e-04
4.062542249335723550e-04
4.039684029841323297e-04
4.016946716158487844e-04
3.994333266405296562e-04
3.971846432300409784e-04
3.949488766398503384e-04
3.927262629219657546e-04
3.905170196263758301e-04
3.883213464901860007e-04
3.861394261137269558e-04
3.839714246229991839e-04
3.818174923178714272e-04
3.796777643055582727e-04
3.775523611189638535e-04
3.754413893195486713e-04
3.733449420844507150e-04
3.712630997776497784e-04
3.691959305050424348e-04
3.671434906533162126e-04
3.651058254126046481e-04
3.630829692829228364e-04
3.610749465644356310e-04
3.590817718316501603e-04
3.571034503916744761e-04
3.551399787266934158e-04
3.531913449208714194e-04
3.512575290719039105e-04
3.493385036874862323e-04
3.474342340669662565e-04
3.455446786685129729e-04
3.436697894621140140e-04
3.418095122687655942e-04
3.399637870862337380e-04
3.381325484017647489e-04
3.363157254921688441e-04
3.345132427116973527e-04
3.327250197681469413e-04
3.309509719876600579e-04
3.291910105686711549e-04
3.274450428254964515e-04
3.257129724220424942e-04
3.239946995961497035e-04
3.222901213750805922e-04
3.205991317826848330e-04
3.189216220387668002e-04
3.172574807512260888e-04
3.156065941015189164e-04
3.139688460240200188e-04
3.123441183798681266e-04
3.107322911259005464e-04
3.091332424792826478e-04
3.075468490784540976e-04
3.059729861410362926e-04
3.044115276193257082e-04
3.028623463540480775e-04
3.013253142270129730e-04
2.998003023133472846e-04
2.982871810339609870e-04
2.967858203089144219e-04
2.952960897123210813e-04
2.938178586294360882e-04
2.923509964165245715e-04
2.908953725640777322e-04
2.894508568639083475e-04
2.880173195805679049e-04
2.865946316274618007e-04
2.851826647479407018e-04
2.837812917015038660e-04
2.823903864551120368e-04
2.810098243794158929e-04
2.796394824495015562e-04
2.782792394494940699e-04
2.769289761800739109e-04
2.755885756676470740e-04
2.742579233735321226e-04
2.729369074011295943e-04
2.716254186986275291e-04
2.703233512543356696e-04
2.690306022812976065e-04
2.677470723874000934e-04
2.664726657267895782e-04
2.652072901281170032e-04
2.639508571948871122e-04
2.627032823731664975e-04
2.614644849820344473e-04
2.602343882025318360e-04
2.590129190215582694e-04
2.578000081280934996e-04
2.565955897604249364e-04
2.553996015046196169e-04
2.542119840463206212e-04
2.530326808799635615e-04
2.518616379816120718e-04
2.506988034536747302e-04
2.495441271516445005e-04
2.483975603045379828e-04
2.472590551417302648e-04
2.461285645392940818e-04
2.450060416986006052e-04
2.438914398687906833e-04
2.427847121227907337e-04
2.416858111938554427e-04
2.405946893763532375e-04
2.395112984908479557e-04
2.384355899097309844e-04
2.373675146360695377e-04
2.363070234252204215e-04
2.352540669364393906e-04
2.342085959004235876e-04
2.331705612885690818e-04
2.321399144707255921e-04
2.311166073502630058e-04
2.301005924680820638e-04
2.290918230704602906e-04
2.280902531389946764e-04
2.270958373840127099e-04
2.261085312053696061e-04
2.251282906264361419e-04
2.241550722081028573e-04
2.231888329499593640e-04
2.222295301854477936e-04
2.212771214769751016e-04
2.203315645158610741e-04
2.193928170307560418e-04
2.184608367069568581e-04
2.175355811179791325e-04
2.166170076698612499e-04
2.157050735580242371e-04
2.147997357361028207e-04
2.139009508959421955e-04
2.130086754578418306e-04
2.121228655702341395e-04
2.112434771186749824e-04
2.103704657436382701e-04
2.095037868671044228e-04
2.086433957283253540e-04
2.077892474294506793e-04
2.069412969919958659e-04
2.060994994253791514e-04
2.052638098089941572e-04
2.044341833894620919e-04
2.036105756947922225e-04
2.027929426672232306e-04
2.019812408164237713e-04
2.011754273944987772e-04
2.003754605938354836e-04
1.995812997681662890e-04
1.987929056762486951e-04
1.980102407462557587e-04
1.972332693571848589e-04
1.964619581313692897e-04
1.956962762294748182e-04
1.949361956362559661e-04
1.941816914219923632e-04
1.934327419612604166e-04
1.926893290878928526e-04
1.919514381632850524e-04
1.912190580352608825e-04
1.904921808671953577e-04
1.897708018225114030e-04
1.890549185981918391e-04
1.883445308121482352e-04
1.876396392622137991e-04
1.869402450875364430e-04
1.862463488743401076e-04
1.855579497555569278e-04
1.848750445562945613e-04
1.841976270339528484e-04
1.835256872534307617e-04
1.828592111256249091e-04
1.821981801230873773e-04
1.815425711724060886e-04
1.808923567103339753e-04
1.802475048811532667e-04
1.796079798468195438e-04
1.789737421790321215e-04
1.783447493029814365e-04
1.777209559654214328e-04
1.771023147040029283e-04
1.764887762997196109e-04
1.758802901992858562e-04
1.752768048988032144e-04
1.746782682839615310e-04
1.740846279251425418e-04
1.734958313281513564e-04
1.729118261429700995e-04
1.723325603339886567e-04
1.717579823157666544e-04
1.711880410586048276e-04
1.706226861681817023e-04
1.700618679432742964e-04
1.695055374152827372e-04
1.689536463728769956e-04
1.684061473746845995e-04
1.678629937525288743e-04
1.673241396073571138e-04
1.667895397996334099e-04
1.662591499356704146e-04
1.657329263510923017e-04
1.652108260923951721e-04
1.646928068973505595e-04
1.641788271748546391e-04
1.636688459846656000e-04
1.631628230173730917e-04
1.626607185748376444e-04
1.621624935512789851e-04
1.616681094151188765e-04
1.611775281916531539e-04
1.606907124465816101e-04
1.602076252704077086e-04
1.597282302636871183e-04
1.592524915231113554e-04
1.587803736283797484e-04
1.583118416298269027e-04
1.578468610367544890e-04
1.573853978064229599e-04
1.569274183336600681e-04
1.564728894410333053e-04
1.560217783695500775e-04
1.555740527698386408e-04
1.551296806937724779e-04
1.546886305865016558e-04
1.542508712788572846e-04
1.538163719800976091e-04
1.533851022709654011e-04
1.529570320970381682e-04
1.525321317623359147e-04
1.521103719231756666e-04
1.516917235822470660e-04
1.512761580828944782e-04
1.508636471035866122e-04
1.504541626525645194e-04
1.500476770626522492e-04
1.496441629862182098e-04
1.492435933902746550e-04
1.488459415517143507e-04
1.484511810526677232e-04
1.480592857759758271e-04
1.476702299007727904e-04
1.472839878981722082e-04
1.469005345270498668e-04
1.465198448299193578e-04
1.461418941288968401e-04
1.457666580217477131e-04
1.453941123780160428e-04
1.450242333352286066e-04
1.446569972951748065e-04
1.442923809202553199e-04
1.439303611299003562e-04
1.435709150970545113e-04
1.432140202447240978e-04
1.428596542425866289e-04
1.425077950036598507e-04
1.421584206810301619e-04
1.418115096646351090e-04
1.414670405781020960e-04
1.411249922756400586e-04
1.407853438389838842e-04
1.404480745743885695e-04
1.401131640096724661e-04
1.397805918913098023e-04
1.394503381815708561e-04
1.391223830557051437e-04
1.387967068991736953e-04
1.384732903049227745e-04
1.381521140707012640e-04
1.378331591964208501e-04
1.375164068815575155e-04
1.372018385225924966e-04
1.368894357104941161e-04
1.365791802282386998e-04
1.362710540483676527e-04
1.359650393305860869e-04
1.356611184193916438e-04
1.353592738417464414e-04
1.350594883047804900e-04
1.347617446935302633e-04
1.344660260687098770e-04
1.341723156645199702e-04
1.338805968864857524e-04
1.335908533093274945e-04
1.333030686748637905e-04
1.330172268899459899e-04
1.327333120244223092e-04
1.324513083091314897e-04
1.321712001339289796e-04
1.318929720457378098e-04
1.316166087466296916e-04
1.313420950919342222e-04
1.310694160883783669e-04
1.307985568922454293e-04
1.305295028075679033e-04
1.302622392843432288e-04
1.299967519167765978e-04
1.297330264415453638e-04
1.294710487360933751e-04
1.292108048169434136e-04
1.289522808380416186e-04
1.286954630891170074e-04
1.284403379940715433e-04
1.281868921093854102e-04
1.279351121225519121e-04
1.276849848505312113e-04
1.274364972382232566e-04
1.271896363569652419e-04
1.269443894030510467e-04
1.267007436962665331e-04
1.264586866784499968e-04
1.262182059120696388e-04
1.259792890788210152e-04
1.257419239782449230e-04
1.255060985263627149e-04
1.252718007543324576e-04
1.250390188071204322e-04
1.250390188070467335e-04
