8.731992675260886701e-05
8.731506002287035459e-05
8.730984561636699560e-05
8.730462105062660534e-05
8.729936541368943858e-05
8.729406691043679412e-05
8.728872095380249855e-05
8.728332724960128925e-05
8.727788802086914406e-05
8.727240690175718917e-05
8.726688862882970123e-05
8.726133804365246785e-05
8.725575860661879718e-05
8.725015350697941905e-05
8.724452829910275429e-05
8.723888898130207205e-05
8.723327839059811389e-05
8.722720851248212540e-05
8.722842494443384747e-05
8.747785935642868522e-05
8.795113458653026006e-05
8.854894043158311866e-05
8.916705474590466349e-05
8.978954942370397845e-05
9.040947641567516097e-05
9.102553984452599182e-05
9.164124023489810845e-05
9.226269363301546449e-05
9.289729517251475526e-05
9.355322494333566331e-05
9.423936302596912533e-05
9.496534795417794507e-05
9.574182201133763653e-05
9.658084334810637000e-05
9.749646636102854685e-05
9.850552467846048843e-05
9.962869748910202689e-05
1.008919914264219908e-04
1.023288406600489109e-04
1.039831314902288855e-04
1.059136452178921901e-04
1.082006774996870492e-04
1.109559839358388220e-04
1.143377023544503424e-04
1.185721990523376171e-04
1.239837869834022554e-04
1.310275416553219449e-04
1.403025562354713108e-04
1.524869583461423964e-04
1.681135675481736406e-04
1.872134781932685500e-04
2.091151922905435745e-04
2.326680238303015583e-04
2.566730858472316811e-04
2.801414002114619253e-04
3.023404536346962221e-04
3.227716204184255815e-04
3.411476324246970077e-04
3.573670367645431062e-04
3.714757919235644481e-04
3.836201658736689024e-04
3.940014481179755584e-04
4.028401923426441029e-04
4.103523204654505128e-04
4.167356564018918799e-04
4.221640077366474691e-04
4.267859958232362639e-04
4.307264972358533311e-04
4.340892830683599547e-04
4.369600251144630985e-04
4.394092134552692822e-04
4.414947926388983223e-04
4.432644328007590614e-04
4.447574274491216686e-04
4.460062651179983947e-04
4.470379250493219285e-04
4.478749193482275525e-04
4.485361254929567682e-04
4.490374755910868615e-04
4.493925040970852105e-04
4.496127905937114867e-04
4.497083173870077867e-04
4.496877575711644300e-04
4.495587076345908652e-04
4.493278758829326053e-04
4.490012352444131753e-04
4.485841473416402178e-04
4.480814633955868443e-04
4.474976064362293465e-04
4.468366384114673428e-04
4.461023150783346037e-04
4.452981309948336915e-04
4.444273564785448764e-04
4.434930680358263664e-04
4.424981734746569390e-04
4.414454326810775980e-04
4.403374748521259995e-04
4.391768128276455209e-04
4.379658550421805714e-04
4.367069155206103619e-04
4.354022222622367082e-04
4.340539242939951822e-04
4.326640976219382870e-04
4.312347502688010912e-04
4.297678265517358622e-04
4.282652107268599458e-04
4.267287301054284508e-04
4.251601577288532550e-04
4.235612146749947191e-04
4.219335720551606610e-04
4.202788527504451306e-04
4.185986329282866104e-04
4.168944433744494697e-04
4.151677706706026700e-04
4.134200582430238029e-04
4.116527073039203842e-04
4.098670777035517206e-04
4.080644887086438944e-04
4.062462197203397141e-04
4.044135109430797891e-04
4.025675640141849619e-04
4.007095426025670593e-04
3.988405729837935193e-04
3.969617445977051450e-04
3.950741105938903068e-04
3.931786883695301553e-04
3.912764601034460373e-04
3.893683732895573762e-04
3.874553412724439892e-04
3.855382437871963702e-04
3.836179275053560440e-04
3.816952065883322536e-04
3.797708632493726781e-04
3.778456483248528132e-04
3.759202818554013966e-04
3.739954536771308152e-04
3.720718240230552168e-04
3.701500241345711574e-04
3.682306568827533135e-04
3.663142973990540763e-04
3.644014937149073728e-04
3.624927674096103708e-04
3.605886142657986648e-04
3.586895049317706920e-04
3.567958855898267063e-04
3.549081786298088318e-04
3.530267833269436109e-04
3.511520765231106850e-04
3.492844133106358774e-04
3.474241277177077605e-04
3.455715333945307759e-04
3.437269242993297642e-04
3.418905753833482476e-04
3.400627432739952195e-04
3.382436669553159068e-04
3.364335684449983434e-04
3.346326534671381658e-04
3.328411121200211195e-04
3.310591195381985428e-04
3.292868365481584677e-04
3.275244103169139536e-04
3.257719749928425740e-04
3.240296523381348825e-04
3.222975523522033986e-04
3.205757738854117262e-04
3.188644052424893338e-04
3.171635247749610880e-04
3.154732014619357635e-04
3.137934954785402317e-04
3.121244587512943800e-04
3.104661354996341555e-04
3.088185627627996685e-04
3.071817709112065198e-04
3.055557841413969944e-04
3.039406209535777757e-04
3.023362946106996599e-04
3.007428135779289320e-04
2.991601819412971811e-04
2.975883998042060151e-04
2.960274636603595945e-04
2.944773667415923556e-04
2.929380993389594416e-04
2.914096490953429737e-04
2.898920012677509684e-04
2.883851389574457538e-04
2.868890433060277334e-04
2.854036936556691366e-04
2.839290676718765507e-04
2.824651414274473088e-04
2.810118894467214718e-04
2.795692847098498455e-04
2.781372986175852731e-04
2.767159009180799613e-04
2.753050595983262683e-04
2.739047407441558995e-04
2.725149083741065792e-04
2.711355242538691424e-04
2.697665476993968002e-04
2.684079353779779474e-04
2.670596411175427815e-04
2.657216157351312974e-04
2.643938068956637032e-04
2.630761590118270345e-04
2.617686131950487248e-04
2.604711072659929836e-04
2.591835758308997967e-04
2.579059504273234363e-04
2.566381597395557350e-04
2.553801298803191574e-04
2.541317847314097326e-04
2.528930463321560677e-04
2.516638353010706682e-04
2.504440712733752255e-04
2.492336733354180928e-04
2.480325604367153458e-04
2.468406517615351109e-04
2.456578670446271585e-04
2.444841268195860275e-04
2.433193525931264683e-04
2.421634669436574787e-04
2.410163935474617743e-04
2.398780571400154936e-04
2.387483834231510834e-04
2.376272989306894400e-04
2.365147308658264427e-04
2.354106069231323814e-04
2.343148551067083217e-04
2.332274035542432128e-04
2.321481803746407613e-04
2.310771135048950956e-04
2.300141305901347451e-04
2.289591588894076949e-04
2.279121252088972690e-04
2.268729558637221913e-04
2.258415766698630472e-04
2.248179129686469569e-04
2.238018896865001249e-04
2.227934314345078495e-04
2.217924626541267405e-04
2.207989078175362550e-04
2.198126916935387110e-04
2.188337396925667028e-04
2.178619783070906315e-04
2.168973356662482626e-04
2.159397422254490779e-04
2.149891316123817302e-04
2.140454416491604139e-04
2.131086155649103441e-04
2.121786034019072027e-04
2.112553635992019986e-04
2.103388647082472167e-04
2.094290871540308084e-04
2.085260249036285322e-04
2.076296868470558750e-04
2.067400976440885503e-04
2.058572977631988000e-04
2.049813424568314147e-04
2.041122994998014785e-04
2.032502456693702165e-04
2.023952621471899040e-04
2.015474292296332817e-04
2.007068208854260799e-04
1.998734997486588123e-04
1.990475130635217826e-04
1.982288899265003301e-04
1.974176399537661106e-04
1.966137532943153493e-04
1.958172017567296082e-04
1.950279407376253194e-04
1.942459116278565990e-04
1.934710444092378886e-04
1.927032602171894181e-04
1.919424737139910071e-04
1.911885951805861715e-04
1.904415322857194769e-04
1.897011915280578096e-04
1.889674793710267690e-04
1.882403031038382254e-04
1.875195714682984958e-04
1.868051950919375978e-04
1.860970867656944867e-04
1.853951616003425193e-04
1.846993370910030073e-04
1.840095331141719818e-04
1.833256718770364530e-04
1.826476778347189110e-04
1.819754775875161840e-04
1.813089997672304079e-04
1.806481749192700363e-04
1.799929353852649789e-04
1.793432151894548449e-04
1.786989499309329617e-04
1.780600766830003759e-04
1.774265339002336803e-04
1.767982613334319016e-04
1.761751999522929903e-04
1.755572918754633735e-04
1.749444803074846867e-04
1.743367094820907047e-04
1.737339246112713342e-04
1.731360718395427278e-04
1.725430982028621743e-04
1.719549515916764563e-04
1.713715807176291179e-04
1.707929350834832877e-04
1.702189649558764905e-04
1.696496213405578773e-04
1.690848559597996038e-04
1.685246212317095490e-04
1.679688702512045426e-04
1.674175567724358812e-04
1.668706351924769652e-04
1.663280605361079840e-04
1.657897884415579807e-04
1.652557751470770892e-04
1.647259774782418816e-04
1.642003528358975230e-04
1.636788591846737387e-04
1.631614550420138810e-04
1.626480994676655412e-04
1.621387520535919936e-04
1.616333729142646288e-04
1.611319226773109785e-04
1.606343624744783506e-04
1.601406539328915554e-04
1.596507591665825214e-04
1.591646407682656460e-04
1.586822618013472802e-04
1.582035857921424305e-04
1.577285767222966738e-04
1.572571990213937143e-04
1.567894175597380401e-04
1.563251976413105899e-04
1.558645049968773201e-04
1.554073057772555782e-04
1.549535665467244566e-04
1.545032542765779914e-04
1.540563363388111487e-04
1.536127804999369443e-04
1.531725549149318252e-04
1.527356281213003138e-04
1.523019690332623553e-04
1.518715469360524747e-04
1.514443314803301727e-04
1.510202926767023461e-04
1.505994008903482743e-04
1.501816268357485269e-04
1.497669415715129396e-04
1.493553164953088518e-04
1.489467233388803091e-04
1.485411341631640307e-04
1.481385213534920317e-04
1.477388576148859684e-04
1.473421159674342365e-04
1.469482697417543945e-04
1.465572925745397225e-04
1.461691584041812134e-04
1.457838414664731842e-04
1.454013162903906604e-04
1.450215576939451216e-04
1.446445407801095822e-04
1.442702409328209482e-04
1.438986338130431703e-04
1.435296953549087314e-04
1.431634017619201171e-04
1.427997295032181000e-04
1.424386553099158087e-04
1.420801561714928876e-04
1.417242093322525686e-04
1.413707922878383464e-04
1.410198827818076551e-04
1.406714588022658821e-04
1.403254985785531810e-04
1.399819805779905103e-04
1.396408835026745148e-04
1.393021862863294362e-04
1.389658680912084091e-04
1.386319083050457143e-04
1.383002865380608844e-04
1.379709826200072346e-04
1.376439765972709440e-04
1.373192487300186281e-04
1.369967794893841868e-04
1.366765495547073682e-04
1.363585398108139936e-04
1.360427313453360263e-04
1.357291054460802132e-04
1.354176435984320978e-04
1.351083274828054079e-04
1.348011389721273298e-04
1.344960601293660938e-04
1.341930732050965061e-04
1.338921606350999057e-04
1.335933050380051020e-04
1.332964892129642255e-04
1.330016961373634075e-04
1.327089089645689952e-04
1.324181110217072677e-04
1.321292858074795524e-04
1.318424169900092699e-04
1.315574884047200155e-04
1.312744840522478732e-04
1.309933880963847657e-04
1.307141848620499392e-04
1.304368588332936491e-04
1.301613946513329649e-04
1.298877771126106422e-04
1.296159911668857067e-04
1.293460219153563481e-04
1.290778546088003234e-04
1.288114746457530099e-04
1.285468675707047829e-04
1.282840190723292671e-04
1.280229149817339765e-04
1.277635412707370558e-04
1.275058840501707216e-04
1.272499295682052208e-04
1.269956642087017651e-04
1.267430744895859567e-04
1.264921470612431417e-04
1.262428687049401105e-04
1.259952263312666106e-04
1.257492069785996563e-04
1.255047978115904968e-04
1.252619861196704236e-04
1.250207593155798600e-04
1.247811049339173463e-04
1.245430106297082038e-04
1.243064641769942849e-04
1.240714534674416687e-04
1.238379665089683044e-04
1.236059914243923369e-04
1.233755164500967760e-04
1.231465299347144133e-04
1.229190203378274034e-04
1.226929762286895582e-04
1.224683862849628184e-04
1.222452392914714773e-04
1.220235241389728859e-04
1.218032298229469951e-04
1.215843454423998980e-04
1.213668601986843805e-04
1.211507633943373856e-04
1.209360444319313284e-04
1.207226928129420126e-04
1.205106981366295171e-04
1.203000500989393439e-04
1.200907384914121301e-04
1.198827532001111559e-04
1.196760842045628483e-04
1.194707215767123283e-04
1.192666554798928636e-04
1.190638761678072062e-04
1.188623739835236890e-04
1.186621393584848315e-04
1.184631628115305816e-04
1.182654349479321699e-04
1.180689464584386218e-04
1.178736881183386511e-04
1.176796507865298860e-04
1.174868254046045079e-04
1.172952029959460288e-04
1.171047746648343235e-04
1.169155315955656234e-04
1.167274650515839348e-04
1.165405663746208332e-04
1.163548269838473865e-04
1.161702383750412576e-04
1.159867921197565576e-04
1.158044798645095288e-04
1.156232933299739316e-04
1.154432243101846428e-04
1.152642646717553777e-04
1.150864063531009370e-04
1.149096413636728579e-04
1.147339617832040371e-04
1.145593597609626099e-04
1.143858275150144488e-04
1.142133573314966258e-04
1.140419415638974619e-04
1.138715726323488682e-04
1.137022430229230508e-04
1.135339452869419015e-04
1.133666720402943569e-04
1.132004159627593545e-04
1.130351697973402280e-04
1.128709263496052815e-04
1.127076784870401549e-04
1.125454191384022226e-04
1.123841412930851014e-04
1.122238380004954246e-04
1.120645023694314985e-04
1.119061275674722604e-04
1.117487068203722254e-04
1.115922334114649589e-04
1.114367006810732566e-04
1.112821020259269824e-04
1.111284308985871673e-04
1.109756808068780907e-04
1.108238453133241863e-04
1.108238453132760884e-04
