8.731994623548301618e-05
8.731509088427951305e-05
8.730988601819182561e-05
8.730466980087805387e-05
8.729942156746808705e-05
8.729412999746085646e-05
8.728879019328651787e-05
8.728340223513120027e-05
8.727796866962511451e-05
8.727249286239714893e-05
8.726697970403712195e-05
8.726143406706431886e-05
8.725585993738474596e-05
8.725026183029111111e-05
8.724464361321837818e-05
8.723900922762481804e-05
8.723336181225991779e-05
8.722770428909963885e-05
8.722203943490203920e-05
8.721636889039906205e-05
8.721069492900041225e-05
8.720501972287776626e-05
8.719934490697849635e-05
8.719367166868387763e-05
8.718800100597128629e-05
8.718233448793632448e-05
8.717667305868507296e-05
8.717101808468329658e-05
8.716536977957390080e-05
8.715972983707801739e-05
8.715409849075553543e-05
8.714847616812207605e-05
8.714286327047783456e-05
8.713726080952556325e-05
8.713166918584726837e-05
8.712608927300986156e-05
8.712052103986531214e-05
8.711496503326401333e-05
8.710942190933245832e-05
8.710389178644454503e-05
8.709837482251667803e-05
8.709287156029358018e-05
8.708738245345726530e-05
8.708190823664160407e-05
8.707644854593767450e-05
8.707100354478953684e-05
8.706557305203944930e-05
8.706015792186797551e-05
8.705475870218495036e-05
8.704937472845288417e-05
8.704400725002290403e-05
8.703865552933147593e-05
8.703332120536893494e-05
8.702800280007025552e-05
8.702274805011135086e-05
8.701683388201319927e-05
8.702430975425796814e-05
8.756100360048732370e-05
8.830370270486468602e-05
8.922786355599455306e-05
9.019358229326117067e-05
9.117451247933710233e-05
9.217690480170727841e-05
9.321658907224299401e-05
9.431672015354703505e-05
9.550782956558497299e-05
9.682913024698587600e-05
9.833191356133692167e-05
1.000858254451291476e-04
1.021895981081476381e-04
1.047897751404359713e-04
1.081140968127526815e-04
1.125329982943725545e-04
1.186729178320542605e-04
1.276100284303415021e-04
1.411022865837366868e-04
1.614350669148263565e-04
1.899043668525121978e-04
2.247701738398614286e-04
2.623390756961674298e-04
2.995991270232220213e-04
3.347156874969003612e-04
3.665537626109148864e-04
3.944782777852774464e-04
4.183219764803448610e-04
4.382995013997099043e-04
4.548580895863812697e-04
4.685325164714374143e-04
4.798457994976111380e-04
4.892586516731585889e-04
4.971531569127610661e-04
5.038351110048344510e-04
5.095442672565929539e-04
5.144665294681197284e-04
5.187453445491250516e-04
5.224913149693098929e-04
5.257898956833018632e-04
5.287073824778380348e-04
5.312954973768307899e-04
5.335948704047248315e-04
5.356376733672616299e-04
5.374496103951486616e-04
5.390514236761443246e-04
5.404600346890153176e-04
5.416894114118860418e-04
5.427512292251084666e-04
5.436553761317008569e-04
5.444103401663851318e-04
5.450235073818679140e-04
5.455013917517807483e-04
5.458498130812913665e-04
5.460740350985396514e-04
5.461788729658874309e-04
5.461687772446563102e-04
5.460478996834837711e-04
5.458201449410328377e-04
5.454892113972341578e-04
5.450586234783630791e-04
5.445317573643957071e-04
5.439118615206217731e-04
5.432020731681304164e-04
5.424054315561994489e-04
5.415248887058718473e-04
5.405633181447065238e-04
5.395235220375444634e-04
5.384082370292368270e-04
5.372201390466661451e-04
5.359618472543616671e-04
5.346359273170784784e-04
5.332448940910090125e-04
5.317912138408274151e-04
5.302773060607807827e-04
5.287055449633519793e-04
5.270782606875436520e-04
5.253977402699610373e-04
5.236662284148267633e-04
5.218859280935828158e-04
5.200590010003460894e-04
5.181875678859332963e-04
5.162737087903375476e-04
5.143194631911733030e-04
5.123268300836149227e-04
5.102977680056812373e-04
5.082341950212573758e-04
5.061379886719744037e-04
5.040109859078992054e-04
5.018549830059626906e-04
4.996717354841308809e-04
4.974629580183931874e-04
4.952303243688927891e-04
4.929754673207302788e-04
4.906999786442722139e-04
4.884054090791408115e-04
4.860932683454364709e-04
4.837650251851611269e-04
4.814221074362827566e-04
4.790659021413665826e-04
4.766977556922271579e-04
4.743189740116410301e-04
4.719308227727387912e-04
4.695345276563490824e-04
4.671312746462214795e-04
4.647222103617627180e-04
4.623084424276384494e-04
4.598910398793617268e-04
4.574710336037607632e-04
4.550494168130448129e-04
4.526271455510033127e-04
4.502051392297533403e-04
4.477842811953180687e-04
4.453654193202318326e-04
4.429493666212772182e-04
4.405369019004167614e-04
4.381287704069383076e-04
4.357256845187834865e-04
4.333283244410593275e-04
4.309373389196961249e-04
4.285533459682568385e-04
4.261769336059152940e-04
4.238086606046554696e-04
4.214490572438042704e-04
4.190986260700373567e-04
4.167578426610816134e-04
4.144271563913888069e-04
4.121069911981332023e-04
4.097977463459444585e-04
4.074997971888902272e-04
4.052134959282901040e-04
4.029391723650106098e-04
4.006771346450026662e-04
3.984276699969069389e-04
3.961910454606485396e-04
3.939675086060115319e-04
3.917572882402808290e-04
3.895605951041194700e-04
3.873776225549127334e-04
3.852085472369101943e-04
3.830535297375540138e-04
3.809127152294650240e-04
3.787862340976266341e-04
3.766742025513700643e-04
3.745767232208403654e-04
3.724938857376745567e-04
3.704257672997001956e-04
3.683724332195093139e-04
3.663339374568200073e-04
3.643103231346085484e-04
3.623016230390133248e-04
3.603078601030973373e-04
3.583290478745529591e-04
3.563651909675129422e-04
3.544162854986348545e-04
3.524823195076655412e-04
3.505632733627234870e-04
3.486591201505514787e-04
3.467698260520149576e-04
3.448953507031430775e-04
3.430356475420263994e-04
3.411906641418846128e-04
3.393603425306616884e-04
3.375446194974806636e-04
3.357434268863330323e-04
3.339566918773628551e-04
3.321843372561288023e-04
3.304262816712323831e-04
3.286824398806911796e-04
3.269527229874653971e-04
3.252370386645295078e-04
3.235352913698960500e-04
3.218473825519893236e-04
3.201732108457878631e-04
3.185126722601332107e-04
3.168656603566228410e-04
3.152320664204921329e-04
3.136117796239070343e-04
3.120046871820675999e-04
3.104106745025529365e-04
3.088296253283093640e-04
3.072614218747075562e-04
3.057059449610892237e-04
3.041630741372132224e-04
3.026326878050440922e-04
3.011146633362895468e-04
2.996088771861300836e-04
2.981152050035667492e-04
2.966335217388173825e-04
2.951637017482131205e-04
2.937056188970194699e-04
2.922591466606298837e-04
2.908241582245753884e-04
2.894005265837888219e-04
2.879881246415628396e-04
2.865868253086384571e-04
2.851965016028508199e-04
2.838170267497405622e-04
2.824482742845437302e-04
2.810901181559299802e-04
2.797424328318360524e-04
2.784050934077280737e-04
2.770779757175376124e-04
2.757609564475106039e-04
2.744539132530994150e-04
2.731567248789752971e-04
2.718692712821198102e-04
2.705914337578570910e-04
2.693230950685347193e-04
2.680641395744248127e-04
2.668144533662219890e-04
2.655739243983324706e-04
2.643424426219016798e-04
2.631199001163195598e-04
2.619061912176441588e-04
2.607012126421454383e-04
2.595048636028589577e-04
2.583170459167995919e-04
2.571376641002027282e-04
2.559666254489561849e-04
2.548038401012068686e-04
2.536492210790484026e-04
2.525026843062042471e-04
2.513641485987554939e-04
2.502335356262616476e-04
2.491107698410910810e-04
2.479957783744272362e-04
2.468884908982721307e-04
2.457888394538207313e-04
2.446967582478042015e-04
2.436121834197592915e-04
2.425350527846647630e-04
2.414653055568682526e-04
2.404028820626891042e-04
2.393477234504017958e-04
2.382997714073893853e-04
2.372589678950209240e-04
2.362252549121156492e-04
2.351985742976700413e-04
2.341788675827105137e-04
2.331660758996675019e-04
2.321601399555087977e-04
2.311610000720432741e-04
2.301685962933822615e-04
2.291828685566834191e-04
2.282037569182254007e-04
2.272312018228866027e-04
2.262651444016127811e-04
2.253055267788488117e-04
2.243522923705606868e-04
2.234053861536322702e-04
2.224647548892468051e-04
2.215303472861821269e-04
2.206021140945449281e-04
2.196800081257403801e-04
2.187639841999319129e-04
2.178539990272050674e-04
2.169500110326516411e-04
2.160519801382690039e-04
2.151598675158286546e-04
2.142736353247512633e-04
2.133932464478100843e-04
2.125186642354903960e-04
2.116498522674577036e-04
2.107867741371850713e-04
2.099293932636250360e-04
2.090776727321203129e-04
2.082315751655865643e-04
2.073910626263190818e-04
2.065560965492471051e-04
2.057266377081323554e-04
2.049026462168548185e-04
2.040840815699249068e-04
2.032709027283735495e-04
2.024630682595604417e-04
2.016605365421193720e-04
2.008632660500932969e-04
2.000712157331815792e-04
1.992843455125737229e-04
1.985026169136199382e-04
1.977259938567713169e-04
1.969544436256053519e-04
1.961879380237013402e-04
1.954264547184461740e-04
1.946699787472434243e-04
1.939185041279880618e-04
1.931720354705505959e-04
1.924305894321024098e-04
1.916941958044370746e-04
1.909628979808477536e-04
1.902367525443646461e-04
1.895158277696671733e-04
1.888002009499459820e-04
1.880899546385789969e-04
1.873851720979041334e-04
1.866859324180783139e-04
1.859923058531902178e-04
1.853043498899496820e-04
1.846221064263148183e-04
1.839456002374950986e-04
1.832748387026506584e-04
1.826098126055211203e-04
1.819504977304195470e-04
1.812968569511624363e-04
1.806488425378418173e-04
1.800063984625587356e-04
1.793694625505572876e-04
1.787379683840875655e-04
1.781118469158186196e-04
1.774910277847245523e-04
1.768754403510232266e-04
1.762650144803322915e-04
1.756596811133329366e-04
1.750593726583328275e-04
1.744640232420557836e-04
1.738735688502114629e-04
1.732879473849123779e-04
1.727070986613634469e-04
1.721309643619532963e-04
1.715594879619853274e-04
1.709926146380154701e-04
1.704302911669822141e-04
1.698724658221345573e-04
1.693190882699656603e-04
1.687701094710160994e-04
1.682254815863621071e-04
1.676851578908297963e-04
1.671490926934109252e-04
1.666172412649722550e-04
1.660895597730506544e-04
1.655660052233781741e-04
1.650465354076597680e-04
1.645311088570739768e-04
1.640196848009547689e-04
1.635122231301144446e-04
1.630086843642903304e-04
1.625090296232402202e-04
1.620132206010384355e-04
1.615212195431731113e-04
1.610329892260896323e-04
1.605484929388545790e-04
1.600676944666618137e-04
1.595905580759332933e-04
1.591170485007988510e-04
1.586471309307681135e-04
1.581807709994304575e-04
1.577179347740445819e-04
1.572585887458970502e-04
1.568026998213295693e-04
1.563502353133411381e-04
1.559011629336938098e-04
1.554554507854564701e-04
1.550130673559288463e-04
1.545739815099074195e-04
1.541381624832401402e-04
1.537055798766485092e-04
1.532762036497809454e-04
1.528500041154739683e-04
1.524269519342047691e-04
1.520070181087086346e-04
1.515901739787556409e-04
1.511763912160659891e-04
1.507656418193573154e-04
1.503578981095118059e-04
1.499531327248567998e-04
1.495513186165518891e-04
1.491524290440747881e-04
1.487564375707970841e-04
1.483633180596587858e-04
1.479730446689183048e-04
1.475855918479905559e-04
1.472009343333597860e-04
1.468190471445694355e-04
1.464399055802851561e-04
1.460634852144268928e-04
1.456897618923707878e-04
1.453187117272177907e-04
1.449503110961230374e-04
1.445845366366928296e-04
1.442213652434408118e-04
1.438607740643031013e-04
1.435027404972135648e-04
1.431472421867336297e-04
1.427942570207414838e-04
1.424437631271724750e-04
1.420957388708136136e-04
1.417501628501517967e-04
1.414070138942712552e-04
1.410662710598038284e-04
1.407279136279255616e-04
1.403919211014018216e-04
1.400582732016815261e-04
1.397269498660352297e-04
1.393979312447416732e-04
1.390711976983150997e-04
1.387467297947799221e-04
1.384245083069847481e-04
1.381045142099613179e-04
1.377867286783224460e-04
1.374711330837017861e-04
1.371577089922330342e-04
1.368464381620681082e-04
1.365373025409328958e-04
1.362302842637206778e-04
1.359253656501236882e-04
1.356225292022992883e-04
1.353217576025717830e-04
1.350230337111692300e-04
1.347263405639964888e-04
1.344316613704379763e-04
1.341389795111969606e-04
1.338482785361643174e-04
1.335595421623214391e-04
1.332727542716734205e-04
1.329878989092134417e-04
1.327049602809155036e-04
1.324239227517586589e-04
1.321447708437803817e-04
1.318674892341564720e-04
1.315920627533124848e-04
1.313184763830586572e-04
1.310467152547553312e-04
1.307767646475023352e-04
1.305086099863568810e-04
1.302422368405762622e-04
1.299776309218846212e-04
1.297147780827663879e-04
1.294536643147817278e-04
1.291942757469112361e-04
1.289365986439180609e-04
1.286806194047345560e-04
1.284263245608768247e-04
1.281737007748725188e-04
1.279227348387221926e-04
1.276734136723714453e-04
1.274257243222099789e-04
1.271796539595922582e-04
1.269351898793759251e-04
1.266923194984822219e-04
1.264510303544763104e-04
1.262113101041660210e-04
1.259731465222213933e-04
1.257365274998124296e-04
1.257365274997375383e-04
