8.731994617229702816e-05
8.731509071070991251e-05
8.730988570954990608e-05
8.730466935601710892e-05
8.729942097816353517e-05
8.729412926306797684e-05
8.728878931416485904e-05
8.728340122003606070e-05
8.727796751631590911e-05
8.727249158155867654e-05
8.726697830112102215e-05
8.726143254534786376e-05
8.725585829703862964e-05
8.725026008074030306e-05
8.724464175287163553e-05
8.723900726757775740e-05
8.723335974700377568e-05
8.722770212847613853e-05
8.722203717589636679e-05
8.721636653095741337e-05
8.721069247392820173e-05
8.720501718102574280e-05
8.719934227087927170e-05
8.719366893871760018e-05
8.718799818754548213e-05
8.718233157835759148e-05
8.717667006387310076e-05
8.717101499964201381e-05
8.716536660838734797e-05
8.715972658370238046e-05
8.715409514980845536e-05
8.714847274061112900e-05
8.714285975398003198e-05
8.713725720760481320e-05
8.713166550075055275e-05
8.712608550393862480e-05
8.712051718251804990e-05
8.711496109602248931e-05
8.710941788861911706e-05
8.710388767815520697e-05
8.709837063333210208e-05
8.709286728602423297e-05
8.708737810254973228e-05
8.708190380471749739e-05
8.707644403066243583e-05
8.707099894218150147e-05
8.706556836747045953e-05
8.706015315804161141e-05
8.705475385712332904e-05
8.704936980439461204e-05
8.704400224726670590e-05
8.703865045083101668e-05
8.703331606681805456e-05
8.702799762267131355e-05
8.702274348095592629e-05
8.701682404578861812e-05
8.702463411768467051e-05
8.756794783143529717e-05
8.831185615803819797e-05
8.923570093573735809e-05
9.020164776676145330e-05
9.118289382907733098e-05
9.218569755205894699e-05
9.322600077515915730e-05
9.432704352751777855e-05
9.551944409475187628e-05
9.684253354191041927e-05
9.834778099991167330e-05
1.001051099510300967e-04
1.022137027277947020e-04
1.048208588180671205e-04
1.081556339076395661e-04
1.125908317199802322e-04
1.187572105688054763e-04
1.277384501782420309e-04
1.413027065171345339e-04
1.617379618515443892e-04
1.903137143287250829e-04
2.252487902828794700e-04
2.628417248282157175e-04
3.000951588794762586e-04
3.351855121767344519e-04
3.669843632268877443e-04
3.948626791157156500e-04
4.186589673054993467e-04
4.385921895718986703e-04
4.551119432194002221e-04
4.687537231546159175e-04
4.800402498852056722e-04
4.894314661207331812e-04
4.973085580458320000e-04
5.039764734296502471e-04
5.096742376310504702e-04
5.145871606253135579e-04
5.188582185931860579e-04
5.225976468325142787e-04
5.258906163854275024e-04
5.288032044168628843e-04
5.313869648324683797e-04
5.336823983299735560e-04
5.357215770963678339e-04
5.375301283856533845e-04
5.391287349384856582e-04
5.405342721728158186e-04
5.417606723142596743e-04
5.428195829521609847e-04
5.437208704665000194e-04
5.444730060623982669e-04
5.450833626998453354e-04
5.455584441820326503e-04
5.459040624360345833e-04
5.461254751157037851e-04
5.462274927329670987e-04
5.462145623262341324e-04
5.460908330170023261e-04
5.458602075508095551e-04
5.455263829654850155e-04
5.450928828033840563e-04
5.445630827293527435e-04
5.439402309912410270e-04
5.432274648335635352e-04
5.424278237242352542e-04
5.415442600612267081e-04
5.405796478772452495e-04
5.395367899458120703e-04
5.384184236035423603e-04
5.372272255350525865e-04
5.359658157141315585e-04
5.346367606539645205e-04
5.332425760876891236e-04
5.317857291761451423e-04
5.302686403207901777e-04
5.286936846450749012e-04
5.270631931962274945e-04
5.253794539104521657e-04
5.236447123776277832e-04
5.218611724360604220e-04
5.200309966235089733e-04
5.181563065071551370e-04
5.162391829123787537e-04
5.142816660677935895e-04
5.122857556820756362e-04
5.102534109664140114e-04
5.081865506149429524e-04
5.060870527542743729e-04
5.039567548720626016e-04
5.017974537335370775e-04
4.996109052939574696e-04
4.973988246141065146e-04
4.951628857850902963e-04
4.929047218679954556e-04
4.906259248532084073e-04
4.883280456435791983e-04
4.860125940649575671e-04
4.836810389070745763e-04
4.813348079971861769e-04
4.789752883084057687e-04
4.766038261041696399e-04
4.742217271198602381e-04
4.718302567822049427e-04
4.694306404667092998e-04
4.670240637930479582e-04
4.646116729580342694e-04
4.621945751055158628e-04
4.597738387323059561e-04
4.573504941290458710e-04
4.549255338546916941e-04
4.524999132431773482e-04
4.500745509406366054e-04
4.476503294714804376e-04
4.452280958315035266e-04
4.428086621061340725e-04
4.403928061118715979e-04
4.379812720589265412e-04
4.355747712330368393e-04
4.331739826944433643e-04
4.307795539919887342e-04
4.283921018903372462e-04
4.260122131083273443e-04
4.236404450665141094e-04
4.212773266419902692e-04
4.189233589286393334e-04
4.165790160010320259e-04
4.142447456802328658e-04
4.119209702998687995e-04
4.096080874708707149e-04
4.073064708433901215e-04
4.050164708644632102e-04
4.027384155300811337e-04
4.004726111304076968e-04
3.982193429869704802e-04
3.959788761807293790e-04
3.937514562700121339e-04
3.915373099974009743e-04
3.893366459847114698e-04
3.871496554153135367e-04
3.849765127031004423e-04
3.828173761475078666e-04
3.806723885740556667e-04
3.785416779599570878e-04
3.764253580444209906e-04
3.743235289233407003e-04
3.722362776281243390e-04
3.701636786884864461e-04
3.681057946790968600e-04
3.660626767500000669e-04
3.640343651408025271e-04
3.620208896786557859e-04
3.600222702601053545e-04
3.580385173169141626e-04
3.560696322660135611e-04
3.541156079437543730e-04
3.521764290246684904e-04
3.502520724249829557e-04
3.483425076911448410e-04
3.464476973736577343e-04
3.445675973865270692e-04
3.427021573526597780e-04
3.408513209355666217e-04
3.390150261577312739e-04
3.371932057060524068e-04
3.353857872247320722e-04
3.335926935960495322e-04
3.318138432094422407e-04
3.300491502193284151e-04
3.282985247921310092e-04
3.265618733429524333e-04
3.248390987623904079e-04
3.231301006339558444e-04
3.214347754425960933e-04
3.197530167748170900e-04
3.180847155109171702e-04
3.164297600098481484e-04
3.147880362872335080e-04
3.131594281870759395e-04
3.115438175477128592e-04
3.099410843625631518e-04
3.083511069362421448e-04
3.067737620366244337e-04
3.052089250434273380e-04
3.036564700939243665e-04
3.021162702263864119e-04
3.005881975218654164e-04
2.990721232449229466e-04
2.975679179839335435e-04
2.960754517915685394e-04
2.945945943260732921e-04
2.931252149939259110e-04
2.916671830944610449e-04
2.902203679670012663e-04
2.887846391410088813e-04
2.873598664897139077e-04
2.859459203876146068e-04
2.845426718721555002e-04
2.831499928097947795e-04
2.817677560665360803e-04
2.803958356828553959e-04
2.790341070527759307e-04
2.776824471066155812e-04
2.763407344967065389e-04
2.750088497850788731e-04
2.736866756318002167e-04
2.723740969822886597e-04
2.710710012515446651e-04
2.697772785028060651e-04
2.684928216177181462e-04
2.672175264546531323e-04
2.659512919914028468e-04
2.646940204480953624e-04
2.634456173858558815e-04
2.622059917765804044e-04
2.609750560391200006e-04
2.597527260373678972e-04
2.585389210361447015e-04
2.573335636114800753e-04
2.561365795129258351e-04
2.549478974768808410e-04
2.537674489916151663e-04
2.525951680166755946e-04
2.514309906615996523e-04
2.502748548312590379e-04
2.491266998475834358e-04
2.479864660597421843e-04
2.468540944568762587e-04
2.457295262990218652e-04
2.446127027827621698e-04
2.435035647581391017e-04
2.424020525123510360e-04
2.413081056336118034e-04
2.402216629651333284e-04
2.391426626546497075e-04
2.380710422992857287e-04
2.370067391792507949e-04
2.359496905672357737e-04
2.348998340941394890e-04
2.338571081465190776e-04
2.328214522677451450e-04
2.317928075337383437e-04
2.307711168758420429e-04
2.297563253277246532e-04
2.287483801798656426e-04
2.277472310332917407e-04
2.267528297528164098e-04
2.257651303279824869e-04
2.247840886563075367e-04
2.238096622676867607e-04
2.228418100106521564e-04
2.218804917208824735e-04
2.209256678902603668e-04
2.199772993515723099e-04
2.190353469902959723e-04
2.180997714913196679e-04
2.171705331254428358e-04
2.162475915782757102e-04
2.153309058227666347e-04
2.144204340365739043e-04
2.135161335664670704e-04
2.126179609427508417e-04
2.117258719492477596e-04
2.108398217571886277e-04
2.099597651346066739e-04
2.090856567463574868e-04
2.082174515635333535e-04
2.073551054044134919e-04
2.064985756316555692e-04
2.056478220312700576e-04
2.048028078966675019e-04
2.039635013337488052e-04
2.031298767880836782e-04
2.023019167696950163e-04
2.014796137121909706e-04
2.006629718498198283e-04
1.998520089312261032e-04
1.990467575214323597e-04
1.982472655916669058e-04
1.974535960858613025e-04
1.966658252103210575e-04
1.958840393355886975e-04
1.951083306168125895e-04
1.943387916862684712e-04
1.935755099787397687e-04
1.928185623483951816e-04
1.920680105891585290e-04
1.913238982946885772e-04
1.905862492469285107e-04
1.898550672765954045e-04
1.891303373529079515e-04
1.884120275598305549e-04
1.877000915980687112e-04
1.869944714929942570e-04
1.862951002606028029e-04
1.856019043629583004e-04
1.849148058560904338e-04
1.842337241898289095e-04
1.835585776590933904e-04
1.828892845315262055e-04
1.822257638901557451e-04
1.815679362352920836e-04
1.809157238898763983e-04
1.802690512492800118e-04
1.796278449116000956e-04
1.789920337189552504e-04
1.783615487348037528e-04
1.777363231772365526e-04
1.771162923237739142e-04
1.765013933994769176e-04
1.758915654570856015e-04
1.752867492554638807e-04
1.746868871406922477e-04
1.740919229326755400e-04
1.735018018190145905e-04
1.729164702570790276e-04
1.723358758846281144e-04
1.717599674389185872e-04
1.711886946839711427e-04
1.706220083454896847e-04
1.700598600528385371e-04
1.695022022874366160e-04
1.689489883369261168e-04
1.684001722544869605e-04
1.678557088227034791e-04
1.673155535214447640e-04
1.667796624992498057e-04
1.662479925477790017e-04
1.657205010789236936e-04
1.651971461042290408e-04
1.646778862163099269e-04
1.641626805720034074e-04
1.636514888770043447e-04
1.631442713717960150e-04
1.626409888186948678e-04
1.621416024898543712e-04
1.616460741561068638e-04
1.611543660765222814e-04
1.606664409886011957e-04
1.601822620990109845e-04
1.597017930748014089e-04
1.592249980350436255e-04
1.587518415428340872e-04
1.582822885976318628e-04
1.578163046278851134e-04
1.573538554839210306e-04
1.568949074310702866e-04
1.564394271430064281e-04
1.559873816952748158e-04
1.555387385590093472e-04
1.550934655948035703e-04
1.546515310467416629e-04
1.542129035365681080e-04
1.537775520579917024e-04
1.533454459711161187e-04
1.529165549969892679e-04
1.524908492122649601e-04
1.520682990439743113e-04
1.516488752643995819e-04
1.512325489860487642e-04
1.508192916567236818e-04
1.504090750546817378e-04
1.500018712838893588e-04
1.495976527693585704e-04
1.491963922525687907e-04
1.487980627869733548e-04
1.484026377335825560e-04
1.480100907566245878e-04
1.476203958192830027e-04
1.472335271795107434e-04
1.468494593859115296e-04
1.464681672736924773e-04
1.460896259606911753e-04
1.457138108434639652e-04
1.453406975934431490e-04
1.449702621531587623e-04
1.446024807325210879e-04
1.442373298051707171e-04
1.438747861048818440e-04
1.435148266220334591e-04
1.431574286001293848e-04
1.428025695323840419e-04
1.424502271583594985e-04
1.421003794606572708e-04
1.417530046616648492e-04
1.414080812203556486e-04
1.410655878291407022e-04
1.407255034107680056e-04
1.403878071152757736e-04
1.400524783169915851e-04
1.397194966115798567e-04
1.393888418131368316e-04
1.390604939513312942e-04
1.387344332685890871e-04
1.384106402173266876e-04
1.380890954572201030e-04
1.377697798525223097e-04
1.374526744694233029e-04
1.371377605734463306e-04
1.368250196268879025e-04
1.365144332862955020e-04
1.362059833999864440e-04
1.358996520056041644e-04
1.355954213277084180e-04
1.352932737754057547e-04
1.349931919400160186e-04
1.346951585927724836e-04
1.343991566825580126e-04
1.341051693336747720e-04
1.338131798436474216e-04
1.335231716810586673e-04
1.332351284834185328e-04
1.329490340550645313e-04
1.326648723650924652e-04
1.323826275453196175e-04
1.321022838882757514e-04
1.318238258452256075e-04
1.315472380242187222e-04
1.312725051881689800e-04
1.309996122529612987e-04
1.307285442855883736e-04
1.304592865023101631e-04
1.301918242668445450e-04
1.299261430885794398e-04
1.296622286208158072e-04
1.294000666590323261e-04
1.291396431391756078e-04
1.288809441359739364e-04
1.286239558612789003e-04
1.283686646624260512e-04
1.281150570206209070e-04
1.278631195493479386e-04
1.276128389928011880e-04
1.273642022243371926e-04
1.271171962449497571e-04
1.268718081817679535e-04
1.266280252865702226e-04
1.263858349343247663e-04
1.261452246217454178e-04
1.259061819658721768e-04
1.256686947026675201e-04
1.254327506856330141e-04
1.251983378844465805e-04
1.249654443836173542e-04
1.249654443835436285e-04
