8.731744130217963145e-05
8.731098166777675996e-05
8.730437560457892298e-05
8.729793887113204470e-05
8.729161833508724915e-05
8.728537014049273434e-05
8.727916162479712578e-05
8.727297078374148063e-05
8.726678320147832264e-05
8.726058950616729835e-05
8.725438507391559994e-05
8.724816772717281042e-05
8.724193624800268259e-05
8.723569130067299732e-05
8.722943388772368394e-05
8.722316583324095330e-05
8.721688868435464772e-05
8.721060419679894286e-05
8.720431425213101822e-05
8.719801984585686533e-05
8.719172275974202877e-05
8.718542479190125266e-05
8.717912728858982470e-05
8.717283124454972628e-05
8.716653751795545076e-05
8.716024755578338020e-05
8.715396223316720676e-05
8.714768284813232476e-05
8.714140960129435423e-05
8.713514414702368857e-05
8.712888671619569163e-05
8.712263775113771762e-05
8.711639766754448045e-05
8.711016748486423206e-05
8.710394762338901525e-05
8.709773896998894297e-05
8.709154153152832956e-05
8.708535588353598963e-05
8.707918269713766225e-05
8.707302213140946884e-05
8.706687438696407498e-05
8.706074002611835668e-05
8.705461952962777758e-05
8.704851364340708802e-05
8.704242205966252627e-05
8.703634498755100286e-05
8.703028229582426118e-05
8.702423483897450522e-05
8.701820318763338455e-05
8.701218674581027578e-05
8.700618673636453066e-05
8.700020249851531161e-05
8.699423565687373590e-05
8.698828485778777693e-05
8.698239678643098394e-05
8.697586528657019192e-05
8.698256520839836939e-05
8.751808756392689178e-05
8.824228595457758934e-05
8.910998913093054019e-05
8.995803025285067521e-05
9.073840746743832794e-05
9.144015693499713460e-05
9.206404054737088569e-05
9.261705714433995755e-05
9.310906359984539389e-05
9.355036795032955815e-05
9.395049841991621326e-05
9.431774212418909909e-05
9.465902656688319062e-05
9.498000922826604832e-05
9.528518532404836399e-05
9.557810678731545277e-05
9.586159977329333640e-05
9.613785761712791275e-05
9.640854359313620495e-05
9.667493254530043728e-05
9.693806499442767215e-05
9.719872672650786965e-05
9.745750715273979225e-05
9.771484776298770586e-05
9.797107877989489429e-05
9.822644361994305792e-05
9.848111778490836732e-05
9.873522374261026386e-05
9.898884261419340703e-05
9.924202336291186165e-05
9.949479003195442722e-05
9.974714745533072048e-05
9.999908577013054314e-05
1.002505839849968865e-04
1.005016128032561022e-04
1.007521368557924189e-04
1.010021164652948798e-04
1.012515090376400799e-04
1.015002701560586165e-04
1.017483544380621543e-04
1.019957162028254819e-04
1.022423099870678221e-04
1.024880909398535330e-04
1.027330151206883052e-04
1.029770397204967622e-04
1.032201232212129685e-04
1.034622255066641299e-04
1.037033079349543568e-04
1.039433333805718236e-04
1.041822662528477854e-04
1.044200724960964128e-04
1.046567195757246307e-04
1.048921764537486239e-04
1.051264135564672114e-04
1.053594027364891016e-04
1.055911172308505281e-04
1.058215316166015994e-04
1.060506217649375126e-04
1.062783647947145108e-04
1.065047390259901661e-04
1.067297239340826709e-04
1.069533001045064622e-04
1.071754491890503249e-04
1.073961538631780304e-04
1.076153977848782979e-04
1.078331655550315664e-04
1.080494426793239245e-04
1.082642155317205826e-04
1.084774713194716086e-04
1.086891980496230905e-04
1.088993844969835299e-04
1.091080201734925554e-04
1.093150952989306590e-04
1.095206007729128308e-04
1.097245281480962699e-04
1.099268696045420797e-04
1.101276179251705430e-04
1.103267664722470270e-04
1.105243091648393060e-04
1.107202404571972008e-04
1.109145553179935364e-04
1.111072492103853249e-04
1.112983180728434042e-04
1.114877583007112570e-04
1.116755667284484487e-04
1.118617406125224867e-04
1.120462776149187421e-04
1.122291757872268149e-04
1.124104335552820512e-04
1.125900497043289547e-04
1.127680233646793202e-04
1.129443539978488377e-04
1.131190413831373401e-04
1.132920856046441268e-04
1.134634870386889548e-04
1.136332463416261896e-04
1.138013644380332623e-04
1.139678425092534992e-04
1.141326819822869655e-04
1.142958845190060154e-04
1.144574520056861679e-04
1.146173865428396242e-04
1.147756904353350825e-04
1.149323661828001908e-04
1.150874164702876906e-04
1.152408441591960510e-04
1.153926522784386958e-04
1.155428440158437459e-04
1.156914227097863914e-04
1.158383918410311640e-04
1.159837550247839495e-04
1.161275160029441437e-04
1.162696786365430870e-04
1.164102468983663267e-04
1.165492248657480634e-04
1.166866167135310195e-04
1.168224267071845475e-04
1.169566591960681431e-04
1.170893186068412033e-04
1.172204094370038517e-04
1.173499362485647910e-04
1.174779036618296918e-04
1.176043163493002111e-04
1.177291790296766330e-04
1.178524964619586838e-04
1.179742734396375427e-04
1.180945147849696004e-04
1.182132253433238226e-04
1.183304099776009272e-04
1.184460735627129523e-04
1.185602209801153402e-04
1.186728571123885420e-04
1.187839868378564174e-04
1.188936150252379741e-04
1.190017465283254661e-04
1.191083861806789052e-04
1.192135387903282286e-04
1.193172091344813488e-04
1.194194019542243025e-04
1.195201219492095137e-04
1.196193737723209632e-04
1.197171620243121993e-04
1.198134912484063872e-04
1.199083659248488168e-04
1.200017904654091032e-04
1.200937692078203270e-04
1.201843064101460216e-04
1.202734062450708458e-04
1.203610727941023382e-04
1.204473100416831438e-04
1.205321218691945631e-04
1.206155120488510297e-04
1.206974842374763566e-04
1.207780419701540923e-04
1.208571886537426640e-04
1.209349275602454268e-04
1.210112618200383304e-04
1.210861944149304833e-04
1.211597281710660300e-04
1.212318657516469456e-04
1.213026096494767875e-04
1.213719621793078951e-04
1.214399254699875921e-04
1.215065014563900415e-04
1.215716918711179926e-04
1.216354982359641471e-04
1.216979218531121263e-04
1.217589637960533779e-04
1.218186249002010886e-04
1.218769057531777383e-04
1.219338066847450305e-04
1.219893277563532539e-04
1.220434687502847327e-04
1.220962291583669289e-04
1.221476081702379331e-04
1.221976046611523070e-04
1.222462171793210306e-04
1.222934439327773282e-04
1.223392827757755689e-04
1.223837311947289749e-04
1.224267862936919912e-04
1.224684447793983506e-04
1.225087029458688448e-04
1.225475566586014880e-04
1.225850013383614754e-04
1.226210319445887695e-04
1.226556429584518576e-04
1.226888283655766282e-04
1.227205816384853855e-04
1.227508957188017851e-04
1.227797629992804270e-04
1.228071753057271610e-04
1.228331238789094441e-04
1.228575993565605366e-04
1.228805917556041966e-04
1.229020904547529645e-04
1.229220841776609082e-04
1.229405609768333845e-04
1.229575082185346477e-04
1.229729125689756552e-04
1.229867599820930223e-04
1.229990356892874011e-04
1.230097241915344998e-04
1.230188092543276325e-04
1.230262739059915676e-04
1.230321004399507600e-04
1.230362704216085329e-04
1.230387647005795615e-04
1.230395634290703253e-04
1.230386460873047875e-04
1.230359915169531400e-04
1.230315779636091092e-04
1.230253831294278368e-04
1.230173842371103956e-04
1.230075581064673552e-04
1.229958812448326785e-04
1.229823299526142989e-04
1.229668804452506295e-04
1.229495089927778485e-04
1.229301920781111107e-04
1.229089065749589796e-04
1.228856299460532881e-04
1.228603404620206359e-04
1.228330174407852064e-04
1.228036415068117521e-04
1.227721948687947350e-04
1.227386616135326531e-04
1.227030280127206093e-04
1.226652828382109603e-04
1.226254176799715953e-04
1.225834272595456435e-04
1.225393097302900135e-04
1.224930669541738346e-04
1.224447047435262405e-04
1.223942330549782911e-04
1.223416661221519172e-04
1.222870225135656136e-04
1.222303251030503021e-04
1.221716009418341835e-04
1.221108810246114822e-04
1.220481999464206071e-04
1.219835954529945162e-04
1.219171078942515353e-04
1.218487795983788841e-04
1.217786541919256050e-04
1.217067758987425569e-04
1.216331888565411700e-04
1.215579364932947113e-04
1.214810610057537777e-04
1.214026029781308056e-04
1.213226011701067932e-04
1.212410924897982639e-04
1.211581121499976841e-04
1.210736939866393253e-04
1.209878708995787704e-04
1.209006753605458735e-04
1.208121399246194660e-04
1.207222976819614788e-04
1.206311825963334434e-04
1.205388296946114399e-04
1.204452750937093711e-04
1.203505558736997700e-04
1.202547098243596002e-04
1.201577751040255545e-04
1.200597898535490856e-04
1.199607918051837806e-04
1.198608179184866638e-04
1.197599040653900179e-04
1.196580847768552257e-04
1.195553930556552872e-04
1.194518602546871519e-04
1.193475160181165228e-04
1.192423882835606395e-04
1.191365033456100577e-04
1.190298859851388936e-04
1.189225596737137296e-04
1.188145468674744050e-04
1.187058694095971810e-04
1.185965490642086102e-04
1.184866082064235421e-04
1.183760706915764461e-04
1.182649629195705546e-04
1.181533150946405432e-04
1.180411626533341780e-04
1.179285477910898460e-04
1.178155209598820137e-04
1.177021421411501877e-04
1.175884816341658177e-04
1.174746200661302980e-04
1.173606473597221307e-04
1.172466605131692333e-04
1.171327602557738109e-04
1.170190468929440487e-04
1.169056158674043898e-04
1.167925536547398683e-04
1.166799345427958908e-04
1.165678186423903105e-04
1.164562512175741930e-04
1.163452631921483985e-04
1.162348725412070777e-04
1.161250862253973500e-04
1.160159023515414757e-04
1.159073123127453403e-04
1.157993027432755514e-04
1.156918571979523774e-04
1.155849575232042228e-04
1.154785849257550158e-04
1.153727207677634727e-04
1.152673471282044830e-04
1.151624471732185044e-04
1.150580053762238482e-04
1.149540076241006078e-04
1.148504412401571369e-04
1.147472949488945361e-04
1.146445588022769479e-04
1.145422240825828949e-04
1.144402831930339056e-04
1.143387295442466168e-04
1.142375574420891087e-04
1.141367619806140152e-04
1.140363389423254092e-04
1.139362847069894173e-04
1.138365961694653695e-04
1.137372706665321819e-04
1.136383059123349180e-04
1.135396999418952405e-04
1.134414510620010912e-04
1.133435578087528984e-04
1.132460189110390551e-04
1.131488332592458856e-04
1.130519998785429981e-04
1.129555179061484061e-04
1.128593865720338354e-04
1.127636051825845783e-04
1.126681731067937777e-04
1.125730897646205628e-04
1.124783546171824640e-04
1.123839671585103947e-04
1.122899269086259660e-04
1.121962334077326569e-04
1.121028862113478006e-04
1.120098848862284102e-04
1.119172290069631384e-04
1.118249181531222081e-04
1.117329519068784287e-04
1.116413298510218191e-04
1.115500515673046672e-04
1.114591166350624527e-04
1.113685246300664624e-04
1.112782751235709530e-04
1.111883676815220222e-04
1.110988018639029673e-04
1.110095772241936213e-04
1.109206933089253681e-04
1.108321496573172720e-04
1.107439458009783684e-04
1.106560812636657513e-04
1.105685555610963293e-04
1.104813682007913910e-04
1.103945186819611378e-04
1.103080064954153726e-04
1.102218311234995455e-04
1.101359920400539472e-04
1.100504887103887316e-04
1.099653205912754455e-04
1.098804871309525579e-04
1.097959877691419674e-04
1.097118219370759440e-04
1.096279890575338299e-04
1.095444885448853124e-04
1.094613198051435770e-04
1.093784822360205746e-04
1.092959752269891870e-04
1.092137981593552313e-04
1.091319504063253585e-04
1.090504313330883273e-04
1.089692402968901671e-04
1.088883766471214693e-04
1.088078397254041375e-04
1.087276288656788145e-04
1.086477433942977986e-04
1.085681826301209817e-04
1.084889458846104057e-04
1.084100324619308896e-04
1.083314416590486109e-04
1.082531727658342673e-04
1.081752250651654522e-04
1.080975978330341540e-04
1.080202903386497142e-04
1.079433018445479387e-04
1.078666316066990440e-04
1.077902788746161857e-04
1.077142428914663452e-04
1.076385228941805796e-04
1.075631181135657487e-04
1.074880277744141957e-04
1.074132510956176968e-04
1.073387872902792557e-04
1.072646355658264439e-04
1.071907951241230596e-04
1.071172651615833350e-04
1.070440448692837852e-04
1.069711334330771039e-04
1.068985300337044051e-04
1.068262338469078853e-04
1.067542440435429168e-04
1.066825597896919696e-04
1.066111802467739947e-04
1.065401045716578038e-04
1.064693319167720755e-04
1.063988614302160252e-04
1.063286922558701563e-04
1.062588235335051683e-04
1.061892543988907702e-04
1.061199839839037888e-04
1.060510114166358166e-04
1.059823358215006018e-04
1.059139563193396905e-04
1.058458720275281363e-04
1.057780820600785564e-04
1.057105855277450530e-04
1.056433815381263065e-04
1.055764691957667458e-04
1.055098476022594390e-04
1.054435158563445655e-04
1.053774730540103696e-04
1.053117182885879326e-04
1.052462506508538339e-04
1.051810692291217517e-04
1.051161731093407467e-04
1.050515613751880692e-04
1.049872331081639731e-04
1.049231873876820567e-04
1.048594232911625719e-04
1.047959398941210985e-04
1.047327362702587768e-04
1.046698114915496132e-04
1.046071646283282052e-04
1.045447947493749198e-04
1.044827009220022766e-04
1.044208822121361956e-04
1.043593376844018929e-04
1.042980664022029466e-04
1.042980664021835258e-04
