8.731994611221203454e-05
8.731509145916501629e-05
8.730988771466172160e-05
8.730467259072621322e-05
8.729942540585819628e-05
8.729413458692556968e-05
8.728879573221873223e-05
8.728340869318501854e-05
8.727797580572200370e-05
8.727250078909302902e-05
8.726698844728491980e-05
8.726144366543676294e-05
8.725586992900947461e-05
8.725027046107949652e-05
8.724465084241031401e-05
8.723901700990606650e-05
8.723341270961275135e-05
8.722733650914483267e-05
8.722879047777970822e-05
8.759781275688982018e-05
8.833820685418893612e-05
8.927163510639587963e-05
9.023219824300259310e-05
9.120878679846444563e-05
9.220558095089322927e-05
9.323558599008631344e-05
9.432036663975491104e-05
9.548877926838756182e-05
9.677765498543143682e-05
9.823476877961545626e-05
9.992433485136714818e-05
1.019362553961926599e-04
1.044021341314684860e-04
1.075236408240390633e-04
1.116240403698278696e-04
1.172426675701395484e-04
1.252999971953391552e-04
1.373232819002795813e-04
1.554619698671019887e-04
1.814416128077813123e-04
2.144404300294904377e-04
2.511234545748753690e-04
2.882323452524911209e-04
3.236857937210481850e-04
3.562030640097311953e-04
3.850187776269620556e-04
4.098338891251854959e-04
4.307553257215211576e-04
4.481636172787787221e-04
4.625652607082858113e-04
4.744811637505163063e-04
4.843837685072285718e-04
4.926721389953915738e-04
4.996694938913672597e-04
5.056312472992593966e-04
5.107564757960528527e-04
5.151993077669936782e-04
5.190788301722284526e-04
5.224871602606020711e-04
5.254957939337251416e-04
5.281605025186222662e-04
5.305250675203382858e-04
5.326241166668610558e-04
5.344852701571204323e-04
5.361307696831476254e-04
5.375787119601351969e-04
5.388439884302766505e-04
5.399390027434071947e-04
5.408742178815383311e-04
5.416585778133194183e-04
5.422998286800138163e-04
5.428047715145333874e-04
5.431794568589847503e-04
5.434293315408711498e-04
5.435593531982155658e-04
5.435740912045419759e-04
5.434777929572860971e-04
5.432744371507062077e-04
5.429677813721742055e-04
5.425613969250230127e-04
5.420586973749818649e-04
5.414629607929873122e-04
5.407773474090419533e-04
5.400049140347928022e-04
5.391486257800331885e-04
5.382113655680892828e-04
5.371959418965305743e-04
5.361050951894436121e-04
5.349415030122874623e-04
5.337077843716597639e-04
5.324065032723244474e-04
5.310401716507367944e-04
5.296112517907893176e-04
5.281221583176162965e-04
5.265752598321088917e-04
5.249728802361334004e-04
5.233172998016689817e-04
5.216107560347819135e-04
5.198554443766298426e-04
5.180535187564300464e-04
5.162070920001254806e-04
5.143182361187119758e-04
5.123889825057035457e-04
5.104213220635086179e-04
5.084172052722580075e-04
5.063785422127762333e-04
5.043072025546013011e-04
5.022050155191307196e-04
5.000737698270639334e-04
4.979152136383715663e-04
4.957310544921310911e-04
4.935229592527289348e-04
4.912925540681582683e-04
4.890414243454064246e-04
4.867711147472619771e-04
4.844831292142489092e-04
4.821789310147856552e-04
4.798599428261542403e-04
4.775275468483287152e-04
4.751830849522556866e-04
4.728278588637325119e-04
4.704631303836406906e-04
4.680901216449012909e-04
4.657100154062043459e-04
4.633239553822398140e-04
4.609330466098931502e-04
4.585383558496164630e-04
4.561409120209672721e-04
4.537417066711067412e-04
4.513416944748799070e-04
4.489417937649957456e-04
4.465428870906176188e-04
4.441458218026675397e-04
4.417514106639927130e-04
4.393604324825307666e-04
4.369736327655285649e-04
4.345917243928634701e-04
4.322153883074904453e-04
4.298452742210374130e-04
4.274820013325840245e-04
4.251261590586842554e-04
4.227783077727140628e-04
4.204389795516863754e-04
4.181086789287024718e-04
4.157878836492825796e-04
4.134770454298726853e-04
4.111765907168918733e-04
4.088869214447640927e-04
4.066084157914358756e-04
4.043414289299909824e-04
4.020862937750184301e-04
3.998433217224976960e-04
3.976128033820266355e-04
3.953950093003343112e-04
3.931901906750583922e-04
3.909985800578892395e-04
3.888203920462378750e-04
3.866558239626819013e-04
3.845050565215047539e-04
3.823682544817384255e-04
3.802455672861748790e-04
3.781371296858914354e-04
3.760430623499053538e-04
3.739634724596350513e-04
3.718984542879011433e-04
3.698480897622673756e-04
3.678124490125823454e-04
3.657915909026133745e-04
3.637855635457442369e-04
3.617944048047187972e-04
3.598181427754913297e-04
3.578567962552538272e-04
3.559103751947677503e-04
3.539788811351404557e-04
3.520623076292462867e-04
3.501606406479855840e-04
3.482738589716253999e-04
3.464019345664730710e-04
3.445448329471690425e-04
3.427025135248725407e-04
3.408749299416693134e-04
3.390620303915089172e-04
3.372637579280076000e-04
3.354800507594500082e-04
3.337108425313523854e-04
3.319560625969182133e-04
3.302156362757637615e-04
3.284894851012559909e-04
3.267775270568338240e-04
3.250796768016691609e-04
3.233958458860275399e-04
3.217259429566867194e-04
3.200698739527692315e-04
3.184275422923415447e-04
3.167988490501284066e-04
3.151836931266855171e-04
3.135819714093686394e-04
3.119935789254401313e-04
3.104184089876325741e-04
3.088563533324987153e-04
3.073073022518610082e-04
3.057711447176747845e-04
3.042477685006115119e-04
3.027370602826553038e-04
3.012389057640125719e-04
2.997531897646196417e-04
2.982797963205268614e-04
2.968186087754488508e-04
2.953695098677436444e-04
2.939323818130896667e-04
2.925071063831419975e-04
2.910935649804150178e-04
2.896916387096604801e-04
2.883012084460141147e-04
2.869221549001498917e-04
2.855543586807234523e-04
2.841977003543474088e-04
2.828520605033711340e-04
2.815173197817133792e-04
2.801933589690059744e-04
2.788800590233083895e-04
2.775773011326446334e-04
2.762849667656088783e-04
2.750029377212944337e-04
2.737310961787847567e-04
2.724693247464563526e-04
2.712175065113277554e-04
2.699755250886845450e-04
2.687432646722148072e-04
2.675206100848689494e-04
2.663074468306574592e-04
2.651036611475871300e-04
2.639091400619177357e-04
2.627237714439087249e-04
2.615474440652013261e-04
2.603800476579541320e-04
2.592214729758224247e-04
2.580716118568272648e-04
2.569303572881181399e-04
2.557976034725870508e-04
2.546732458972160744e-04
2.535571814029847137e-04
2.524493082560765023e-04
2.513495262200339596e-04
2.502577366284132552e-04
2.491738424573884583e-04
2.480977483976217271e-04
2.470293609246048284e-04
2.459685883665447756e-04
2.449153409687315568e-04
2.438695309532050600e-04
2.428310725724027786e-04
2.417998821553869130e-04
2.407758781451428492e-04
2.397589811253964117e-04
2.387491138353868775e-04
2.377462011710534994e-04
2.367501701712042847e-04
2.357609499873760425e-04
2.347784718363529689e-04
2.338026689346030718e-04
2.328334764143053567e-04
2.318708312211053614e-04
2.309146719942904594e-04
2.299649389306807187e-04
2.290215736341924893e-04
2.280845189536841774e-04
2.271537188123870120e-04
2.262291180328372122e-04
2.253106621617930307e-04
2.243982973000779770e-04
2.234919699426104740e-04
2.225916268340157750e-04
2.216972148451495938e-04
2.208086808755629796e-04
2.199259717863808231e-04
2.190490343672186482e-04
2.181778153396716818e-04
2.173122613985252981e-04
2.164523192902518785e-04
2.155979359265723704e-04
2.147490585290285476e-04
2.139056347986547691e-04
2.130676131031975493e-04
2.122349426729372153e-04
2.114075737952967216e-04
2.105854579980862376e-04
2.097685482115997744e-04
2.089567989008358085e-04
2.081501661608091967e-04
2.073486077701516101e-04
2.065520832007320404e-04
2.057605535836700154e-04
2.049739816345902952e-04
2.041923315430900867e-04
2.034155688329289510e-04
2.026436602004330232e-04
2.018765733388587600e-04
2.011142767562179448e-04
2.003567395932906133e-04
1.996039314475022645e-04
1.988558222071146815e-04
1.981123818989477309e-04
1.973735805517293934e-04
1.966393880762472160e-04
1.959097741628273201e-04
1.951847081962747017e-04
1.944641591882019407e-04
1.937480957274448671e-04
1.930364859493783930e-04
1.923292975255741456e-04
1.916264976765124392e-04
1.909280532112494382e-04
1.902339305994446648e-04
1.895440960828206141e-04
1.888585158350202875e-04
1.881771561808146572e-04
1.874999838876426788e-04
1.868269665443205894e-04
1.861580730431006093e-04
1.854932741815913384e-04
1.848325433995452586e-04
1.841758576611044807e-04
1.835231984842931267e-04
1.828745531047291158e-04
1.822299157381033542e-04
1.815892888751981346e-04
1.809526845050266194e-04
1.803201251203423721e-04
1.796916443238309139e-04
1.790672868360477100e-04
1.784471077231728105e-04
1.778311707266705519e-04
1.772195456897855930e-04
1.766123052219449770e-04
1.760095208882704793e-04
1.754112593159222423e-04
1.748175786382003872e-04
1.742285256405491395e-04
1.736441338471626350e-04
1.730644226301191423e-04
1.724893972761156586e-04
1.719190498392104819e-04
1.713533605537573528e-04
1.707922995755308730e-04
1.702358288470613777e-04
1.696839039288963421e-04
1.691364756884007668e-04
1.685934917827714374e-04
1.680548979089230776e-04
1.675206388187582766e-04
1.669906591150889497e-04
1.664649038528766419e-04
1.659433189745289936e-04
1.654258516084288724e-04
1.649124502580771021e-04
1.644030649062264756e-04
1.638976470548839093e-04
1.633961497184940642e-04
1.628985273843028389e-04
1.624047359509181259e-04
1.619147326535545599e-04
1.614284759823364447e-04
1.609459255983019816e-04
1.604670422503978353e-04
1.599917876956868143e-04
1.595201246241897291e-04
1.590520165891668835e-04
1.585874279432168514e-04
1.581263237802524432e-04
1.576686698831950527e-04
1.572144326770985253e-04
1.567635791873204219e-04
1.563160770023178916e-04
1.558718942406359933e-04
1.554309995216545651e-04
1.549933619396803462e-04
1.545589510410018982e-04
1.541277368035510022e-04
1.536996896188502044e-04
1.532747802759604444e-04
1.528529799471637859e-04
1.524342601751612388e-04
1.520185928615811377e-04
1.516059502566190751e-04
1.511963049496486836e-04
1.507896298606701537e-04
1.503858982324789877e-04
1.499850836234429088e-04
1.495871599008110329e-04
1.491921012344747460e-04
1.487998820911292481e-04
1.484104772287802806e-04
1.480238616915578720e-04
1.476400108047969605e-04
1.472589001703647536e-04
1.468805056621902102e-04
1.465048034219884891e-04
1.461317698551497634e-04
1.457613816267732353e-04
1.453936156578370569e-04
1.450284491214830945e-04
1.446658594394096523e-04
1.443058242783600128e-04
1.439483215466986620e-04
1.435933293910687206e-04
1.432408261931255146e-04
1.428907905663368775e-04
1.425432013528538176e-04
1.421980376204398135e-04
1.418552786594590360e-04
1.415149039799222497e-04
1.411768933085871141e-04
1.408412265861063795e-04
1.405078839642282331e-04
1.401768458030469523e-04
1.398480926682961391e-04
1.395216053286882786e-04
1.391973647532987479e-04
1.388753521089907555e-04
1.385555487578866562e-04
1.382379362548726595e-04
1.379224963451480726e-04
1.376092109618127872e-04
1.372980622234905464e-04
1.369890324319910247e-04
1.366821040700057905e-04
1.363772597988445728e-04
1.360744824562011546e-04
1.357737550539547193e-04
1.354750607760068940e-04
1.351783829761502085e-04
1.348837051759657732e-04
1.345910110627586594e-04
1.343002844875179191e-04
1.340115094629124373e-04
1.337246701613134287e-04
1.334397509128454210e-04
1.331567362034690610e-04
1.328756106730905908e-04
1.325963591136983754e-04
1.323189664675288664e-04
1.320434178252569059e-04
1.317696984242122682e-04
1.314977936466262063e-04
1.312276890178978135e-04
1.309593702048891144e-04
1.306928230142428721e-04
1.304280333907251947e-04
1.301649874155925372e-04
1.299036713049803334e-04
1.296440714083149106e-04
1.293861742067487419e-04
1.291299663116187650e-04
1.288754344629227256e-04
1.286225655278204851e-04
1.283713464991544095e-04
1.281217644939906298e-04
1.278738067521822030e-04
1.276274606349512468e-04
1.273827136234883671e-04
1.271395533175750979e-04
1.268979674342239053e-04
1.266579438063358094e-04
1.264194703813766821e-04
1.261825352200728165e-04
1.259471264951250898e-04
1.257132324899366252e-04
1.254808415973609993e-04
1.252499423184672814e-04
1.250205232613199808e-04
1.247925731397760976e-04
1.245660807723003333e-04
1.243410350807915509e-04
1.241174250894298608e-04
1.238952399235352005e-04
1.236744688084443443e-04
1.234551010683994073e-04
1.232371261254527732e-04
1.230205334983882053e-04
1.228053128016513352e-04
1.225914537443003444e-04
1.223789461289635859e-04
1.221677798508179398e-04
1.219579448965732958e-04
1.217494313434756023e-04
1.215422293583201063e-04
1.213363291964793532e-04
1.211317212009415127e-04
1.209283958013614038e-04
1.207263435131255061e-04
1.205255549364268912e-04
1.203260207553530294e-04
1.201277317369850342e-04
1.199306787305081561e-04
1.197348526663332129e-04
1.195402445552306913e-04
1.193468454874726013e-04
1.191546466319899964e-04
1.189636392355364715e-04
1.189636392354759866e-04
