8.731994597651247748e-05
8.731509108278953115e-05
8.730988704788734663e-05
8.730467160693417233e-05
8.729942409476246017e-05
8.729413294743160916e-05
8.728879376918964128e-05
8.728340641633397469e-05
8.727797322717758361e-05
8.727249792061394736e-05
8.726698529314930283e-05
8.726144024069736190e-05
8.725586626068226306e-05
8.725026655903606748e-05
8.724464666963210218e-05
8.723901264148128227e-05
8.723340716403555674e-05
8.722734914811398183e-05
8.722847502016684994e-05
8.758575205587256960e-05
8.832664808151077362e-05
8.926031565667742805e-05
9.022044893486161636e-05
9.119702639750698419e-05
9.219392317264208042e-05
9.322393552657847165e-05
9.430856667878727468e-05
9.547664269982144149e-05
9.676496392456517784e-05
9.822126622944877194e-05
9.990970926712015561e-05
1.019201131296839654e-04
1.043839551596448251e-04
1.075027102033102662e-04
1.115993513319514464e-04
1.172128176866985043e-04
1.252632297240916339e-04
1.372782704923074628e-04
1.554106578108267289e-04
1.813933485900879640e-04
2.144092800879820093e-04
2.511186712079743364e-04
2.882562570726533930e-04
3.237370958125320559e-04
3.562786942788907459e-04
3.851146336919886257e-04
4.099455015419985714e-04
4.308785217335403127e-04
4.482949375010687070e-04
4.627020768543129011e-04
4.746215975212905247e-04
4.845265305334852963e-04
4.928163638456524789e-04
4.998146035836310017e-04
5.057768500025426259e-04
5.109022953057039710e-04
5.153451364179988115e-04
5.192244984051929725e-04
5.226325175011073756e-04
5.256406969830115230e-04
5.283048087692452082e-04
5.306686313094677917e-04
5.327667875034796914e-04
5.346268922108981126e-04
5.362711818746141671e-04
5.377177485517915714e-04
5.389814797180288728e-04
5.400747758420049865e-04
5.410080975472156880e-04
5.417903871903822968e-04
5.424293900586906218e-04
5.429319068961240306e-04
5.433039885354762127e-04
5.435510826775674566e-04
5.436781483097232479e-04
5.436897561193196945e-04
5.435901558244777155e-04
5.433833282836204870e-04
5.430730336139634289e-04
5.426628458185499271e-04
5.421561813063734700e-04
5.415563211637149836e-04
5.408664287752541072e-04
5.400895642150596544e-04
5.392286959430860321e-04
5.382867103041666292e-04
5.372664192742799020e-04
5.361705667998057506e-04
5.350018340003161914e-04
5.337628434572030782e-04
5.324561627608527005e-04
5.310843074351016000e-04
5.296497433440481911e-04
5.281548886774205774e-04
5.266021155772039868e-04
5.249937514551147877e-04
5.233320800540180442e-04
5.216193423039836279e-04
5.198577370155006922e-04
5.180494214257934859e-04
5.161965116017372271e-04
5.143010827223996710e-04
5.123651692705073106e-04
5.103907651528683627e-04
5.083798237634521919e-04
5.063342580008535314e-04
5.042559402510762194e-04
5.021467023456828872e-04
5.000083355044997527e-04
4.978425902711107118e-04
4.956511764484633183e-04
4.934357630411122502e-04
4.911979782098149826e-04
4.889394092434817428e-04
4.866616025528201881e-04
4.843660636893493848e-04
4.820542573929168656e-04
4.797276076702740137e-04
4.773874979067699743e-04
4.750352710127297897e-04
4.726722296056862877e-04
4.702996362291880176e-04
4.679187136085551156e-04
4.655306449436234328e-04
4.631365742381955740e-04
4.607376066656512174e-04
4.583348089699054067e-04
4.559292099007095436e-04
4.535218006820726966e-04
4.511135355124048217e-04
4.487053320948843961e-04
4.462980721963625782e-04
4.438926022330730737e-04
4.414897338813021785e-04
4.390902447111203442e-04
4.366948788412348156e-04
4.343043476129846152e-04
4.319193302814878241e-04
4.295404747219547367e-04
4.271683981491885998e-04
4.248036878483068147e-04
4.224469019147701230e-04
4.200985700018294703e-04
4.177591940735575948e-04
4.154292491616926714e-04
4.131091841245773384e-04
4.107994224065477230e-04
4.085003627961961972e-04
4.062123801820226700e-04
4.039358263040412097e-04
4.016710305000143356e-04
3.994183004450569795e-04
3.971779228834446010e-04
3.949501643515325238e-04
3.927352718907826880e-04
3.905334737499914217e-04
3.883449800758547225e-04
3.861699835911463650e-04
3.840086602597941315e-04
3.818611699382849019e-04
3.797276570128508134e-04
3.776082510219869225e-04
3.755030672639139613e-04
3.734122073886663481e-04
3.713357599745492556e-04
3.692738010887631822e-04
3.672263948320627800e-04
3.651935938673650452e-04
3.631754399322597074e-04
3.611719643354545633e-04
3.591831884371966799e-04
3.572091241137801136e-04
3.552497742062697586e-04
3.533051329536266165e-04
3.513751864104287760e-04
3.494599128494325891e-04
3.475592831492505170e-04
3.456732611674175623e-04
3.438018040991759942e-04
3.419448628223126251e-04
3.401023822284089215e-04
3.382743015408713814e-04
3.364605546201427950e-04
3.346610702564961908e-04
3.328757724508366934e-04
3.311045806839413947e-04
3.293474101745851230e-04
3.276041721270095343e-04
3.258747739682056371e-04
3.241591195754826783e-04
3.224571094948181665e-04
3.207686411504768152e-04
3.190936090464218050e-04
3.174319049600222466e-04
3.157834181285903269e-04
3.141480354292995646e-04
3.125256415530111489e-04
3.109161191726020194e-04
3.093193491063476281e-04
3.077352104769627973e-04
3.061635808668962248e-04
3.046043364704908865e-04
3.030573522436402030e-04
3.015225020515671802e-04
2.999996588153588874e-04
2.984886946579081465e-04
2.969894810498894828e-04
2.955018889564090152e-04
2.940257889849420543e-04
2.925610515351582952e-04
2.911075469512062531e-04
2.896651456769836993e-04
2.882337184148749424e-04
2.868131362883696075e-04
2.854032710088919684e-04
2.840039950470607099e-04
2.826151818084898164e-04
2.812367058140774609e-04
2.798684428845506591e-04
2.785102703288233335e-04
2.771620671354791017e-04
2.758237141664074540e-04
2.744950943512865292e-04
2.731760928812770797e-04
2.718665973998518116e-04
2.705664981883082313e-04
2.692756883430329901e-04
2.679940639411542607e-04
2.667215241907720433e-04
2.654579715615607255e-04
2.642033118912114975e-04
2.629574544629530251e-04
2.617203120493379292e-04
2.604918009175975530e-04
2.592718407922596459e-04
2.580603547713853979e-04
2.568572691937888799e-04
2.556625134559367641e-04
2.544760197789181486e-04
2.532977229278945606e-04
2.521275598886945366e-04
2.509654695086915486e-04
2.498113921115944526e-04
2.486652690981976284e-04
2.475270425472644756e-04
2.463966548323990430e-04
2.452740482717749473e-04
2.441591648277212194e-04
2.430519458723115879e-04
2.419523320330285168e-04
2.408602631292973710e-04
2.397756782061704912e-04
2.386985156658245183e-04
2.376287134911437529e-04
2.365662095489044986e-04
2.355109419535835738e-04
2.344628494673244230e-04
2.334218719078092581e-04
2.323879505343857087e-04
2.313610283841548046e-04
2.303410505338601461e-04
2.293279642699640696e-04
2.283217191574435552e-04
2.273222670065747715e-04
2.263295617451686859e-04
2.253435592104298347e-04
2.243642168791605540e-04
2.233914935571942222e-04
2.224253490487900333e-04
2.214657438247838114e-04
2.205126387051055609e-04
2.195659945675607300e-04
2.186257720911092964e-04
2.176919315387313249e-04
2.167644325826422738e-04
2.158432341731273275e-04
2.149282944520152058e-04
2.140195707128847999e-04
2.131170194107130536e-04
2.122205962261040490e-04
2.113302561920115861e-04
2.104459538940257207e-04
2.095676437587688887e-04
2.086952804485471774e-04
2.078288193837778586e-04
2.069682174173561467e-04
2.061134336861972346e-04
2.052644306634297279e-04
2.044211754282596061e-04
2.035836411569691428e-04
2.027518088149120020e-04
2.019256689930225344e-04
2.011052237818070293e-04
2.002904885130054333e-04
1.994814931320326821e-04
1.986782829091904702e-04
1.978809181788330368e-04
1.970894728407691801e-04
1.963040314860269573e-04
1.955246852148896371e-04
1.947515264600863604e-04
1.939846433451914288e-04
1.932241142269867343e-04
1.924700030482218366e-04
1.917223559705389529e-04
1.909811995182261117e-04
1.902465402140641635e-04
1.895183654905340073e-04
1.887966455452004110e-04
1.880813357785928277e-04
1.873723794857975436e-04
1.866697105413402135e-04
1.859732558961524969e-04
1.852829377788030090e-04
1.845986755523356261e-04
1.839203872207181509e-04
1.832479906064765293e-04
1.825814042365685543e-04
1.819205479802018979e-04
1.812653434830706063e-04
1.806157144396474616e-04
1.799715867404464461e-04
1.793328885256627238e-04
1.786995501710855196e-04
1.780715042270379406e-04
1.774486853265693376e-04
1.768310300752744257e-04
1.762184769319426821e-04
1.756109660866725006e-04
1.750084393410796186e-04
1.744108399936752625e-04
1.738181127323134287e-04
1.732302035347587559e-04
1.726470595777979654e-04
1.720686291548864937e-04
1.714948616020271462e-04
1.709257072314087115e-04
1.703611172722042130e-04
1.698010438178945128e-04
1.692454397794667731e-04
1.686942588438560388e-04
1.681474554370301585e-04
1.676049846911693321e-04
1.670668024154265329e-04
1.665328650698262353e-04
1.660031297418857084e-04
1.654775541256129365e-04
1.649560965025589118e-04
1.644387157246508921e-04
1.639253711985724630e-04
1.634160228714719371e-04
1.629106312178162672e-04
1.624091572272326402e-04
1.619115623931926054e-04
1.614178087024191206e-04
1.609278586249178824e-04
1.604416751045519506e-04
1.599592215500944775e-04
1.594804618267017023e-04
1.590053602477609161e-04
1.585338815670831218e-04
1.580659909713983226e-04
1.576016540731294501e-04
1.571408369034138150e-04
1.566835059053504257e-04
1.562296279274538735e-04
1.557791702172921797e-04
1.553321004152957848e-04
1.548883865487217949e-04
1.544479970257674141e-04
1.540109006298139699e-04
1.535770665138021804e-04
1.531464641947235400e-04
1.527190635482293408e-04
1.522948348033460275e-04
1.518737485372962076e-04
1.514557756704182421e-04
1.510408874611865329e-04
1.506290555013175148e-04
1.502202517109740940e-04
1.498144483340522689e-04
1.494116179335559509e-04
1.490117333870530727e-04
1.486147678822158857e-04
1.482206949124323261e-04
1.478294882725012178e-04
1.474411220544014165e-04
1.470555706431306156e-04
1.466728087126192045e-04
1.462928112217114565e-04
1.459155534102183011e-04
1.455410107950330342e-04
1.451691591663170134e-04
1.447999745837437111e-04
1.444334333728118571e-04
1.440695121212156118e-04
1.437081876752761313e-04
1.433494371364327365e-04
1.429932378577929012e-04
1.426395674407329793e-04
1.422884037315650426e-04
1.419397248182484956e-04
1.415935090271576891e-04
1.412497349199052349e-04
1.409083812902125652e-04
1.405694271608327764e-04
1.402328517805217752e-04
1.398986346210587012e-04
1.395667553743126180e-04
1.392371939493589690e-04
1.389099304696340346e-04
1.385849452701442771e-04
1.382622188947124403e-04
1.379417320932689681e-04
1.376234658191850574e-04
1.373074012266495389e-04
1.369935196680819982e-04
1.366818026915907821e-04
1.363722320384684107e-04
1.360647896407219271e-04
1.357594576186473478e-04
1.354562182784361775e-04
1.351550541098207664e-04
1.348559477837549844e-04
1.345588821501301059e-04
1.342638402355243309e-04
1.339708052409868384e-04
1.336797605398545288e-04
1.333906896756035143e-04
1.331035763597293142e-04
1.328184044696608767e-04
1.325351580467064500e-04
1.322538212940245787e-04
1.319743785746323975e-04
1.316968144094378043e-04
1.314211134753035090e-04
1.311472606031362080e-04
1.308752407760082042e-04
1.306050391272997081e-04
1.303366409388761853e-04
1.300700316392865749e-04
1.298051968019875836e-04
1.295421221435955452e-04
1.292807935221637313e-04
1.290211969354814825e-04
1.287633185194007694e-04
1.285071445461836515e-04
1.282526614228760009e-04
1.279998556897029649e-04
1.277487140184854070e-04
1.274992232110821794e-04
1.272513701978516404e-04
1.270051420361351536e-04
1.267605259087640601e-04
1.265175091225822362e-04
1.262760791069959462e-04
1.260362234125389275e-04
1.257979297094585097e-04
1.255611857863220629e-04
1.253259795486422830e-04
1.250922990175224272e-04
1.248601323283165924e-04
1.246294677293127348e-04
1.244002935804315731e-04
1.241725983519411313e-04
1.239463706231953236e-04
1.237215990813806440e-04
1.234982725202881174e-04
1.232763798390951442e-04
1.230559100411695716e-04
1.228368522328840363e-04
1.226191956224522914e-04
1.224029295187763189e-04
1.221880433303106561e-04
1.219745265639418853e-04
1.217623688238833715e-04
1.215515598105829423e-04
1.213420893196473862e-04
1.211339472407793789e-04
1.209271235567292631e-04
1.207216083422605571e-04
1.205173917631283787e-04
1.203144640750718962e-04
1.201128156228210093e-04
1.199124368391112165e-04
1.197133182437189723e-04
1.195154504425035923e-04
1.193188241264628177e-04
1.191234300708025835e-04
1.189292591340159887e-04
1.187363022569757920e-04
1.185445504620395252e-04
1.183539948521631979e-04
1.181646266100292608e-04
1.179764369971845155e-04
1.177894173531867663e-04
1.176035590947672739e-04
1.174188537150000803e-04
1.172352927824823115e-04
1.170528679405257014e-04
1.170528679404679405e-04
