8.731994597662942224e-05
8.731509108311594377e-05
8.730988704846792334e-05
8.730467160779332124e-05
8.729942409591092843e-05
8.729413294887094176e-05
8.728879377091653140e-05
8.728340641834235079e-05
8.727797322945949037e-05
8.727249792315965407e-05
8.726698529595044757e-05
8.726144024374792735e-05
8.725586626397418546e-05
8.725026656255338196e-05
8.724464667336308580e-05
8.723901264543577417e-05
8.723340716824960663e-05
8.722734915235601770e-05
8.722847502810798033e-05
8.758575221253745249e-05
8.832664846838591654e-05
8.926031670862194316e-05
9.022045114995195082e-05
9.119703036089070968e-05
9.219392962483663977e-05
9.322394543040392562e-05
9.430858131331255575e-05
9.547666380268655657e-05
9.676499391182808124e-05
9.822130854630218959e-05
9.990976896835537628e-05
1.019201978750991456e-04
1.043840769900724886e-04
1.075028888347940843e-04
1.115996204645247023e-04
1.172132371909031937e-04
1.252639077767804456e-04
1.372793931779682356e-04
1.554124814082397782e-04
1.813960447936150073e-04
2.144127290365767738e-04
2.511225728324027674e-04
2.882603547548331295e-04
3.237412085875075664e-04
3.562826865331805942e-04
3.851184095594998615e-04
4.099490087612461787e-04
4.308817474724994608e-04
4.482978964566198274e-04
4.627047981975469381e-04
4.746241149849064040e-04
4.845288765031312175e-04
4.928185665722123335e-04
4.998166863180237207e-04
5.057788311278035376e-04
5.109041888949683108e-04
5.153469529116968921e-04
5.192262452627450283e-04
5.226341997704691666e-04
5.256423177754409367e-04
5.283063696433858668e-04
5.306701325791938388e-04
5.327682284805824141e-04
5.346282713985117284e-04
5.362724971188169952e-04
5.377189971622189707e-04
5.389826585641739219e-04
5.400758814288925428e-04
5.410091260766572083e-04
5.417913346104233710e-04
5.424302521038912523e-04
5.429326791204360870e-04
5.433046663387960853e-04
5.435516613286160833e-04
5.436786229663060580e-04
5.436901218425064554e-04
5.435904075927636223e-04
5.433834610056519857e-04
5.430730421397412773e-04
5.426627249479242443e-04
5.421559257964312728e-04
5.415559257365397134e-04
5.408658881250067709e-04
5.400888730142513680e-04
5.392278488482659619e-04
5.382857019611275717e-04
5.372652443228336525e-04
5.361692198781521125e-04
5.350003097490423814e-04
5.337611365229043107e-04
5.324542677993955283e-04
5.310822191145499584e-04
5.296474563472431491e-04
5.281523977042200824e-04
5.265994153463875909e-04
5.249908367059530302e-04
5.233289455474951068e-04
5.216159828236433373e-04
5.198541473678836705e-04
5.180455964405024198e-04
5.161924461311679854e-04
5.142967716411312243e-04
5.123606074743424291e-04
5.103859475575150094e-04
5.083747453028365044e-04
5.063289136250808710e-04
5.042503249240274949e-04
5.021408110422630666e-04
5.000021632075410567e-04
4.978361319679194298e-04
4.956444271270393038e-04
4.934287176860307957e-04
4.911906317977844097e-04
4.889317567385864649e-04
4.866536389014475663e-04
4.843577838148209209e-04
4.820456561898246554e-04
4.797186799985369882e-04
4.773782385854075431e-04
4.750256748133819444e-04
4.726622912458738760e-04
4.702893503653264693e-04
4.679080748287385355e-04
4.655196477601805227e-04
4.631252130800304488e-04
4.607258758703776272e-04
4.583227027757862354e-04
4.559167224384076569e-04
4.535089259662209988e-04
4.511002674330054428e-04
4.486916644085395017e-04
4.462839985173557228e-04
4.438781160242936692e-04
4.414748284450234332e-04
4.390749131796394000e-04
4.366791141673742149e-04
4.342881425604607371e-04
4.319026774151481316e-04
4.295233663978890938e-04
4.271508265047057685e-04
4.247856447917894664e-04
4.224283791153973615e-04
4.200795588791674060e-04
4.177396857870232312e-04
4.154092345998746218e-04
4.130886538944198794e-04
4.107783668223905947e-04
4.084787718686642413e-04
4.061902436067553316e-04
4.039131334502648295e-04
4.016477703989380422e-04
3.993944617780951644e-04
3.971534939702478137e-04
3.949251331378264649e-04
3.927096259360076530e-04
3.905072002147168828e-04
3.883180657089877483e-04
3.861424147168939273e-04
3.839804227643985957e-04
3.818322492565071708e-04
3.796980381141968394e-04
3.775779183966722222e-04
3.754720049085631521e-04
3.733803987917381096e-04
3.713031881014835730e-04
3.692404483668509799e-04
3.671922431350375113e-04
3.651586244997106546e-04
3.631396336132546986e-04
3.611353011829492444e-04
3.591456479511326945e-04
3.571706851594729643e-04
3.552104149974699373e-04
3.532648310353782056e-04
3.513339186417616783e-04
3.494176553859217266e-04
3.475160114254726806e-04
3.456289498793648938e-04
3.437564271866786294e-04
3.418983934515353886e-04
3.400547927744919483e-04
3.382255635708064992e-04
3.364106388759836234e-04
3.346099466390019218e-04
3.328234100036834512e-04
3.310509475786393031e-04
3.292924736962523258e-04
3.275478986611858579e-04
3.258171289888911297e-04
3.241000676346237762e-04
3.223966142134733980e-04
3.207066652119378632e-04
3.190301141915672127e-04
3.173668519852304365e-04
3.157167668865634323e-04
3.140797448331720133e-04
3.124556695841782536e-04
3.108444228927014961e-04
3.092458846739022074e-04
3.076599331692041303e-04
3.060864451073404811e-04
3.045252958628774805e-04
3.029763596128622147e-04
3.014395094922812891e-04
2.999146177489776517e-04
2.984015558987033220e-04
2.969001948809557806e-04
2.954104052162515232e-04
2.939320571654433357e-04
2.924650208916704458e-04
2.910091666254893445e-04
2.895643648336537063e-04
2.881304863919635921e-04
2.867074027624945030e-04
2.852949861754031221e-04
2.838931098153785388e-04
2.825016480126262496e-04
2.811204764380849938e-04
2.797494723023362731e-04
2.783885145573991495e-04
2.770374841003002625e-04
2.756962639769428144e-04
2.743647395844347418e-04
2.730427988695920388e-04
2.717303325208910597e-04
2.704272341506794275e-04
2.691334004639766631e-04
2.678487314097487398e-04
2.665731303101442234e-04
2.653065039628685990e-04
2.640487627116781203e-04
2.627998204799797226e-04
2.615595947627241723e-04
2.603280065722947834e-04
2.591049803348802953e-04
2.578904437350122616e-04
2.566843275074605748e-04
2.554865651775957230e-04
2.542970927535224274e-04
2.531158483757573320e-04
2.519427719328532042e-04
2.507778046539471391e-04
2.496208886916806142e-04
2.484719667110045407e-04
2.473309815009029373e-04
2.461978756267927814e-04
2.450725911411189527e-04
2.439550693682687157e-04
2.428452507772777653e-04
2.417430749518425766e-04
2.406484806619535888e-04
2.395614060352487776e-04
2.384817888193006732e-04
2.374095667190800061e-04
2.363446777874324202e-04
2.352870608413861950e-04
2.342366558741858793e-04
2.331934044327090851e-04
2.321572499325983330e-04
2.311281378889043015e-04
2.301060160476294750e-04
2.290908344124048567e-04
2.280825451694067996e-04
2.270811025214913132e-04
2.260864624484777491e-04
2.250985824140628244e-04
2.241174210409518008e-04
2.231429377747005710e-04
2.221750925540852926e-04
2.212138455022063588e-04
2.202591566486829504e-04
2.193109856897055155e-04
2.183692917898718828e-04
2.174340334277430689e-04
2.165051682859660015e-04
2.155826531874229565e-04
2.146664440796105351e-04
2.137564960708277309e-04
2.128527635245271870e-04
2.119552002210711131e-04
2.110637595995012137e-04
2.101783950954785158e-04
2.092990605951027775e-04
2.084257110274368363e-04
2.075583031206000388e-04
2.066967963462693915e-04
2.058411540737743381e-04
2.049913449456280945e-04
2.041473444685863140e-04
2.033091367852899508e-04
2.024767165488356921e-04
2.016500907660916326e-04
2.008292804095316111e-04
2.000143215332318019e-04
1.992052655865613842e-04
1.984021786257367899e-04
1.976051392041303762e-04
1.968142348871384020e-04
1.960295575670904962e-04
1.952511979951756659e-04
1.944792401283775560e-04
1.937137559482766393e-04
1.929548013233116973e-04
1.922024132851688513e-04
1.914566088378442943e-04
1.907173851852469765e-04
1.899847210999360859e-04
1.892585790792511674e-04
1.885389079353403849e-04
1.878256455171453232e-04
1.871187213379461140e-04
1.864180589601810466e-04
1.857235780570781400e-04
1.850351961226567225e-04
1.843528298375555639e-04
1.836763961201269286e-04
1.830058129035705211e-04
1.823409996837144632e-04
1.816818778810463649e-04
1.810283710568075558e-04
1.803804050177892221e-04
1.797379078389157406e-04
1.791008098272836991e-04
1.784690434464511098e-04
1.778425432155130131e-04
1.772212455939453570e-04
1.766050888602786533e-04
1.759940129903517507e-04
1.753879595390812408e-04
1.747868715282904707e-04
1.741906933421312237e-04
1.735993706308519395e-04
1.730128502231468267e-04
1.724310800469452444e-04
1.718540090582573840e-04
1.712815871775408717e-04
1.707137652329772078e-04
1.701504949100068182e-04
1.695917287064833078e-04
1.690374198928275404e-04
1.684875224765944475e-04
1.679419911709290341e-04
1.674007813664195137e-04
1.668638491059205896e-04
1.663311510619573262e-04
1.658026445163731559e-04
1.652782873419245721e-04
1.647580379855635984e-04
1.642418554531752041e-04
1.637296992955760799e-04
1.632215295955937936e-04
1.627173069560786860e-04
1.622169924887087780e-04
1.617205478034821448e-04
1.612279349988043800e-04
1.607391166520923305e-04
1.602540558108335759e-04
1.597727159840553295e-04
1.592950611341587691e-04
1.588210556690819637e-04
1.583506644347598431e-04
1.578838527078513969e-04
1.574205861887129337e-04
1.569608309945880165e-04
1.565045536530004983e-04
1.560517210953276421e-04
1.556023006505411572e-04
1.551562600391048763e-04
1.547135673670143804e-04
1.542741911199696839e-04
1.538381001576802993e-04
1.534052637082831147e-04
1.529756513628814836e-04
1.525492330701886431e-04
1.521259791312783323e-04
1.517058601944362955e-04
1.512888472501081169e-04
1.508749116259435223e-04
1.504640249819296665e-04
1.500561593056145182e-04
1.496512869074158151e-04
1.492493804160167556e-04
1.488504127738379638e-04
1.484543572325952153e-04
1.480611873489296143e-04
1.476708769801198722e-04
1.472834002798635415e-04
1.468987316941331952e-04
1.465168459571033501e-04
1.461377180871458305e-04
1.457613233828949277e-04
1.453876374193785871e-04
1.450166360442119910e-04
1.446482953738590673e-04
1.442825917899534386e-04
1.439195019356815514e-04
1.435590027122256524e-04
1.432010712752652579e-04
1.428456850315365197e-04
1.424928216354473727e-04
1.421424589857483295e-04
1.417945752222578922e-04
1.414491487226398150e-04
1.411061580992334667e-04
1.407655821959352042e-04
1.404274000851288339e-04
1.400915910646656471e-04
1.397581346548945743e-04
1.394270105957356521e-04
1.390981988438029027e-04
1.387716795695715581e-04
1.384474331545901694e-04
1.381254401887361117e-04
1.378056814675139422e-04
1.374881379893969633e-04
1.371727909532071939e-04
1.368596217555405792e-04
1.365486119882278974e-04
1.362397434358368121e-04
1.359329980732099205e-04
1.356283580630445970e-04
1.353258057535066641e-04
1.350253236758807915e-04
1.347268945422556692e-04
1.344305012432481326e-04
1.341361268457559629e-04
1.338437545907485821e-04
1.335533678910901911e-04
1.332649503293933480e-04
1.329784856559070234e-04
1.326939577864340921e-04
1.324113508002822451e-04
1.321306489382410312e-04
1.318518366005940530e-04
1.315748983451552881e-04
1.312998188853367143e-04
1.310265830882455088e-04
1.307551759728050982e-04
1.304855827079067019e-04
1.302177886105874939e-04
1.299517791442317207e-04
1.296875399168045365e-04
1.294250566791027243e-04
1.291643153230369399e-04
1.289053018799361826e-04
1.286480025188767686e-04
1.283924035450345873e-04
1.281384913980600454e-04
1.278862526504796543e-04
1.276356740061159139e-04
1.273867422985306428e-04
1.271394444894916715e-04
1.268937676674602186e-04
1.266496990460979711e-04
1.264072259627984241e-04
1.261663358772335353e-04
1.259270163699253964e-04
1.256892551408364457e-04
1.254530400079772166e-04
1.252183589060331412e-04
1.249851998850147461e-04
1.247535511089217525e-04
1.245234008544266651e-04
1.242947375095765480e-04
1.240675495725138296e-04
1.238418256502116341e-04
1.236175544572284133e-04
1.233947248144788675e-04
1.231733256480222957e-04
1.229533459878650941e-04
1.227347749667814152e-04
1.225176018191482196e-04
1.223018158797974585e-04
1.220874065828817271e-04
1.218743634607564249e-04
1.216626761428775557e-04
1.214523343547109664e-04
1.212433279166581735e-04
1.210356467429988728e-04
1.208292808408412285e-04
1.206242203090905125e-04
1.204204553374318515e-04
1.202179762053214040e-04
1.200167732809986524e-04
1.198168370205014862e-04
1.196181579667036205e-04
1.194207267483587498e-04
1.192245340791581187e-04
1.190295707568029328e-04
1.188358276620838305e-04
1.186432957579778777e-04
1.184519660887529361e-04
1.182618297790845124e-04
1.180728780331854284e-04
1.178851021339449515e-04
1.176984934420798230e-04
1.175130433952954116e-04
1.173287435074573418e-04
1.171455853677755640e-04
1.169635606399964075e-04
1.169635606399387686e-04
