8.731998928707761340e-05
8.731521676101667445e-05
8.731011910835622368e-05
8.730502757367651515e-05
8.729991668943455738e-05
8.729477145589496919e-05
8.728958492117221797e-05
8.728435507482846698e-05
8.727908288849644332e-05
8.727377114764098536e-05
8.726842418217914681e-05
8.726304586275423548e-05
8.725763891948064440e-05
8.725220687645593193e-05
8.724675736305994623e-05
8.724129821511648756e-05
8.723582704548559104e-05
8.723030829083073352e-05
8.732521277827887791e-05
8.803629735295352102e-05
8.891607039861974121e-05
8.985079097964671893e-05
9.082087136992082689e-05
9.181025881649644994e-05
9.282571202694339381e-05
9.388623331751133638e-05
9.501813754102126025e-05
9.625494356675691758e-05
9.763967527156357869e-05
9.922931560313385873e-05
1.011023079643407646e-04
1.033714742216735775e-04
1.062066518915084586e-04
1.098754479469153878e-04
1.148179724539743021e-04
1.217815137701805655e-04
1.320323885479059796e-04
1.475210570291741476e-04
1.703716591243611012e-04
2.009614818455672601e-04
2.366743752503797918e-04
2.739458223491337695e-04
3.102465332877549090e-04
3.440377955927710792e-04
3.743655791185043834e-04
4.007523829096773147e-04
4.231601412461566511e-04
4.418818214073196916e-04
4.573914765047172744e-04
4.702150076065992799e-04
4.808488029486496554e-04
4.897219446184633476e-04
4.971867360580848640e-04
5.035237778651400001e-04
5.089527042219058484e-04
5.136438739017890834e-04
5.177289481317144844e-04
5.213096862706323009e-04
5.244649413679088479e-04
5.272560892919636154e-04
5.297311833011114591e-04
5.319281131842618559e-04
5.338769969598184881e-04
5.356019954607726475e-04
5.371226850331393835e-04
5.384551029658750506e-04
5.396125436312924038e-04
5.406061659476562318e-04
5.414454599481793601e-04
5.421386021518837537e-04
5.426927362427184844e-04
5.431141855439216215e-04
5.434086156961492279e-04
5.435811621695491773e-04
5.436365406937578981e-04
5.435791170819366828e-04
5.434129698193763437e-04
5.431419401473070330e-04
5.427696706138380274e-04
5.422996360684683966e-04
5.417351677823439024e-04
5.410794727672571741e-04
5.403356494670932472e-04
5.395067004506080323e-04
5.385955427023087676e-04
5.376050160021981833e-04
5.365378897731973035e-04
5.353968686961144401e-04
5.341845973370799123e-04
5.329036639693198905e-04
5.315566037206136260e-04
5.301459011686406736e-04
5.286739924837165336e-04
5.271432671838413402e-04
5.255560695607725550e-04
5.239146998363536888e-04
5.222214151032399890e-04
5.204784300902093232e-04
5.186879177629883167e-04
5.168520097704973901e-04
5.149727967662249802e-04
5.130523286336277503e-04
5.110926146344662527e-04
5.090956234940568299e-04
5.070632834358900810e-04
5.049974821771511559e-04
5.029000668957300845e-04
5.007728441783256814e-04
4.986175799582426987e-04
4.964359994505769189e-04
4.942297870915913398e-04
4.920005864882986057e-04
4.897500003835423242e-04
4.874795906411369915e-04
4.851908782550236462e-04
4.828853433857530552e-04
4.805644254270822363e-04
4.782295231049431966e-04
4.758819946105122159e-04
4.735231577687188786e-04
4.711542902430822764e-04
4.687766297773686679e-04
4.663913744742500308e-04
4.639996831107867279e-04
4.616026754903048345e-04
4.592014328299417114e-04
4.567969981829332637e-04
4.543903768944959100e-04
4.519825370899857911e-04
4.495744101938408646e-04
4.471668914777354709e-04
4.447608406361945425e-04
4.423570823878739144e-04
4.399564071006368659e-04
4.375595714384907268e-04
4.351672990284165873e-04
4.327802811451205442e-04
4.303991774116971330e-04
4.280246165142362487e-04
4.256571969283991729e-04
4.232974876560213545e-04
4.209460289698553821e-04
4.186033331645877455e-04
4.162698853123389365e-04
4.139461440209047912e-04
4.116325421930691337e-04
4.093294877853833713e-04
4.070373645648890323e-04
4.047565328623395787e-04
4.024873303205403268e-04
4.002300726365347078e-04
3.979850542964267894e-04
3.957525493017232765e-04
3.935328118861614217e-04
3.913260772220669573e-04
3.891325621153760971e-04
3.869524656885413088e-04
3.847859700505954156e-04
3.826332409537590144e-04
3.804944284360315993e-04
3.783696674492793128e-04
3.762590784724152964e-04
3.741627681093222268e-04
3.720808296712420295e-04
3.700133437434095329e-04
3.679603787357750761e-04
3.659219914177093305e-04
3.638982274366392693e-04
3.618891218206138761e-04
3.598946994648358037e-04
3.579149756022587852e-04
3.559499562583628486e-04
3.539996386902798868e-04
3.520640118104669068e-04
3.501430565951551828e-04
3.482367464778369321e-04
3.463450477280765011e-04
3.444679198159527819e-04
3.426053157624812159e-04
3.407571824763566334e-04
3.389234610774017708e-04
3.371040872071086303e-04
3.352989913266860912e-04
3.335080990030395913e-04
3.317313311831178620e-04
3.299686044570812669e-04
3.282198313107548087e-04
3.264849203678459413e-04
3.247637766224076533e-04
3.230563016620574264e-04
3.213623938824492843e-04
3.196819486935323059e-04
3.180148587181231743e-04
3.163610139833408275e-04
3.147203021054595135e-04
3.130926084687598644e-04
3.114778163989539192e-04
3.098758073317994322e-04
3.082864609775038994e-04
3.067096554815630237e-04
3.051452675826728093e-04
3.035931727683736686e-04
3.020532454290977701e-04
3.005253590112955727e-04
2.990093861703271979e-04
2.975051989237987573e-04
2.960126688060324852e-04
2.945316670243389775e-04
2.930620646177428722e-04
2.916037326188056071e-04
2.901565422191198281e-04
2.887203649390489377e-04
2.872950728021803741e-04
2.858805385149034263e-04
2.844766356514362503e-04
2.830832388444710023e-04
2.817002239815025785e-04
2.803274684066990900e-04
2.789648511279809004e-04
2.776122530287341932e-04
2.762695570833028215e-04
2.749366485750860374e-04
2.736134153157266584e-04
2.722997478634782745e-04
2.709955397384203020e-04
2.697006876317608270e-04
2.684150916060253750e-04
2.671386552824795259e-04
2.658712860117518691e-04
2.646128950232859607e-04
2.633633975490080555e-04
2.621227129165082663e-04
2.608907646071175878e-04
2.596674802745488017e-04
2.584527917203365867e-04
2.572466348231069880e-04
2.560489494198293610e-04
2.548596791385516775e-04
2.536787711836988425e-04
2.525061760767744151e-04
2.513418473570964138e-04
2.501857412489861187e-04
2.490378163034169187e-04
2.478980330234353087e-04
2.467663534835677088e-04
2.456427409537976841e-04
2.445271595385227177e-04
2.434195738401164649e-04
2.423199486554107184e-04
2.412282487116004564e-04
2.401444384459439085e-04
2.390684818313058065e-04
2.380003422472556397e-04
2.369399823942853079e-04
2.358873642468710548e-04
2.348424490397387409e-04
2.338051972808299255e-04
2.327755687841608903e-04
2.317535227159672057e-04
2.307390176481391767e-04
2.297320116139091773e-04
2.287324621618632954e-04
2.277403264055179958e-04
2.267555610668480176e-04
2.257781225131066125e-04
2.248079667870835942e-04
2.238450496314891810e-04
2.228893265085139786e-04
2.219407526157529827e-04
2.209992828996977705e-04
2.200648720678677469e-04
2.191374746004776781e-04
2.182170447623322021e-04
2.173035366153950394e-04
2.163969040323069336e-04
2.154971007109376772e-04
2.146040801899431669e-04
2.137177958651929085e-04
2.128382010068914946e-04
2.119652487771796505e-04
2.110988922480173361e-04
2.102390844191484066e-04
2.093857782359933369e-04
2.085389266073512065e-04
2.076984824227699202e-04
2.068643985694642879e-04
2.060366279490938367e-04
2.052151234942439307e-04
2.043998381845872408e-04
2.035907250628165839e-04
2.027877372504299845e-04
2.019908279634511456e-04
2.011999505281785426e-04
2.004150583970377324e-04
1.996361051646360844e-04
1.988630445840820012e-04
1.980958305836380204e-04
1.973344172837616808e-04
1.965787590145743236e-04
1.958288103337912478e-04
1.950845260451161765e-04
1.943458612171075400e-04
1.936127712024920467e-04
1.928852116578933678e-04
1.921631385639259546e-04
1.914465082455789877e-04
1.907352773928015549e-04
1.900294030811766513e-04
1.893288427925578839e-04
1.886335544354998521e-04
1.879434963653153453e-04
1.872586274035398354e-04
1.865789068565801604e-04
1.859042945332857824e-04
1.852347507611583420e-04
1.845702364008972604e-04
1.839107128589496779e-04
1.832561420977368654e-04
1.826064866431971814e-04
1.819617095893094453e-04
1.813217745992557167e-04
1.806866459029165173e-04
1.800562882904177141e-04
1.794306671015117888e-04
1.788097482106277745e-04
1.781934980075122830e-04
1.775818833734751510e-04
1.769748716533556851e-04
1.763724306234383814e-04
1.757745284556522724e-04
1.751811336785244965e-04
1.745922151354345031e-04
1.740077419408365435e-04
1.734276834351820417e-04
1.728520091393393821e-04
1.722806887093313965e-04
1.717136918922286103e-04
1.711509884840005033e-04
1.705925482900909915e-04
1.700383410893953492e-04
1.694883366022354788e-04
1.689425044628013891e-04
1.684008141964079945e-04
1.678632352017906358e-04
1.673297367385078978e-04
1.668002879194241037e-04
1.662748577080907500e-04
1.657534149207711186e-04
1.652359282327406028e-04
1.647223661884439469e-04
1.642126972150236225e-04
1.637068896387197691e-04
1.632049117036151278e-04
1.627067315922106508e-04
1.622123174473281742e-04
1.617216373948768748e-04
1.612346595670466852e-04
1.607513521255397111e-04
1.602716832845109190e-04
1.597956213329131364e-04
1.593231346560210399e-04
1.588541917559342859e-04
1.583887612709175086e-04
1.579268119934665706e-04
1.574683128870364474e-04
1.570132331013939907e-04
1.565615419865804469e-04
1.561132091055038144e-04
1.556682042451921306e-04
1.552264974267549317e-04
1.547880589141072312e-04
1.543528592215315319e-04
1.539208691201398335e-04
1.534920596433186316e-04
1.530664020912351055e-04
1.526438680344693042e-04
1.522244293168598247e-04
1.518080580576281434e-04
1.513947266528553809e-04
1.509844077763675260e-04
1.505770743801036304e-04
1.501726996940134606e-04
1.497712572255425014e-04
1.493727207587495240e-04
1.489770643531075666e-04
1.485842623420217490e-04
1.481942893311023822e-04
1.478071201962307519e-04
1.474227300814410753e-04
1.470410943966529466e-04
1.466621888152691512e-04
1.462859892716677167e-04
1.459124719586053841e-04
1.455416133245449409e-04
1.451733900709275312e-04
1.448077791493974779e-04
1.444447577589958245e-04
1.440843033433293217e-04
1.437263935877240435e-04
1.433710064163739900e-04
1.430181199894855701e-04
1.426677127004320853e-04
1.423197631729125243e-04
1.419742502581316341e-04
1.416311530319895053e-04
1.412904507923013527e-04
1.409521230560335857e-04
1.406161495565689352e-04
1.402825102409979003e-04
1.399511852674411205e-04
1.396221550023996137e-04
1.392954000181384868e-04
1.389709010901003826e-04
1.386486391943506113e-04
1.383285955050603646e-04
1.380107513920180112e-04
1.376950884181743820e-04
1.373815883372229930e-04
1.370702330912133913e-04
1.367610048081962409e-04
1.364538857999029943e-04
1.361488585594572507e-04
1.358459057591181510e-04
1.355450102480585230e-04
1.352461550501722447e-04
1.349493233619151642e-04
1.346544985501743987e-04
1.343616641501704843e-04
1.340708038633910766e-04
1.337819015555506989e-04
1.334949412545830168e-04
1.332099071486617353e-04
1.329267835842480052e-04
1.326455550641692438e-04
1.323662062457226483e-04
1.320887219388083085e-04
1.318130871040865777e-04
1.315392868511662625e-04
1.312673064368127351e-04
1.309971312631866736e-04
1.307287468761056523e-04
1.304621389633301538e-04
1.301972933528759810e-04
1.299341960113486788e-04
1.296728330423020789e-04
1.294131906846197487e-04
1.291552553109191000e-04
1.288990134259788349e-04
1.286444516651877778e-04
1.283915567930148766e-04
1.281403157015014295e-04
1.278907154087726653e-04
1.276427430575731220e-04
1.273963859138187485e-04
1.271516313651710711e-04
1.269084669196290851e-04
1.266668802041430756e-04
1.264268589632461378e-04
1.261883910577030709e-04
1.259514644631793572e-04
1.257160672689286007e-04
1.254821876764953322e-04
1.252498139984374950e-04
1.250189346570667909e-04
1.247895381832020921e-04
1.245616132149450245e-04
1.243351484964666639e-04
1.241101328768137485e-04
1.238865553087308013e-04
1.236644048474948299e-04
1.234436706497710591e-04
1.232243419724763625e-04
1.230064081716650813e-04
1.227898587014233283e-04
1.225746831127828341e-04
1.223608710526460691e-04
1.221484122627254057e-04
1.219372965784986794e-04
1.217275139281740333e-04
1.215190543316723126e-04
1.213119078996216033e-04
1.211060648323632351e-04
1.209015154189709175e-04
1.206982500362847427e-04
1.204962591479555154e-04
1.202955333035008470e-04
1.200960631373760478e-04
1.198978393680548459e-04
1.197008527971205955e-04
1.195050943083716743e-04
1.193105548669377370e-04
1.191172255184061869e-04
1.189250973879584736e-04
1.187341616795218674e-04
1.185444096749268308e-04
1.183558327330774953e-04
1.181684222891318017e-04
1.179821698536933353e-04
1.177970670120108193e-04
1.176131054231897095e-04
1.176131054231314608e-04
