8.731991714065267076e-05
8.731504449303830915e-05
8.730982490096234354e-05
8.730459577312650089e-05
8.729933607415207430e-05
8.729403389330067696e-05
8.728868454786109954e-05
8.728328766843738127e-05
8.727784542033516311e-05
8.727236139534161818e-05
8.726684030013032818e-05
8.726128694923892344e-05
8.725570478453191384e-05
8.725009698477138962e-05
8.724446911708441882e-05
8.723882715682260331e-05
8.723321401645780463e-05
8.722713805250769542e-05
8.722840228307432355e-05
8.742209480253752862e-05
8.775742944049400940e-05
8.817665527357958276e-05
8.861095555648775728e-05
8.904668100502361394e-05
8.947620486169181452e-05
8.989599387214313266e-05
9.030614476996878478e-05
9.070875322006753455e-05
9.110675888089317571e-05
9.150336943550952231e-05
9.190179692740731133e-05
9.230510161666749145e-05
9.271614848544206596e-05
9.313762818441405909e-05
9.357210602501620455e-05
9.402207773316270927e-05
9.449002596355588846e-05
9.497847758562173650e-05
9.549006308277836275e-05
9.602757601602760786e-05
9.659403745984583025e-05
9.719276703818551780e-05
9.782746127070443673e-05
9.850228532266333645e-05
9.922197906943659880e-05
9.999198450724689716e-05
1.008186006168698473e-04
1.017091718850209715e-04
1.026723209203284743e-04
1.037182357742344718e-04
1.048590298496126296e-04
1.061091913587349118e-04
1.074861470261585214e-04
1.090109678371252775e-04
1.107092485625137926e-04
1.126121929038684282e-04
1.147579268502346901e-04
1.171930342676442787e-04
1.199742499327788867e-04
1.231701171656736219e-04
1.268621958024997490e-04
1.311450522660031494e-04
1.361237962607809819e-04
1.419075094014594452e-04
1.485969737765756489e-04
1.562663588958578952e-04
1.649414465928485498e-04
1.745807186766289490e-04
1.850673823052203268e-04
1.962172692344581280e-04
2.078004496546320874e-04
2.195686267032068628e-04
2.312800656676869675e-04
2.427177109501149556e-04
2.537001258911721481e-04
2.640866252719290875e-04
2.737780499188766157e-04
2.827142752447433290e-04
2.908693940387544483e-04
2.982455018375725704e-04
3.048660103954908829e-04
3.107692560251594798e-04
3.160029200815243845e-04
3.206195137004459652e-04
3.246729649126250863e-04
3.282162072454190035e-04
3.312996003036335849e-04
3.339699960664120637e-04
3.362702786103962597e-04
3.382392330398033818e-04
3.399116308534343026e-04
3.413184480119734539e-04
3.424871561512962009e-04
3.434420462461563821e-04
3.442045580596086421e-04
3.447935987762702423e-04
3.452258412112136450e-04
3.455159967044082038e-04
3.456770608939790045e-04
3.457205325002911389e-04
3.456566064081027269e-04
3.454943429648412692e-04
3.452418157012046443e-04
3.449062397511709773e-04
3.444940831871185286e-04
3.440111633488407710e-04
3.434627300698886573e-04
3.428535375146374601e-04
3.421879061494047334e-04
3.414697761896349246e-04
3.407027536971630761e-04
3.398901503492049556e-04
3.390350177644984859e-04
3.381401771515115708e-04
3.372082449379486409e-04
3.362416549486307925e-04
3.352426776188493509e-04
3.342134366611953004e-04
3.331559235443037133e-04
3.320720100907449592e-04
3.309634594573586429e-04
3.298319357236585442e-04
3.286790122816988938e-04
3.275061791931980180e-04
3.263148496560971273e-04
3.251063657025654802e-04
3.238820032332035271e-04
3.226429764774561230e-04
3.213904419576722933e-04
3.201255020234487878e-04
3.188492080137025723e-04
3.175625630959806166e-04
3.162665248257573946e-04
3.149620074626480236e-04
3.136498840754703204e-04
3.123309884637867195e-04
3.110061169198607934e-04
3.096760298517756680e-04
3.083414532856889939e-04
3.070030802628317826e-04
3.056615721447718129e-04
3.043175598386783660e-04
3.029716449527549631e-04
3.016244008906397061e-04
3.002763738923948920e-04
2.989280840286433726e-04
2.975800261535208437e-04
2.962326708212875215e-04
2.948864651707559814e-04
2.935418337810496558e-04
2.921991795016873165e-04
2.908588842594619439e-04
2.895213098441969525e-04
2.881867986750610454e-04
2.868556745487805247e-04
2.855282433708084856e-04
2.842047938702383508e-04
2.828855982990093206e-04
2.815709131157596835e-04
2.802609796544986397e-04
2.789560247781038482e-04
2.776562615165170320e-04
2.763618896894097423e-04
2.750730965129443112e-04
2.737900571902102966e-04
2.725129354848077100e-04
2.712418842769706855e-04
2.699770461015861653e-04
2.687185536673535394e-04
2.674665303562955595e-04
2.662210907027519747e-04
2.649823408509073726e-04
2.637503789898568455e-04
2.625252957651307006e-04
2.613071746655438120e-04
2.600960923842264875e-04
2.588921191526508949e-04
2.576953190465423914e-04
2.565057502626468477e-04
2.553234653655229265e-04
2.541485115037852302e-04
2.529809305956220804e-04
2.518207594838904216e-04
2.506680300617212392e-04
2.495227693702649937e-04
2.483849996710364738e-04
2.472547384961751565e-04
2.461319986808397590e-04
2.450167883828197751e-04
2.439091110952576664e-04
2.428089656590079264e-04
2.417163462816791677e-04
2.406312425705670879e-04
2.395536395866698827e-04
2.384835179265385710e-04
2.374208538379512568e-04
2.363656193742275156e-04
2.353177825904751407e-04
2.342773077831525818e-04
2.332441557721412441e-04
2.322182842221135553e-04
2.311996479975037932e-04
2.301881995429764746e-04
2.291838892791727518e-04
2.281866660018840541e-04
2.271964772718544547e-04
2.262132697823334196e-04
2.252369896923136399e-04
2.242675829151572235e-04
2.233049953548276552e-04
2.223491730850400835e-04
2.214000624700010564e-04
2.204576102286648744e-04
2.195217634473739510e-04
2.185924695480006435e-04
2.176696762202764491e-04
2.167533313276924717e-04
2.158433827963676969e-04
2.149397784956350727e-04
2.140424661180585742e-04
2.131513930652791295e-04
2.122665063447321378e-04
2.113877524809865116e-04
2.105150774443871251e-04
2.096484265988576888e-04
2.087877446702203358e-04
2.079329757360795809e-04
2.070840632386384856e-04
2.062409500227017055e-04
2.054035784010820466e-04
2.045718902510922088e-04
2.037458271471692748e-04
2.029253305362949350e-04
2.021103419647536615e-04
2.013008033668871072e-04
2.004966574287561957e-04
1.996978480418938791e-04
1.989043208643294011e-04
1.981160240074374753e-04
1.973329088671426387e-04
1.965549311157342000e-04
1.957820518645355919e-04
1.950142389962760845e-04
1.942514686471878368e-04
1.934937267908171847e-04
1.927410108374788533e-04
1.919933311165942700e-04
1.912507120592065065e-04
1.905131928553404589e-04
1.897808273417491353e-04
1.890536828987904479e-04
1.883318382158967268e-04
1.876153799253160866e-04
1.869043982843626825e-04
1.861989822668447074e-04
1.854992145538728716e-04
1.848051669515858738e-04
1.841168966949031547e-04
1.834344439424914980e-04
1.827578305737965331e-04
1.820870602146868540e-04
1.814221192819855599e-04
1.807629787650391520e-04
1.801095964505327555e-04
1.794619193285083207e-04
1.788198859731240855e-04
1.781834287539397934e-04
1.775524757909518949e-04
1.769269526132593456e-04
1.763067835154542200e-04
1.756918926284700634e-04
1.750822047348087117e-04
1.744776458641643456e-04
1.738781437067193805e-04
1.732836278795275462e-04
1.726940300778470974e-04
1.721092841389242100e-04
1.715293260412190514e-04
1.709540938577799635e-04
1.703835276786166476e-04
1.698175695135829713e-04
1.692561631844873330e-04
1.686992542128570014e-04
1.681467897079573514e-04
1.675987182582249001e-04
1.670549898281856736e-04
1.665155556620885808e-04
1.659803681948883761e-04
1.654493809707645595e-04
1.649225485690620466e-04
1.643998265373416306e-04
1.638811713310888275e-04
1.633665402595773036e-04
1.628558914373347819e-04
1.623491837406714682e-04
1.618463767687474894e-04
1.613474308086740793e-04
1.608523068041993801e-04
1.603609663275502211e-04
1.598733715540603516e-04
1.593894852392377219e-04
1.589092706979778333e-04
1.584326917856573131e-04
1.579597128808655007e-04
1.574902988695768037e-04
1.570244151305735456e-04
1.565620275219594391e-04
1.561031023686269413e-04
1.556476064505507974e-04
1.551955069918067257e-04
1.547467716502356106e-04
1.543013685076651367e-04
1.538592660606470435e-04
1.534204332116463837e-04
1.529848392606480902e-04
1.525524538971377293e-04
1.521232471924248886e-04
1.516971895922805224e-04
1.512742519098584130e-04
1.508544053188770834e-04
1.504376213470424040e-04
1.500238718696906171e-04
1.496131291036300410e-04
1.492053656011806421e-04
1.488005542443809795e-04
1.483986682393653700e-04
1.479996811108947664e-04
1.476035666970357361e-04
1.472102991439759427e-04
1.468198529009754499e-04
1.464322027154427088e-04
1.460473236281317863e-04
1.456651909684565519e-04
1.452857803499165096e-04
1.449090676656250337e-04
1.445350290839491410e-04
1.441636410442409869e-04
1.437948802526680780e-04
1.434287236781381901e-04
1.430651485483113469e-04
1.427041323456992947e-04
1.423456528038491919e-04
1.419896879036066078e-04
1.416362158694620327e-04
1.412852151659671561e-04
1.409366644942319172e-04
1.405905427884877748e-04
1.402468292127243216e-04
1.399055031573930930e-04
1.395665442361753166e-04
1.392299322828170717e-04
1.388956473480233483e-04
1.385636696964136346e-04
1.382339798035383551e-04
1.379065583529488412e-04
1.375813862333259306e-04
1.372584445356628843e-04
1.369377145504979340e-04
1.366191777652020413e-04
1.363028158613152846e-04
1.359886107119304892e-04
1.356765443791281675e-04
1.353665991114521173e-04
1.350587573414365188e-04
1.347530016831718740e-04
1.344493149299183250e-04
1.341476800517577873e-04
1.338480801932870931e-04
1.335504986713520080e-04
1.332549189728223676e-04
1.329613247524007147e-04
1.326696998304708361e-04
1.323800281909822394e-04
1.320922939793698410e-04
1.318064815005093771e-04
1.315225752167034981e-04
1.312405597457048619e-04
1.309604198587693673e-04
1.306821404787406667e-04
1.304057066781672870e-04
1.301311036774482096e-04
1.298583168430090260e-04
1.295873316855069863e-04
1.293181338580634793e-04
1.290507091545259474e-04
1.287850435077543055e-04
1.285211229879374187e-04
1.282589338009312374e-04
1.279984622866265579e-04
1.277396949173402560e-04
1.274826182962285847e-04
1.272272191557278739e-04
1.269734843560168885e-04
1.267214008835030920e-04
1.264709558493302965e-04
1.262221364879079699e-04
1.259749301554661562e-04
1.257293243286250342e-04
1.254853066029916345e-04
1.252428646917732799e-04
1.250019864244125212e-04
1.247626597452411814e-04
1.245248727121525331e-04
1.242886134952971120e-04
1.240538703757910251e-04
1.238206317444438570e-04
1.235888861005101291e-04
1.233586220504506530e-04
1.231298283067165710e-04
1.229024936865472464e-04
1.226766071107870200e-04
1.224521576027144340e-04
1.222291342868954715e-04
1.220075263880425557e-04
1.217873232298971169e-04
1.215685142341230829e-04
1.213510889192169712e-04
1.211350368994327533e-04
1.209203478837192827e-04
1.207070116746763978e-04
1.204950181675197796e-04
1.202843573490624526e-04
1.200750192967102307e-04
1.198669941774684251e-04
1.196602722469643958e-04
1.194548438484795486e-04
1.192506994119976765e-04
1.190478294532632084e-04
1.188462245728525492e-04
1.186458754552584033e-04
1.184467728679824462e-04
1.182489076606463605e-04
1.180522707641061509e-04
1.178568531895859885e-04
1.176626460278158909e-04
1.174696404481856920e-04
1.172778276979078615e-04
1.170871991011897576e-04
1.168977460584169246e-04
1.167094600453506879e-04
1.165223326123293146e-04
1.163363553834839448e-04
1.161515200559620054e-04
1.159678183991623592e-04
1.157852422539777730e-04
1.156037835320482547e-04
1.154234342150230641e-04
1.152441863538327928e-04
1.150660320679690747e-04
1.148889635447742844e-04
1.147129730387382696e-04
1.145380528708068470e-04
1.143641954276967352e-04
1.141913931612170479e-04
1.140196385876025365e-04
1.138489242868542188e-04
1.136792429020843992e-04
1.135105871388753765e-04
1.133429497646417706e-04
1.131763236080012106e-04
1.130107015581538460e-04
1.128460765642683904e-04
1.126824416348750355e-04
1.125197898372672838e-04
1.123581142969085777e-04
1.121974081968487284e-04
1.120376647771455339e-04
1.118788773342926056e-04
1.117210392206548236e-04
1.115641438439123853e-04
1.114081846665072797e-04
1.112531552050995999e-04
1.110990490300298747e-04
1.109458597647862096e-04
1.107935810854772835e-04
1.106422067203143575e-04
1.104917304490979189e-04
1.103421461027069133e-04
1.101934475626004589e-04
1.100456287603203740e-04
1.098986836769997352e-04
1.097526063428797975e-04
1.096073908368319833e-04
1.094630312858799117e-04
1.093195218647348448e-04
1.091768567953329508e-04
1.090350303463762387e-04
1.088940368328808798e-04
1.087538706157299744e-04
1.086145261012326339e-04
1.084759977406833203e-04
1.083382800299343318e-04
1.082013675089650220e-04
1.080652547614610349e-04
1.079299364143969950e-04
1.077954071376214075e-04
1.076616616434511529e-04
1.075286946862650194e-04
1.073965010621055706e-04
1.072650756082844958e-04
1.072650756082428624e-04
