8.731998442461690534e-05
8.731515320456851128e-05
8.730996991538939153e-05
8.730477272714648712e-05
8.729954146804263626e-05
8.729426503623861021e-05
8.728893941867392231e-05
8.728356477274888333e-05
8.727814366668221581e-05
8.727267998886576621e-05
8.726717865634335742e-05
8.726164467388554033e-05
8.725608161206582574e-05
8.725049270223773933e-05
8.724488345269016093e-05
8.723926001958544883e-05
8.723366483110902550e-05
8.722762907666601338e-05
8.722859532016524709e-05
8.778948438701621106e-05
8.903853550781803126e-05
9.058461982423825253e-05
9.217885271991409961e-05
9.386426292738692893e-05
9.571020684744672654e-05
9.782000937556142536e-05
1.003547579094214021e-04
1.035756603765653313e-04
1.079365711104967083e-04
1.142913394592794053e-04
1.243557311228964753e-04
1.415354433394857886e-04
1.708585392293423806e-04
2.136678083500811120e-04
2.633668073921700066e-04
3.132833643687295538e-04
3.602029277996884817e-04
4.023592991714755444e-04
4.387001242212285024e-04
4.689768724774760799e-04
4.936493761300391999e-04
5.135698488535534898e-04
5.296798851497652467e-04
5.428317835827256360e-04
5.537218993964017214e-04
5.628880293810454433e-04
5.707329602792894727e-04
5.775537011950406885e-04
5.835678891234040303e-04
5.889349204326951729e-04
5.937719242309296265e-04
5.981654827271307324e-04
6.021800993179415775e-04
6.058642873657783205e-04
6.092549315330610202e-04
6.123804253139132538e-04
6.152629321146825233e-04
6.179200164162777266e-04
6.203658297589930695e-04
6.226119789941486800e-04
6.246681610606569885e-04
6.265426304540779468e-04
6.282425437712602177e-04
6.297742172105474457e-04
6.311433181386142191e-04
6.323550064141874585e-04
6.334140450585314542e-04
6.343248793498593337e-04
6.350916984176019180e-04
6.357184833736715616e-04
6.362090445834073802e-04
6.365670495722788912e-04
6.367960430056611183e-04
6.368994656155952490e-04
6.368806706451906816e-04
6.367429337211449273e-04
6.364894576234670720e-04
6.361233849312718019e-04
6.356478040617767221e-04
6.350657534405550414e-04
6.343802252769408000e-04
6.335941694431564651e-04
6.327104967896607108e-04
6.317320816945506219e-04
6.306617640378611072e-04
6.295023508369138737e-04
6.282566175666380159e-04
6.269273091193184634e-04
6.255171405002584763e-04
6.240287973125466020e-04
6.224649360215153780e-04
6.208281839936313383e-04
6.191211392870389716e-04
6.173463702548154762e-04
6.155064150766656776e-04
6.136037812256518774e-04
6.116409448357164932e-04
6.096203499736049542e-04
6.075444078382704347e-04
6.054154959100618112e-04
6.032359570675879757e-04
6.010080986869482510e-04
5.987341917360686086e-04
5.964164698755291139e-04
5.940571285761569315e-04
5.916583242626785632e-04
5.892221734916672444e-04
5.867507521711128613e-04
5.842460948279506842e-04
5.817101939289964904e-04
5.791449992598655776e-04
5.765524173656332973e-04
5.739343110562179036e-04
5.712924989787533268e-04
5.686287552585417467e-04
5.659448092095702024e-04
5.632423451150002022e-04
5.605230020775138879e-04
5.577883739389658717e-04
5.550400092683271253e-04
5.522794114165608965e-04
5.495080386367385411e-04
5.467273042674006614e-04
5.439385769769212054e-04
5.411431810664352887e-04
5.383423968286891884e-04
5.355374609600417222e-04
5.327295670227273974e-04
5.299198659543937016e-04
5.271094666218659273e-04
5.242994364160915135e-04
5.214908018851234029e-04
5.186845494020745576e-04
5.158816258649588605e-04
5.130829394253836120e-04
5.102893602431087059e-04
5.075017212635467637e-04
5.047208190153496324e-04
5.019474144253199994e-04
4.991822336479715544e-04
4.964259689071631515e-04
4.936792793473291372e-04
4.909427918919542083e-04
4.882171021070243243e-04
4.855027750673367691e-04
4.828003462236401156e-04
4.801103222686993661e-04
4.774331820005128400e-04
4.747693771810011613e-04
4.721193333886255280e-04
4.694834508634979889e-04
4.668621053436582385e-04
4.642556488912984473e-04
4.616644107078359894e-04
4.590886979368226676e-04
4.565287964537920141e-04
4.539849716422330846e-04
4.514574691549746326e-04
4.489465156603624266e-04
4.464523195726735139e-04
4.439750717663184100e-04
4.415149462734337441e-04
4.390721009645653082e-04
4.366466782121736570e-04
4.342388055368061350e-04
4.318485962357856002e-04
4.294761499943589261e-04
4.271215534792893427e-04
4.247848809149082838e-04
4.224661946417113622e-04
4.201655456576110681e-04
4.178829741419768360e-04
4.156185099626663647e-04
4.133721731662415039e-04
4.111439744516113518e-04
4.089339156273650482e-04
4.067419900530717123e-04
4.045681830648532678e-04
4.024124723855318909e-04
4.002748285196987537e-04
3.981552151340340398e-04
3.960535894232221962e-04
3.939699024618332178e-04
3.919040995425199453e-04
3.898561205009045587e-04
3.878259000275230037e-04
3.858133679671907758e-04
3.838184496061744109e-04
3.818410659475177972e-04
3.798811339749123719e-04
3.779385669054566863e-04
3.760132744316809590e-04
3.741051629531806362e-04
3.722141357982122994e-04
3.703400934356041786e-04
3.684829336773107590e-04
3.666425518719462848e-04
3.648188410896268633e-04
3.630116922984295185e-04
3.612209945327873287e-04
3.594466350541191280e-04
3.576884995039878628e-04
3.559464720500709581e-04
3.542204355252379241e-04
3.525102715599758929e-04
3.508158607084565280e-04
3.491370825684770272e-04
3.474738158955326117e-04
3.458259387112565296e-04
3.441933284064516260e-04
3.425758618389499431e-04
3.409734154264983802e-04
3.393858652348958195e-04
3.378130870615705310e-04
3.362549565147900858e-04
3.347113490887001271e-04
3.331821402343596158e-04
3.316672054269568658e-04
3.301664202293605422e-04
3.286796603521737283e-04
3.272068017104450715e-04
3.257477204771771421e-04
3.243022931337803780e-04
3.228703965176092238e-04
3.214519078667057994e-04
3.200467048618859723e-04
3.186546656662763073e-04
3.172756689624289090e-04
3.159095939871152587e-04
3.145563205639175484e-04
3.132157291337051160e-04
3.118877007831034258e-04
3.105721172710500830e-04
3.092688610535189258e-04
3.079778153065055994e-04
3.066988639473562520e-04
3.054318916545148139e-04
3.041767838857642654e-04
3.029334268950415279e-04
3.017017077478838759e-04
3.004815143355804314e-04
2.992727353880903244e-04
2.980752604857904030e-04
2.968889800700993302e-04
2.957137854530527700e-04
2.945495688258641391e-04
2.933962232665293635e-04
2.922536427465273565e-04
2.911217221366569296e-04
2.900003572120518234e-04
2.888894446564285582e-04
2.877888820655907917e-04
2.866985679502421732e-04
2.856184017381379432e-04
2.845482837756116521e-04
2.834881153285093635e-04
2.824377985825684743e-04
2.813972366432637576e-04
2.803663335351565169e-04
2.793449942007717856e-04
2.783331244990294869e-04
2.773306312032601268e-04
2.763374219988231815e-04
2.753534054803472063e-04
2.743784911486331379e-04
2.734125894072168849e-04
2.724556115586292105e-04
2.715074698003628792e-04
2.705680772205710854e-04
2.696373477935103341e-04
2.687151963747458285e-04
2.678015386961350285e-04
2.668962913606043449e-04
2.659993718367352836e-04
2.651106984531713721e-04
2.642301903928575223e-04
2.633577676871280389e-04
2.624933512096535725e-04
2.616368626702566137e-04
2.607882246086071286e-04
2.599473603878117256e-04
2.591141941879013407e-04
2.582886509992248143e-04
2.574706566157672783e-04
2.566601376283918906e-04
2.558570214180147279e-04
2.550612361487244930e-04
2.542727107608481747e-04
2.534913749639751824e-04
2.527171592299428293e-04
2.519499947857883134e-04
2.511898136066771712e-04
2.504365484088097232e-04
2.496901326423146697e-04
2.489505004841285397e-04
2.482175868308696088e-04
2.474913272917135532e-04
2.467716581812716501e-04
2.460585165124699013e-04
2.453518399894466409e-04
2.446515670004557278e-04
2.439576366107942948e-04
2.432699885557448091e-04
2.425885632335422325e-04
2.419133016983718645e-04
2.412441456533855619e-04
2.405810374437552558e-04
2.399239200497621115e-04
2.392727370799123865e-04
2.386274327640998828e-04
2.379879519467987289e-04
2.373542400803054940e-04
2.367262432180153721e-04
2.361039080077489722e-04
2.354871816851193862e-04
2.348760120669499704e-04
2.342703475447374466e-04
2.336701370781646598e-04
2.330753301886610135e-04
2.324858769530183350e-04
2.319017279970555297e-04
2.313228344893325126e-04
2.307491481349251800e-04
2.301806211692471378e-04
2.296172063519281330e-04
2.290588569607483499e-04
2.285055267856251260e-04
2.279571701226599774e-04
2.274137417682364196e-04
2.268751970131770385e-04
2.263414916369567518e-04
2.258125819019722309e-04
2.252884245478682982e-04
2.247689767859214886e-04
2.242541962934795291e-04
2.237440412084605037e-04
2.232384701239053062e-04
2.227374420825894541e-04
2.222409165716914968e-04
2.217488535175192129e-04
2.212612132802891762e-04
2.207779566489661974e-04
2.202990448361577351e-04
2.198244394730637359e-04
2.193541026044835312e-04
2.188879966838804675e-04
2.184260845684952448e-04
2.179683295145220568e-04
2.175146951723335483e-04
2.170651455817658091e-04
2.166196451674524015e-04
2.161781587342149298e-04
2.157406514625067879e-04
2.153070889039096828e-04
2.148774369766823602e-04
2.144516619613635964e-04
2.140297304964258209e-04
2.136116095739781253e-04
2.131972665355256233e-04
2.127866690677738322e-04
2.123797851984868040e-04
2.119765832923957254e-04
2.115770320471537869e-04
2.111811004893417653e-04
2.107887579705215275e-04
2.103999741633392996e-04
2.100147190576760986e-04
2.096329629568396079e-04
2.092546764738141660e-04
2.088798305275448258e-04
2.085083963392769801e-04
2.081403454289328494e-04
2.077756496115399840e-04
2.074142809937004519e-04
2.070562119701030142e-04
2.067014152200814337e-04
2.063498637042138206e-04
2.060015306609653738e-04
2.056563896033725917e-04
2.053144143157684402e-04
2.049755788505497225e-04
2.046398575249857568e-04
2.043072249180648389e-04
2.039776558673814168e-04
2.036511254660634883e-04
2.033276090597364015e-04
2.030070822435285595e-04
2.026895208591111689e-04
2.023749009917783209e-04
2.020631989675615494e-04
2.017543913503830962e-04
2.014484549392430021e-04
2.011453667654453114e-04
2.008451040898558810e-04
2.005476444001952081e-04
2.002529654083684205e-04
1.999610450478283067e-04
1.996718614709679454e-04
1.993853930465523390e-04
1.991016183571785343e-04
1.988205161967711700e-04
1.985420655681026348e-04
1.982662456803565133e-04
1.979930359467120917e-04
1.977224159819642628e-04
1.974543656001713770e-04
1.971888648123343985e-04
1.969258938241058782e-04
1.966654330335254077e-04
1.964074630287887915e-04
1.961519645860391754e-04
1.958989186671901308e-04
1.956483064177784469e-04
1.954001091648377116e-04
1.951543084148039313e-04
1.949108858514466834e-04
1.946698233338251514e-04
1.944311028942722404e-04
1.941947067364014885e-04
1.939606172331397006e-04
1.937288169247878796e-04
1.934992885171020265e-04
1.932720148793991202e-04
1.930469790426914492e-04
1.928241641978376138e-04
1.926035536937212560e-04
1.923851310354518528e-04
1.921688798825872484e-04
1.919547840473799299e-04
1.917428274930436591e-04
1.915329943320417884e-04
1.913252688243995917e-04
1.911196353760348640e-04
1.909160785371121025e-04
1.907145830004124360e-04
1.905151335997293846e-04
1.903177153082816968e-04
1.901223132371468395e-04
1.899289126337130016e-04
1.897374988801501519e-04
1.895480574919037567e-04
1.893605741161999098e-04
1.891750345305772947e-04
1.889914246414305869e-04
1.888097304825759996e-04
1.886299382138329037e-04
1.884520341196224420e-04
1.882760046075832743e-04
1.881018362072064314e-04
1.879295155684852661e-04
1.877590294605810449e-04
1.875903647705074308e-04
1.874235085018288987e-04
1.872584477733742214e-04
1.870951698179695248e-04
1.869336619811831884e-04
1.867739117200866296e-04
1.866159066020309438e-04
1.864596343034384529e-04
1.863050826086072912e-04
1.861522394085320640e-04
1.860010926997388188e-04
1.858516305831322667e-04
1.857038412628586989e-04
1.855577130451796627e-04
1.854132343373654252e-04
1.852703936465926646e-04
1.851291795788636294e-04
1.849895808379317208e-04
1.848515862242458053e-04
1.847151846339019539e-04
1.845803650576096006e-04
1.844471165796708210e-04
1.843154283769696928e-04
1.841852897179744231e-04
1.840566899617543026e-04
1.839296185570014029e-04
1.838040650410704881e-04
1.836800190390245105e-04
1.835574702626968841e-04
1.834364085097612120e-04
1.833168236628107716e-04
1.831987056884513900e-04
1.830820446364032092e-04
1.829668306386145410e-04
1.828530539083837985e-04
1.827407047394925951e-04
1.826297735053492521e-04
1.825202506581398681e-04
1.824121267279933754e-04
1.823053923221512032e-04
1.822000381241505756e-04
1.820960548930133113e-04
1.819934334624472006e-04
1.818921647400546186e-04
1.817922397065500028e-04
1.816936494149870335e-04
1.815963849899929162e-04
1.815004376270149152e-04
1.814057985915700855e-04
1.814057985915402699e-04
