8.732245746000417822e-05
8.731922982774373201e-05
8.731546462474753015e-05
8.731152059017538360e-05
8.730740771219963668e-05
8.730314519272215808e-05
8.729875485208772742e-05
8.729425734419282517e-05
8.728967091682742201e-05
8.728501122218391007e-05
8.728029192088909119e-05
8.727552445078550045e-05
8.727071709901646184e-05
8.726587658489344328e-05
8.726101107738246381e-05
8.725612857951612689e-05
8.725127423424087461e-05
8.724595383155449345e-05
8.724802616678063141e-05
8.761051275268647075e-05
8.836643883143316055e-05
8.935233934261858793e-05
9.044301730419238201e-05
9.169156245635342445e-05
9.321161255435005675e-05
9.523866158658531869e-05
9.834516370673552631e-05
1.044218597325722924e-04
1.252581759849431158e-04
2.434763005430064275e-04
4.023018142675243206e-04
5.560958750483888319e-04
6.896528976747278621e-04
7.895705029581588088e-04
8.585285851747828743e-04
9.069997299614558856e-04
9.439927330733368944e-04
9.749726564791469244e-04
1.002818078244425851e-03
1.028951644289016190e-03
1.054052639766117020e-03
1.078436969381489901e-03
1.102247577256720065e-03
1.125547327889895970e-03
1.148363532715078331e-03
1.170708855994050286e-03
1.192590774764481186e-03
1.214015556805400327e-03
1.234989665096134556e-03
1.255520010633481278e-03
1.275613731042548422e-03
1.295277819154717208e-03
1.314518750156848078e-03
1.333342162090392705e-03
1.351752616609077067e-03
1.369753431268269390e-03
1.387346580051276564e-03
1.404532658676209064e-03
1.421310897903633238e-03
1.437679211863955933e-03
1.453634282292511288e-03
1.469171662545081317e-03
1.484285905299517327e-03
1.498970694584565722e-03
1.513218991896750918e-03
1.527023183962165995e-03
1.540375227088175382e-03
1.553266797684121642e-03
1.565689433195926929e-03
1.577634669205636503e-03
1.589094162056773262e-03
1.600059814242641657e-03
1.610523893876042618e-03
1.620479120958137793e-03
1.629918763081589402e-03
1.638836715260383976e-03
1.647227584037129662e-03
1.655086721509416289e-03
1.662410284866536192e-03
1.669195275491027830e-03
1.675439568791525086e-03
1.681141934727784252e-03
1.686302048155116813e-03
1.690920492676061242e-03
1.694998756988844082e-03
1.698539223154548220e-03
1.701545149272119676e-03
1.704020646048731973e-03
1.705970649998509456e-03
1.707400892318773535e-03
1.708317863204351092e-03
1.708728773151272241e-03
1.708641511868999987e-03
1.708064605229051144e-03
1.707007170730366445e-03
1.705478871959638029e-03
1.703489872485867496e-03
1.701050789583795006e-03
1.698172648139651937e-03
1.694866835054955690e-03
1.691145054428016365e-03
1.687019283758161821e-03
1.682501731384365706e-03
1.677604795338123993e-03
1.672341023760380314e-03
1.666723077004138255e-03
1.660763691518358197e-03
1.654475645584727256e-03
1.647871726957022328e-03
1.640964702433068923e-03
1.633767289371581329e-03
1.626292129150524795e-03
1.618551762549816668e-03
1.610558607029228531e-03
1.602324935862084031e-03
1.593862859076682114e-03
1.585184306150067652e-03
1.576301010392986823e-03
1.567224494960147395e-03
1.557966060416303075e-03
1.548536773786219007e-03
1.538947459014787045e-03
1.529208688762690111e-03
1.519330777462790921e-03
1.509323775562712274e-03
1.499197464880067240e-03
1.488961354997951625e-03
1.478624680630083324e-03
1.468196399886824996e-03
1.457685193375537168e-03
1.447099464071244191e-03
1.436447337895802685e-03
1.425736664946646720e-03
1.414975021318783284e-03
1.404169711466399717e-03
1.393327771053247486e-03
1.382455970243609295e-03
1.371560817388431212e-03
1.360648563063774101e-03
1.349725204421359367e-03
1.338796489813486165e-03
1.327867923657029704e-03
1.316944771503563739e-03
1.306032065284931914e-03
1.295134608705726968e-03
1.284256982756234794e-03
1.273403551321318017e-03
1.262578466862663206e-03
1.251785676153516257e-03
1.241028926046749839e-03
1.230311769258707940e-03
1.219637570152744439e-03
1.209009510507791894e-03
1.198430595258638933e-03
1.187903658195826103e-03
1.177431367614231207e-03
1.167016231900540324e-03
1.156660605050777602e-03
1.146366692110049185e-03
1.136136554527543072e-03
1.125972115420655279e-03
1.115875164742849033e-03
1.105847364350628741e-03
1.095890252965613489e-03
1.086005251028347328e-03
1.076193665441030865e-03
1.066456694196883919e-03
1.056795430894354616e-03
1.047210869134788686e-03
1.037703906802638900e-03
1.028275350227615074e-03
1.018925918228563883e-03
1.009656246039144839e-03
1.000466889115679287e-03
9.913583268278151547e-04
9.823309660328340305e-04
9.733851445347203521e-04
9.645211344292432126e-04
9.557391453364971149e-04
9.470393275224942573e-04
9.384217749115600967e-04
9.298865279913573348e-04
9.214335766125339097e-04
9.130628626850287397e-04
9.047742827731697964e-04
8.965676905917768216e-04
8.884428994055141790e-04
8.803996843338048181e-04
8.724377845636422388e-04
8.645569054726798481e-04
8.567567206649659298e-04
8.490368739217534931e-04
8.413969810697638453e-04
8.338366317693233967e-04
8.263553912247820340e-04
8.189528018195784678e-04
8.116283846783452780e-04
8.043816411583844771e-04
7.972120542728582853e-04
7.901190900479777976e-04
7.831021988164551997e-04
7.761608164494515801e-04
7.692943655292150884e-04
7.625022564645609312e-04
7.557838885513100012e-04
7.491386509797398358e-04
7.425659237910950958e-04
7.360650787851171504e-04
7.296354803805397797e-04
7.232764864304173404e-04
7.169874489941491366e-04
7.107677150679618267e-04
7.046166272756074645e-04
6.985335245209579056e-04
6.925177426041432410e-04
6.865686148028286861e-04
6.806854724201698162e-04
6.748676453009523233e-04
6.691144623173571988e-04
6.634252518257692608e-04
6.577993420959763653e-04
6.522360617140930857e-04
6.467347399604547178e-04
6.412947071637513201e-04
6.359152950325661123e-04
6.305958369654887392e-04
6.253356683409040792e-04
6.201341267875715938e-04
6.149905524369969102e-04
6.099042881586541447e-04
6.048746797790067759e-04
5.999010762852798658e-04
5.949828300149297014e-04
5.901192968316632589e-04
5.853098362888785365e-04
5.805538117813726284e-04
5.758505906861038004e-04
5.711995444927916651e-04
5.666000489251192757e-04
5.620514840532687571e-04
5.575532343985008460e-04
5.531046890304664810e-04
5.487052416579486693e-04
5.443542907136563131e-04
5.400512394337533655e-04
5.357954959327163773e-04
5.315864732741527399e-04
5.274235895381632500e-04
5.233062678858398879e-04
5.192339366214697481e-04
5.152060292529805040e-04
5.112219845511775272e-04
5.072812466082761689e-04
5.033832648962292345e-04
4.995274943253117392e-04
4.957133953034011803e-04
4.919404337963626103e-04
4.882080813898955407e-04
4.845158153531683694e-04
4.808631187044944155e-04
4.772494802792581607e-04
4.736743948002081423e-04
4.701373629501602439e-04
4.666378914470499105e-04
4.631754931211601940e-04
4.597496869942292643e-04
4.563599983599842414e-04
4.530059588655158272e-04
4.496871065926979854e-04
4.464029861387071372e-04
4.431531486944655443e-04
4.399371521196393671e-04
4.367545610125988164e-04
4.336049467735598106e-04
4.304878876588860248e-04
4.274029688243869383e-04
4.243497823552650709e-04
4.213279272802830351e-04
4.183370095676540858e-04
4.153766421001952951e-04
4.124464446273799594e-04
4.095460436921632215e-04
4.066750725307718669e-04
4.038331709441172947e-04
4.010199851400682259e-04
3.982351675465617869e-04
3.954783765963560934e-04
3.927492764852031303e-04
3.900475369062467580e-04
3.873728327645700070e-04
3.847248438769044696e-04
3.821032546626163635e-04
3.795077538330720928e-04
3.769380340873337604e-04
3.743937918227642492e-04
3.718747268694958647e-04
3.693805422577137111e-04
3.669109440263278892e-04
3.644656410807520295e-04
3.620443451061634323e-04
3.596467705407534144e-04
3.572726346111174036e-04
3.549216574291212461e-04
3.525935621464301576e-04
3.502880751595713067e-04
3.480049263551109572e-04
3.457438493815838117e-04
3.435045819324441369e-04
3.412868660228502186e-04
3.390904482427711418e-04
3.369150799698268986e-04
3.347605175274619388e-04
3.326265222774023528e-04
3.305128606394816472e-04
3.284193040365507516e-04
3.263456287667851319e-04
3.242916158098625647e-04
3.222570505768308649e-04
3.202417226158149220e-04
3.182454252868741713e-04
3.162679554194052791e-04
3.143091129646698742e-04
3.123687006545046180e-04
3.104465236753843355e-04
3.085423893649858113e-04
3.066561069365080828e-04
3.047874872344214230e-04
3.029363425241393291e-04
3.011024863173358259e-04
2.992857332346441084e-04
2.974858989085349577e-04
2.957027999291598672e-04
2.939362538377843551e-04
2.921860791744381619e-04
2.904520955887360538e-04
2.887341240255626241e-04
2.870319870003456403e-04
2.853455089818389347e-04
2.836745169034723176e-04
2.820188408270078825e-04
2.803783147838453298e-04
2.787527778188609727e-04
2.771420752577687910e-04
2.755460602097115595e-04
2.739645952997468562e-04
2.723975545985105767e-04
2.708448256764834131e-04
2.693063116575369355e-04
2.677819330839138756e-04
2.662716293411883199e-04
2.647753593429852978e-04
2.632931011634786372e-04
2.618248503545314381e-04
2.603706168089952666e-04
2.589304202269822699e-04
2.575042844747916842e-04
2.560922313397649176e-04
2.546942743166756822e-04
2.533104130701937986e-04
2.519406290999987963e-04
2.505848829266161355e-04
2.492431128763610481e-04
2.479152353315188938e-04
2.466011461654847104e-04
2.453007230140265781e-04
2.440138280331054981e-04
2.427403108393602431e-04
2.414800113982282800e-04
2.402327626980282687e-04
2.389983931142687895e-04
2.377767284211668988e-04
2.365675934456584186e-04
2.353708133843258941e-04
2.341862148182840349e-04
2.330136264677217330e-04
2.318528797291492035e-04
2.307038090362466232e-04
2.295662520811845165e-04
2.284400499283630135e-04
2.273250470474198434e-04
2.262210912874809937e-04
2.251280338102498778e-04
2.240457289957103147e-04
2.229740343310043717e-04
2.219128102904052745e-04
2.208619202121546703e-04
2.198212301762765932e-04
2.187906088861502236e-04
2.177699275556462043e-04
2.167590598028719807e-04
2.157578815510491333e-04
2.147662709366341815e-04
2.137841082245377959e-04
2.128112757301286768e-04
2.118476577475784147e-04
2.108931404840624002e-04
2.099476119993066070e-04
2.090109621499654192e-04
2.080830825383417956e-04
2.071638664649893386e-04
2.062532088847671683e-04
2.053510063659645787e-04
2.044571570521409160e-04
2.035715606263657177e-04
2.026941182775886317e-04
2.018247326688763041e-04
2.009633079073099666e-04
2.001097495153413843e-04
1.992639644034294361e-04
1.984258608438216939e-04
1.975953484453382919e-04
1.967723381290664730e-04
1.959567421048622946e-04
1.951484738485940388e-04
1.943474480800591554e-04
1.935535807415299876e-04
1.927667889768700058e-04
1.919869911111949875e-04
1.912141066310250165e-04
1.904480561649112534e-04
1.896887614645007512e-04
1.889361453860073593e-04
1.881901318720810166e-04
1.874506459340418254e-04
1.867176136344679538e-04
1.859909620701209157e-04
1.852706193551947552e-04
1.845565146048791896e-04
1.838485779192229944e-04
1.831467403672933493e-04
1.824509339716184311e-04
1.817610916929078069e-04
1.810771474150439046e-04
1.803990359303399803e-04
1.797266929250545002e-04
1.790600549651591975e-04
1.783990594823569578e-04
1.777436447603410739e-04
1.770937499212953299e-04
1.764493149126223639e-04
1.758102804939087654e-04
1.751765882241113244e-04
1.745481804489653233e-04
1.739250002886101587e-04
1.733069916254263818e-04
1.726940990920837514e-04
1.720862680597957202e-04
1.714834446267746594e-04
1.708855756068846808e-04
1.702926085184915659e-04
1.697044915735023492e-04
1.691211736665927938e-04
1.685426043646205642e-04
1.679687338962205438e-04
1.673995131415771231e-04
1.668348936223697687e-04
1.662748274918954543e-04
1.657192675253554284e-04
1.651681671103093565e-04
1.646214802372955360e-04
1.640791614906052297e-04
1.635411660392193051e-04
1.630074496278968515e-04
1.624779685684160191e-04
1.619526797309640170e-04
1.614315405356734517e-04
1.609145089443022680e-04
1.604015434520558291e-04
1.598926030795434642e-04
1.593876473648770742e-04
1.588866363559006281e-04
1.583895306025484887e-04
1.578962911493382885e-04
1.574068795279830407e-04
1.569212577501362274e-04
1.564393883002507832e-04
1.559612341285645512e-04
1.554867586441981164e-04
1.550159257083710883e-04
1.545486996277346369e-04
1.540850451478077872e-04
1.536249274465312947e-04
1.531683121279246837e-04
1.527151652158496994e-04
1.522654531478768948e-04
1.518191427692569247e-04
1.513762013269880080e-04
1.509365964639831101e-04
1.505002962133346485e-04
1.500672689926726847e-04
1.496374835986158142e-04
1.492109092013155973e-04
1.487875153390890532e-04
1.483672719131365358e-04
1.479501491823526061e-04
1.475361177582161607e-04
1.471251485997665369e-04
1.467172130086618546e-04
1.463122826243161531e-04
1.459103294191172731e-04
1.459103294189901775e-04
