8.731994616292265026e-05
8.731509068395714259e-05
8.730988571450471001e-05
8.730466905634711144e-05
8.729942052112617311e-05
8.729412834527125443e-05
8.728878845482510582e-05
8.728340026761764584e-05
8.727796622557803391e-05
8.727249036831218651e-05
8.726697724818234785e-05
8.726143111583610848e-05
8.725585662364645123e-05
8.725025816654034404e-05
8.724463998559677826e-05
8.723900562534366563e-05
8.723335809435453969e-05
8.722770010118588338e-05
8.722203462842350046e-05
8.721636367845684256e-05
8.721068942732830987e-05
8.720501412920650169e-05
8.719933879275348465e-05
8.719366513265174544e-05
8.718799473282058622e-05
8.718232841183352812e-05
8.717666692692071942e-05
8.717101146463380372e-05
8.716536287990045483e-05
8.715972232991134902e-05
8.715409046808072580e-05
8.714846771910308510e-05
8.714285477002206993e-05
8.713725188907875743e-05
8.713166002255453093e-05
8.712607938809271730e-05
8.712051058654262932e-05
8.711495447494057849e-05
8.710941077242586228e-05
8.710388004896817062e-05
8.709836319852457172e-05
8.709286018564506976e-05
8.708737113602638613e-05
8.708189635156064485e-05
8.707643591202119207e-05
8.707099020544927079e-05
8.706555963214954836e-05
8.706014424489823538e-05
8.705474453038218098e-05
8.704936068342083327e-05
8.704399259259443483e-05
8.703864029919809156e-05
8.703330443276704575e-05
8.702798496069097617e-05
8.702268205532475679e-05
8.701739540504733800e-05
8.701212560304014826e-05
8.700687257148663663e-05
8.700163641002789654e-05
8.699641767910018758e-05
8.699121630827591858e-05
8.698603210735961460e-05
8.698086513738266935e-05
8.697571533277572028e-05
8.697058251100559315e-05
8.696546711865655872e-05
8.696036939656324517e-05
8.695528956864641507e-05
8.695022691828791091e-05
8.694518211013292435e-05
8.694015523107498757e-05
8.693514578480940238e-05
8.693015431424635446e-05
8.692518145240935750e-05
8.692022907557240934e-05
8.691530196077196951e-05
8.691031148413289953e-05
8.690514314530953894e-05
8.690613872777435583e-05
8.698072080631536222e-05
8.767197965756594715e-05
8.849037391687925881e-05
8.959471003002075036e-05
9.071390139916669048e-05
9.185484260207271473e-05
9.301369591173985394e-05
9.421390700532577232e-05
9.550092266460741318e-05
9.692771114708731916e-05
9.856278863430992449e-05
1.004973522005938815e-04
1.028620521934333373e-04
1.058562308438288995e-04
1.098019382072993813e-04
1.152465161649107950e-04
1.231530264615072795e-04
1.351941974209472591e-04
1.538739313651880795e-04
1.813530413832698137e-04
2.166823594568791078e-04
2.558441903749985062e-04
2.951518163211998259e-04
3.324129892353544675e-04
3.663164629723994524e-04
3.960994883169328051e-04
4.215131415693449931e-04
4.427499673200086926e-04
4.602832502942267754e-04
4.746980486921857688e-04
4.865719821558529444e-04
4.964138767792248717e-04
5.046438206620189586e-04
5.115957551238046281e-04
5.175294536604964010e-04
5.226446874308883148e-04
5.270943309361726496e-04
5.309953032148495306e-04
5.344372366192330160e-04
5.374891526452105347e-04
5.402045240825089105e-04
5.426250833140755037e-04
5.447836778949754696e-04
5.467064108135936398e-04
5.484142467340415075e-04
5.499242202908936287e-04
5.512503476933967340e-04
5.524043167431291670e-04
5.533960108490117375e-04
5.542339082244017228e-04
5.549253869793115005e-04
5.554769590694304867e-04
5.558944502735039487e-04
5.561831390894809513e-04
5.563478642691241545e-04
5.563931083461400810e-04
5.563230627405399290e-04
5.561416786880992238e-04
5.558527072363175954e-04
5.554597307848947382e-04
5.549661880686792810e-04
5.543753940392394603e-04
5.536905557640111122e-04
5.529147852041915419e-04
5.520511095352147917e-04
5.511024795224416482e-04
5.500717763487378590e-04
5.489618172017138959e-04
5.477753598601220811e-04
5.465151064665635600e-04
5.451837066334778341e-04
5.437837599985282429e-04
5.423178183218332069e-04
5.407883871992876608e-04
5.391979274522131675e-04
5.375488562427798009e-04
5.358435479562837942e-04
5.340843348848408776e-04
5.322735077419719386e-04
5.304133160335220299e-04
5.285059683070977756e-04
5.265536322996152525e-04
5.245584350003516588e-04
5.225224626450879119e-04
5.204477606553314191e-04
5.183363335352765382e-04
5.161901447378979121e-04
5.140111165104948102e-04
5.118011297289694166e-04
5.095620237292066129e-04
5.072955961430180346e-04
5.050036027453126079e-04
5.026877573183702666e-04
5.003497315383696785e-04
4.979911548886242073e-04
4.956136146033359976e-04
4.932186556450658199e-04
4.908077807185493848e-04
4.883824503229369134e-04
4.859440828440587967e-04
4.834940546878390040e-04
4.810337004555491542e-04
4.785643131612214631e-04
4.760871444911552440e-04
4.736034051051491995e-04
4.711142649787781935e-04
4.686208537857764487e-04
4.661242613193622517e-04
4.636255379511163856e-04
4.611256951258684879e-04
4.586257058908675623e-04
4.561265054574060768e-04
4.536289917929447828e-04
4.511340262417054851e-04
4.486424341716291147e-04
4.461550056455581312e-04
4.436724961144603756e-04
4.411956271305074299e-04
4.387250870778082327e-04
4.362615319186331254e-04
4.338055859529545036e-04
4.313578425892060863e-04
4.289188651241810355e-04
4.264891875300601135e-04
4.240693152465985281e-04
4.216597259766115724e-04
4.192608704829255627e-04
4.168731733850796276e-04
4.144970339541246673e-04
4.121328269039548726e-04
4.097809031777116529e-04
4.074415907278672614e-04
4.051151952887032857e-04
4.028020011399840593e-04
4.005022718607170523e-04
3.982162510719827677e-04
3.959441631679120320e-04
3.936862140339610441e-04
3.914425917517309872e-04
3.892134672896644439e-04
3.869989951790213812e-04
3.847993141746214448e-04
3.826145478999169844e-04
3.804448054760183680e-04
3.782901821343888815e-04
3.761507598129506841e-04
3.740266077354582712e-04
3.719177829739976323e-04
3.698243309945784137e-04
3.677462861857852604e-04
3.656836723705624947e-04
3.636365033011795139e-04
3.616047831375530865e-04
3.595885069090545404e-04
3.575876609600340769e-04
3.556022233792821411e-04
3.536321644137188505e-04
3.516774468665862159e-04
3.497380264804874988e-04
3.478138523056011891e-04
3.459048670534592635e-04
3.440110074366622582e-04
3.421322044949451032e-04
3.402683839080190517e-04
3.384194662956217033e-04
3.365853675052388368e-04
3.347659988879463674e-04
3.329612675628734406e-04
3.311710766707581257e-04
3.293953256171033893e-04
3.276339103054505108e-04
3.258867233612810881e-04
3.241536543470873496e-04
3.224345899691572642e-04
3.207294142766161163e-04
3.190380088532982525e-04
3.173602530030136511e-04
3.156960239288044345e-04
3.140451969067706663e-04
3.124076454550787679e-04
3.107832414987620373e-04
3.091718555309354950e-04
3.075733567710457620e-04
3.059876133208068710e-04
3.044144923184404395e-04
3.028538600918711599e-04
3.013055823115089920e-04
2.997695241432419611e-04
2.982455504022657987e-04
2.967335257083301460e-04
2.952333146429686863e-04
2.937447819092429448e-04
2.922677924944600556e-04
2.908022118362741065e-04
2.893479059924813608e-04
2.879047418147250036e-04
2.864725871261823795e-04
2.850513109031724344e-04
2.836407834604072150e-04
2.822408766394242548e-04
2.808514639994709916e-04
2.794724210098198987e-04
2.781036252421944209e-04
2.767449565615911588e-04
2.753962973134412994e-04
2.740575325045991402e-04
2.727285499752441335e-04
2.714092405583394866e-04
2.700994982228766819e-04
2.687992201967645350e-04
2.675083070649266143e-04
2.662266628379907616e-04
2.649541949869305439e-04
2.636908144392222444e-04
2.624364355325066586e-04
2.611909759225133866e-04
2.599543564430348221e-04
2.587265009171539230e-04
2.575073359206071126e-04
2.562967905001843410e-04
2.550947958522430288e-04
2.539012849688061552e-04
2.527161922610244812e-04
2.515394531720494247e-04
2.503710037932580716e-04
2.492107804992384082e-04
2.480587196177157878e-04
2.469147571505573538e-04
2.457788285609582781e-04
2.446508686397717760e-04
2.435308114606537654e-04
2.424185904292403253e-04
2.413141384261305983e-04
2.402173880373013545e-04
2.391282718591269171e-04
2.380467228590932521e-04
2.369726747682000898e-04
2.359060624776678698e-04
2.348468224115057932e-04
2.337948928480291849e-04
2.327502141676034305e-04
2.317127290102932063e-04
2.306823823349526091e-04
2.296591213796241569e-04
2.286428955308602532e-04
2.276336561158842598e-04
2.266313561357224536e-04
2.256359499594153472e-04
2.246473929992414591e-04
2.236656413849906987e-04
2.226906516523116176e-04
2.217223804565539454e-04
2.207607843200340436e-04
2.198058194175950568e-04
2.188574414030628455e-04
2.179156052778507657e-04
2.169802653026454661e-04
2.160513749538308780e-04
2.151288869274984087e-04
2.142127531960973173e-04
2.133029251255559805e-04
2.123993536639184876e-04
2.115019896160792484e-04
2.106107840228448199e-04
2.097256886660221460e-04
2.088466567239804529e-04
2.079736436033741500e-04
2.071066079710930444e-04
2.062455130041983135e-04
2.053903278620802418e-04
2.045410293614462226e-04
2.036976037983366582e-04
2.028600488109881755e-04
2.020283751154128911e-04
2.012026078804140985e-04
2.003827874570019015e-04
1.995689691625316244e-04
1.987612218678185406e-04
1.979596252616358629e-04
1.971642658634603954e-04
1.963752320835471395e-04
1.955926088274060996e-04
1.948164722473276684e-04
1.940468852217691696e-04
1.932838940023852360e-04
1.925275262545428270e-04
1.917777904927862366e-04
1.910346767313072505e-04
1.902981580596807272e-04
1.895681928181343009e-04
1.888447270682510877e-04
1.881276971110019903e-04
1.874170318728736689e-04
1.867126550472090042e-04
1.860144869332368668e-04
1.853224459566704891e-04
1.846364498837157152e-04
1.839564167570747176e-04
1.832822655908446707e-04
1.826139168636237143e-04
1.819512928478570412e-04
1.812943178099611034e-04
1.806429181112984494e-04
1.799970222352859778e-04
1.793565607613376554e-04
1.787214663021539386e-04
1.780916734172377036e-04
1.774671185124550310e-04
1.768477397329267376e-04
1.762334768545180624e-04
1.756242711775841427e-04
1.750200654254198439e-04
1.744208036489113076e-04
1.738264311382119631e-04
1.732368943417724935e-04
1.726521407926955357e-04
1.720721190421670491e-04
1.714967785995605699e-04
1.709260698787111443e-04
1.703599441498447587e-04
1.697983534966124373e-04
1.692412507777011374e-04
1.686885895925147928e-04
1.681403242504634743e-04
1.675964097434247087e-04
1.670568017209924175e-04
1.665214564681575301e-04
1.659903308851168064e-04
1.654633824689324723e-04
1.649405692967978302e-04
1.644218500107083212e-04
1.639071838033424205e-04
1.633965304050021786e-04
1.628898500714760929e-04
1.623871035726946667e-04
1.618882521820934372e-04
1.613932576665821266e-04
1.609020822770504465e-04
1.604146887393459908e-04
1.599310402456676763e-04
1.594511004463301156e-04
1.589748334418531427e-04
1.585022037753477866e-04
1.580331764251681178e-04
1.575677167977989907e-04
1.571057907209649090e-04
1.566473644369335589e-04
1.561924045960083737e-04
1.557408782501848671e-04
1.552927528469672110e-04
1.548479962233326450e-04
1.544065765998300281e-04
1.539684625748139976e-04
1.535336231187993112e-04
1.531020275689345337e-04
1.526736456235869884e-04
1.522484473370339347e-04
1.518264031142599151e-04
1.514074837058526841e-04
1.509916602029941126e-04
1.505789040325432229e-04
1.501691869522146870e-04
1.497624810458373127e-04
1.493587587187027079e-04
1.489579926929946363e-04
1.485601560032988214e-04
1.481652219921944990e-04
1.477731643059163893e-04
1.473839568900979556e-04
1.469975739855843250e-04
1.466139901243165204e-04
1.462331801252891763e-04
1.458551190905710824e-04
1.454797824013984782e-04
1.451071457143289815e-04
1.447371849574629265e-04
1.443698763267273156e-04
1.440051962822200520e-04
1.436431215446137767e-04
1.432836290916241070e-04
1.429266961545268538e-04
1.425723002147401557e-04
1.422204190004593594e-04
1.418710304833445651e-04
1.415241128752660414e-04
1.411796446250971823e-04
1.408376044155623793e-04
1.404979711601354712e-04
1.401607239999858175e-04
1.398258423009733241e-04
1.394933056506914709e-04
1.391630938555589946e-04
1.388351869379526339e-04
1.385095651333905897e-04
1.381862088877572922e-04
1.378650988545695045e-04
1.375462158922886391e-04
1.372295410616740038e-04
1.369150556231748346e-04
1.366027410343649648e-04
1.362925789474142763e-04
1.359845512066038431e-04
1.356786398458726805e-04
1.353748270864072107e-04
1.350730953342643129e-04
1.347734271780313975e-04
1.344758053865214740e-04
1.341802129065049459e-04
1.338866328604710037e-04
1.335950485444276168e-04
1.333054434257326137e-04
1.330178011409541446e-04
1.327321054937667601e-04
1.324483404528773865e-04
1.321664901499830145e-04
1.318865388777542723e-04
1.316084710878546158e-04
1.313322713889849701e-04
1.310579245449556380e-04
1.307854154727916302e-04
1.305147292408597869e-04
1.305147292407741349e-04
