8.731991733732165936e-05
8.731504412783859027e-05
8.730982358393611642e-05
8.730459354941121617e-05
8.729933299106323636e-05
8.729403024635442015e-05
8.728868013780131203e-05
8.728328252236532267e-05
8.727783976500759781e-05
8.727235512722745733e-05
8.726683338908136525e-05
8.726127934268060945e-05
8.725569693027587705e-05
8.725009063576471494e-05
8.724446428077920726e-05
8.723882180662556553e-05
8.723316631636638286e-05
8.722750073217583994e-05
8.722182780263772737e-05
8.721614917438264448e-05
8.721046712116440832e-05
8.720478381999937148e-05
8.719910087839640551e-05
8.719341948630173682e-05
8.718774066624365954e-05
8.718206596742631158e-05
8.717639635039043549e-05
8.717073315556241769e-05
8.716507661458676860e-05
8.715942842986105631e-05
8.715378879676954405e-05
8.714815814948133062e-05
8.714253691090874507e-05
8.713692610703447164e-05
8.713132612694802776e-05
8.712573783266755261e-05
8.712016118760218509e-05
8.711459677788133680e-05
8.710904522159470718e-05
8.710350662975657559e-05
8.709798120860488217e-05
8.709246945507520879e-05
8.708697188318079878e-05
8.708148917207920157e-05
8.707602095176974262e-05
8.707056737864072487e-05
8.706512833371257438e-05
8.705970465174227800e-05
8.705429685914477982e-05
8.704890430379335752e-05
8.704352826633250618e-05
8.703816796893979856e-05
8.703282512550641642e-05
8.702749825103761540e-05
8.702223695723549821e-05
8.701630085947930596e-05
8.702467409092228109e-05
8.729926924780136036e-05
8.763977065247493278e-05
8.805627425739587200e-05
8.849258027493504201e-05
8.892796905844463796e-05
8.935564559960163856e-05
8.977345296848126882e-05
9.018204535924954413e-05
9.058374792443044728e-05
9.098163017926168077e-05
9.137895472659336086e-05
9.177891945747788873e-05
9.218455311097822598e-05
9.259870722792904862e-05
9.302405958973056590e-05
9.346317679030041270e-05
9.391858889641803041e-05
9.439282750669676495e-05
9.488847829324855712e-05
9.540825643738761960e-05
9.595507511181979802e-05
9.653210130815570195e-05
9.714283477761862504e-05
9.779119313432435567e-05
9.848161067776541673e-05
9.921915707754485941e-05
1.000096803679013382e-04
1.008599802585814916e-04
1.017780210258514162e-04
1.027731955076739066e-04
1.038566546465837577e-04
1.050417208948424368e-04
1.063444085092651897e-04
1.077840791017319429e-04
1.093842661059157129e-04
1.111737053998080379e-04
1.131876075333997398e-04
1.154691924974670649e-04
1.180714669283417368e-04
1.210591321300298661e-04
1.245103323127605465e-04
1.285176401115625811e-04
1.331872030941867290e-04
1.386344089109786736e-04
1.449740786425853889e-04
1.523037556405940508e-04
1.606809860897263800e-04
1.700996367422922466e-04
1.804740724819775262e-04
1.916394186160948719e-04
2.033694814373297646e-04
2.154055317287790919e-04
2.274857646928688762e-04
2.393683332990272962e-04
2.508460477253010774e-04
2.617539751893367662e-04
2.719717612680532361e-04
2.814220461917076618e-04
2.900660129841014351e-04
2.978970682912493212e-04
3.049336792323916476e-04
3.112122825426669442e-04
3.167809351955538227e-04
3.216940761492487720e-04
3.260085051530090764e-04
3.297805019032350139e-04
3.330639109678568458e-04
3.359089857771188929e-04
3.383617939550378042e-04
3.404640155057268142e-04
3.422530008025444367e-04
3.437619890558348359e-04
3.450204164369897368e-04
3.460542654167933518e-04
3.468864235709022826e-04
3.475370320788081190e-04
3.480238124508881260e-04
3.483623656078671787e-04
3.485664410775459300e-04
3.486481763538293397e-04
3.486183078161419623e-04
3.484863553429133620e-04
3.482607830872918729e-04
3.479491389650878758e-04
3.475581753341556502e-04
3.470939531873120450e-04
3.465619319805704132e-04
3.459670470021840760e-04
3.453137759725599491e-04
3.446061963602384671e-04
3.438480347100643093e-04
3.430427091087069743e-04
3.421933657603050947e-04
3.413029105106782260e-04
3.403740360409943577e-04
3.394092453496291113e-04
3.384108720525270671e-04
3.373810979561653019e-04
3.363219682916715556e-04
3.352354049424477087e-04
3.341232179495188647e-04
3.329871155376533669e-04
3.318287128701361260e-04
3.306495397100524453e-04
3.294510471403195619e-04
3.282346134728537901e-04
3.270015494586089779e-04
3.257531028943255703e-04
3.244904627082680548e-04
3.232147625956249934e-04
3.219270842643752722e-04
3.206284603439511034e-04
3.193198770018004827e-04
3.180022763067560758e-04
3.166765583727972739e-04
3.153435833122501656e-04
3.140041730235256802e-04
3.126591128351439140e-04
3.113091530248616730e-04
3.099550102302318596e-04
3.085973687647087377e-04
3.072368818515769070e-04
3.058741727862972389e-04
3.045098360364575192e-04
3.031444382872793908e-04
3.017785194395232917e-04
3.004125935657027836e-04
2.990471498296607073e-04
2.976826533738490704e-04
2.963195461779854546e-04
2.949582478922004774e-04
2.935991566472803444e-04
2.922426498441644941e-04
2.908890849244591338e-04
2.895388001233836642e-04
2.881921152062556085e-04
2.868493321893446531e-04
2.855107360456838163e-04
2.841765953962284929e-04
2.828471631865425370e-04
2.815226773490560005e-04
2.802033614507806292e-04
2.788894253262554361e-04
2.775810656953776293e-04
2.762784667656992526e-04
2.749818008186705339e-04
2.736912287792540107e-04
2.724069007682446554e-04
2.711289566365946303e-04
2.698575264809542390e-04
2.685927311395913133e-04
2.673346826677737496e-04
2.660834847916398495e-04
2.648392333395158441e-04
2.636020166495646358e-04
2.623719159526229517e-04
2.611490057290254520e-04
2.599333540382447452e-04
2.587250228202220715e-04
2.575240681673717272e-04
2.563305405664590341e-04
2.551444851098293230e-04
2.539659416758915998e-04
2.527949450792631994e-04
2.516315251916196216e-04
2.504757070350517112e-04
2.493275108505356810e-04
2.481869521450244032e-04
2.470540417215426939e-04
2.459287856975643765e-04
2.448111855176946829e-04
2.437012379673358356e-04
2.425989351944277952e-04
2.415042647465373527e-04
2.404172096304353103e-04
2.393377484008119742e-04
2.382658552839437757e-04
2.372015003408724470e-04
2.361446496730606635e-04
2.350952656714961665e-04
2.340533073079908391e-04
2.330187304649698266e-04
2.319914882975467876e-04
2.309715316193302714e-04
2.299588093013221345e-04
2.289532686717775628e-04
2.279548559040782093e-04
2.269635163797620585e-04
2.259791950148432353e-04
2.250018365395118247e-04
2.240313857239309284e-04
2.230677875460773132e-04
2.221109873009345290e-04
2.211609306536209028e-04
2.202175636418524389e-04
2.192808326353078163e-04
2.183506842608442155e-04
2.174270653030809940e-04
2.165099225897212367e-04
2.155992028702332470e-04
2.146948526953915918e-04
2.137968183038279485e-04
2.129050455203836275e-04
2.120194796697957222e-04
2.111400655082219628e-04
2.102667471743818229e-04
2.093994681616422168e-04
2.085381713121257008e-04
2.076827988345637864e-04
2.068332923481840352e-04
2.059895929552004660e-04
2.051516413460326388e-04
2.043193779427904060e-04
2.034927430882988429e-04
2.026716772899168841e-04
2.018561215296532435e-04
2.010460176544066359e-04
2.002413088624851306e-04
1.994419403045334996e-04
1.986478598181491717e-04
1.978590188150003025e-04
1.970753733360870133e-04
1.962968852833181347e-04
1.955235238219598119e-04
1.947552669266479819e-04
1.939921030118547517e-04
1.932340325456405534e-04
1.924810694956604631e-04
1.917332424057655743e-04
1.909905948629612028e-04
1.902531851059817945e-04
1.895210845675732983e-04
1.887943752451514616e-04
1.880731459546242546e-04
1.873574877124223163e-04
1.866474886642236050e-04
1.859432290840817197e-04
1.852447769701085758e-04
1.845521846603122870e-04
1.838654867157985939e-04
1.831846991186660890e-04
1.825098196575039491e-04
1.818408292560775230e-04
1.811776939493383990e-04
1.805203672159027997e-04
1.798687924186487307e-04
1.792229051653527322e-04
1.785826354636842694e-04
1.779479095997684671e-04
1.773186517125441048e-04
1.766947850666523382e-04
1.760762330460377621e-04
1.754629199011316766e-04
1.748547712868055040e-04
1.742517146283530983e-04
1.736536793501950349e-04
1.730605969980432044e-04
1.724724012807790164e-04
1.718890280537671480e-04
1.713104152611370117e-04
1.707365028508393910e-04
1.701672326730972187e-04
1.696025483702296029e-04
1.690423952636848455e-04
1.684867202424119345e-04
1.679354716553759126e-04
1.673885992100108239e-04
1.668460538776462220e-04
1.663077878063851285e-04
1.657737542415277138e-04
1.652439074533540810e-04
1.647182026719038676e-04
1.641965960282924743e-04
1.636790445020268629e-04
1.631655058737872777e-04
1.626559386831281007e-04
1.621503021905757694e-04
1.616485563436428614e-04
1.611506617463005656e-04
1.606565796315046466e-04
1.601662718364002839e-04
1.596797007798843174e-04
1.591968294422212442e-04
1.587176213464662543e-04
1.582420405414581373e-04
1.577700515861954684e-04
1.573016195354162857e-04
1.568367099262314495e-04
1.563752887656892502e-04
1.559173225191541157e-04
1.554627780994025197e-04
1.550116228563566982e-04
1.545638245673777332e-04
1.541193514280651486e-04
1.536781720435037395e-04
1.532402554199083038e-04
1.528055709566375443e-04
1.523740884385334487e-04
1.519457780285583099e-04
1.515206102607073236e-04
1.510985560331707691e-04
1.506795866017276130e-04
1.502636735733541918e-04
1.498507889000301376e-04
1.494409048727339583e-04
1.490339941156107071e-04
1.486300295803052649e-04
1.482289845404519092e-04
1.478308325863069718e-04
1.474355476195274295e-04
1.470431038480784331e-04
1.466534757812679331e-04
1.462666382249045512e-04
1.458825662765710009e-04
1.455012353210102924e-04
1.451226210256166983e-04
1.447466993360340553e-04
1.443734464718518344e-04
1.440028389223966198e-04
1.436348534426179957e-04
1.432694670490646384e-04
1.429066570159460059e-04
1.425464008712782162e-04
1.421886763931140053e-04
1.418334616058490941e-04
1.414807347766049920e-04
1.411304744116882910e-04
1.407826592531206489e-04
1.404372682752410358e-04
1.400942806813722729e-04
1.397536759005573131e-04
1.394154335843572666e-04
1.390795336037152106e-04
1.387459560458766485e-04
1.384146812113733411e-04
1.380856896110616992e-04
1.377589619632174211e-04
1.374344791906877800e-04
1.371122224180946277e-04
1.367921729690873775e-04
1.364743123636513917e-04
1.361586223154610375e-04
1.358450847292822362e-04
1.355336816984238028e-04
1.352243955022305801e-04
1.349172086036219481e-04
1.346121036466773322e-04
1.343090634542598767e-04
1.340080710256816418e-04
1.337091095344136607e-04
1.334121623258265434e-04
1.331172129149805745e-04
1.328242449844430247e-04
1.325332423821483688e-04
1.322441891192934437e-04
1.319570693682642901e-04
1.316718674606025426e-04
1.313885678850001157e-04
1.311071552853285854e-04
1.308276144587019096e-04
1.305499303535681240e-04
1.302740880678314765e-04
1.300000728470090939e-04
1.297278700824086280e-04
1.294574653093435502e-04
1.291888442053685854e-04
1.289219925885480512e-04
1.286568964157492972e-04
1.283935417809598054e-04
1.281319149136358700e-04
1.278720021770720109e-04
1.276137900667938610e-04
1.273572652089810043e-04
1.271024143589088420e-04
1.268492243994139045e-04
1.265976823393850481e-04
1.263477753122742222e-04
1.260994905746297065e-04
1.258528155046525771e-04
1.256077376007722003e-04
1.253642444802431936e-04
1.251223238777613605e-04
1.248819636441028539e-04
1.246431517447795759e-04
1.244058762587153669e-04
1.241701253769423609e-04
1.239358874013108389e-04
1.237031507432240197e-04
1.234719039223843148e-04
1.232421355655628412e-04
1.230138344053810756e-04
1.227869892791120794e-04
1.225615891274997485e-04
1.223376229935911814e-04
1.221150800215845249e-04
1.218939494556985851e-04
1.216742206390498780e-04
1.214558830125507419e-04
1.212389261138205809e-04
1.210233395761107844e-04
1.208091131272454472e-04
1.205962365885752643e-04
1.203846998739473482e-04
1.201744929886853748e-04
1.199656060285866422e-04
1.197580291789310957e-04
1.195517527135027007e-04
1.193467669936239056e-04
1.191430624672053527e-04
1.189406296678024733e-04
1.187394592136909745e-04
1.185395418069494012e-04
1.183408682325548300e-04
1.181434293574932408e-04
1.179472161298754178e-04
1.177522195780703192e-04
1.175584308098447632e-04
1.173658410115177635e-04
1.171744414471244741e-04
1.169842234575877370e-04
1.167951784599047000e-04
1.166072979463419318e-04
1.164205734836396184e-04
1.162349967122274809e-04
1.160505593454483109e-04
1.158672531687933096e-04
1.156850700391476598e-04
1.155040018840412330e-04
1.153240407009142735e-04
1.151451785563868761e-04
1.149674075855418542e-04
1.147907199912140999e-04
1.146151080432884268e-04
1.144405640780075381e-04
1.142670804972866747e-04
1.140946497680396212e-04
1.139232644215085877e-04
1.137529170526058685e-04
1.135836003192626704e-04
1.134153069417838091e-04
1.132480297022142097e-04
1.130817614437066004e-04
1.129164950699060375e-04
1.129164950698536977e-04
