8.731994615723225582e-05
8.731509066704449672e-05
8.730988563356511471e-05
8.730466922895257164e-05
8.729942077588011403e-05
8.729412897839248185e-05
8.728878893089714135e-05
8.728340070727824218e-05
8.727796689044236991e-05
8.727249083859661531e-05
8.726697744257666675e-05
8.726143159382673462e-05
8.725585727942950984e-05
8.725025901226327691e-05
8.724464064271042398e-05
8.723900612580706519e-05
8.723335858466654076e-05
8.722770094207277312e-05
8.722203596297046179e-05
8.721636529559397152e-05
8.721069121092069444e-05
8.720501588860618872e-05
8.719934094967668426e-05
8.719366758147057599e-05
8.718799680217616450e-05
8.718233016282884583e-05
8.717666862146259223e-05
8.717101352658375261e-05
8.716536510459991052e-05
8.715972505528585409e-05
8.715409358100973487e-05
8.714847111722240900e-05
8.714285808716408185e-05
8.713725550422273534e-05
8.713166375952827408e-05
8.712608372243925187e-05
8.712051536216305306e-05
8.711495924630119900e-05
8.710941600248958596e-05
8.710388574847341013e-05
8.709836867602731400e-05
8.709286529212305436e-05
8.708737609090105858e-05
8.708190176951764857e-05
8.707644195842896486e-05
8.707099682282345412e-05
8.706556622520396566e-05
8.706015099409317474e-05
8.705475167114538144e-05
8.704936759949504616e-05
8.704400004525179543e-05
8.703864823575930339e-05
8.703331387359186308e-05
8.702799548551714464e-05
8.702274205041136002e-05
8.701681757276070745e-05
8.702500613055026506e-05
8.758349797044288063e-05
8.839172004722633971e-05
8.946646345230795713e-05
9.065806566548090435e-05
9.192134715678529594e-05
9.325865712411268618e-05
9.469746887468723641e-05
9.628883649335275843e-05
9.811104970531382219e-05
1.002803845457702492e-04
1.029750687603737876e-04
1.064841497270346772e-04
1.113073609267442853e-04
1.183619515311428198e-04
1.293823303977080421e-04
1.474060575400451751e-04
1.759678120953902744e-04
2.149389878497879670e-04
2.590544134257891985e-04
3.033021724679701124e-04
3.450025134866138124e-04
3.826426798875419769e-04
4.153497453736474851e-04
4.428880484655775855e-04
4.655750468860097506e-04
4.840574253615254389e-04
4.990852756573055989e-04
5.113657811617617482e-04
5.214980864760873722e-04
5.299602156228272118e-04
5.371207989559740595e-04
5.432589126885550715e-04
5.485839921043442636e-04
5.532528035722256415e-04
5.573828605296835730e-04
5.610626233999402605e-04
5.643590964083771127e-04
5.673234274372920523e-04
5.699950180524538529e-04
5.724045380639968851e-04
5.745761399984064587e-04
5.765290904006931116e-04
5.782789757477147180e-04
5.798385973055579339e-04
5.812186377624070036e-04
5.824281597650454462e-04
5.834749801498540249e-04
5.843659518881993324e-04
5.851071772599140703e-04
5.857041695968873574e-04
5.861619764402905761e-04
5.864852736603532552e-04
5.866784376630337266e-04
5.867456010155147617e-04
5.866906954917588653e-04
5.865174855475697568e-04
5.862295944930720265e-04
5.858305250743941952e-04
5.853236757584071373e-04
5.847123536996416595e-04
5.839997851312980597e-04
5.831891237432618559e-04
5.822834574749726801e-04
5.812858140490798423e-04
5.801991654949673321e-04
5.790264318533112041e-04
5.777704842092507313e-04
5.764341471689695198e-04
5.750202008698821225e-04
5.735313825961228145e-04
5.719703880571958476e-04
5.703398723771854664e-04
5.686424508340870302e-04
5.668806993829101672e-04
5.650571549915646072e-04
5.631743158151064329e-04
5.612346412311070313e-04
5.592405517566678263e-04
5.571944288657860967e-04
5.550986147241754971e-04
5.529554118572872550e-04
5.507670827660205663e-04
5.485358495034738102e-04
5.462638932250393547e-04
5.439533537230811138e-04
5.416063289564925030e-04
5.392248745844792053e-04
5.368110035129984798e-04
5.343666854614202493e-04
5.318938465561099055e-04
5.293943689568455244e-04
5.268700905211849781e-04
5.243228045111614916e-04
5.217542593459823311e-04
5.191661584037434059e-04
5.165601598745358115e-04
5.139378766667478853e-04
5.113008763678088481e-04
5.086506812601211550e-04
5.059887683924674598e-04
5.033165697067362851e-04
5.006354722194525939e-04
4.979468182572204232e-04
4.952519057448925453e-04
4.925519885449928604e-04
4.898482768466796717e-04
4.871419376023202364e-04
4.844340950095731295e-04
4.817258310367155305e-04
4.790181859888176632e-04
4.763121591122777181e-04
4.736087092351652628e-04
4.709087554407158133e-04
4.682131777713519852e-04
4.655228179605193643e-04
4.628384801896866002e-04
4.601609318678280590e-04
4.574909044307678670e-04
4.548290941577777849e-04
4.521761630029030475e-04
4.495327394385404459e-04
4.468994193088463300e-04
4.442767666906759661e-04
4.416653147597832270e-04
4.390655666601627882e-04
4.364779963744565760e-04
4.339030495934781645e-04
4.313411445829971208e-04
4.287926730460354593e-04
4.262580009790187838e-04
4.237374695202513852e-04
4.212313957892688102e-04
4.187400737157434896e-04
4.162637748567205032e-04
4.138027492010641498e-04
4.113572259601165019e-04
4.089274143436424144e-04
4.065135043202743460e-04
4.041156673617343721e-04
4.017340571702172902e-04
3.993688103884111503e-04
3.970200472917028789e-04
3.946878724621929427e-04
3.923723754442284850e-04
3.900736313812215063e-04
3.877917016335831707e-04
3.855266343776714549e-04
3.832784651857016169e-04
3.810472175866270734e-04
3.788329036080545454e-04
3.766355242992893153e-04
3.744550702356757741e-04
3.722915220044331857e-04
3.701448506722153256e-04
3.680150182346904699e-04
3.659019780484507869e-04
3.638056752456152046e-04
3.617260471315062570e-04
3.596630235658421237e-04
3.576165273278879525e-04
3.555864744660688849e-04
3.535727746325704047e-04
3.515753314034851334e-04
3.495940425851085088e-04
3.476288005070111010e-04
3.456794923025724008e-04
3.437460001776910037e-04
3.418282016684408655e-04
3.399259698884899241e-04
3.380391737671609186e-04
3.361676782790747335e-04
3.343113446663800226e-04
3.324700306546664883e-04
3.306435906637253267e-04
3.288318760144211825e-04
3.270347351330543380e-04
3.252520137546817424e-04
3.234835551269996047e-04
3.217292002165169588e-04
3.199887879188813441e-04
3.182621552753579297e-04
3.165491376976211626e-04
3.148495692031270357e-04
3.131632826635131301e-04
3.114901100685521333e-04
3.098298828083061846e-04
3.081824319761668576e-04
3.065475886954772446e-04
3.049251844723409929e-04
3.033150515770424065e-04
3.017170234561624255e-04
3.001309351769961323e-04
2.985566239051073252e-04
2.969939294148895128e-04
2.954426946316456959e-04
2.939027662020291974e-04
2.923739950875706801e-04
2.908562371735155089e-04
2.893493538822907102e-04
2.878532127777078033e-04
2.863676881426391622e-04
2.848926615095847084e-04
2.834280221206579640e-04
2.819736672914120463e-04
2.805295026521245779e-04
2.790954422411442959e-04
2.776714084281455843e-04
2.762573316509228920e-04
2.748531499577671028e-04
2.734588083582795343e-04
2.720742579980273720e-04
2.706994551857407755e-04
2.693343603144917101e-04
2.679789367289156141e-04
2.666331495975966326e-04
2.652969648519388937e-04
2.639703482493538692e-04
2.626532646092609967e-04
2.613456772557722551e-04
2.600475476823579739e-04
2.587588354333365424e-04
2.574794981771261985e-04
2.562094919294563436e-04
2.549487713734567128e-04
2.536972902191435243e-04
2.524550015477895195e-04
2.512218580961186692e-04
2.499978124493437617e-04
2.487828171282062623e-04
2.475768245707337984e-04
2.463797870221946145e-04
2.451916563553502965e-04
2.440123838471374459e-04
2.428419199378319268e-04
2.416802139955431588e-04
2.405272141038652077e-04
2.393828668848495820e-04
2.382471173641666142e-04
2.371199088810286703e-04
2.360011830424736266e-04
2.348908797199862793e-04
2.337889370859586805e-04
2.326952916888695038e-04
2.316098785674925451e-04
2.305326314063960342e-04
2.294634827382269779e-04
2.284023642014414114e-04
2.273492068656274192e-04
2.263039416401518302e-04
2.252664997853885654e-04
2.242368135489271449e-04
2.232148169513862679e-04
2.222004467469121489e-04
2.211936435808132975e-04
2.201943533592490060e-04
2.192025288310155650e-04
2.182181313566233360e-04
2.172411328025196484e-04
2.162715174475662438e-04
2.153092837272066950e-04
2.143544455764661465e-04
2.134070330821385487e-04
2.124670921407698510e-04
2.115346828680299014e-04
2.106098766334235694e-04
2.096927517954979094e-04
2.087833884486123975e-04
2.078818626998385521e-04
2.069882411083904866e-04
2.061025759015000177e-04
2.052249014355610418e-04
2.043552321462209520e-04
2.034935619917231078e-04
2.026398651980834068e-04
2.017940979950742536e-04
2.009562009919629464e-04
2.001261018647295027e-04
1.993037180869523535e-04
1.984889595111571882e-04
1.976817306794426306e-04
1.968819328022378644e-04
1.960894653889472272e-04
1.953042275444592259e-04
1.945261189635902408e-04
1.937550406643490217e-04
1.929908955033816334e-04
1.922335885153408312e-04
1.914830271139633872e-04
1.907391211876070325e-04
1.900017831166742630e-04
1.892709277352578473e-04
1.885464722547320043e-04
1.878283361630427603e-04
1.871164411101016540e-04
1.864107107869726815e-04
1.857110708043541311e-04
1.850174485741615878e-04
1.843297731967077533e-04
1.836479753549912159e-04
1.829719872168903284e-04
1.823017423455302905e-04
1.816371756177377009e-04
1.809782231502576725e-04
1.803248222332508224e-04
1.796769112705117464e-04
1.790344297258112034e-04
1.783973180747565085e-04
1.777655177615880826e-04
1.771389711603563947e-04
1.765176215399783704e-04
1.759014130326893579e-04
1.752902906054889566e-04
1.746842000341891469e-04
1.740830878797447749e-04
1.734869014665620004e-04
1.728955888625392735e-04
1.723090988606070309e-04
1.717273809615823665e-04
1.711503853581590516e-04
1.705780629198994124e-04
1.700103651790972549e-04
1.694472443174079176e-04
1.688886531531470054e-04
1.683345451291916697e-04
1.677848743014027379e-04
1.672395953275226466e-04
1.666986634564917940e-04
1.661620345181408947e-04
1.656296649132343174e-04
1.651015116038167553e-04
1.645775321038489992e-04
1.640576844701076590e-04
1.635419272933260400e-04
1.630302196895605862e-04
1.625225212917706685e-04
1.620187922415942873e-04
1.615189931813140810e-04
1.610230852459981331e-04
1.605310300558146605e-04
1.600427897085010629e-04
1.595583267719930291e-04
1.590776042772022324e-04
1.586005857109335361e-04
1.581272350089439583e-04
1.576575165491338551e-04
1.571913951448662022e-04
1.567288360384154933e-04
1.562698048945353581e-04
1.558142677941472048e-04
1.553621912281407790e-04
1.549135420912924131e-04
1.544682876762916684e-04
1.540263956678725491e-04
1.535878341370543014e-04
1.531525715354804416e-04
1.527205766898613799e-04
1.522918187965114777e-04
1.518662674159854185e-04
1.514438924678049737e-04
1.510246642252816387e-04
1.506085533104234583e-04
1.501955306889348753e-04
1.497855676653005522e-04
1.493786358779520239e-04
1.489747072945198417e-04
1.485737542071644836e-04
1.481757492279870618e-04
1.477806652845186351e-04
1.473884756152823799e-04
1.469991537654350431e-04
1.466126735824781094e-04
1.462290092120404174e-04
1.458481350937329839e-04
1.454700259570717528e-04
1.450946568174677821e-04
1.447220029722823471e-04
1.443520399969493997e-04
1.439847437411590685e-04
1.436200903251054245e-04
1.432580561357940142e-04
1.428986178234111914e-04
1.425417522977493400e-04
1.421874367246939782e-04
1.418356485227630656e-04
1.414863653597041814e-04
1.411395651491459109e-04
1.407952260473033083e-04
1.404533264497349388e-04
1.401138449881513947e-04
1.397767605272756078e-04
1.394420521617490793e-04
1.391096992130923184e-04
1.387796812267089749e-04
1.384519779689370809e-04
1.381265694241490261e-04
1.378034357918927609e-04
1.374825574840826019e-04
1.371639151222271973e-04
1.368474895347053337e-04
1.365332617540819125e-04
1.362212130144648003e-04
1.359113247489023642e-04
1.356035785868214209e-04
1.352979563515032953e-04
1.349944400576002113e-04
1.346930119086855646e-04
1.343936542948451229e-04
1.340963497903027593e-04
1.338010811510812858e-04
1.335078313126999874e-04
1.332165833879068236e-04
1.329273206644409873e-04
1.326400266028340347e-04
1.323546848342396374e-04
1.320712791582970540e-04
1.317897935410256634e-04
1.315102121127520788e-04
1.312325191660654506e-04
1.309566991538038867e-04
1.306827366870715816e-04
1.304106165332836477e-04
1.301403236142386483e-04
1.298718430042189117e-04
1.296051599281225063e-04
1.293402597596179004e-04
1.290771280193254847e-04
1.288157503730292077e-04
1.285561126299078353e-04
1.282982007407978693e-04
1.280420007964767134e-04
1.277874990259732148e-04
1.275346817948993757e-04
1.272835356038091146e-04
1.270340470865774388e-04
1.267862030088043627e-04
1.265399902662415414e-04
1.262953958832386354e-04
1.260524070112144777e-04
1.258110109271477555e-04
1.255711950320891599e-04
1.253329468496951107e-04
1.250962540247815662e-04
1.248611043218967795e-04
1.248611043218223490e-04
