8.731994620532854839e-05
8.731509080059775361e-05
8.730988587007297661e-05
8.730466958234988251e-05
8.729942127628849034e-05
8.729412963353159213e-05
8.728878975793555740e-05
8.728340173019710660e-05
8.727796809776823517e-05
8.727249222589647689e-05
8.726697900533102788e-05
8.726143330853760032e-05
8.725585912139470241e-05
8.725026095853030412e-05
8.724464268770509075e-05
8.723900824947583262e-05
8.723336078328448320e-05
8.722770321004556999e-05
8.722203830707387522e-05
8.721636771492708373e-05
8.721069370648063261e-05
8.720501845349963609e-05
8.719934359190140724e-05
8.719367030844472650e-05
8.718799960071340466e-05
8.718233303831953069e-05
8.717667156467440149e-05
8.717101654701165455e-05
8.716536819823922822e-05
8.715972821206432227e-05
8.715409682273548393e-05
8.714847445720289574e-05
8.714286151705824080e-05
8.713725901355238947e-05
8.713166734732451257e-05
8.712608739217976160e-05
8.712051911727323528e-05
8.711496306831176457e-05
8.710941990255103922e-05
8.710388973836242284e-05
8.709837273264361718e-05
8.709286942923502627e-05
8.708738028059272943e-05
8.708190602264886167e-05
8.707644629117476979e-05
8.707100124973805888e-05
8.706557071625179876e-05
8.706015554530498559e-05
8.705475628526607179e-05
8.704937227104721307e-05
8.704400475243935671e-05
8.703865299139862649e-05
8.703331862548602661e-05
8.702800017609559600e-05
8.702274530590651733e-05
8.701683174488606765e-05
8.702426988646490063e-05
8.756020368596101008e-05
8.830278005026398838e-05
8.922700710366592686e-05
9.019275261507867707e-05
9.117372488088261646e-05
9.217617845320446343e-05
9.321593610750079505e-05
9.431615266190043767e-05
9.550736502171380208e-05
9.682879602557407212e-05
9.833175291419139243e-05
1.000859072703383807e-04
1.021900337385694832e-04
1.047907491818504184e-04
1.081159260219471290e-04
1.125362479285123231e-04
1.186786337763067628e-04
1.276201644861822714e-04
1.411202403909534039e-04
1.614653050359898074e-04
1.899492848094957781e-04
2.248272723058546032e-04
2.624037298522225782e-04
2.996675689016310338e-04
3.347850979140861143e-04
3.666219192241136279e-04
3.945435900303939213e-04
4.183835645099589422e-04
4.383571123703484907e-04
4.549119003914851747e-04
4.685829308020619398e-04
4.798932982926789768e-04
4.893037047275922147e-04
4.971961805463290685e-04
5.038764538554923577e-04
5.095842107951090074e-04
5.145052950165002236e-04
5.187831023607436705e-04
5.225281932237141238e-04
5.258259885033510607e-04
5.287427567078596896e-04
5.313301981500324032e-04
5.336289256423205722e-04
5.356710973814434460e-04
5.374824067607951190e-04
5.390835875150975414e-04
5.404915544865848340e-04
5.417202704625249726e-04
5.427814067846455657e-04
5.436848483374336202e-04
5.444390807733730936e-04
5.450514883535049430e-04
5.455285837346503372e-04
5.458761857879427994e-04
5.460995576168519751e-04
5.462035140097820998e-04
5.461925053578395913e-04
5.460706834054744174e-04
5.458419529428438100e-04
5.455100125925262241e-04
5.450783871147307346e-04
5.445504530984775562e-04
5.439294594799595761e-04
5.432185440021326632e-04
5.424207464780590000e-04
5.415390195269228915e-04
5.405762373024002466e-04
5.395352026179781177e-04
5.384186527849882083e-04
5.372292644105120018e-04
5.359696573493900537e-04
5.346423979635505632e-04
5.332500018102776006e-04
5.317949358565791191e-04
5.302796202978003574e-04
5.287064300439688492e-04
5.270776959259200088e-04
5.253957056643323133e-04
5.236627046378102739e-04
5.218808964806499794e-04
5.200524435365332532e-04
5.181794671908940579e-04
5.162640481018009736e-04
5.143082263468833982e-04
5.123140015018233387e-04
5.102833326642682498e-04
5.082181384355506258e-04
5.061202968713295882e-04
5.039916454111159020e-04
5.018339807956073055e-04
4.996490589798234256e-04
4.974385950491383305e-04
4.952042631445174176e-04
4.929476964024901266e-04
4.906704869146971638e-04
4.883741857111808865e-04
4.860603027709720493e-04
4.837303070629389644e-04
4.813856266193421076e-04
4.790276486439948864e-04
4.766577196565288817e-04
4.742771456737502429e-04
4.718871924287356421e-04
4.694890856279285390e-04
4.670840112461591576e-04
4.646731158592233937e-04
4.622575070133605924e-04
4.598382536307657063e-04
4.574163864500079392e-04
4.549928985000824787e-04
4.525687456066182566e-04
4.501448469286707275e-04
4.477220855243583273e-04
4.453013089435445184e-04
4.428833298456759274e-04
4.404689266408244141e-04
4.380588441519455149e-04
4.356537942963403277e-04
4.332544567842935455e-04
4.308614798328689070e-04
4.284754808928460993e-04
4.260970473868231538e-04
4.237267374565416083e-04
4.213650807175215222e-04
4.190125790191647197e-04
4.166697072085394967e-04
4.143369138961188955e-04
4.120146222218096558e-04
4.097032306197086367e-04
4.074031135800746284e-04
4.051146224070901526e-04
4.028380859710903078e-04
4.005738114539793564e-04
3.983220850866796715e-04
3.960831728775185434e-04
3.938573213305469217e-04
3.916447581528634259e-04
3.894456929501123664e-04
3.872603179093749340e-04
3.850888084687889958e-04
3.829313239732734303e-04
3.807880083158393506e-04
3.786589905640138222e-04
3.765443855710028922e-04
3.744442945712718159e-04
3.723588057602842207e-04
3.702879948582271717e-04
3.682319256575834667e-04
3.661906505544907189e-04
3.641642110638562170e-04
3.621526383182673003e-04
3.601559535507617036e-04
3.581741685615731229e-04
3.562072861689872562e-04
3.542553006445057530e-04
3.523181981324991332e-04
3.503959570546057948e-04
3.484885484991223571e-04
3.465959365956712427e-04
3.447180788754444130e-04
3.428549266173474891e-04
3.410064251803797625e-04
3.391725143226083177e-04
3.373531285070956783e-04
3.355481971951776877e-04
3.337576451274709309e-04
3.319813925930208826e-04
3.302193556870008798e-04
3.284714465573876320e-04
3.267375736410384917e-04
3.250176418896074206e-04
3.233115529857474792e-04
3.216192055500412196e-04
3.199404953391153227e-04
3.182753154354107808e-04
3.166235564290510360e-04
3.149851065923030117e-04
3.133598520470939918e-04
3.117476769260723473e-04
3.101484635276940374e-04
3.085620924658413170e-04
3.069884428144599680e-04
3.054273922477353112e-04
3.038788171763133722e-04
3.023425928800853443e-04
3.008185936380679075e-04
2.993066928559048618e-04
2.978067631915221470e-04
2.963186766794844232e-04
2.948423048545778004e-04
2.933775188751582192e-04
2.919241896468111595e-04
2.904821879468213021e-04
2.890513845499707185e-04
2.876316503561592778e-04
2.862228565202875686e-04
2.848248745848381267e-04
2.834375766155134107e-04
2.820608353402490054e-04
2.806945242918283830e-04
2.793385179542369695e-04
2.779926919127890714e-04
2.766569230079092686e-04
2.753310894922982532e-04
2.740150711910335486e-04
2.727087496639274303e-04
2.714120083692302316e-04
2.701247328274921072e-04
2.688468107840816853e-04
2.675781323685538131e-04
2.663185902486850864e-04
2.650680797766576959e-04
2.638264991244931921e-04
2.625937494055111555e-04
2.613697347782810367e-04
2.601543625292851458e-04
2.589475431303890651e-04
2.577491902671832902e-04
2.565592208344201486e-04
2.553775548951236021e-04
2.542041156005237358e-04
2.530388290688150368e-04
2.518816242218416658e-04
2.507324325801797769e-04
2.495911880187119442e-04
2.484578264865829446e-04
2.473322856973780913e-04
2.462145047973409427e-04
2.451044240213358957e-04
2.440019843479753468e-04
2.429071271666854634e-04
2.418197939703295018e-04
2.407399260872683815e-04
2.396674644661909255e-04
2.386023495256467647e-04
2.375445210778829512e-04
2.364939183332968040e-04
2.354504799876493755e-04
2.344141443893209026e-04
2.333848497785903501e-04
2.323625345856432042e-04
2.313471377691841014e-04
2.303385991738064525e-04
2.293368598820759582e-04
2.283418625371153141e-04
2.273535516134630671e-04
2.263718736180574847e-04
2.253967772089463656e-04
2.244282132261268456e-04
2.234661346358653275e-04
2.225104963962384408e-04
2.215612552566694003e-04
2.206183695075544175e-04
2.196817986974624964e-04
2.187515033350671139e-04
2.178274445912222628e-04
2.169095840139485224e-04
2.159978832660734802e-04
2.150923038922770991e-04
2.141928071197288653e-04
2.132993536945838940e-04
2.124119037553464891e-04
2.115304167437002611e-04
2.106548513543963293e-04
2.097851655261922382e-04
2.089213164776493315e-04
2.080632607939589685e-04
2.072109545735968878e-04
2.063643536466029194e-04
2.055234138794770674e-04
2.046880915848930602e-04
2.038583440573281586e-04
2.030341302577025407e-04
2.022154116703544363e-04
2.014021533527925081e-04
2.005943251907968817e-04
1.997919033561997655e-04
1.989948719394193477e-04
1.982032246912760962e-04
1.974169667583253120e-04
1.966361162360876825e-04
1.958607053045545454e-04
1.950907806672473490e-04
1.943264030125217202e-04
1.935676452775064889e-04
1.928145896332506459e-04
1.920673233118682743e-04
1.913259336196854697e-04
1.905905026610153264e-04
1.898611023755675947e-04
1.891377904405805042e-04
1.884206074234059686e-04
1.877095753447985925e-04
1.870046975922354964e-04
1.863059599568333701e-04
1.856133324792248154e-04
1.849267717748830672e-04
1.842462235471004246e-04
1.835716250611839047e-04
1.829029074254288564e-04
1.822399975894516935e-04
1.815828200220095891e-04
1.809312980671408540e-04
1.802853550008646686e-04
1.796449148235497483e-04
1.790099028283532491e-04
1.783802459863210305e-04
1.777558731859425593e-04
1.771367153605044953e-04
1.765227055315574133e-04
1.759137787917879568e-04
1.753098722459458115e-04
1.747109249244005371e-04
1.741168776804164202e-04
1.735276730794094895e-04
1.729432552861390985e-04
1.723635699539873565e-04
1.717885641190920721e-04
1.712181861010442696e-04
1.706523854110823942e-04
1.700911126681679624e-04
1.695343195229266652e-04
1.689819585891734390e-04
1.684339833825874153e-04
1.678903482659870603e-04
1.673510084006299002e-04
1.668159197029376760e-04
1.662850388060709169e-04
1.657583230258009399e-04
1.652357303301680994e-04
1.647172193124677515e-04
1.642027491671316892e-04
1.636922796681396165e-04
1.631857711496239650e-04
1.626831844883720897e-04
1.621844810879739601e-04
1.616896228643948980e-04
1.611985722327696432e-04
1.607112920952638157e-04
1.602277458298501458e-04
1.597478972798792090e-04
1.592717107443397662e-04
1.587991509687151990e-04
1.583301831363647261e-04
1.578647728603561624e-04
1.574028861756982878e-04
1.569444895319279136e-04
1.564895497860040478e-04
1.560380341954818945e-04
1.555899104119275178e-04
1.551451464745623031e-04
1.547037108041028185e-04
1.542655721967827679e-04
1.538306998185437003e-04
1.533990631993811663e-04
1.529706322278262380e-04
1.525453771455668084e-04
1.521232685421844953e-04
1.517042773500179348e-04
1.512883748391261204e-04
1.508755326123628452e-04
1.504657226005469070e-04
1.500589170577308390e-04
1.496550885565558087e-04
1.492542099837001915e-04
1.488562545354090252e-04
1.484611957131072200e-04
1.480690073190899360e-04
1.476796634522934359e-04
1.472931385041373591e-04
1.469094071544426740e-04
1.465284443674184217e-04
1.461502253877189339e-04
1.457747257365677558e-04
1.454019212079488436e-04
1.450317878648610804e-04
1.446643020356355117e-04
1.442994403103155471e-04
1.439371795370971449e-04
1.435774968188274628e-04
1.432203695095613503e-04
1.428657752111755477e-04
1.425136917700365539e-04
1.421640972737248988e-04
1.418169700478119730e-04
1.414722886526884927e-04
1.411300318804438675e-04
1.407901787517975287e-04
1.404527085130798602e-04
1.401176006332556295e-04
1.397848348010042045e-04
1.394543909218394246e-04
1.391262491152739779e-04
1.388003897120350079e-04
1.384767932513187509e-04
1.381554404780874028e-04
1.378363123404135018e-04
1.375193899868592487e-04
1.372046547639001180e-04
1.368920882133888809e-04
1.365816720700568996e-04
1.362733882590540994e-04
1.359672188935268880e-04
1.356631462722349710e-04
1.353611528772018853e-04
1.350612213714006890e-04
1.347633345964781662e-04
1.344674755705106911e-04
1.341736274857950584e-04
1.338817737066700763e-04
1.335918977673756472e-04
1.333039833699390612e-04
1.330180143820941410e-04
1.327339748352329674e-04
1.324518489223856039e-04
1.321716209962305857e-04
1.318932755671344383e-04
1.316167973012220686e-04
1.313421710184710356e-04
1.310693816908374261e-04
1.307984144404068826e-04
1.305292545375735238e-04
1.302618873992446140e-04
1.299962985870725272e-04
1.297324738057092095e-04
1.294703989010887206e-04
1.292100598587327890e-04
1.289514428020795687e-04
1.286945339908394188e-04
1.284393198193709592e-04
1.281857868150816280e-04
1.279339216368497064e-04
1.276837110734701966e-04
1.274351420421193475e-04
1.271882015868467731e-04
1.269428768770819644e-04
1.266991552061647616e-04
1.264570239898961011e-04
1.262164707651091994e-04
1.259774831882599553e-04
1.257400490340362432e-04
1.255041561939880513e-04
1.252697926751735564e-04
1.252697926750993699e-04
