8.731994591624044543e-05
8.731509091543320866e-05
8.730988675140506617e-05
8.730467116978430362e-05
8.729942351236401863e-05
8.729413221958344819e-05
8.728879289835767029e-05
8.728340540658305737e-05
8.727797208337107144e-05
8.727249664781496961e-05
8.726698389584923476e-05
8.726143872383216942e-05
8.725586462982423035e-05
8.725026481836364194e-05
8.724464481939898713e-05
8.723901069054855364e-05
8.723340502814369731e-05
8.722734849969001323e-05
8.722844596555189413e-05
8.758469172027576492e-05
8.832564590462556667e-05
8.925938264219457526e-05
9.021955249007358637e-05
9.119623776240228115e-05
9.219329072612110455e-05
9.322349744031432071e-05
9.430836894895345277e-05
9.547674850604823149e-05
9.676546366251427957e-05
9.822229263330166024e-05
9.991146208773411060e-05
1.019229010376323006e-04
1.043882705020523208e-04
1.075093680746731475e-04
1.116097573141738229e-04
1.172294883444969328e-04
1.252907467565874354e-04
1.373245828565424647e-04
1.554868479819994332e-04
1.815071076525266996e-04
2.145559054518607681e-04
2.512855413844640234e-04
2.884323912629678586e-04
3.239146608520864488e-04
3.564517694763966421e-04
3.852789899499949370e-04
4.100987825589374265e-04
4.310200810202132198e-04
4.484253379070343476e-04
4.628225327012399932e-04
4.747335462490826115e-04
4.846313740998638955e-04
4.929153440857978515e-04
4.999087610079842479e-04
5.058670264862710894e-04
5.109891559829703514e-04
5.154291973881869326e-04
5.193061538371939378e-04
5.227120635378374727e-04
5.257183517646354292e-04
5.283807287110683275e-04
5.307429241519611828e-04
5.328395226470469641e-04
5.346981089097992655e-04
5.363408956752579787e-04
5.377859563938978222e-04
5.390481639567072398e-04
5.401399074199882437e-04
5.410716385225715786e-04
5.418522927398440863e-04
5.424896100850399444e-04
5.429903872967318254e-04
5.433606722233639977e-04
5.436059104213545809e-04
5.437310594068076952e-04
5.437406888952814451e-04
5.436390480800215759e-04
5.434301176668567468e-04
5.431176579145229619e-04
5.427052431878331409e-04
5.421962904350408150e-04
5.415940814475032070e-04
5.409017804504282325e-04
5.401224484661527533e-04
5.392590549904521281e-04
5.383144874752377167e-04
5.372915590611790403e-04
5.361930149053111645e-04
5.350215373736868889e-04
5.337797503211517405e-04
5.324702226308657312e-04
5.310954711319398674e-04
5.296579629999515924e-04
5.281601177365846536e-04
5.266043087909910020e-04
5.249928648723053417e-04
5.233280710063344804e-04
5.216121693869753316e-04
5.198473600649161815e-04
5.180358014899597106e-04
5.161796109104589041e-04
5.142808646525115794e-04
5.123415983080959173e-04
5.103638068522175315e-04
5.083494447028371168e-04
5.063004257353523547e-04
5.042186232625328005e-04
5.021058699899838941e-04
4.999639579563047460e-04
4.977946384661661918e-04
4.955996220236535011e-04
4.933805782723752658e-04
4.911391359480540581e-04
4.888768828486113414e-04
4.865953658260585590e-04
4.842960908039031331e-04
4.819805228231555539e-04
4.796500861195249535e-04
4.773061642338359361e-04
4.749501001572424422e-04
4.725831965123935413e-04
4.702067157712639051e-04
4.678218805100338548e-04
4.654298737010294988e-04
4.630318390414536983e-04
4.606288813183377889e-04
4.582220668089166259e-04
4.558124237153911621e-04
4.534009426328631121e-04
4.509885770490299102e-04
4.485762438741460931e-04
4.461648239995364426e-04
4.437551628829392828e-04
4.413480711588164051e-04
4.389443252717304799e-04
4.365446681308332924e-04
4.341498097834853233e-04
4.317604281060075122e-04
4.293771695095715190e-04
4.270006496592347990e-04
4.246314542041582465e-04
4.222701395170791851e-04
4.199172334411477173e-04
4.175732360422747778e-04
4.152386203652314728e-04
4.129138331917589087e-04
4.105992957990509877e-04
4.082954047170210521e-04
4.060025324828630666e-04
4.037210283914707668e-04
4.014512192403883652e-04
3.991934100680206618e-04
3.969478848839453396e-04
3.947149073902239962e-04
3.924947216927192166e-04
3.902875530014923212e-04
3.880936083194422358e-04
3.859130771184380898e-04
3.837461320022612487e-04
3.815929293557685452e-04
3.794536099797423626e-04
3.773282997109955132e-04
3.752171100273414138e-04
3.731201386371235966e-04
3.710374700530657036e-04
3.689691761502562981e-04
3.669153167081483607e-04
3.648759399365099918e-04
3.628510829853178626e-04
3.608407724386344527e-04
3.588450247925542374e-04
3.568638469173635659e-04
3.548972365040810361e-04
3.529451824956168337e-04
3.510076655027961228e-04
3.490846582055475138e-04
3.471761257395930924e-04
3.452820260689973622e-04
3.434023103449807554e-04
3.415369232514204960e-04
3.396858033374927166e-04
3.378488833379546166e-04
3.360260904815630628e-04
3.342173467881830108e-04
3.324225693551464945e-04
3.306416706334569782e-04
3.288745586944629221e-04
3.271211374876450083e-04
3.253813070901850619e-04
3.236549639490305568e-04
3.219420011161767872e-04
3.202423084779182187e-04
3.185557729788701361e-04
3.168822788415540602e-04
3.152217077823981435e-04
3.135739392250080850e-04
3.119388505115962035e-04
3.103163171134560878e-04
3.087062128414046658e-04
3.071084100570936420e-04
3.055227798860959900e-04
3.039491924336555173e-04
3.023875170039529853e-04
3.008376223236880042e-04
2.992993767707258332e-04
2.977726486084285437e-04
2.962573062262274467e-04
2.947532183867737003e-04
2.932602544798715771e-04
2.917782847831370922e-04
2.903071807290527736e-04
2.888468151777613853e-04
2.873970626945415610e-04
2.859577998304713175e-04
2.845289054042547000e-04
2.831102607826114256e-04
2.817017501560026694e-04
2.803032608057653063e-04
2.789146833580030574e-04
2.775359120188708841e-04
2.761668447851750802e-04
2.748073836235893430e-04
2.734574346113170492e-04
2.721169080307302862e-04
2.707857184105549528e-04
2.694637845065620940e-04
2.681510292155871449e-04
2.668473794181251886e-04
2.655527657467281872e-04
2.642671222800737035e-04
2.629903861657573042e-04
2.617224971785617063e-04
2.604633972249953584e-04
2.592130298090441760e-04
2.579713394780915937e-04
2.567382712714635245e-04
2.555137701967051512e-04
2.542977807600795351e-04
2.530902465775704594e-04
2.518911100904881219e-04
2.507003124054668066e-04
2.495177932720809883e-04
2.483434912027077850e-04
2.471773437290519034e-04
2.460192877786903536e-04
2.448692601442624579e-04
2.437271980087472086e-04
2.425930394841420976e-04
2.414667241188025938e-04
2.403481933314759471e-04
2.392373907374938742e-04
2.381342623438006620e-04
2.370387566029108191e-04
2.359508243295479969e-04
2.348704184957161960e-04
2.337974939288410764e-04
2.327320069426051623e-04
2.316739149311843927e-04
2.306231759553927570e-04
2.295797483447627500e-04
2.285435903340188074e-04
2.275146597467577175e-04
2.264929137343098806e-04
2.254783085741672067e-04
2.244707995301535065e-04
2.234703407765019335e-04
2.224768853890416397e-04
2.214903854082566010e-04
2.205107919825909058e-04
2.195380556042796148e-04
2.185721264543722493e-04
2.176129548781741737e-04
2.166604920165369173e-04
2.157146906216158189e-04
2.147755060867544022e-04
2.138428977173505467e-04
2.129168302605302817e-04
2.119972756929970332e-04
2.110842152348925990e-04
2.101776415095804866e-04
2.092775607039007988e-04
2.083839945044556211e-04
2.074969815053578849e-04
2.066165777248778538e-04
2.057428558654809947e-04
2.048759030369868553e-04
2.040158168525063891e-04
2.031627000816434311e-04
2.023166543419229499e-04
2.014777735370109030e-04
2.006461378293823911e-04
1.998218088356776712e-04
1.990048264895532767e-04
1.981952077102165351e-04
1.973929467335120173e-04
1.965980167680241475e-04
1.958103725514318807e-04
1.950299533878271734e-04
1.942566863126444295e-04
1.934904891244843971e-04
1.927312731168236940e-04
1.919789454224175287e-04
1.912334109433878426e-04
1.904945738806269483e-04
1.897623389004048674e-04
1.890366119879315879e-04
1.883173010410058371e-04
1.876043162548659518e-04
1.868975703443684908e-04
1.861969786432213561e-04
1.855024591133185843e-04
1.848139322908711921e-04
1.841313211903290021e-04
1.834545511822049892e-04
1.827835498568611348e-04
1.821182468830202057e-04
1.814585738671728400e-04
1.808044642180323266e-04
1.801558530186700077e-04
1.795126769078336034e-04
1.788748739711427526e-04
1.782423836422737163e-04
1.776151466138714877e-04
1.769931047576671856e-04
1.763762010531396112e-04
1.757643795239706745e-04
1.751575851815384837e-04
1.745557639747000558e-04
1.739588627451425697e-04
1.733668291876480617e-04
1.727796118146631885e-04
1.721971599246257796e-04
1.716194235735709370e-04
1.710463535495756310e-04
1.704779013496736243e-04
1.699140191589112330e-04
1.693546598312497024e-04
1.687997768720768627e-04
1.682493244220981891e-04
1.677032572424213782e-04
1.671615307006635168e-04
1.666241007579390295e-04
1.660909239566008759e-04
1.655619574086394789e-04
1.650371587846521059e-04
1.645164863033212832e-04
1.639998987213421512e-04
1.634873553237632259e-04
1.629788159146964123e-04
1.624742408083612783e-04
1.619735908204387586e-04
1.614768272597030113e-04
1.609839119199076561e-04
1.604948070719028374e-04
1.600094754559684522e-04
1.595278802743405272e-04
1.590499851839213960e-04
1.585757542891639714e-04
1.581051521351103007e-04
1.576381437005874918e-04
1.571746943915448846e-04
1.567147700345295663e-04
1.562583368702938878e-04
1.558053615475299956e-04
1.553558111167284222e-04
1.549096530241534731e-04
1.544668551059324817e-04
1.540273855822614805e-04
1.535912130517118389e-04
1.531583064856495218e-04
1.527286352227524423e-04
1.523021689636286987e-04
1.518788777655337180e-04
1.514587320371794759e-04
1.510417025336411852e-04
1.506277603513500173e-04
1.502168769231789012e-04
1.498090240136106411e-04
1.494041737139935018e-04
1.490022984378796818e-04
1.486033709164435556e-04
1.482073641939797690e-04
1.478142516234795848e-04
1.474240068622830705e-04
1.470366038678049285e-04
1.466520168933328338e-04
1.462702204839000928e-04
1.458911894722241952e-04
1.455148989747154860e-04
1.451413243875535736e-04
1.447704413828288439e-04
1.444022259047494602e-04
1.440366541659070731e-04
1.436737026436108616e-04
1.433133480762768417e-04
1.429555674598798694e-04
1.426003380444614520e-04
1.422476373306953484e-04
1.418974430665105775e-04
1.415497332437672812e-04
1.412044860949863100e-04
1.408616800901347805e-04
1.405212939334572232e-04
1.401833065603646817e-04
1.398476971343664470e-04
1.395144450440580631e-04
1.391835299001501522e-04
1.388549315325481699e-04
1.385286299874766949e-04
1.382046055246497970e-04
1.378828386144855585e-04
1.375633099353646696e-04
1.372460003709297072e-04
1.369308910074280275e-04
1.366179631310958018e-04
1.363071982255806248e-04
1.359985779694074086e-04
1.356920842334792424e-04
1.353876990786186390e-04
1.350854047531446951e-04
1.347851836904909910e-04
1.344870185068533053e-04
1.341908919988785023e-04
1.338967871413853771e-04
1.336046870851208984e-04
1.333145751545494122e-04
1.330264348456753742e-04
1.327402498238977949e-04
1.324560039218979969e-04
1.321736811375568625e-04
1.318932656319053937e-04
1.316147417271017260e-04
1.313380939044419432e-04
1.310633068023978065e-04
1.307903652146833243e-04
1.305192540883497816e-04
1.302499585219090133e-04
1.299824637634833485e-04
1.297167552089819014e-04
1.294528184003041567e-04
1.291906390235696026e-04
1.289302029073712171e-04
1.286714960210564652e-04
1.284145044730295197e-04
1.281592145090813188e-04
1.279056125107410908e-04
1.276536849936509726e-04
1.274034186059655916e-04
1.271548001267732504e-04
1.269078164645390402e-04
1.266624546555698263e-04
1.264187018625015976e-04
1.261765453728064105e-04
1.259359725973235400e-04
1.256969710688055368e-04
1.254595284404895472e-04
1.252236324846877150e-04
1.249892710913927071e-04
1.247564322669095867e-04
1.245251041324985271e-04
1.242952749230449567e-04
1.240669329857397598e-04
1.238400667787822721e-04
1.236146648700991069e-04
1.233907159360821159e-04
1.231682087603428312e-04
1.229471322324819226e-04
1.227274753468773308e-04
1.225092272014891243e-04
1.222923769966785318e-04
1.220769140340439702e-04
1.218628277152734304e-04
1.216501075410096556e-04
1.214387431097346880e-04
1.212287241166652691e-04
1.210200403526649250e-04
1.208126817031695080e-04
1.206066381471268740e-04
1.204018997559529452e-04
1.201984566924988444e-04
1.199962992100329516e-04
1.197954176512355232e-04
1.195958024472056845e-04
1.193974441164852415e-04
1.192003332640906510e-04
1.190044605805605353e-04
1.188098168410143369e-04
1.186163929042230631e-04
1.184241797116931076e-04
1.182331682867600336e-04
1.180433497336965873e-04
1.178547152368312958e-04
1.176672560596760364e-04
1.174809635440684738e-04
1.172958291093223297e-04
1.171118442513911518e-04
1.169290005420410669e-04
1.167472896280335640e-04
1.165667032303207315e-04
1.163872331432494120e-04
1.163872331431925727e-04
