8.731911033985226766e-05
8.731371827285396416e-05
8.730804320341581869e-05
8.730241555229388149e-05
8.729680403750827067e-05
8.729118644802496239e-05
8.728554930513375684e-05
8.727988524683193648e-05
8.727419107825340385e-05
8.726846635830951926e-05
8.726271278550971205e-05
8.725693296233544500e-05
8.725112869989965034e-05
8.724530196106632216e-05
8.723945734426044054e-05
8.723360020092713616e-05
8.722777238853623755e-05
8.722149681785571905e-05
8.722234116621303693e-05
8.757800283387467619e-05
8.831419072450264667e-05
8.923199333709972239e-05
9.015526192805687375e-05
9.106357253758660063e-05
9.194985380845688836e-05
9.281467975070935674e-05
9.366466063529371971e-05
9.450913041023809534e-05
9.535818506534868354e-05
9.622188724422073270e-05
9.710997193438236370e-05
9.803168623755164398e-05
9.899580983409791697e-05
1.000107810336789882e-04
1.010848627063701781e-04
1.022263020901458740e-04
1.034434714774069668e-04
1.047449851810100530e-04
1.061397906038996029e-04
1.076372145014480296e-04
1.092469694235548896e-04
1.109791117615606003e-04
1.128439331257419758e-04
1.148517864595408717e-04
1.170128274879327459e-04
1.193366724880640795e-04
1.218319758736004541e-04
1.245059294322435042e-04
1.273637098863881914e-04
1.304079008026579978e-04
1.336379486704694186e-04
1.370496996348020871e-04
1.406350745024397919e-04
1.443819325272574115e-04
1.482741478976601259e-04
1.522919099466102583e-04
1.564122242108242022e-04
1.606095653427054093e-04
1.648566396485100845e-04
1.691251970828849013e-04
1.733868381866015976e-04
1.776137766730145255e-04
1.817795223598218425e-04
1.858594666898854913e-04
1.898313501157063165e-04
1.936756083336622848e-04
1.973755956296596758e-04
2.009176853683875322e-04
2.042912632421690293e-04
2.074886247080733601e-04
2.105047962213578373e-04
2.133372954585339618e-04
2.159858526171486495e-04
2.184521144629031060e-04
2.207393433946960761e-04
2.228521204130516002e-04
2.247960668903455919e-04
2.265775956331450428e-04
2.282036857474893210e-04
2.296816877738039721e-04
2.310191583407016124e-04
2.322237231514721510e-04
2.333029660194137775e-04
2.342643409473061191e-04
2.351151043549229110e-04
2.358622646178736601e-04
2.365125461890132356e-04
2.370723657844653624e-04
2.375478183829125790e-04
2.379446710712474508e-04
2.382683630498209221e-04
2.385240103734789265e-04
2.387164142434184397e-04
2.388500718765254073e-04
2.389291891626981758e-04
2.389576944778498029e-04
2.389392531528405927e-04
2.388772822090747092e-04
2.387749650625703316e-04
2.386352659726692714e-04
2.384609440716807115e-04
2.382545668598808660e-04
2.380185230884592634e-04
2.377550349829534132e-04
2.374661697828906609e-04
2.371538505910789736e-04
2.368198665393012894e-04
2.364658822869140670e-04
2.360934468758147178e-04
2.357040019699792387e-04
2.352988895107758778e-04
2.348793588209486334e-04
2.344465731907990490e-04
2.340016159800056481e-04
2.335454962678428609e-04
2.330791540834786107e-04
2.326034652466917128e-04
2.321192458478058495e-04
2.316272563940092782e-04
2.311282056475451221e-04
2.306227541795673912e-04
2.301115176618024954e-04
2.295950699165406016e-04
2.290739457439564496e-04
2.285486435442830161e-04
2.280196277509741816e-04
2.274873310897219762e-04
2.269521566769663954e-04
2.264144799704240056e-04
2.258746505831204566e-04
2.253329939714650211e-04
2.247898130070122497e-04
2.242453894407428700e-04
2.236999852679819479e-04
2.231538440013576226e-04
2.226071918586073890e-04
2.220602388714676889e-04
2.215131799213571962e-04
2.209661957071018762e-04
2.204194536495206365e-04
2.198731087372907513e-04
2.193273043181664060e-04
2.187821728392925949e-04
2.182378365400681780e-04
2.176944081007277918e-04
2.171519912495899869e-04
2.166106813316765172e-04
2.160705658412155269e-04
2.155317249203432160e-04
2.149942318261694894e-04
2.144581533681955024e-04
2.139235503179365706e-04
2.133904777924895072e-04
2.128589856136364560e-04
2.123291186439931009e-04
2.118009171015901434e-04
2.112744168541974652e-04
2.107496496946088056e-04
2.102266435980230908e-04
2.097054229625954478e-04
2.091860088341547204e-04
2.086684191160288174e-04
2.081526687648517602e-04
2.076387699731843933e-04
2.071267323397235269e-04
2.066165630278293981e-04
2.061082669130609208e-04
2.056018467203599761e-04
2.050973031515002998e-04
2.045946350033694668e-04
2.040938392776337179e-04
2.035949112822890792e-04
2.030978447255850914e-04
2.026026318027833722e-04
2.021092632761766698e-04
2.016177285487852019e-04
2.011280157321120000e-04
2.006401117083442384e-04
2.001540021873387653e-04
1.996696717587365024e-04
1.991871039395360168e-04
1.987062812174304912e-04
1.982271850902166566e-04
1.977497961015661733e-04
1.972740938734446846e-04
1.968000571354661034e-04
1.963276637514469727e-04
1.958568907434513865e-04
1.953877143135894436e-04
1.949201098638521574e-04
1.944540520142611084e-04
1.939895146196261172e-04
1.935264707851964614e-04
1.930648928815163702e-04
1.926047525588010572e-04
1.921460207611658982e-04
1.916886677410519033e-04
1.912326630742228087e-04
1.907779756757177557e-04
1.903245738171701468e-04
1.898724251459343545e-04
1.894214967064895795e-04
1.889717549646088043e-04
1.885231658348293052e-04
1.880756947117817580e-04
1.876293065059822995e-04
1.871839656847015289e-04
1.867396363185958800e-04
1.862962821347738699e-04
1.858538665770271073e-04
1.854123528739574369e-04
1.849717041157455282e-04
1.845318833403032871e-04
1.840928536295280242e-04
1.836545782163481744e-04
1.832170206031734686e-04
1.827801446922815750e-04
1.823439149285628830e-04
1.819082964548478871e-04
1.814732552798850422e-04
1.810387584587412710e-04
1.806047742851033531e-04
1.801712724945847511e-04
1.797382244776896977e-04
1.793056035005778995e-04
1.788733849311820829e-04
1.784415464675726578e-04
1.780100683647319103e-04
1.775789336551342028e-04
1.771481283577307946e-04
1.767176416691369691e-04
1.762874661301027117e-04
1.758575977597242538e-04
1.754280361494510963e-04
1.749987845088195814e-04
1.745698496551086282e-04
1.741412419398887760e-04
1.737129751067582981e-04
1.732850660765754367e-04
1.728575346591645456e-04
1.724304031938208605e-04
1.720036961248353738e-04
1.715774395225723502e-04
1.711516605650794981e-04
1.707263869994715363e-04
1.703016466060434562e-04
1.698774666907436673e-04
1.694538736329176821e-04
1.690308925146232963e-04
1.686085468550351006e-04
1.681868584683096147e-04
1.677658474557466406e-04
1.673455323335098512e-04
1.669259302862073397e-04
1.665070575252808002e-04
1.660889297208054691e-04
1.656715624674457408e-04
1.652549717413181226e-04
1.648391743053942134e-04
1.644241880269503835e-04
1.640100320808551674e-04
1.635967270255561147e-04
1.631842947525137663e-04
1.627727583223517911e-04
1.623621417104690039e-04
1.619524694902982928e-04
1.615437664836699044e-04
1.611360574054939701e-04
1.607293665252805298e-04
1.603237173621878300e-04
1.599191324244273924e-04
1.595156329989086267e-04
1.591132389934278373e-04
1.587119688316232632e-04
1.583118394009577410e-04
1.579128660550432341e-04
1.575150626733618062e-04
1.571184417847877710e-04
1.567230147649427917e-04
1.563287921213465546e-04
1.559357838842620296e-04
1.555440001246679899e-04
1.551534516232349269e-04
1.547641507145472038e-04
1.543761123275670210e-04
1.539893552342879682e-04
1.536039035008476914e-04
1.532197881059430933e-04
1.528370486477152919e-04
1.524557350023525632e-04
1.520759087305863276e-04
1.516976439655045455e-04
1.513210274796799053e-04
1.509461576511778394e-04
1.505731421520153208e-04
1.502020943732081375e-04
1.498331288454991166e-04
1.494663561465491366e-04
1.491018779245595555e-04
1.487397826617245468e-04
1.483801426490128131e-04
1.480230124003654047e-04
1.476684284785110505e-04
1.473164105046508986e-04
1.469669630145896779e-04
1.466200778028080352e-04
1.462757364388362279e-04
1.459339127158641508e-04
1.455945748736862271e-04
1.452576875105196876e-04
1.449232131537997405e-04
1.445911134979307653e-04
1.442613503396725488e-04
1.439338862530820226e-04
1.436086850492509798e-04
1.432857120644629161e-04
1.429649343160339730e-04
1.426463205594949261e-04
1.423298412749282322e-04
1.420154686047161757e-04
1.417031762600400599e-04
1.413929394092651708e-04
1.410847345578923021e-04
1.407785394269677338e-04
1.404743328346858889e-04
1.401720945842471853e-04
1.398718053598028976e-04
1.395734466314102007e-04
1.392770005692837033e-04
1.389824499672074069e-04
1.386897781746704262e-04
1.383989690371257143e-04
1.381100068436831086e-04
1.378228762814992221e-04
1.375375623961464931e-04
1.372540505572667987e-04
1.369723264288591382e-04
1.366923759436116075e-04
1.364141852807445351e-04
1.361377408468856165e-04
1.358630292595633968e-04
1.355900373329463533e-04
1.353187520655106375e-04
1.350491606293576213e-04
1.347812503609441574e-04
1.345150087530158720e-04
1.342504234475632113e-04
1.339874822296423565e-04
1.337261730219223104e-04
1.334664838798413594e-04
1.332084029872737619e-04
1.329519186526253191e-04
1.326970193052965177e-04
1.324436934924577605e-04
1.321919298761023692e-04
1.319417172303370819e-04
1.316930444388826149e-04
1.314459004927638782e-04
1.312002744881571293e-04
1.309561556243789683e-04
1.307135332019992025e-04
1.304723966210587433e-04
1.302327353793784675e-04
1.299945390709513729e-04
1.297577973843997855e-04
1.295225001015024436e-04
1.292886370957733533e-04
1.290561983310908954e-04
1.288251738603736897e-04
1.285955538242990138e-04
1.283673284500588981e-04
1.281404880501536522e-04
1.279150230212183520e-04
1.276909238428795487e-04
1.274681810766459668e-04
1.272467853648232992e-04
1.270267274294583845e-04
1.268079980713079404e-04
1.265905881688329120e-04
1.263744886772154264e-04
1.261596906273979447e-04
1.259461851251459155e-04
1.257339633501294287e-04
1.255230165550252788e-04
1.253133360646392766e-04
1.251049132750459885e-04
1.248977396527469082e-04
1.246918067338476284e-04
1.244871061232486191e-04
1.242836294938563357e-04
1.240813685858064414e-04
1.238803152057048665e-04
1.236804612258819041e-04
1.234817985836622167e-04
1.232843192806478804e-04
1.230880153820172046e-04
1.228928790158311673e-04
1.226989023723590690e-04
1.225060777034143501e-04
1.223143973216969140e-04
1.221238536001586518e-04
1.219344389713690897e-04
1.217461459268979215e-04
1.215589670167075445e-04
1.213728948485554194e-04
1.211879220874055932e-04
1.210040414548516183e-04
1.208212457285503421e-04
1.206395277416595581e-04
1.204588803822902263e-04
1.202792965929672320e-04
1.201007693700948602e-04
1.199232917634323264e-04
1.197468568755796618e-04
1.195714578614701844e-04
1.193970879278681747e-04
1.192237403328771629e-04
1.190514083854559140e-04
1.188800854449382886e-04
1.187097649205623879e-04
1.185404402710059997e-04
1.183721050039295941e-04
1.182047526755237771e-04
1.180383768900644697e-04
1.178729712994729660e-04
1.177085296028851521e-04
1.175450455462206310e-04
1.173825129217646949e-04
1.172209255677506359e-04
1.170602773679484950e-04
1.169005622512611425e-04
1.167417741913236108e-04
1.165839072061088246e-04
1.164269553575353366e-04
1.162709127510858775e-04
1.161157735354234545e-04
1.159615319020174768e-04
1.158081820847712244e-04
1.156557183596574608e-04
1.155041350443534505e-04
1.153534264978834696e-04
1.152035871202656007e-04
1.150546113521618875e-04
1.149064936745312681e-04
1.147592286082890273e-04
1.146128107139680647e-04
1.144672345913851091e-04
1.143224948793099835e-04
1.141785862551376196e-04
1.140355034345667140e-04
1.138932411712789401e-04
1.137517942566215751e-04
1.136111575192977021e-04
1.134713258250521177e-04
1.133322940763687982e-04
1.131940572121666185e-04
1.130566102074979983e-04
1.129199480732541206e-04
1.127840658558697853e-04
1.126489586370324768e-04
1.125146215333961211e-04
1.123810496962938807e-04
1.122482383114584576e-04
1.121161825987412576e-04
1.119848778118356209e-04
1.118543192380042669e-04
1.117245021978083118e-04
1.115954220448377897e-04
1.114670741654468503e-04
1.113394539784886574e-04
1.112125569350587992e-04
1.110863785182330469e-04
1.109609142428120792e-04
1.108361596550712754e-04
1.107121103325078528e-04
1.105887618835908086e-04
1.104661099475169204e-04
1.103441501939671394e-04
1.102228783228647051e-04
1.101022900641337744e-04
1.099823811774647601e-04
1.098631474520790044e-04
1.097445847064945374e-04
1.096266887882969170e-04
1.095094555739105845e-04
1.093928809683718462e-04
1.092769609051042672e-04
1.091616913456979957e-04
1.090470682796864310e-04
1.089330877243308194e-04
1.088197457244025198e-04
1.087070383519685070e-04
1.085949617061785573e-04
1.084835119130552378e-04
1.083726851252846964e-04
1.082624775220096200e-04
1.081528853086248076e-04
1.080439047165731919e-04
1.079355320031445296e-04
1.078277634512746615e-04
1.078277634512405091e-04
