8.731994599262018456e-05
8.731509112711491436e-05
8.730988712645909860e-05
8.730467172308045492e-05
8.729942425323417954e-05
8.729413315540865024e-05
8.728879403085100714e-05
8.728340674384814065e-05
8.727797363143671575e-05
8.727249841329185376e-05
8.726698588247979425e-05
8.726144092154530449e-05
8.725586703357010674e-05
8.725026744622222535e-05
8.724464765795309949e-05
8.723901357155927768e-05
8.723340855710475623e-05
8.722734257000258097e-05
8.722860445456771003e-05
8.758782735426620648e-05
8.828458897943120920e-05
8.908323286208692706e-05
8.982792983478287926e-05
9.052608784399444181e-05
9.119371765479737028e-05
9.184735201083663416e-05
9.250306103561654826e-05
9.317536969094559606e-05
9.387742380319736559e-05
9.462180474531171729e-05
9.542145772863555955e-05
9.629054601662687888e-05
9.724540117191312098e-05
9.830568214058685631e-05
9.949589148224503474e-05
1.008474481744448269e-04
1.024016686293953784e-04
1.042141798357976363e-04
1.063616258817521671e-04
1.089520432352914420e-04
1.121411009410101713e-04
1.161574288882908550e-04
1.213407175425801630e-04
1.281927739001357701e-04
1.374237291926656834e-04
1.499235468175443367e-04
1.665155529878379486e-04
1.874337433529552055e-04
2.119183020791446162e-04
2.384866559003647488e-04
2.655980925189915191e-04
2.920268388668239581e-04
3.168929307914280786e-04
3.396134075667456547e-04
3.598721577081665803e-04
3.775870073281751508e-04
3.928559159884082840e-04
4.058915145432805084e-04
4.169611482979520244e-04
4.263426969906266369e-04
4.342976256463485776e-04
4.410577711047945619e-04
4.468211914489313846e-04
4.517531459058583550e-04
4.559895173717720663e-04
4.596410673326441795e-04
4.627976711495243372e-04
4.655321391884400715e-04
4.679034860171276755e-04
4.699596451535959017e-04
4.717396773191517650e-04
4.732755519346642029e-04
4.745935707699268607e-04
4.757154991776155650e-04
4.766594670530758930e-04
4.774406891701161396e-04
4.780720326871447249e-04
4.785644683196234317e-04
4.789274331352247121e-04
4.791691186702845833e-04
4.792967014094063455e-04
4.793165272948898565e-04
4.792342598460609952e-04
4.790549993183013653e-04
4.787833787529080921e-04
4.784236415650277847e-04
4.779797043609261510e-04
4.774552079168821179e-04
4.768535586524438679e-04
4.761779624576031357e-04
4.754314523578654218e-04
4.746169112022225866e-04
4.737370903222361349e-04
4.727946249226737895e-04
4.717920468141836182e-04
4.707317949789368498e-04
4.696162243651770020e-04
4.684476132302190280e-04
4.672281692892408622e-04
4.659600348783264818e-04
4.646452913023528660e-04
4.632859625064748789e-04
4.618840181840049995e-04
4.604413764140919720e-04
4.589599059070662078e-04
4.574414279218767527e-04
4.558877179093105388e-04
4.543005069257932639e-04
4.526814828537405232e-04
4.510322914568092902e-04
4.493545372944949818e-04
4.476497845194233249e-04
4.459195575786084175e-04
4.441653418363008025e-04
4.423885841327173957e-04
4.405906932906231339e-04
4.387730405801267648e-04
4.369369601507646869e-04
4.350837494387828504e-04
4.332146695565305700e-04
4.313309456699215534e-04
4.294337673691207813e-04
4.275242890368654409e-04
4.256036302181700061e-04
4.236728759945934783e-04
4.217330773657091444e-04
4.197852516399514368e-04
4.178303828365839429e-04
4.158694221001637127e-04
4.139032881285137485e-04
4.119328676149362203e-04
4.099590157050834430e-04
4.079825564686934830e-04
4.060042833861473503e-04
4.040249598496286048e-04
4.020453196784836260e-04
4.000660676482303618e-04
3.980878800325409112e-04
3.961114051573978007e-04
3.941372639665454238e-04
3.921660505972609178e-04
3.901983329654298252e-04
3.882346533588332325e-04
3.862755290375497678e-04
3.843214528403204942e-04
3.823728937957315637e-04
3.804302977370549151e-04
3.784940879196058931e-04
3.765646656394679376e-04
3.746424108524800843e-04
3.727276827923846955e-04
3.708208205870962152e-04
3.689221438720517395e-04
3.670319533996817696e-04
3.651505316440636375e-04
3.632781433998746303e-04
3.614150363748126348e-04
3.595614417746992287e-04
3.577175748805491609e-04
3.558836356169342292e-04
3.540598091110133704e-04
3.522462662416856686e-04
3.504431641783524779e-04
3.486506469088343800e-04
3.468688457560570532e-04
3.450978798831542309e-04
3.433378567866943089e-04
3.415888727777848140e-04
3.398510134508702014e-04
3.381243541400499441e-04
3.364089603628354886e-04
3.347048882512556017e-04
3.330121849703084817e-04
3.313308891237506048e-04
3.296610311472807455e-04
3.280026336892006493e-04
3.263557119786486874e-04
3.247202741815641931e-04
3.230963217445266761e-04
3.214838497266787345e-04
3.198828471199285776e-04
3.182932971576739388e-04
3.167151776122927313e-04
3.151484610816661326e-04
3.135931152650190778e-04
3.120491032283701405e-04
3.105163836598978980e-04
3.089949111155362513e-04
3.074846362551290533e-04
3.059855060694699046e-04
3.044974640985671213e-04
3.030204506414750729e-04
3.015544029580346087e-04
3.000992554628745018e-04
2.986549399120104497e-04
2.972213855824061383e-04
2.957985194448247215e-04
2.943862663303289896e-04
2.929845490907579818e-04
2.915932887535242226e-04
2.902124046710626969e-04
2.888418146652508623e-04
2.874814351671259338e-04
2.861311813522003080e-04
2.847909672716839079e-04
2.834607059799087287e-04
2.821403096582219216e-04
2.808296897356289267e-04
2.795287570064283788e-04
2.782374217450740575e-04
2.769555938184793133e-04
2.756831827959419401e-04
2.744200980568628056e-04
2.731662488963727841e-04
2.719215446289792860e-04
2.706858946902767813e-04
2.694592087367510790e-04
2.682413967436503115e-04
2.670323691008452661e-04
2.658320367065750882e-04
2.646403110588991386e-04
2.634571043446518241e-04
2.622823295256120047e-04
2.611159004215781961e-04
2.599577317899710188e-04
2.588077394015292115e-04
2.576658401116333841e-04
2.565319519267248924e-04
2.554059940652581126e-04
2.542878870125872548e-04
2.531775525691450004e-04
2.520749138912695446e-04
2.509798955240061572e-04
2.498924234252165866e-04
2.488124249803443208e-04
2.477398290072021537e-04
2.466745657501919235e-04
2.456165668634319958e-04
2.445657653823290491e-04
2.435220956832362675e-04
2.424854934309413903e-04
2.414558955138684749e-04
2.404332399670235131e-04
2.394174658828784061e-04
2.384085133105896565e-04
2.374063231441403085e-04
2.364108370002376955e-04
2.354219970870349615e-04
2.344397460650163485e-04
2.334640269016775675e-04
2.324947827219308357e-04
2.315319566564967124e-04
2.305754916908991036e-04
2.296253305180321713e-04
2.286814153976617992e-04
2.277436880266026553e-04
2.268120894237051312e-04
2.258865598341478560e-04
2.249670386578371203e-04
2.240534644069651588e-04
2.231457746978473004e-04
2.222439062820800418e-04
2.213477951216706737e-04
2.204573765120475259e-04
2.195725852557148944e-04
2.186933558876055198e-04
2.178196229509827186e-04
2.169513213199847292e-04
2.160883865617508660e-04
2.152307553276386896e-04
2.143783657597507606e-04
2.135311578960601717e-04
2.126890740554550558e-04
2.118520591832783449e-04
2.110200611388022955e-04
2.101930309086361766e-04
2.093709227342174404e-04
2.085536941468539498e-04
2.077413059098109666e-04
2.069337218728280528e-04
2.061309087496932056e-04
2.053328358334462840e-04
2.045394746661530639e-04
2.037507986809457532e-04
2.029667828332868903e-04
2.021874032365978064e-04
2.014126368149078152e-04
2.006424609825205828e-04
1.998768533582777947e-04
1.991157915200524162e-04
1.983592528038777693e-04
1.976072141524573848e-04
1.968596520179929216e-04
1.961165423256246252e-04
1.953778605062884001e-04
1.946435816106581939e-04
1.939136805192461096e-04
1.931881322673415641e-04
1.924669125070123854e-04
1.917499981311886865e-04
1.910373680860402929e-04
1.903290043960317022e-04
1.896248934190955938e-04
1.889250273346645590e-04
1.882294058415418133e-04
1.875380380028226828e-04
1.868509441198253030e-04
1.861681574489705928e-04
1.854897255043760299e-04
1.848157106338762189e-04
1.841461895450809876e-04
1.834812515208204885e-04
1.828209952172786654e-04
1.821655241714986338e-04
1.815149414073807040e-04
1.808693437426688022e-04
1.802288164889283848e-04
1.795934291673055344e-04
1.789632326582909897e-04
1.783382579330761825e-04
1.777185162584240261e-04
1.771040005857145048e-04
1.764946877499549895e-04
1.758905411050242298e-04
1.752915132785108664e-04
1.746975488121777756e-04
1.741085865383694084e-04
1.735245616146308188e-04
1.729454071929146185e-04
1.723710557361457540e-04
1.718014400164219165e-04
1.712364938395127790e-04
1.706761525430815229e-04
1.701203533140479716e-04
1.695690353658746733e-04
1.690221400107578252e-04
1.684796106556883937e-04
1.679413927456370210e-04
1.674074336720784777e-04
1.668776826607244258e-04
1.663520906487656568e-04
1.658306101590534395e-04
1.653131951763642683e-04
1.647998010291614097e-04
1.642903842789640513e-04
1.637849026184497257e-04
1.632833147787583587e-04
1.627855804459617565e-04
1.622916601863667104e-04
1.618015153801060420e-04
1.613151081623634615e-04
1.608324013715305156e-04
1.603533585035751211e-04
1.598779436719392029e-04
1.594061215723078964e-04
1.589378574516534079e-04
1.584731170810033249e-04
1.580118667314538898e-04
1.575540731529877529e-04
1.570997035557161086e-04
1.566487255932134243e-04
1.562011073476584494e-04
1.557568173165154693e-04
1.553158244005515133e-04
1.548780978929849544e-04
1.544436074696047142e-04
1.540123231797068477e-04
1.535842154377289480e-04
1.531592550154772835e-04
1.527374130348592830e-04
1.523186609610555824e-04
1.519029705960793215e-04
1.514903140726715173e-04
1.510806638484984944e-04
1.506739927006216413e-04
1.502702737202019502e-04
1.498694803074199060e-04
1.494715861665847861e-04
1.490765653014126078e-04
1.486843920104567035e-04
1.482950408826705423e-04
1.479084867930977824e-04
1.475247048986726140e-04
1.471436706341209058e-04
1.467653597079612339e-04
1.463897480985902068e-04
1.460168120504560726e-04
1.456465280703060508e-04
1.452788729235137061e-04
1.449138236304750875e-04
1.445513574630747982e-04
1.441914519412188260e-04
1.438340848294288195e-04
1.434792341334991143e-04
1.431268780972156111e-04
1.427769951991304646e-04
1.424295641493922011e-04
1.420845638866330017e-04
1.417419735749095441e-04
1.414017726006922546e-04
1.410639405699092854e-04
1.407284573050394429e-04
1.403953028422509511e-04
1.400644574285910373e-04
1.397359015192195628e-04
1.394096157746895458e-04
1.390855810582699681e-04
1.387637784333137117e-04
1.384441891606689177e-04
1.381267946961286174e-04
1.378115766879258190e-04
1.374985169742630985e-04
1.371875975808869411e-04
1.368788007186961815e-04
1.365721087813915886e-04
1.362675043431575163e-04
1.359649701563864341e-04
1.356644891494327039e-04
1.353660444244051721e-04
1.350696192549920153e-04
1.347751970843200108e-04
1.344827615228453297e-04
1.341922963462789155e-04
1.339037854935405951e-04
1.336172130647457696e-04
1.333325633192239531e-04
1.330498206735636314e-04
1.327689696996905944e-04
1.324899951229711252e-04
1.322128818203459517e-04
1.319376148184914948e-04
1.316641792920067292e-04
1.313925605616293193e-04
1.311227440924777200e-04
1.308547154923154240e-04
1.305884605098453217e-04
1.303239650330255016e-04
1.300612150874119657e-04
1.298001968345219455e-04
1.295408965702257861e-04
1.292833007231562314e-04
1.290273958531457641e-04
1.287731686496809127e-04
1.285206059303844496e-04
1.282696946395127683e-04
1.280204218464802031e-04
1.277727747444014545e-04
1.275267406486525279e-04
1.272823069954571236e-04
1.270394613404872300e-04
1.267981913574854277e-04
1.265584848369080109e-04
1.263203296845834224e-04
1.260837139203934570e-04
1.258486256769662836e-04
1.256150531983960287e-04
1.253829848389714959e-04
1.251524090619271371e-04
1.249233144382088246e-04
1.246956896452583517e-04
1.244695234658119197e-04
1.242448047867168400e-04
1.240215225977633873e-04
1.237996659905317236e-04
1.235792241572550309e-04
1.233601863896969283e-04
1.231425420780450977e-04
1.229262807098201161e-04
1.227113918687942071e-04
1.224978652339300247e-04
1.222856905783303047e-04
1.220748577682015032e-04
1.218653567618317599e-04
1.216571776085818716e-04
1.214503104478889648e-04
1.212447455082839103e-04
1.210404731064206778e-04
1.208374836461186056e-04
1.206357676174169631e-04
1.204353155956416151e-04
1.202361182404849949e-04
1.200381662950952529e-04
1.198414505851781438e-04
1.196459620181117078e-04
1.194516915820715365e-04
1.192586303451646714e-04
1.190667694545777597e-04
1.188761001357361202e-04
1.186866136914686907e-04
1.184983015011900381e-04
1.183111550200871797e-04
1.181251657783195639e-04
1.179403253802291070e-04
1.177566255035573315e-04
1.175740578986757181e-04
1.173926143878230234e-04
1.172122868643544840e-04
1.170330672919961965e-04
1.168549477041134712e-04
1.166779202029859616e-04
1.166779202029298947e-04
