8.731995098149007034e-05
8.731509848187124468e-05
8.730989607856982557e-05
8.730468200005997187e-05
8.729943565153794847e-05
8.729414577448480373e-05
8.728880752138325259e-05
8.728342101082025228e-05
8.727798882148573635e-05
8.727251433588157075e-05
8.726700246310624669e-05
8.726145808866337338e-05
8.725588520584290245e-05
8.725028833400388267e-05
8.724467134845674630e-05
8.723903818884529767e-05
8.723339200135601381e-05
8.722773570542663045e-05
8.722207208353239334e-05
8.721640277514370872e-05
8.721073005248595317e-05
8.720505608621571196e-05
8.719938251787596572e-05
8.719371053276928941e-05
8.718804112463659345e-05
8.718237586687198923e-05
8.717671569972553825e-05
8.717106199509727063e-05
8.716541496224373508e-05
8.715977629372190130e-05
8.715414623010946864e-05
8.714852519513420818e-05
8.714291358753589050e-05
8.713731241691925538e-05
8.713172208580013272e-05
8.712614346956438658e-05
8.712057653795723337e-05
8.711502183036227433e-05
8.710948001202800542e-05
8.710395120132581733e-05
8.709843554669893882e-05
8.709293360112396612e-05
8.708744580742781318e-05
8.708197291200986867e-05
8.707651454937191931e-05
8.707107088298735303e-05
8.706564172058039552e-05
8.706022792200885892e-05
8.705483003886543673e-05
8.704944740271505440e-05
8.704408126200125341e-05
8.703873088211263318e-05
8.703339788699630494e-05
8.702808079998513213e-05
8.702282687742716007e-05
8.701691826509130672e-05
8.702417268919756253e-05
8.759963923392689899e-05
8.840580080131437085e-05
8.940929440083533167e-05
9.045770432692218875e-05
9.152718397897854268e-05
9.262909689958945063e-05
9.378564258238946327e-05
9.502841214379153308e-05
9.639969423880768670e-05
9.795582484699050805e-05
9.977415790623368589e-05
1.019658086218606637e-04
1.046985082217819797e-04
1.082389316411041499e-04
1.130330639619964796e-04
1.198594465315339357e-04
1.300945491901540246e-04
1.459882433343369184e-04
1.701705488266259698e-04
2.031903187089664829e-04
2.418062106297981983e-04
2.818128462553825468e-04
3.204565370956116341e-04
3.561322221339226365e-04
3.878597191110921805e-04
4.151912857631347565e-04
4.381732647830860082e-04
4.572059965816683961e-04
4.728626883577653197e-04
4.857449762898264104e-04
4.964000128009586751e-04
5.052875167171615601e-04
5.127763888900062957e-04
5.191548956094669837e-04
5.246450416609345921e-04
5.294166303196985637e-04
5.335992967852940926e-04
5.372921596689945838e-04
5.405712975875608204e-04
5.434954321086743218e-04
5.461102046048445019e-04
5.484513803937859531e-04
5.505472464005684323e-04
5.524204069103836158e-04
5.540891313605858341e-04
5.555683687751912557e-04
5.568705137296005260e-04
5.580059866380984593e-04
5.589836748558361284e-04
5.598112690974496293e-04
5.604955208563257817e-04
5.610424400111081560e-04
5.614574470042914527e-04
5.617454904161151572e-04
5.619111381048156771e-04
5.619586481012288142e-04
5.618920239572857333e-04
5.617150581264612839e-04
5.614313661065112489e-04
5.610444134319996987e-04
5.605575371154483027e-04
5.599739627636321233e-04
5.592968183113349598e-04
5.585291450976654281e-04
5.576739068438390200e-04
5.567339969640550503e-04
5.557122445436000861e-04
5.546114192436389298e-04
5.534342353348891633e-04
5.521833550185432449e-04
5.508613911592013124e-04
5.494709095288045214e-04
5.480144306408321186e-04
5.464944312388914007e-04
5.449133454921090483e-04
5.432735659407929686e-04
5.415774442288287527e-04
5.398272916538496106e-04
5.380253795619150195e-04
5.361739396100229571e-04
5.342751639170203277e-04
5.323312051212082500e-04
5.303441763610291636e-04
5.283161511935874095e-04
5.262491634643698705e-04
5.241452071402308071e-04
5.220062361165927383e-04
5.198341640087649537e-04
5.176308639363073026e-04
5.153981683084688610e-04
5.131378686178792196e-04
5.108517152488605646e-04
5.085414173059832213e-04
5.062086424677526798e-04
5.038550168696567062e-04
5.014821250201484566e-04
4.990915097525469319e-04
4.966846722152663644e-04
4.942630719022840340e-04
4.918281267252240995e-04
4.893812131280285676e-04
4.869236662447364093e-04
4.844567801005226701e-04
4.819818078558058840e-04
4.794999620929045686e-04
4.770124151444441233e-04
4.745202994624712900e-04
4.720247080270003432e-04
4.695266947925106379e-04
4.670272751707765313e-04
4.645274265482341857e-04
4.620280888359851873e-04
4.595301650504332678e-04
4.570345219224895904e-04
4.545419905331985247e-04
4.520533669736198981e-04
4.495694130267610450e-04
4.470908568693652608e-04
4.446183937913540489e-04
4.421526869307404982e-04
4.396943680218725475e-04
4.372440381549019166e-04
4.348022685444154125e-04
4.323696013052256569e-04
4.299465502334082136e-04
4.275336015906984412e-04
4.251312148904821237e-04
4.227398236836642904e-04
4.203598363427987587e-04
4.179916368429417608e-04
4.156355855377907534e-04
4.132920199297383064e-04
4.109612554325906583e-04
4.086435861257614079e-04
4.063392854988677927e-04
4.040486071857150689e-04
4.017717856867808663e-04
3.995090370793495053e-04
3.972605597145764189e-04
3.950265349008100419e-04
3.928071275725961587e-04
3.906024869448482522e-04
3.884127471517610135e-04
3.862380278700866206e-04
3.840784349264813767e-04
3.819340608886803885e-04
3.798049856403172184e-04
3.776912769392551513e-04
3.755929909593589550e-04
3.735101728156775330e-04
3.714428570730431644e-04
3.693910682381520549e-04
3.673548212352165695e-04
3.653341218653209307e-04
3.633289672496509267e-04
3.613393462567915946e-04
3.593652399143184998e-04
3.574066218049496519e-04
3.554634584475252577e-04
3.535357096631209475e-04
3.516233289266097631e-04
3.497262637040106869e-04
3.478444557759554278e-04
3.459778415476404633e-04
3.441263523456109040e-04
3.422899147017424790e-04
3.404684506247835480e-04
3.386618778598341167e-04
3.368701101361178552e-04
3.350930574034162879e-04
3.333306260575424050e-04
3.315827191552071437e-04
3.298492366186572366e-04
3.281300754304288751e-04
3.264251298186046299e-04
3.247342914329169952e-04
3.230574495120610581e-04
3.213944910425786889e-04
3.197453009096627155e-04
3.181097620402435831e-04
3.164877555386995910e-04
3.148791608155523947e-04
3.132838557094956415e-04
3.117017166031037364e-04
3.101326185325783101e-04
3.085764352918824761e-04
3.070330395316128052e-04
3.055023028529835530e-04
3.039840958972642323e-04
3.024782884310562876e-04
3.009847494277766351e-04
2.995033471457298683e-04
2.980339492031662736e-04
2.965764226507238820e-04
2.951306340416737120e-04
2.936964495003903343e-04
2.922737347894987896e-04
2.908623553761518132e-04
2.894621764979099163e-04
2.880730632287254421e-04
2.866948805455377873e-04
2.853274933960032404e-04
2.839707667679189406e-04
2.826245657608926530e-04
2.812887556608482747e-04
2.799632020179445712e-04
2.786477707285187435e-04
2.773423281216484790e-04
2.760467410509296108e-04
2.747608769920557230e-04
2.734846041467529692e-04
2.722177915535941000e-04
2.709603092061554658e-04
2.697120281788996658e-04
2.684728207610815633e-04
2.672425605988302698e-04
2.660211228454229817e-04
2.648083843195442365e-04
2.636042236711193514e-04
2.624085215540146020e-04
2.612211608045719269e-04
2.600420266245902158e-04
2.588710067669265191e-04
2.577079917214467487e-04
2.565528748985530252e-04
2.554055528069785769e-04
2.542659252220395459e-04
2.531338953400053731e-04
2.520093699137924471e-04
2.508922593648248199e-04
2.497824778656582189e-04
2.486799433879181538e-04
2.475845777103104911e-04
2.464963063819192038e-04
2.454150586368644281e-04
2.443407672575762207e-04
2.432733683855519487e-04
2.422128012804470546e-04
2.411590080306647422e-04
2.401119332212352795e-04
2.390715235675072898e-04
2.380377275259543547e-04
2.370104948959707032e-04
2.359897764287102588e-04
2.349755234605760250e-04
2.339676875896409228e-04
2.329662204128520378e-04
2.319710733401557042e-04
2.309821974985444201e-04
2.299995437344520399e-04
2.290230627170139748e-04
2.280527051377330525e-04
2.270884219945966203e-04
2.261301649412712311e-04
2.251778866755859700e-04
2.242315413369531029e-04
2.232910848804609504e-04
2.223564753966219404e-04
2.214276733502661761e-04
2.205046417193681297e-04
2.195873460238164352e-04
2.186757542440225877e-04
2.177698366385250419e-04
2.168695654772195608e-04
2.159749147117907570e-04
2.150858596070088699e-04
2.142023763560681432e-04
2.133244417005633652e-04
2.124520325718374169e-04
2.115851257660497024e-04
2.107236976611425697e-04
2.098677239804077168e-04
2.090171796048740857e-04
2.081720384353024245e-04
2.073322733049914716e-04
2.064978559453909117e-04
2.056687570080447335e-04
2.048449461493681957e-04
2.040263921880129422e-04
2.032130633482335537e-04
2.024049276065407012e-04
2.016019531627078159e-04
2.008041090593758529e-04
2.000113659763253827e-04
1.992236972247428384e-04
1.984410799617205331e-04
1.976634966333654488e-04
1.968909366333514925e-04
1.961233981293868318e-04
1.953608899610345814e-04
1.946034334495161139e-04
1.938510638904217189e-04
1.931038314388519551e-04
1.923618010676352366e-04
1.916250513121605303e-04
1.908936716325088892e-04
1.901677584250492821e-04
1.894474099662863190e-04
1.887327208042979983e-04
1.880237762518306352e-04
1.873206476302856241e-04
1.866233887659491937e-04
1.859320339992902619e-04
1.852465977097659535e-04
1.845670751489531512e-04
1.838934442504130094e-04
1.832256680481158173e-04
1.825636973659524264e-04
1.819074735098371394e-04
1.812569307750940982e-04
1.806119986574282737e-04
1.799726037168520947e-04
1.793386710879587187e-04
1.787101256583119909e-04
1.780868929526339972e-04
1.774688997672480830e-04
1.768560745999728755e-04
1.762483479177247108e-04
1.756456522992020286e-04
1.750479224843825893e-04
1.744550953569166539e-04
1.738671098802614863e-04
1.732839070037875471e-04
1.727054295512008637e-04
1.721316221004079265e-04
1.715624308613910209e-04
1.709978035566306212e-04
1.704376893070852690e-04
1.698820385255579040e-04
1.693308028184324805e-04
1.687839348961455929e-04
1.682413884923434288e-04
1.677031182913748814e-04
1.671690798636117344e-04
1.666392296079748602e-04
1.661135247010109251e-04
1.655919230518485051e-04
1.650743832623954789e-04
1.645608645921620616e-04
1.640513269271539872e-04
1.635457307523157484e-04
1.630440371270716734e-04
1.625462076635503488e-04
1.620522045071295871e-04
1.615619903189910174e-04
1.610755282603990458e-04
1.605927819784698615e-04
1.601137155932250058e-04
1.596382936857397680e-04
1.591664812872488788e-04
1.586982438690647847e-04
1.582335473332050185e-04
1.577723580036263979e-04
1.573146426179922175e-04
1.568603683198938569e-04
1.564095026514769594e-04
1.559620135464198133e-04
1.555178693232153644e-04
1.550770386787289135e-04
1.546394906820016302e-04
1.542051947682634527e-04
1.537741207331479480e-04
1.533462387270779603e-04
1.529215192498159504e-04
1.524999331451575035e-04
1.520814515957636694e-04
1.516660461181170371e-04
1.512536885575940088e-04
1.508443510836497768e-04
1.504380061851042665e-04
1.500346266655273929e-04
1.496341856387172051e-04
1.492366565242666924e-04
1.488420130432177059e-04
1.484502292137931858e-04
1.480612793472133341e-04
1.476751380435837777e-04
1.472917801878600324e-04
1.469111809458831990e-04
1.465333157604859155e-04
1.461581603476651238e-04
1.457856906928213785e-04
1.454158830470615011e-04
1.450487139235678033e-04
1.446841600940230121e-04
1.443221985851010592e-04
1.439628066750111874e-04
1.436059618901045594e-04
1.432516420015332896e-04
1.428998250219647419e-04
1.425504892023529929e-04
1.422036130287600319e-04
1.418591752192277836e-04
1.415171547207051000e-04
1.411775307060200713e-04
1.408402825709038095e-04
1.405053899310602298e-04
1.401728326192840514e-04
1.398425906826228707e-04
1.395146443795862901e-04
1.391889741773986847e-04
1.388655607492940642e-04
1.385443849718545725e-04
1.382254279223909751e-04
1.379086708763619046e-04
1.375940953048366113e-04
1.372816828719938440e-04
1.369714154326621752e-04
1.366632750298954263e-04
1.363572438925882905e-04
1.360533044331248070e-04
1.357514392450669225e-04
1.354516311008752551e-04
1.351538629496656083e-04
1.348581179149988798e-04
1.345643792927034136e-04
1.342726305487337282e-04
1.339828553170569457e-04
1.336950373975729397e-04
1.334091607540654914e-04
1.331252095121832069e-04
1.328431679574500603e-04
1.325630205333071081e-04
1.322847518391807387e-04
1.320083466285796811e-04
1.317337898072228584e-04
1.314610664311886281e-04
1.311901617050967100e-04
1.309210609803141843e-04
1.306537497531862636e-04
1.303882136632937626e-04
1.301244384917359391e-04
1.298624101594372956e-04
1.296021147254789374e-04
1.293435383854539739e-04
1.290866674698442241e-04
1.288314884424244058e-04
1.285779878986828063e-04
1.283261525642697342e-04
1.280759692934640515e-04
1.278274250676633944e-04
1.275805069938958623e-04
1.273352023033494330e-04
1.273352023032717770e-04
