8.731990614139092087e-05
8.731498459140357704e-05
8.730970466911308668e-05
8.730441078466797593e-05
8.729908607719717413e-05
8.729372090251122222e-05
8.728831165252840484e-05
8.728285836234370935e-05
8.727736318310920852e-05
8.727182942759855529e-05
8.726626117576317357e-05
8.726066308275463954e-05
8.725503872018479086e-05
8.724939076822434234e-05
8.724372292332544172e-05
8.723804205534670705e-05
8.723235362982532731e-05
8.722667426372778584e-05
8.722068466092423639e-05
8.727228559332295772e-05
8.797291057909051358e-05
8.880508860657536569e-05
8.972801019715267101e-05
9.069683467016958296e-05
9.168392675841901250e-05
9.269517594113844126e-05
9.374911460495391751e-05
9.487115649514936584e-05
9.609379233393154120e-05
9.745872609618823508e-05
9.902098323819458192e-05
1.008559912053118757e-04
1.030716927650138822e-04
1.058297286111084648e-04
1.093834858781567117e-04
1.141478215158170601e-04
1.208254644239701567e-04
1.306115754260873268e-04
1.453835608885403795e-04
1.673213999760650786e-04
1.971208647530830343e-04
2.324546054825417569e-04
2.697186678519119109e-04
3.062398659909036950e-04
3.403911674048822208e-04
3.711607918382055639e-04
3.980175982630721333e-04
4.208775341017391295e-04
4.400036758095113342e-04
4.558573066706050848e-04
4.689640017623682372e-04
4.798265487049494069e-04
4.888828902598469067e-04
4.964942164051718791e-04
5.029489491015753499e-04
5.084731582842025397e-04
5.132423037806075651e-04
5.173920038439111741e-04
5.210270518861878078e-04
5.242286139584485978e-04
5.270598245395990023e-04
5.295700751287304260e-04
5.317982742186252304e-04
5.337753194209495476e-04
5.355259672470255496e-04
5.370702539113764683e-04
5.384245709257204577e-04
5.396024869502197589e-04
5.406153748933042666e-04
5.414728915952088861e-04
5.421833474882403400e-04
5.427539880522450413e-04
5.431912181317630293e-04
5.435007716921663691e-04
5.436878411468789836e-04
5.437571785289656637e-04
5.437131880011971058e-04
5.435599791466347482e-04
5.433014180237376355e-04
5.429411682224721033e-04
5.424827220349276707e-04
5.419294259845071305e-04
5.412845007019420965e-04
5.405510567129443540e-04
5.397321073821269690e-04
5.388305794530804781e-04
5.378493216250649798e-04
5.367911115602040043e-04
5.356586616266676782e-04
5.344546236185855528e-04
5.331815926523111003e-04
5.318421103905769231e-04
5.304386676982165332e-04
5.289737068265203471e-04
5.274496232128799951e-04
5.258687669500107433e-04
5.242334439705337648e-04
5.225459169968287498e-04
5.208084063036552084e-04
5.190230903323416172e-04
5.171921061684536716e-04
5.153175498861193313e-04
5.134014767824447148e-04
5.114459015298479733e-04
5.094527982647622079e-04
5.074241006254659936e-04
5.053617017501414645e-04
5.032674542454829755e-04
5.011431701354004606e-04
4.989906207985072640e-04
4.968115369021551108e-04
4.946076083399556563e-04
4.923804841788836711e-04
4.901317726213417830e-04
4.878630409868299793e-04
4.855758157172509332e-04
4.832715824092319139e-04
4.809517858763144062e-04
4.786178302433152071e-04
4.762710790746635999e-04
4.739128555380899151e-04
4.715444426045940448e-04
4.691670832852466895e-04
4.667819809050298787e-04
4.643902994135780957e-04
4.619931637324184177e-04
4.595916601380169750e-04
4.571868366797254444e-04
4.547797036315030426e-04
4.523712339761058743e-04
4.499623639202989921e-04
4.475539934394762468e-04
4.451469868499992300e-04
4.427421734074386199e-04
4.403403479288639445e-04
4.379422714372509609e-04
4.355486718260380636e-04
4.331602445418591811e-04
4.307776532834474382e-04
4.284015307147311341e-04
4.260324791901482985e-04
4.236710714902359618e-04
4.213178515655877305e-04
4.189733352873202619e-04
4.166380112022411114e-04
4.143123412909730896e-04
4.119967617273483291e-04
4.096916836374671703e-04
4.073974938568789375e-04
4.051145556844315586e-04
4.028432096314070736e-04
4.005837741646499578e-04
3.983365464424669616e-04
3.961018030421789723e-04
3.938798006782733853e-04
3.916707769101909070e-04
3.894749508388757392e-04
3.872925237912830973e-04
3.851236799921283795e-04
3.829685872222386863e-04
3.808273974629367269e-04
3.787002475259723102e-04
3.765872596685695289e-04
3.744885421932497935e-04
3.724041900321283871e-04
3.703342853154643378e-04
3.682788979242974567e-04
3.662380860270568017e-04
3.642118966000802856e-04
3.622003659320324732e-04
3.602035201122670235e-04
3.582213755031981271e-04
3.562539391968114742e-04
3.543012094554648622e-04
3.523631761371744673e-04
3.504398211056047570e-04
3.485311186250200318e-04
3.466370357404773180e-04
3.447575326435563291e-04
3.428925630239710014e-04
3.410420744073920912e-04
3.392060084798592754e-04
3.373843013991697625e-04
3.355768840936348626e-04
3.337836825486224790e-04
3.320046180813225611e-04
3.302396076041657865e-04
3.284885638773517020e-04
3.267513957509543760e-04
3.250280083970760498e-04
3.233183035325286575e-04
3.216221796325473671e-04
3.199395321360319492e-04
3.182702536428303722e-04
3.166142341035928492e-04
3.149713610027251535e-04
3.133415195349878056e-04
3.117245927763004701e-04
3.101204618493154570e-04
3.085290060843375016e-04
3.069501031761862975e-04
3.053836293375883360e-04
3.038294594497144741e-04
3.022874672104739640e-04
3.007575252811795765e-04
2.992395054321936830e-04
2.977332786881712852e-04
2.962387154734953286e-04
2.947556857584824491e-04
2.932840592069143205e-04
2.918237053254098138e-04
2.903744936151153437e-04
2.889362937261113042e-04
2.875089756148756833e-04
2.860924097050401827e-04
2.846864670515535513e-04
2.832910195082334300e-04
2.819059398985130694e-04
2.805311021889879994e-04
2.791663816651235677e-04
2.778116551082275261e-04
2.764668009724438667e-04
2.751316995601999350e-04
2.738062331941019684e-04
2.724902863828596619e-04
2.711837459783166438e-04
2.698865013201776422e-04
2.685984443644898038e-04
2.673194697914310918e-04
2.660494750874908051e-04
2.647883605967006246e-04
2.635360295353157407e-04
2.622923879641839606e-04
2.610573447131691737e-04
2.598308112523619023e-04
2.586127015055519137e-04
2.574029316025877156e-04
2.562014195688642527e-04
2.550080849523089495e-04
2.538228483909156356e-04
2.526456311270837180e-04
2.514763544787750982e-04
2.503149392817173623e-04
2.491613053214867569e-04
2.480153707791580035e-04
2.468770517190511894e-04
2.457462616516400532e-04
2.446229112083668478e-04
2.435069079672247849e-04
2.423981564675646322e-04
2.412965584484327625e-04
2.402020133355812169e-04
2.391144189869823038e-04
2.380336726848092930e-04
2.369596723341976395e-04
2.358923177983548764e-04
2.348315122703670645e-04
2.337771635605036637e-04
2.327291851702792435e-04
2.316874970353890626e-04
2.306520258495386012e-04
2.296227049260194579e-04
2.285994736055458785e-04
2.275822762673669381e-04
2.265710610374816652e-04
2.255657783079167858e-04
2.245663791844179592e-04
2.235728139708976082e-04
2.225850307846033796e-04
2.216029743842486306e-04
2.206265852929638869e-04
2.196557993151750262e-04
2.186905475860865633e-04
2.177307573622633892e-04
2.167763538642628832e-04
2.158272636180771616e-04
2.148834198994906890e-04
2.139447710222794254e-04
2.130112922240763281e-04
2.120830015881198898e-04
2.111599794761523819e-04
2.102423890171828847e-04
2.093304923725567107e-04
2.084246549203294977e-04
2.075253296525084049e-04
2.066330192973205352e-04
2.057482229415956952e-04
2.048713816379498095e-04
2.040028378577862192e-04
2.031428166492735830e-04
2.022914274414338426e-04
2.014486798569282814e-04
2.006145059016283699e-04
1.997887827200931453e-04
1.989713526000228179e-04
1.981620389032655825e-04
1.973606578279418528e-04
1.965670265137880492e-04
1.957809682179222316e-04
1.950023152908074333e-04
1.942309105875807498e-04
1.934666078239882922e-04
1.927092712626254543e-04
1.919587750085907445e-04
1.912150021080870116e-04
1.904778435783895823e-04
1.897471974500387253e-04
1.890229678686156643e-04
1.883050642807174071e-04
1.875934007138509402e-04
1.868878951508000299e-04
1.861884689936123109e-04
1.854950466093976415e-04
1.848075549486622403e-04
1.841259232264469143e-04
1.834500826568964238e-04
1.827799662328003329e-04
1.821155085427754905e-04
1.814566456198336418e-04
1.808033148159777809e-04
1.801554546982687141e-04
1.795130049624626110e-04
1.788759063609238111e-04
1.782441006421033307e-04
1.776175304994110054e-04
1.769961395277256744e-04
1.763798721860664249e-04
1.757686737652214596e-04
1.751624903594079462e-04
1.745612688412688247e-04
1.739649568396176330e-04
1.733735027193868930e-04
1.727868555633362371e-04
1.722049651552009521e-04
1.716277819641662857e-04
1.710552571306046040e-04
1.704873424529361893e-04
1.699239903753594868e-04
1.693651539761738679e-04
1.688107869564672273e-04
1.682608436290382824e-04
1.677152789074996917e-04
1.671740482955902060e-04
1.666371078767624788e-04
1.661044143041058140e-04
1.655759247906342889e-04
1.650515970999127426e-04
1.645313895369900266e-04
1.640152609395889951e-04
1.635031706695221716e-04
1.629950786043030055e-04
1.624909451289313059e-04
1.619907311278436369e-04
1.614943979770237955e-04
1.610019075362598996e-04
1.605132221415486043e-04
1.600283045976521614e-04
1.595471181707863435e-04
1.590696265814562531e-04
1.585957939974224793e-04
1.581255850268061143e-04
1.576589647113219494e-04
1.571958985196381434e-04
1.567363523408654528e-04
1.562802924781646677e-04
1.558276856424757758e-04
1.553784989463644919e-04
1.549326998979818964e-04
1.544902563951369668e-04
1.540511367194779895e-04
1.536153095307797361e-04
1.531827438613384636e-04
1.527534091104661184e-04
1.523272750390849929e-04
1.519043117644211516e-04
1.514844897547925359e-04
1.510677798244928040e-04
1.506541531287633971e-04
1.502435811588578179e-04
1.498360357371938641e-04
1.494314890125881807e-04
1.490299134555793641e-04
1.486312818538303485e-04
1.482355673076127039e-04
1.478427432253690509e-04
1.474527833193523994e-04
1.470656616013389694e-04
1.466813523784220286e-04
1.462998302488682887e-04
1.459210700980534750e-04
1.455450470944607807e-04
1.451717366857542112e-04
1.448011145949106124e-04
1.444331568164228480e-04
1.440678396125649405e-04
1.437051395097193088e-04
1.433450332947646408e-04
1.429874980115264046e-04
1.426325109572816792e-04
1.422800496793289013e-04
1.419300919716046398e-04
1.415826158713644190e-04
1.412375996559122498e-04
1.408950218393849405e-04
1.405548611695897772e-04
1.402170966248924839e-04
1.398817074111526981e-04
1.395486729587139545e-04
1.392179729194363319e-04
1.388895871637812779e-04
1.385634957779377952e-04
1.382396790609983659e-04
1.379181175221770789e-04
1.375987918780719919e-04
1.372816830499705909e-04
1.369667721611974795e-04
1.366540405345021835e-04
1.363434696894900251e-04
1.360350413400903216e-04
1.357287373920638854e-04
1.354245399405497731e-04
1.351224312676500350e-04
1.348223938400499461e-04
1.345244103066753696e-04
1.342284634963836513e-04
1.339345364156946817e-04
1.336426122465512599e-04
1.333526743441140164e-04
1.330647062345895117e-04
1.327786916130948192e-04
1.324946143415468543e-04
1.322124584465878623e-04
1.319322081175427271e-04
1.316538477044018672e-04
1.313773617158378506e-04
1.311027348172491417e-04
1.308299518288328234e-04
1.305589977236871623e-04
1.302898576259391909e-04
1.300225168089026761e-04
1.297569606932584747e-04
1.294931748452666576e-04
1.292311449749987450e-04
1.289708569346002180e-04
1.287122967165755822e-04
1.284554504520980420e-04
1.282003044093441393e-04
1.279468449918503734e-04
1.276950587368973341e-04
1.274449323139096896e-04
1.271964525228869939e-04
1.269496062928503774e-04
1.267043806803137406e-04
1.264607628677759811e-04
1.262187401622343356e-04
1.259782999937198399e-04
1.257394299138490511e-04
1.255021175944022254e-04
1.252663508259145326e-04
1.250321175162923972e-04
1.247994056894442870e-04
1.245682034839348383e-04
1.243384991516528597e-04
1.241102810565033500e-04
1.238835376731098174e-04
1.236582575855412359e-04
1.234344294860525819e-04
1.232120421738437481e-04
1.229910845538366719e-04
1.227715456354643627e-04
1.225534145314810986e-04
1.223366804567859042e-04
1.221213327272644875e-04
1.219073607586429264e-04
1.216947540653598133e-04
1.214835022594519672e-04
1.212735950494564887e-04
1.210650222393245385e-04
1.208577737273518806e-04
1.206518395051247531e-04
1.204472096564748870e-04
1.202438743564542169e-04
1.200418238703183194e-04
1.198410485525254509e-04
1.196415388457482831e-04
1.194432852798996803e-04
1.192462784711677997e-04
1.190505091210689866e-04
1.188559680155070125e-04
1.186626460238498359e-04
1.184705340980145630e-04
1.182796232715661232e-04
1.180899046588272341e-04
1.179013694539993574e-04
1.177140089302949986e-04
1.175278144390831653e-04
1.173427774090405191e-04
1.171588893453201036e-04
1.169761418287250333e-04
1.167945265148963183e-04
1.167945265148388013e-04
