8.732022488237222932e-05
8.731554904679370683e-05
8.731050198683010385e-05
8.730542427944566113e-05
8.730029876151749991e-05
8.729511762240385196e-05
8.728987895560577854e-05
8.728458521676775916e-05
8.727924077319222553e-05
8.727385035549030346e-05
8.726841987130995318e-05
8.726295494499771712e-05
8.725746011574194284e-05
8.725194030708264029e-05
8.724639968877499459e-05
8.724084242470692239e-05
8.723527181984552282e-05
8.722969091686232513e-05
8.722410258459541740e-05
8.721850852904742125e-05
8.721291107269033113e-05
8.720731242436467940e-05
8.720171424711672655e-05
8.719611774550907240e-05
8.719052392963365654e-05
8.718493437934932198e-05
8.717935004363630233e-05
8.717377229363133578e-05
8.716820134152392769e-05
8.716263888265494010e-05
8.715708514809440536e-05
8.715154056008522548e-05
8.714600551570934460e-05
8.714048102463271925e-05
8.713496748329456498e-05
8.712946576205281247e-05
8.712397582276413155e-05
8.711849820838005664e-05
8.711303357400154766e-05
8.710758203003010646e-05
8.710214372763388710e-05
8.709671920795037758e-05
8.709130892003458279e-05
8.708591359847325125e-05
8.708053286821884219e-05
8.707516688467738491e-05
8.706981545890579352e-05
8.706447944742641348e-05
8.705915939451845252e-05
8.705385462344386680e-05
8.704856639099826791e-05
8.704329394548335100e-05
8.703803892706524128e-05
8.703279983526804775e-05
8.702762447370853479e-05
8.702178846242057631e-05
8.702932638300715155e-05
8.756545303616919981e-05
8.831021066735600974e-05
8.924125578612715070e-05
9.022206732359440353e-05
9.123095236330683387e-05
9.227990768165694345e-05
9.339253392101375454e-05
9.460331674712486882e-05
9.596023884405027369e-05
9.753060323120828082e-05
9.941286564909965944e-05
1.017596428317816469e-04
1.048238320300935814e-04
1.090574100467005156e-04
1.153374721294959232e-04
1.254996363531836879e-04
1.434057357287040206e-04
1.751494237807468628e-04
2.223534332176870421e-04
2.767787876364434648e-04
3.307527423054575197e-04
3.807704066491105453e-04
4.249293418409453584e-04
4.622629029992775251e-04
4.928006809401730068e-04
5.173217887435035099e-04
5.369279116353649394e-04
5.527132726754999418e-04
5.656055863202810122e-04
5.763283195025879898e-04
5.854206109081304139e-04
5.932748088082824729e-04
6.001733586800476463e-04
6.063189961812583649e-04
6.118575509258318036e-04
6.168944971274877139e-04
6.215067296760606440e-04
6.257508682297259657e-04
6.296690971254327151e-04
6.332932757530273420e-04
6.366478398987144389e-04
6.397518580833332644e-04
6.426204957580165583e-04
6.452660628433638931e-04
6.476987667153131373e-04
6.499272559412368590e-04
6.519590146554623059e-04
6.538006498448750226e-04
6.554581015390795922e-04
6.569367972969079655e-04
6.582417663167261686e-04
6.593777241976639131e-04
6.603491363122860735e-04
6.611602655530113759e-04
6.618152086316978064e-04
6.623179239674191173e-04
6.626722533677280574e-04
6.628819391055865195e-04
6.629506375552848656e-04
6.628819302312043875e-04
6.626793328408394192e-04
6.623463027947809655e-04
6.618862454941291332e-04
6.613025196277806965e-04
6.605984416488515842e-04
6.597772895545850162e-04
6.588423060623946987e-04
6.577967012525432183e-04
6.566436547327434391e-04
6.553863173695965213e-04
6.540278126248588470e-04
6.525712375300111870e-04
6.510196633296191741e-04
6.493761358221324153e-04
6.476436754254519430e-04
6.458252769937904711e-04
6.439239094115957462e-04
6.419425149897242059e-04
6.398840086883592375e-04
6.377512771904606751e-04
6.355471778487163095e-04
6.332745375280408179e-04
6.309361513646442529e-04
6.285347814616267827e-04
6.260731555398326353e-04
6.235539655615172407e-04
6.209798663430628456e-04
6.183534741717460100e-04
6.156773654401833436e-04
6.129540753108656979e-04
6.101860964218591872e-04
6.073758776435430771e-04
6.045258228950054630e-04
6.016382900276181752e-04
5.987155897821217843e-04
5.957599848245900007e-04
5.927736888655668005e-04
5.897588658657932498e-04
5.867176293310424114e-04
5.836520416978020461e-04
5.805641138107838157e-04
5.774558044925643015e-04
5.743290202050507906e-04
5.711856148019064201e-04
5.680273893705650072e-04
5.648560921620169239e-04
5.616734186061646521e-04
5.584810114101927724e-04
5.552804607370919344e-04
5.520733044612501951e-04
5.488610284977750919e-04
5.456450672020699564e-04
5.424268038360181886e-04
5.392075710970450778e-04
5.359886517062499925e-04
5.327712790517244619e-04
5.295566378831947614e-04
5.263458650540929224e-04
5.231400503071827451e-04
5.199402370999363495e-04
5.167474234658756644e-04
5.135625629081843257e-04
5.103865653219870737e-04
5.072202979417760266e-04
5.040645863105628482e-04
5.009202152674842529e-04
4.977879299506688488e-04
4.946684368123187119e-04
4.915624046431148805e-04
4.884704656031440021e-04
4.853932162567216563e-04
4.823312186086084431e-04
4.792850011392643856e-04
4.762550598369245046e-04
4.732418592244116225e-04
4.702458333787584125e-04
4.672673869418210294e-04
4.643068961202433814e-04
4.613647096732116583e-04
4.584411498866162180e-04
4.555365135323375140e-04
4.526510728115208508e-04
4.497850762807990236e-04
4.469387497605729854e-04
4.441122972245504521e-04
4.413059016698645497e-04
4.385197259671861671e-04
4.357539136903596866e-04
4.330085899251601253e-04
4.302838620568733138e-04
4.275798205364653593e-04
4.248965396251939411e-04
4.222340781175678171e-04
4.195924800426429420e-04
4.169717753436786678e-04
4.143719805362650510e-04
4.117930993450541347e-04
4.092351233192884638e-04
4.066980324273763645e-04
4.041817956307860657e-04
4.016863714375781260e-04
3.992117084359398044e-04
3.967577458080916316e-04
3.943244138250050668e-04
3.919116343223579815e-04
3.895193211582024173e-04
3.871473806528386344e-04
3.847957120114000392e-04
3.824642077296831755e-04
3.801527539837624438e-04
3.778612310039527892e-04
3.755895134336956903e-04
3.733374706739424819e-04
3.711049672136482874e-04
3.688918629469768859e-04
3.666980134778193836e-04
3.645232704122775913e-04
3.623674816397298845e-04
3.602304916031280092e-04
3.581121415591714515e-04
3.560122698290299481e-04
3.539307120402649873e-04
3.518673013606370310e-04
3.498218687244686602e-04
3.477942430522503749e-04
3.457842514641850545e-04
3.437917194883540698e-04
3.418164712642062560e-04
3.398583297420629842e-04
3.379171168793211871e-04
3.359926538340487156e-04
3.340847611566280777e-04
3.321932589801129040e-04
3.303179672099128576e-04
3.284587057134080723e-04
3.266152945100391750e-04
3.247875539623678860e-04
3.229753049685308197e-04
3.211783691564302850e-04
3.193965690798936173e-04
3.176297284169085958e-04
3.158776721698997080e-04
3.141402268678200735e-04
3.124172207696462714e-04
3.107084840686105340e-04
3.090138490962486789e-04
3.073331505250264913e-04
3.056662255679941441e-04
3.040129141735301043e-04
3.023730592128817088e-04
3.007465066577849643e-04
2.991331057450655737e-04
2.975327091247483252e-04
2.959451729878444671e-04
2.943703571697541292e-04
2.928081252250333381e-04
2.912583444692667728e-04
2.897208859839538295e-04
2.881956245806891305e-04
2.866824387215703208e-04
2.851812103936640988e-04
2.836918249366026214e-04
2.822141708238733084e-04
2.807481394001445744e-04
2.792936245789747049e-04
2.778505225073811167e-04
2.764187312059479041e-04
2.749981501952368751e-04
2.735886801211675655e-04
2.721902223935278092e-04
2.708026788527287507e-04
2.694259514801717269e-04
2.680599421669846915e-04
2.667045525542875218e-04
2.653596839555128362e-04
2.640252373675898651e-04
2.627011135731329989e-04
2.613872133303108509e-04
2.600834376411742055e-04
2.587896880833492961e-04
2.575058671846982314e-04
2.562318788164715737e-04
2.549676285782243425e-04
2.537130241477155942e-04
2.524679755714487458e-04
2.512323954762430041e-04
2.500061991887629685e-04
2.487893047575511917e-04
2.475816328798243122e-04
2.463831067422660973e-04
2.451936517904639359e-04
2.440131954450681527e-04
2.428416667841232647e-04
2.416789962104298490e-04
2.405251151207669284e-04
2.393799555908383511e-04
2.382434500864596277e-04
2.371155312082834517e-04
2.359961314746634130e-04
2.348851831452480432e-04
2.337826180866210614e-04
2.326883676812402911e-04
2.316023627819448346e-04
2.305245337148377775e-04
2.294548103357160382e-04
2.283931221478385223e-04
2.273393984918312615e-04
2.262935688218818730e-04
2.252555630859019318e-04
2.242253122307508726e-04
2.232027488564228984e-04
2.221878080446432332e-04
2.211804283863335067e-04
2.201805532273195826e-04
2.191881321400895497e-04
2.182031226087025261e-04
2.172254918812155356e-04
2.162552188973861339e-04
2.152922961397000677e-04
2.143367311888418980e-04
2.133885477039433533e-04
2.124477855150522763e-04
2.115144995370635099e-04
2.105887573135113505e-04
2.096706351795336615e-04
2.087602132696425063e-04
2.078575698302277750e-04
2.069627754579470296e-04
2.060758879185134896e-04
2.051969480933874001e-04
2.043259773897441913e-04
2.034629766977712553e-04
2.026079267558549392e-04
2.017607896330131303e-04
2.009215109719522598e-04
2.000900226428458132e-04
1.992662455120792532e-04
1.984500921056376775e-04
1.976414690235123032e-04
1.968402790275748822e-04
1.960464227759758623e-04
1.952598002120067193e-04
1.944803116368219200e-04
1.937078585065136755e-04
1.929423439978464403e-04
1.921836733860334706e-04
1.914317542742468930e-04
1.906864967095115717e-04
1.899478132141392192e-04
1.892156187565451975e-04
1.884898306804207884e-04
1.877703686070109621e-04
1.870571543217069651e-04
1.863501116532305824e-04
1.856491663513672218e-04
1.849542459673806912e-04
1.842652797398346750e-04
1.835821984874906360e-04
1.829049345101754428e-04
1.822334214979532817e-04
1.815675944485533612e-04
1.809073895927249779e-04
1.802527443270589942e-04
1.796035971536896910e-04
1.789598876262756140e-04
1.783215563016354562e-04
1.776885446964339096e-04
1.770607952483559523e-04
1.764382512812348407e-04
1.758208569736590082e-04
1.752085573306143512e-04
1.746012981577849241e-04
1.739990260381633100e-04
1.734016883106674438e-04
1.728092330505057379e-04
1.722216090510544256e-04
1.716387658070513708e-04
1.710606534989329516e-04
1.704872229781697918e-04
1.699184257534671445e-04
1.693542139777258428e-04
1.687945404356670537e-04
1.682393585320469194e-04
1.676886222803841611e-04
1.671422862921486589e-04
1.666003057663602402e-04
1.660626364795530596e-04
1.655292347760745921e-04
1.650000575586779293e-04
1.644750622793938273e-04
1.639542069306538824e-04
1.634374500366409021e-04
1.629247506448592057e-04
1.624160683179024672e-04
1.619113631254120794e-04
1.614105956362122155e-04
1.609137269106138103e-04
1.604207184928769419e-04
1.599315324038275512e-04
1.594461311336215306e-04
1.589644776346463707e-04
1.584865353145613147e-04
1.580122680294681855e-04
1.575416400772068420e-04
1.570746161907766200e-04
1.566111615318751919e-04
1.561512416845547643e-04
1.556948226489907885e-04
1.552418708353623441e-04
1.547923530578377714e-04
1.543462365286691576e-04
1.539034888523873018e-04
1.534640780200965883e-04
1.530279724038699604e-04
1.525951407512403867e-04
1.521655521797847565e-04
1.517391761718024797e-04
1.513159825690821249e-04
1.508959415677580990e-04
1.504790237132543897e-04
1.500651998953120888e-04
1.496544413431030013e-04
1.492467196204208025e-04
1.488420066209581718e-04
1.484402745636556197e-04
1.480414959881337980e-04
1.476456437501992656e-04
1.472526910174230298e-04
1.468626112647927068e-04
1.464753782704379453e-04
1.460909661114225845e-04
1.457093491596089102e-04
1.453305020775871534e-04
1.449543998146725615e-04
1.445810176029650013e-04
1.442103309534772460e-04
1.438423156523193150e-04
1.434769477569499806e-04
1.431142035924847346e-04
1.427540597480634937e-04
1.423964930732793464e-04
1.420414806746595035e-04
1.416889999122072626e-04
1.413390283959931677e-04
1.409915439828059365e-04
1.406465247728515245e-04
1.403039491065077567e-04
1.399637955611255508e-04
1.396260429478860866e-04
1.392906703087026983e-04
1.389576569131721249e-04
1.386269822555738181e-04
1.382986260519147327e-04
1.379725682370222550e-04
1.376487889616786022e-04
1.373272685898017887e-04
1.370079876956677915e-04
1.366909270611790924e-04
1.363760676731721707e-04
1.360633907207643787e-04
1.357528775927452434e-04
1.354445098750062292e-04
1.351382693480055754e-04
1.348341379842766098e-04
1.345320979459727897e-04
1.342321315824465157e-04
1.339342214278670584e-04
1.336383501988726102e-04
1.333445007922588743e-04
1.330526562827012379e-04
1.327627999205109610e-04
1.324749151294246511e-04
1.321889855044258569e-04
1.319049948096011132e-04
1.316229269760238484e-04
1.313427660996720127e-04
1.310644964393776069e-04
1.307881024148013663e-04
1.305135686044418667e-04
1.302408797436721436e-04
1.299700207228033874e-04
1.297009765851779952e-04
1.294337325252894284e-04
1.294337325252048606e-04
