8.731994615405279229e-05
8.731509066168020318e-05
8.730988569180913304e-05
8.730466909318743390e-05
8.729942025085675700e-05
8.729412788822619453e-05
8.728878751650954559e-05
8.728339900153840407e-05
8.727796485397844978e-05
8.727248898144425752e-05
8.726697568719786545e-05
8.726142946879631769e-05
8.725585508341244644e-05
8.725025680544673317e-05
8.724463843337933080e-05
8.723900380936034813e-05
8.723335620393827649e-05
8.722769843316266058e-05
8.722203323008772115e-05
8.721636274915842916e-05
8.721068893388419781e-05
8.720501332544451038e-05
8.719933784902854162e-05
8.719366407077061229e-05
8.718799316121921667e-05
8.718232631960876500e-05
8.717666461711877932e-05
8.717100912426954608e-05
8.716536079030295751e-05
8.715972034036416371e-05
8.715408839219678677e-05
8.714846569107866244e-05
8.714285279896566807e-05
8.713724993551956260e-05
8.713165787902034723e-05
8.712607729085410189e-05
8.712050852694332560e-05
8.711495202572556691e-05
8.710940812707249775e-05
8.710387720995583377e-05
8.709835964222919038e-05
8.709285582892569810e-05
8.708736618192897821e-05
8.708189106436387125e-05
8.707643054153276852e-05
8.707098473081555784e-05
8.706555394331140811e-05
8.706013845188134454e-05
8.705473847827067805e-05
8.704935430923926875e-05
8.704398619519889563e-05
8.703863419276345193e-05
8.703329834606603763e-05
8.702797879364714473e-05
8.702267564429038793e-05
8.701738882464560071e-05
8.701211869608144645e-05
8.700686546498053852e-05
8.700162913808506945e-05
8.699640979645164706e-05
8.699120752768479622e-05
8.698602256089264480e-05
8.698085503043159956e-05
8.697570501022022001e-05
8.697057233263236643e-05
8.696545703431994047e-05
8.696035928332354527e-05
8.695527921868904660e-05
8.695021682807140679e-05
8.694517191894196139e-05
8.694014441086712582e-05
8.693513464806187235e-05
8.693014261697158674e-05
8.692516829325033301e-05
8.692021168428122981e-05
8.691527273003783044e-05
8.691035149036177934e-05
8.690544798172080646e-05
8.690056238010645737e-05
8.689569472673004267e-05
8.689084500629017647e-05
8.688601296873281227e-05
8.688119855462869549e-05
8.687640183729389450e-05
8.687162279830349114e-05
8.686686159156907755e-05
8.686211828826250901e-05
8.685739291683039097e-05
8.685268522964082524e-05
8.684799511955429484e-05
8.684332261432193016e-05
8.683866769520149416e-05
8.683403030261526432e-05
8.682941047380599183e-05
8.682480825088242211e-05
8.682022354071665718e-05
8.681565609561356280e-05
8.681110598455035222e-05
8.680657338069384488e-05
8.680205817299151616e-05
8.679756031274488050e-05
8.679307971567032430e-05
8.678861632618427161e-05
8.678417014967398750e-05
8.677974117264248308e-05
8.677532946476363925e-05
8.677093501090616789e-05
8.676655769587381854e-05
8.676219738328059866e-05
8.675785407026230360e-05
8.675352771806836864e-05
8.674921803888082012e-05
8.674492521635770558e-05
8.674064929215710826e-05
8.673639013657287293e-05
8.673214772804245455e-05
8.672792200168186899e-05
8.672371295329468462e-05
8.671952059040583373e-05
8.671534479441395278e-05
8.671118539754279423e-05
8.670704224574197452e-05
8.670291557249818555e-05
8.669880531419810101e-05
8.669471136746308441e-05
8.669063367566781772e-05
8.668657212439854630e-05
8.668252669679053248e-05
8.667849734080041856e-05
8.667448422073626552e-05
8.667048732243768825e-05
8.666650659168381743e-05
8.666254176005488584e-05
8.665859272994671776e-05
8.665465950936713558e-05
8.665074202665606776e-05
8.664684021726300363e-05
8.664295411638485911e-05
8.663908376280523996e-05
8.663522891560847391e-05
8.663138928466731798e-05
8.662756504311946721e-05
8.662375628198353136e-05
8.661996286513693832e-05
8.661618475815510362e-05
8.661242192340784995e-05
8.660867445816413128e-05
8.660494230280742418e-05
8.660122543504722317e-05
8.659752357545610034e-05
8.659383660011218682e-05
8.659016454421968978e-05
8.658650739359995531e-05
8.658286525405684464e-05
8.657923804478266921e-05
8.657562559972662147e-05
8.657202784287343041e-05
8.656844470476610977e-05
8.656487619750457261e-05
8.656132238942441492e-05
8.655778326872398763e-05
8.655425898978445082e-05
8.655075032936720438e-05
8.654725749386620514e-05
8.654378111909761411e-05
8.654032292651717292e-05
8.653688738200846354e-05
8.653348436969933108e-05
8.653013581750154594e-05
8.652689195092793024e-05
8.652383644800283244e-05
8.652119798524113747e-05
8.651931405108429461e-05
8.651911970106700026e-05
8.652199964616404397e-05
8.653061234436838084e-05
8.654853140471599254e-05
8.661242447776797506e-05
8.674051705436911419e-05
8.686975306753016697e-05
8.703513442797432254e-05
8.725250357394763456e-05
8.747281582057113804e-05
8.769533036243599522e-05
8.795048335693151633e-05
8.824097022014670453e-05
8.856816418944622857e-05
8.895096794599639302e-05
8.940573054928334178e-05
8.994101191695284218e-05
9.056528469317408933e-05
9.128398723446569927e-05
9.209467768776693607e-05
9.299081587509296532e-05
9.396813372078428840e-05
9.502861122028866863e-05
9.618363027383249801e-05
9.745668579623289552e-05
9.888490617192067361e-05
1.005212319120838245e-04
1.024397703660523211e-04
1.047458967183706875e-04
1.075939302463390772e-04
1.112179626793056997e-04
1.159848807669527449e-04
1.224815794834974777e-04
1.316372361177199808e-04
1.448040083100338453e-04
1.634935587568615411e-04
1.883736635598285108e-04
2.182251355718620373e-04
2.505411921410296617e-04
2.830114881321705396e-04
3.140458679204099590e-04
3.426106685376367907e-04
3.680876473404505185e-04
3.902284080197214759e-04
4.090958095680678557e-04
4.249657854493146055e-04
4.382216229846231216e-04
4.492712350384529493e-04
4.584967008814432379e-04
4.662307722834723475e-04
4.727507824920133220e-04
4.782817738063931449e-04
4.830034909244750323e-04
4.870582582466901028e-04
4.905583343111170804e-04
4.935922128520759712e-04
4.962297783606842237e-04
4.985264166458507453e-04
5.005262312464523779e-04
5.022645539582710605e-04
5.037698835337255055e-04
5.050653875789791816e-04
5.061700663379642157e-04
5.070996418267186218e-04
5.078672573448521962e-04
5.084840211425385855e-04
5.089594270095526259e-04
5.093016829998439458e-04
5.095179687911639572e-04
5.096146375766551304e-04
5.095973748796066120e-04
5.094713238331638992e-04
5.092411842622252818e-04
5.089112911931904576e-04
5.084856771853162125e-04
5.079681219779577086e-04
5.073621921817052542e-04
5.066712731118429161e-04
5.058985943963515428e-04
5.050472506407775600e-04
5.041202181593504392e-04
5.031203685681519310e-04
5.020504798692076087e-04
5.009132455203160663e-04
4.997112818740220754e-04
4.984471342932201600e-04
4.971232822012705208e-04
4.957421432696425398e-04
4.943060768984585416e-04
4.928173871136995975e-04
4.912783249808532577e-04
4.896910906170236482e-04
4.880578348702323743e-04
4.863806607218024809e-04
4.846616244570345301e-04
4.829027366420392568e-04
4.811059629387613441e-04
4.792732247853467528e-04
4.774063999649239085e-04
4.755073230825337212e-04
4.735777859672191874e-04
4.716195380140154447e-04
4.696342864786784768e-04
4.676236967363875700e-04
4.655893925142377777e-04
4.635329561061435908e-04
4.614559285776973657e-04
4.593598099675715875e-04
4.572460594912105343e-04
4.551160957517751994e-04
4.529712969626290041e-04
4.508130011849827709e-04
4.486425065837767361e-04
4.464610717042984166e-04
4.442699157715908407e-04
4.420702190142202534e-04
4.398631230135769993e-04
4.376497310795118942e-04
4.354311086527556419e-04
4.332082837342691832e-04
4.309822473413956303e-04
4.287539539904123079e-04
4.265243222048935279e-04
4.242942350490556589e-04
4.220645406851223150e-04
4.198360529535485929e-04
4.176095519748562767e-04
4.153857847716826372e-04
4.131654659095946019e-04
4.109492781551208154e-04
4.087378731493996253e-04
4.065318720958008085e-04
4.043318664598510945e-04
4.021384186797418814e-04
3.999520628857246448e-04
3.977733056266740622e-04
3.956026266021242434e-04
3.934404793981387000e-04
3.912872922253956111e-04
3.891434686579557569e-04
3.870093883712274379e-04
3.848854078777162063e-04
3.827718612592129394e-04
3.806690608941224645e-04
3.785772981787231990e-04
3.764968442411841042e-04
3.744279506472579467e-04
3.723708500966399059e-04
3.703257571090419801e-04
3.682928686991358900e-04
3.662723650395807089e-04
3.642644101114357992e-04
3.622691523413307095e-04
3.602867252248409275e-04
3.583172479355897885e-04
3.563608259196695258e-04
3.544175514750506754e-04
3.524875043157103013e-04
3.505707521203059495e-04
3.486673510652587194e-04
3.467773463421943347e-04
3.449007726597422122e-04
3.430376547297361140e-04
3.411880077379176473e-04
3.393518377992642602e-04
3.375291423981117891e-04
3.357199108132839002e-04
3.339241245284521489e-04
3.321417576280202605e-04
3.303727771788222750e-04
3.286171435980179858e-04
3.268748110075477952e-04
3.251457275756138975e-04
3.234298358456394701e-04
3.217270730532447733e-04
3.200373714317697395e-04
3.183606585069211460e-04
3.166968573811414439e-04
3.150458870083024912e-04
3.134076624593464693e-04
3.117820951794953387e-04
3.101690932376852637e-04
3.085685615688675294e-04
3.069804022098598104e-04
3.054045145294263406e-04
3.038407954532932318e-04
3.022891396848084440e-04
3.007494399219725516e-04
2.992215870715584270e-04
2.977054704610270115e-04
2.962009780489326311e-04
2.947079966344772124e-04
2.932264120668300403e-04
2.917561094547603084e-04
2.902969733770504571e-04
2.888488880940782814e-04
2.874117377607967932e-04
2.859854066412125038e-04
2.845697793242720863e-04
2.831647409408348114e-04
2.817701773811960835e-04
2.803859755123171583e-04
2.790120233936336331e-04
2.776482104899691186e-04
2.762944278797027598e-04
2.749505684559530876e-04
2.736165271181206001e-04
2.722922009507301646e-04
2.709774893861293765e-04
2.696722943473008624e-04
2.683765203667905306e-04
2.670900746776833545e-04
2.658128672725955182e-04
2.645448109269193308e-04
2.632858211830295457e-04
2.620358162928884617e-04
2.607947171174647047e-04
2.595624469826209664e-04
2.583389314925784840e-04
2.571240983037460163e-04
2.559178768634776981e-04
2.547201981202279063e-04
2.535309942133996707e-04
2.523501981529415188e-04
2.511777435002403216e-04
2.500135640630171533e-04
2.488575936175839139e-04
2.477097656718245909e-04
2.465700132815573783e-04
2.454382689313188955e-04
2.443144644881100084e-04
2.431985312332241023e-04
2.420903999730363617e-04
2.409900012248117373e-04
2.398972654684128336e-04
2.388121234498131735e-04
2.377345065179251482e-04
2.366643469730418062e-04
2.356015784036108375e-04
2.345461359884189851e-04
2.334979567436957604e-04
2.324569796989254991e-04
2.314231459909049898e-04
2.303963988721102621e-04
2.293766836360123769e-04
2.283639474678712312e-04
2.273581392341497774e-04
2.263592092266399796e-04
2.253671088786204739e-04
2.243817904699453103e-04
2.234032068363321622e-04
2.224313110956699347e-04
2.214660564014207756e-04
2.205073957305753922e-04
2.195552817115090951e-04
2.186096664956806200e-04
2.176705016765631876e-04
2.167377382595363710e-04
2.158113266876226708e-04
2.148912169298350025e-04
2.139773586413329007e-04
2.130697014072161107e-04
2.121681950844135948e-04
2.112727902580960554e-04
2.103834388297046111e-04
2.095000947522844927e-04
2.086227149242146867e-04
2.077512602436338771e-04
2.068856968118760174e-04
2.060259972545426511e-04
2.051721421037185154e-04
2.043241211559946105e-04
2.034819346917531263e-04
2.026455944169753805e-04
2.018151239764034619e-04
2.009905588934025173e-04
2.001719458227814148e-04
1.993593410595691229e-04
1.985528083248462182e-04
1.977524159380190396e-04
1.969582335675266549e-04
1.961703288117728811e-04
1.953887638860212579e-04
1.946135926740316527e-04
1.938448583498966489e-04
1.930825916983950794e-04
1.923268101773078793e-04
1.915775176877969940e-04
1.908347049597904630e-04
1.900983504232708400e-04
1.893684214228848770e-04
1.886448756382292345e-04
1.879276625896151513e-04
1.872167251331901248e-04
1.865120008751397832e-04
1.858134234588435158e-04
1.851209236994146078e-04
1.844344305561601723e-04
1.837538719451931729e-04
1.830791754022459232e-04
1.824102686103390870e-04
1.817470798091580140e-04
1.810895381034617461e-04
1.804375736871805045e-04
1.797911179984872565e-04
1.791501038194304196e-04
1.785144653318769320e-04
1.778841381397179599e-04
1.772590592656285153e-04
1.766391671291777125e-04
1.760244015117768638e-04
1.754147035128492788e-04
1.748100155006441592e-04
1.742102810603004138e-04
1.736154449410977298e-04
1.730254530042366794e-04
1.724402521720678637e-04
1.718597903793357196e-04
1.712840165267984661e-04
1.707128804374452005e-04
1.701463328154420964e-04
1.695843252078705558e-04
1.690268099692554483e-04
1.684737402288249161e-04
1.679250698603647828e-04
1.673807534545236663e-04
1.668407462933660216e-04
1.668407462931954224e-04
