8.731999686432269207e-05
8.731523981343216039e-05
8.731016356574475919e-05
8.730509860737175774e-05
8.730001885153412463e-05
8.729490881327717851e-05
8.728976113137522244e-05
8.728457346065373256e-05
8.727934648048551308e-05
8.727408275880339599e-05
8.726878644403384311e-05
8.726346111135793986e-05
8.725810924036735930e-05
8.725273450879801943e-05
8.724734453773143404e-05
8.724195285033822355e-05
8.723647382640541494e-05
8.723211765046191737e-05
8.739174742427902086e-05
8.812120287605968013e-05
8.903019894910250585e-05
8.997632654026854629e-05
9.094863727436376991e-05
9.194022521297159402e-05
9.296010358179059658e-05
9.402807043757187386e-05
9.517125096587930448e-05
9.642421440382258741e-05
9.783146734998202977e-05
9.945221816186779857e-05
1.013684088940171519e-04
1.036985644207525899e-04
1.066221511240936503e-04
1.104235480077773773e-04
1.155727406110257648e-04
1.228695886634785636e-04
1.336625633776249015e-04
1.499777291159619191e-04
1.738482291783226882e-04
2.052773642929399910e-04
2.413666483924721117e-04
2.786238799275598307e-04
3.146725667265097949e-04
3.480640503721527178e-04
3.779065028489452189e-04
4.037811753009632279e-04
4.256993220136652220e-04
4.439850266321767008e-04
4.591249747140459031e-04
4.716446565389144471e-04
4.820331803859515484e-04
4.907099469466938901e-04
4.980176763238761475e-04
5.042285825536460672e-04
5.095554144433600248e-04
5.141630770257969718e-04
5.181789981573275148e-04
5.217016878983663734e-04
5.248075189482446926e-04
5.275559772368268062e-04
5.299936762442072034e-04
5.321574062299917101e-04
5.340764438906668186e-04
5.357743041840743424e-04
5.372700654148656468e-04
5.385793797390347809e-04
5.397152426712954580e-04
5.406885801560041812e-04
5.415086981806380931e-04
5.421836300854607042e-04
5.427204061939260504e-04
5.431252585262046637e-04
5.434037792581346109e-04
5.435610447485238108e-04
5.436017253917726924e-04
5.435301460815382185e-04
5.433503529090276916e-04
5.430661599677650891e-04
5.426811871638932607e-04
5.421988899925501721e-04
5.416225829253146391e-04
5.409554583220704815e-04
5.402006017239531195e-04
5.393610042101598103e-04
5.384395724231333478e-04
5.374391367353435495e-04
5.363624579249561724e-04
5.352122326564012766e-04
5.339910980011807829e-04
5.327016351655624064e-04
5.313463725601819555e-04
5.299277883358708904e-04
5.284483124732239920e-04
5.269103284896671166e-04
5.253161748278952804e-04
5.236681459858111417e-04
5.219684934404691902e-04
5.202194263946043453e-04
5.184231123519606951e-04
5.165816775424093366e-04
5.146972072300425288e-04
5.127717459291675824e-04
5.108072975448511204e-04
5.088058254516579591e-04
5.067692525230774398e-04
5.046994611231749635e-04
5.025982930709978506e-04
5.004675495872010433e-04
4.983089912313982180e-04
4.961243378377940038e-04
4.939152684558055896e-04
4.916834213016002975e-04
4.894303937257271598e-04
4.871577422013326176e-04
4.848669823368303446e-04
4.825595889162780203e-04
4.802369959701671665e-04
4.779005968788073541e-04
4.755517445100118559e-04
4.731917513923324992e-04
4.708218899246913495e-04
4.684433926228742358e-04
4.660574524029962771e-04
4.636652229017544408e-04
4.612678188329663435e-04
4.588663163796767369e-04
4.564617536208538380e-04
4.540551309915107992e-04
4.516474117749163641e-04
4.492395226253802958e-04
4.468323541200316723e-04
4.444267613378179746e-04
4.420235644639331613e-04
4.396235494177886511e-04
4.372274685025834013e-04
4.348360410745188628e-04
4.324499542296692456e-04
4.300698635065039769e-04
4.276963936020987010e-04
4.253301391000608106e-04
4.229716652082363268e-04
4.206215085043087934e-04
4.182801776874381003e-04
4.159481543341540409e-04
4.136258936567725362e-04
4.113138252626713618e-04
4.090123539128307298e-04
4.067218602781286522e-04
4.044427016919509375e-04
4.021752128977548225e-04
3.999197067903130075e-04
3.976764751494533848e-04
3.954457893651774632e-04
3.932279011531341641e-04
3.910230432595185801e-04
3.888314301545245399e-04
3.866532587135789205e-04
3.844887088856660919e-04
3.823379443481119788e-04
3.802011131472855820e-04
3.780783483247474172e-04
3.759697685284459382e-04
3.738754786086121275e-04
3.717955701980958389e-04
3.697301222769246686e-04
3.676792017209400154e-04
3.656428638344016947e-04
3.636211528665331868e-04
3.616141025119933169e-04
3.596217363953343234e-04
3.576440685395348399e-04
3.556811038187402242e-04
3.537328383953792653e-04
3.517992601418581120e-04
3.498803490470691387e-04
3.479760776079768520e-04
3.460864112065714583e-04
3.442113084725049467e-04
3.423507216317536479e-04
3.405045968416531310e-04
3.386728745127007929e-04
3.368554896175103802e-04
3.350523719873345612e-04
3.332634465965763812e-04
3.314886338357478932e-04
3.297278497733070420e-04
3.279810064068634594e-04
3.262480119042137370e-04
3.245287708347023635e-04
3.228231843914174679e-04
3.211311506047229191e-04
3.194525645476608612e-04
3.177873185337529074e-04
3.161353023077601997e-04
3.144964032299561989e-04
3.128705064544872664e-04
3.112574951024264553e-04
3.096572504301074442e-04
3.080696519933749330e-04
3.064945778083795762e-04
3.049319045095770313e-04
3.033815075055848942e-04
3.018432611335787261e-04
3.003170388129123886e-04
2.988027131986458417e-04
2.973001563356821551e-04
2.958092398141828482e-04
2.943298349269600554e-04
2.928618128294907812e-04
2.914050447031919463e-04
2.899594019225604528e-04
2.885247562267231869e-04
2.871009798958885917e-04
2.856879459331127273e-04
2.842855282516825832e-04
2.828936018683041544e-04
2.815120431021490041e-04
2.801407297795997721e-04
2.787795414443685021e-04
2.774283595723843737e-04
2.760870677905821226e-04
2.747555520984063882e-04
2.734337010904712233e-04
2.721214061784544289e-04
2.708185618098531773e-04
2.695250656808124111e-04
2.682408189397811078e-04
2.669657263783214540e-04
2.656996966049950874e-04
2.644426421979277977e-04
2.631944798314191330e-04
2.619551303718764025e-04
2.607245189384440210e-04
2.595025749239938256e-04
2.582892319727027449e-04
2.570844279112551294e-04
2.558881046317888156e-04
2.547002079260477013e-04
2.535206872717467004e-04
2.523494955738463021e-04
2.511865888651742098e-04
2.500319259725407284e-04
2.488854681559939108e-04
2.477471787301073047e-04
2.466170226770209332e-04
2.454949662613070422e-04
2.443809766565765095e-04
2.432750215930201687e-04
2.421770690339023423e-04
2.410870868874101535e-04
2.400050427583741018e-04
2.389309037423436742e-04
2.378646362624668243e-04
2.368062059477609024e-04
2.357555775497596263e-04
2.347127148933118509e-04
2.336775808565007891e-04
2.326501373742936255e-04
2.316303454605313054e-04
2.306181652432463391e-04
2.296135560088581346e-04
2.286164762515543146e-04
2.276268837249460645e-04
2.266447354938814498e-04
2.256699879849856903e-04
2.247025970350943682e-04
2.237425179371926463e-04
2.227897054838137399e-04
2.218441140080400816e-04
2.209056974223697469e-04
2.199744092557407652e-04
2.190502026889875676e-04
2.181330305889573316e-04
2.172228455414521096e-04
2.163195998830933680e-04
2.154232457321648010e-04
2.145337350184299780e-04
2.136510195118984223e-04
2.127750508505024468e-04
2.119057805666290718e-04
2.110431601124740115e-04
2.101871408841741713e-04
2.093376742447145087e-04
2.084947115456002858e-04
2.076582041473174281e-04
2.068281034386223517e-04
2.060043608547018883e-04
2.051869278941533285e-04
2.043757561350268727e-04
2.035707972501036667e-04
2.027720030212884494e-04
2.019793253532378122e-04
2.011927162863189620e-04
2.004121280089678648e-04
1.996375128695295463e-04
1.988688233876479609e-04
1.981060122652632716e-04
1.973490323972741645e-04
1.965978368819120109e-04
1.958523790308602135e-04
1.951126123791563339e-04
1.943784906948991978e-04
1.936499679887773793e-04
1.929269985234308257e-04
1.922095368226585258e-04
1.914975376804583162e-04
1.907909561699149817e-04
1.900897476519076176e-04
1.893938677836392659e-04
1.887032725269694692e-04
1.880179181565294155e-04
1.873377612676001042e-04
1.866627587837290281e-04
1.859928679640629858e-04
1.853280464103622188e-04
1.846682520736758987e-04
1.840134432606388209e-04
1.833635786393562916e-04
1.827186172448503189e-04
1.820785184840224944e-04
1.814432421400989507e-04
1.808127483765215363e-04
1.801869977402453891e-04
1.795659511644069682e-04
1.789495699703192572e-04
1.783378158687686052e-04
1.777306509605698116e-04
1.771280377363549502e-04
1.765299390755696422e-04
1.759363182446497262e-04
1.753471388943721729e-04
1.747623650563620025e-04
1.741819611387635533e-04
1.736058919210749902e-04
1.730341225481707456e-04
1.724666185235356104e-04
1.719033457017493151e-04
1.713442702802660548e-04
1.707893587905523838e-04
1.702385780886484488e-04
1.696918953452269398e-04
1.691492780352401519e-04
1.686106939272415692e-04
1.680761110724842127e-04
1.675454977938935176e-04
1.670188226750205602e-04
1.664960545490755156e-04
1.659771624881491701e-04
1.654621157927142934e-04
1.649508839815075388e-04
1.644434367818746771e-04
1.639397441206556002e-04
1.634397761156844474e-04
1.629435030679584674e-04
1.624508954545273863e-04
1.619619239221369749e-04
1.614765592816526710e-04
1.609947725032753209e-04
1.605165347125530229e-04
1.600418171871776350e-04
1.595705913545456727e-04
1.591028287900559757e-04
1.586385012161140853e-04
1.581775805017860586e-04
1.577200386630650195e-04
1.572658478636884303e-04
1.568149804164571594e-04
1.563674087849856002e-04
1.559231055858365737e-04
1.554820435909667735e-04
1.550441957304364853e-04
1.546095350953181490e-04
1.541780349407576305e-04
1.537496686891228804e-04
1.533244099332121697e-04
1.529022324394606986e-04
1.524831101511170384e-04
1.520670171913514302e-04
1.516539278662632265e-04
1.512438166677647605e-04
1.508366582763158935e-04
1.504324275634935475e-04
1.500310995943822075e-04
1.496326496297697571e-04
1.492370531281441445e-04
1.488442857474887133e-04
1.484543233468647036e-04
1.480671419877865901e-04
1.476827179353977092e-04
1.473010276594322716e-04
1.469220478349866096e-04
1.465457553430951870e-04
1.461721272711215345e-04
1.458011409129696427e-04
1.454327737691268961e-04
1.450670035465439166e-04
1.447038081583655188e-04
1.443431657235126956e-04
1.439850545661352588e-04
1.436294532149347280e-04
1.432763404023717514e-04
1.429256950637659742e-04
1.425774963362944525e-04
1.422317235579012714e-04
1.418883562661187459e-04
1.415473741968147341e-04
1.412087572828687988e-04
1.408724856527870581e-04
1.405385396292588415e-04
1.402068997276630655e-04
1.398775466545290462e-04
1.395504613059598523e-04
1.392256247660153263e-04
1.389030183050703313e-04
1.385826233781444286e-04
1.382644216232077584e-04
1.379483948594707916e-04
1.376345250856569793e-04
1.373227944782649931e-04
1.370131853898192570e-04
1.367056803471153824e-04
1.364002620494634904e-04
1.360969133669236717e-04
1.357956173385465985e-04
1.354963571706145143e-04
1.351991162348835796e-04
1.349038780668358132e-04
1.346106263639318184e-04
1.343193449838762769e-04
1.340300179428868842e-04
1.337426294139799281e-04
1.334571637252589564e-04
1.331736053582213892e-04
1.328919389460730179e-04
1.326121492720594181e-04
1.323342212678051415e-04
1.320581400116731014e-04
1.317838907271336884e-04
1.315114587811524267e-04
1.312408296825898538e-04
1.309719890806168509e-04
1.307049227631482417e-04
1.304396166552910824e-04
1.301760568178074256e-04
1.299142294455951088e-04
1.296541208661833430e-04
1.293957175382469491e-04
1.291390060501341195e-04
1.288839731184122049e-04
1.286306055864300626e-04
1.283788904228980220e-04
1.281288147204789646e-04
1.278803656944020627e-04
1.276335306810895290e-04
1.273882971367991683e-04
1.271446526362868517e-04
1.269025848714778809e-04
1.266620816501609582e-04
1.264231308946955196e-04
1.261857206407319965e-04
1.259498390359546562e-04
1.257154743388313545e-04
1.254826149173839415e-04
1.252512492479723565e-04
1.250213659140939548e-04
1.247929536051956023e-04
1.245660011155049320e-04
1.243404973428716034e-04
1.241164312876234419e-04
1.238937920514405220e-04
1.236725688362385472e-04
1.234527509430687379e-04
1.232343277710305112e-04
1.230172888161995309e-04
1.228016236705647556e-04
1.225873220209850291e-04
1.223743736481510661e-04
1.221627684255688492e-04
1.219524963185473506e-04
1.217435473832050773e-04
1.215359117654856428e-04
1.213295797001866065e-04
1.211245415100018792e-04
1.209207876045724500e-04
1.207183084795526848e-04
1.205170947156852714e-04
1.203171369778896634e-04
1.201184260143604436e-04
1.199209526556781295e-04
1.197247078139301017e-04
1.195296824818424297e-04
1.193358677319214138e-04
1.191432547156098180e-04
1.189518346624470613e-04
1.187615988792458874e-04
1.185725387492751341e-04
1.183846457314540357e-04
1.181979113595570553e-04
1.180123272414261711e-04
1.178278850581959301e-04
1.178278850581375187e-04
