8.731994603949398497e-05
8.731509034048715273e-05
8.730988505581983850e-05
8.730466838124972297e-05
8.729941967613526644e-05
8.729412763389010513e-05
8.728878736619476706e-05
8.728339895654390549e-05
8.727796495686485849e-05
8.727248873031630879e-05
8.726697516850986762e-05
8.726142914358982184e-05
8.725585464127814798e-05
8.725025617254576142e-05
8.724463760694671271e-05
8.723900288005540242e-05
8.723335513514383660e-05
8.722769728725916587e-05
8.722203211680604022e-05
8.721636126339638137e-05
8.721068699693376052e-05
8.720501148695966099e-05
8.719933637472450502e-05
8.719366284355927301e-05
8.718799188891773863e-05
8.718232508321523621e-05
8.717666336607781470e-05
8.717100810890239374e-05
8.716535952061200791e-05
8.715971929481390709e-05
8.715408766955402950e-05
8.714846506868354197e-05
8.714285189536555667e-05
8.713724915840692187e-05
8.713165725875507417e-05
8.712607707150218082e-05
8.712050856744604234e-05
8.711495228612749643e-05
8.710940889089306379e-05
8.710387850004435318e-05
8.709836126508190793e-05
8.709285773566332396e-05
8.708736835771646893e-05
8.708189387408532089e-05
8.707643391888642242e-05
8.707098865629430144e-05
8.706555789928909763e-05
8.706014250460292246e-05
8.705474302311177115e-05
8.704935878679534423e-05
8.704399104772164394e-05
8.703863906540424918e-05
8.703330446940761751e-05
8.702798577938701216e-05
8.702273025824351833e-05
8.701682006778780091e-05
8.702405595755270445e-05
8.755581483637827343e-05
8.829772593514775359e-05
8.922233094456073071e-05
9.018822373933105577e-05
9.116942896865234155e-05
9.217222062539109592e-05
9.321238351852120926e-05
9.431307285286567041e-05
9.550485516796843380e-05
9.682700814891349633e-05
9.833092698652275501e-05
1.000864252743114975e-04
1.021925126064056734e-04
1.047962115185914646e-04
1.081261261343509578e-04
1.125543161260080004e-04
1.187103616628034584e-04
1.276763694957312820e-04
1.412197193935056400e-04
1.616327109050643763e-04
1.901976994787537222e-04
2.251427220500739810e-04
2.627606397214973040e-04
3.000451641578892451e-04
3.351678455435891228e-04
3.669975840199942948e-04
3.949034317113278157e-04
4.187227677100678331e-04
4.386743167318444278e-04
4.552081078000243014e-04
4.688603854172605323e-04
4.801546632534979650e-04
4.895515766944644968e-04
4.974328579972348008e-04
5.041038600032468880e-04
5.098038972575404809e-04
5.147184810375299594e-04
5.189907251915674849e-04
5.227309579017643155e-04
5.260244121596440239e-04
5.289372059938970104e-04
5.315209199597256467e-04
5.338160719267468933e-04
5.358547450131915428e-04
5.376625733614134178e-04
5.392602440412756423e-04
5.406646352362689135e-04
5.418896810363118058e-04
5.429470304296367877e-04
5.438465510116883813e-04
5.445967151976284981e-04
5.452048972601199152e-04
5.456776024791124436e-04
5.460206444532595630e-04
5.462392827136736649e-04
5.463383298535405856e-04
5.463222351872579251e-04
5.461951502934496395e-04
5.459609805401687650e-04
5.456234257366108587e-04
5.451860123288652720e-04
5.446521190019620005e-04
5.440249971252712887e-04
5.433077871519747127e-04
5.425035318325309832e-04
5.416151869089378280e-04
5.406456298078248955e-04
5.395976667356414732e-04
5.384740384906503861e-04
5.372774252380727944e-04
5.360104504419211345e-04
5.346756841062523047e-04
5.332756454470356008e-04
5.318128050914827350e-04
5.302895868827227355e-04
5.287083693531398907e-04
5.270714869182576085e-04
5.253812308341866211e-04
5.236398499546919202e-04
5.218495513184537912e-04
5.200125005927225827e-04
5.181308223960558786e-04
5.162066005199885104e-04
5.142418780671251114e-04
5.122386575211683012e-04
5.101989007627312327e-04
5.081245290433183655e-04
5.060174229285740967e-04
5.038794222207700025e-04
5.017123258694442456e-04
4.995178918781892439e-04
4.972978372146732995e-04
4.950538377301965916e-04
4.927875280943226763e-04
4.905005017494015176e-04
4.881943108891543268e-04
4.858704664648655488e-04
4.835304382221367742e-04
4.811756547706313504e-04
4.788075036887202204e-04
4.764273316644768858e-04
4.740364446740347355e-04
4.716361081979215920e-04
4.692275474756192675e-04
4.668119477982546751e-04
4.643904548390473028e-04
4.619641750208363490e-04
4.595341759197874129e-04
4.571014867041634758e-04
4.546670986068289356e-04
4.522319654300354904e-04
4.497970040808442135e-04
4.473630951354711080e-04
4.449310834307069226e-04
4.425017786805092164e-04
4.400759561157959691e-04
4.376543571454198406e-04
4.352376900363027763e-04
4.328266306106726006e-04
4.304218229583460053e-04
4.280238801620495038e-04
4.256333850337410242e-04
4.232508908599779784e-04
4.208769221543922213e-04
4.185119754153970991e-04
4.161565198872950976e-04
4.138109983230525051e-04
4.114758277470295699e-04
4.091514002160962795e-04
4.068380835775925702e-04
4.045362222226988377e-04
4.022461378338908775e-04
3.999681301252087885e-04
3.977024775741924809e-04
3.954494381444114055e-04
3.932092499976004162e-04
3.909821321945216102e-04
3.887682853837299960e-04
3.865678924775346249e-04
3.843811193144926306e-04
3.822081153078889801e-04
3.800490140796957761e-04
3.779039340796226405e-04
3.757729791888982790e-04
3.736562393085341859e-04
3.715537909318727288e-04
3.694656977012957997e-04
3.673920109490423137e-04
3.653327702221414422e-04
3.632880037915413220e-04
3.612577291455733200e-04
3.592419534679492862e-04
3.572406741005579680e-04
3.552538789913755441e-04
3.532815471278764733e-04
3.513236489563756814e-04
3.493801467877964825e-04
3.474509951904173949e-04
3.455361413701981202e-04
3.436355255393547768e-04
3.417490812739016953e-04
3.398767358609361194e-04
3.380184106365036298e-04
3.361740213149326854e-04
3.343434783105934645e-04
3.325266870530882305e-04
3.307235482969265766e-04
3.289339584268254285e-04
3.271578097597747079e-04
3.253949908451061676e-04
3.236453867638168914e-04
3.219088794284284444e-04
3.201853478847015806e-04
3.184746686165241397e-04
3.167767158552781625e-04
3.150913618949675345e-04
3.134184774143254529e-04
3.117579318070252741e-04
3.101095935209875472e-04
3.084733304076081465e-04
3.068490100814809407e-04
3.052365002908982976e-04
3.036356692990416608e-04
3.020463862753115835e-04
3.004685216956938304e-04
2.989019477504187435e-04
2.973465387563856773e-04
2.958021715709718510e-04
2.942687260028424069e-04
2.927460852142861809e-04
2.912341361084516819e-04
2.897327696936124043e-04
2.882418814153968941e-04
2.867613714467849659e-04
2.852911449247184559e-04
2.838311121215411235e-04
2.823811885393012018e-04
2.809412949153708167e-04
2.795113571290882117e-04
2.780913060012558057e-04
2.766810769815702367e-04
2.752806097233752845e-04
2.738898475505134210e-04
2.725087368273674312e-04
2.711372262500883965e-04
2.697752660841443943e-04
2.684228073800484912e-04
2.670798012048148772e-04
2.657461979305617786e-04
2.644219466229473818e-04
2.631069945700707075e-04
2.618012869865391705e-04
2.605047669173422929e-04
2.592173753521523631e-04
2.579390515435679688e-04
2.566697335040582246e-04
2.554093586381917425e-04
2.541578644517417150e-04
2.529151892700879788e-04
2.516812728969867650e-04
2.504560571520640351e-04
2.492394862404790907e-04
2.480315069287354363e-04
2.468320685231915131e-04
2.456411226686899861e-04
2.444586230009268579e-04
2.432845246958852342e-04
2.421187839625662120e-04
2.409613575223599287e-04
2.398122021115220448e-04
2.386712740344380508e-04
2.375385287865689225e-04
2.364139207585980163e-04
2.352974030280551368e-04
2.341889272421246091e-04
2.330884435960543951e-04
2.319959009128472844e-04
2.309112468338951054e-04
2.298344281354694008e-04
2.287653911917323507e-04
2.277040826108163408e-04
2.266504500757708488e-04
2.256044434255031746e-04
2.245660160106168412e-04
2.235351263525522480e-04
2.225117401181718523e-04
2.214958323913987211e-04
2.204873901740279658e-04
2.194864149762077940e-04
2.184929252648315035e-04
2.175069584356905815e-04
2.165285718867657650e-04
2.155578427336535686e-04
2.145948657690590364e-04
2.136397494591737631e-04
2.126926100842319966e-04
2.117535645049601820e-04
2.108227223601636779e-04
2.099001786597443672e-04
2.089860076711744404e-04
2.080802587294677548e-04
2.071829542251121575e-04
2.062940896581686801e-04
2.054136353791848058e-04
2.045415395051623927e-04
2.036777314892501754e-04
2.028221258966386991e-04
2.019746260521349663e-04
2.011351273424337894e-04
2.003035200575372461e-04
1.994796917327491977e-04
1.986635290048500621e-04
1.978549190272979412e-04
1.970537505047318598e-04
1.962599144115922956e-04
1.954733044573660195e-04
1.946938173548602951e-04
1.939213529400010119e-04
1.931558141834245135e-04
1.923971071262612796e-04
1.916451407655304429e-04
1.908998269085445028e-04
1.901610800108003915e-04
1.894288170078207479e-04
1.887029571482765815e-04
1.879834218333033063e-04
1.872701344651002560e-04
1.865630203065523067e-04
1.858620063526524437e-04
1.851670212138229864e-04
1.844779950107773060e-04
1.837948592802770957e-04
1.831175468909776016e-04
1.824459919684580508e-04
1.817801298285332977e-04
1.811198969179420558e-04
1.804652307615728422e-04
1.798160699154329953e-04
1.791723539246500700e-04
1.785340232858572058e-04
1.779010194133876215e-04
1.772732846087689068e-04
1.766507620330788207e-04
1.760333956817668113e-04
1.754211303616139595e-04
1.748139116695304578e-04
1.742116859729546982e-04
1.736144003916285385e-04
1.730220027805728347e-04
1.724344417141012592e-04
1.718516664707456351e-04
1.712736270189763163e-04
1.707002740036171881e-04
1.701315587328830275e-04
1.695674331659622442e-04
1.690078499010841786e-04
1.684527621640326028e-04
1.679021237970434912e-04
1.673558892480728547e-04
1.668140135603840362e-04
1.662764523624393146e-04
1.657431618580702565e-04
1.652140988169066777e-04
1.646892205650458637e-04
1.641684849759495271e-04
1.636518504615550030e-04
1.631392759635923889e-04
1.626307209450887365e-04
1.621261453820619519e-04
1.616255097553907696e-04
1.611287750428519656e-04
1.606359027113224772e-04
1.601468547091408189e-04
1.596615934586170620e-04
1.591800818486962003e-04
1.587022832277601057e-04
1.582281613965678805e-04
1.577576806013385939e-04
1.572908055269565323e-04
1.568275012903119488e-04
1.563677334337615886e-04
1.559114679187149021e-04
1.554586711193377030e-04
1.550093098163697494e-04
1.545633511910593917e-04
1.541207628192071554e-04
1.536815126653162536e-04
1.532455690768518453e-04
1.528129007786006085e-04
1.523834768671330153e-04
1.519572668053638083e-04
1.515342404172093777e-04
1.511143678823404391e-04
1.506976197310258938e-04
1.502839668390690080e-04
1.498733804228288651e-04
1.494658320343340287e-04
1.490612935564760854e-04
1.486597371982876993e-04
1.482611354903043150e-04
1.478654612800027555e-04
1.474726877273196187e-04
1.470827883002451611e-04
1.466957367704923166e-04
1.463115072092402815e-04
1.459300739829464582e-04
1.455514117492344016e-04
1.451754954528451105e-04
1.448023003216598751e-04
1.444318018627870396e-04
1.440639758587146022e-04
1.436987983635268915e-04
1.433362456991823923e-04
1.429762944518552675e-04
1.426189214683320128e-04
1.422641038524724577e-04
1.419118189617242184e-04
1.415620444036963478e-04
1.412147580327858946e-04
1.408699379468619252e-04
1.405275624839997443e-04
1.401876102192685933e-04
1.398500599615726649e-04
1.395148907505390360e-04
1.391820818534558811e-04
1.388516127622613716e-04
1.385234631905776781e-04
1.381976130707917563e-04
1.378740425511846776e-04
1.375527319931011566e-04
1.372336619681660248e-04
1.369168132555456988e-04
1.366021668392480013e-04
1.362897039054660560e-04
1.359794058399646825e-04
1.356712542255028141e-04
1.353652308393000158e-04
1.350613176505360152e-04
1.347594968178951209e-04
1.344597506871436263e-04
1.341620617887439150e-04
1.338664128355059968e-04
1.335727867202747966e-04
1.332811665136523268e-04
1.329915354617504342e-04
1.327038769839813048e-04
1.324181746708804936e-04
1.321344122819605844e-04
1.318525737435976999e-04
1.315726431469483432e-04
1.312946047458981409e-04
1.310184429550428963e-04
1.307441423476931425e-04
1.304716876539133901e-04
1.302010637585880452e-04
1.299322556995167381e-04
1.296652486655348587e-04
1.294000279946643135e-04
1.291365791722898443e-04
1.288748878293596856e-04
1.286149397406167430e-04
1.283567208228484475e-04
1.281002171331703271e-04
1.278454148673268461e-04
1.275923003580196999e-04
1.273408600732586901e-04
1.270910806147395949e-04
1.268429487162381407e-04
1.265964512420330570e-04
1.263515751853501381e-04
1.261083076668239494e-04
1.258666359329865857e-04
1.256265473547756733e-04
1.253880294260622673e-04
1.251510697621991319e-04
1.249156560985908949e-04
1.246817762892835004e-04
1.244494183055723372e-04
1.242185702346299372e-04
1.239892202781553302e-04
1.237613567510343227e-04
1.235349680800301882e-04
1.233100428024795343e-04
1.233100428024083294e-04
