8.731994598064462946e-05
8.731509109421546351e-05
8.730988706787805602e-05
8.730467164319623556e-05
8.729942414410806536e-05
8.729413302200425431e-05
8.728879387514609041e-05
8.728340653939453979e-05
8.727797331833623163e-05
8.727249800389672040e-05
8.726698565686789313e-05
8.726144043551015573e-05
8.725586531435851453e-05
8.725026489560425114e-05
8.724464762676868029e-05
8.723903932585687089e-05
8.723314789778857626e-05
8.723300806817054485e-05
8.758272083012908231e-05
8.828059745774431764e-05
8.915911855973488321e-05
9.008730123326301757e-05
9.104237778526380620e-05
9.202139664029774656e-05
9.303305446751181508e-05
9.409520653450812334e-05
9.523342753538185425e-05
9.648127951173686250e-05
9.788250324270103303e-05
9.949538901355766296e-05
1.014005046538363501e-04
1.037140967458457944e-04
1.066116289002408846e-04
1.103700905587813011e-04
1.154453121986094295e-04
1.226098125028303476e-04
1.331629243479817118e-04
1.490665429795577993e-04
1.723498613561810962e-04
2.031740486855087256e-04
2.388235190033757176e-04
2.758313643077957723e-04
3.117751025507883660e-04
3.451718975734352469e-04
3.751034604248696205e-04
4.011214789745901304e-04
4.232074721017704800e-04
4.416619935168474985e-04
4.569570837311283363e-04
4.696113899242053240e-04
4.801124396112285372e-04
4.888809543055163591e-04
4.962622461345824691e-04
5.025314474659025102e-04
5.079040807216139578e-04
5.125474853993277442e-04
5.165911363747545349e-04
5.201352228447991659e-04
5.232574755115989087e-04
5.260184695973660427e-04
5.284656869304673590e-04
5.306366099632962548e-04
5.325610651143114840e-04
5.342630034717574857e-04
5.357618518112663205e-04
5.370735389791307483e-04
5.382112786975754622e-04
5.391861705771186031e-04
5.400076615284450958e-04
5.406838963335610032e-04
5.412219870482541531e-04
5.416282371984074530e-04
5.419082947811636880e-04
5.420672818570909700e-04
5.421098954941122768e-04
5.420404858213876027e-04
5.418631180050345218e-04
5.415816206157067925e-04
5.411996237200681270e-04
5.407205893244724278e-04
5.401478357099825977e-04
5.394845569206750636e-04
5.387338384365875261e-04
5.378986698352888852e-04
5.369819550621243980e-04
5.359865207959753700e-04
5.349151232985527478e-04
5.337704540402559480e-04
5.325551443246855435e-04
5.312717691019840744e-04
5.299228501182256515e-04
5.285108585079650693e-04
5.270382169252286119e-04
5.255073013009086292e-04
5.239204422991421747e-04
5.222799265116451336e-04
5.205879974108817325e-04
5.188468560984888650e-04
5.170586618892686901e-04
5.152255327600326106e-04
5.133495456847816159e-04
5.114327368744618716e-04
5.094771019376922701e-04
5.074845959772852043e-04
5.054571336358800945e-04
5.033965891026064617e-04
5.013047960914765368e-04
4.991835478010491454e-04
4.970345968638910329e-04
4.948596552934225517e-04
4.926603944348997973e-04
4.904384449264581397e-04
4.881953966754439813e-04
4.859327988545367833e-04
4.836521599215712623e-04
4.813549476663092218e-04
4.790425892869220464e-04
4.767164714983731350e-04
4.743779406744301702e-04
4.720283030245851210e-04
4.696688248067654387e-04
4.673007325763048770e-04
4.649252134713289771e-04
4.625434155343841839e-04
4.601564480698571813e-04
4.577653820364671914e-04
4.553712504738975241e-04
4.529750489624230297e-04
4.505777361142337695e-04
4.481802340949518192e-04
4.457834291737899283e-04
4.433881723006272342e-04
4.409952797081994344e-04
4.386055335375651544e-04
4.362196824849334277e-04
4.338384424679022993e-04
4.314624973091518365e-04
4.290924994356151018e-04
4.267290705911730301e-04
4.243728025609258200e-04
4.220242579051255430e-04
4.196839707008953287e-04
4.173524472899079775e-04
4.150301670302453637e-04
4.127175830507261341e-04
4.104151230060518706e-04
4.081231898311942570e-04
4.058421624935198957e-04
4.035723967412230360e-04
4.013142258467235386e-04
3.990679613437621569e-04
3.968338937570152014e-04
3.946122933231178791e-04
3.924034107020898943e-04
3.902074776782340441e-04
3.880247078496356196e-04
3.858552973055113166e-04
3.836994252907042786e-04
3.815572548567040790e-04
3.794289334986632569e-04
3.773145937779327601e-04
3.752143539297086907e-04
3.731283184554705129e-04
3.710565786999273129e-04
3.689992134122746775e-04
3.669562892916008621e-04
3.649278615163484654e-04
3.629139742577889454e-04
3.609146611775062392e-04
3.589299459089423925e-04
3.569598425230977382e-04
3.550043559785081367e-04
3.530634825556714512e-04
3.511372102761278996e-04
3.492255193064138885e-04
3.473283823471650430e-04
3.454457650076450106e-04
3.435776261660187961e-04
3.417239183157047230e-04
3.398845878981592320e-04
3.380595756224634690e-04
3.362488167721169917e-04
3.344522414994349270e-04
3.326697751079738538e-04
3.309013383234239995e-04
3.291468475534177983e-04
3.274062151367139743e-04
3.256793495822288840e-04
3.239661557984013286e-04
3.222665353133849085e-04
3.205803864865704460e-04
3.189076047119578637e-04
3.172480826139035203e-04
3.156017102357787612e-04
3.139683752221029815e-04
3.123479629947009456e-04
3.107403569234769357e-04
3.091454384923886483e-04
3.075630874612350955e-04
3.059931820238707034e-04
3.044355989634861580e-04
3.028902138055898727e-04
3.013569009693500898e-04
2.998355339179396774e-04
2.983259853085465049e-04
2.968281271427104882e-04
2.953418309176057341e-04
2.938669677789159198e-04
2.924034086758953697e-04
2.909510245191772294e-04
2.895096863418618392e-04
2.880792654643406724e-04
2.866596336632476136e-04
2.852506633448309635e-04
2.838522277229276651e-04
2.824642010015804088e-04
2.810864585621715775e-04
2.797188771547490975e-04
2.783613350929892995e-04
2.770137124519642851e-04
2.756758912675882347e-04
2.743477557362494399e-04
2.730291924127717959e-04
2.717200904044067057e-04
2.704203415581388171e-04
2.691298406380856221e-04
2.678484854893589478e-04
2.665761771842724932e-04
2.653128201464249728e-04
2.640583222478785669e-04
2.628125948744841080e-04
2.615755529544287208e-04
2.603471149453076864e-04
2.591272027755419098e-04
2.579157417368031628e-04
2.567126603252876992e-04
2.555178900312228486e-04
2.543313650778957044e-04
2.531530221137006753e-04
2.519827998631387635e-04
2.508206387452951687e-04
2.496664804708779322e-04
2.485202676312705649e-04
2.473819432950923416e-04
2.462514506291561258e-04
2.451287325613867160e-04
2.440137315029005803e-04
2.429063891449950989e-04
2.418066463440320427e-04
2.407144431031899901e-04
2.396297186548159873e-04
2.385524116408778265e-04
2.374824603821723405e-04
2.364198032200465465e-04
2.353643789081523094e-04
2.343161270269181293e-04
2.332749883907360130e-04
2.322409054178755608e-04
2.312138224360436086e-04
2.301936859021344703e-04
2.291804445224209050e-04
2.281740492682506538e-04
2.271744532910929110e-04
2.261816117484841398e-04
2.251954815581260318e-04
2.242160211007381096e-04
2.232431898931377847e-04
2.222769482517953472e-04
2.213172569643311700e-04
2.203640769828010403e-04
2.194173691487583718e-04
2.184770939566048548e-04
2.175432113589525845e-04
2.166156806158466399e-04
2.156944601886654389e-04
2.147795076804675824e-04
2.138707798250638278e-04
2.129682325287208990e-04
2.120718209712146580e-04
2.111814997759168687e-04
2.102972232619831428e-04
2.094189457952896406e-04
2.085466222583161821e-04
2.076802086621703505e-04
2.068196629258469885e-04
2.059649458474153321e-04
2.051160222876115952e-04
2.042728625760493772e-04
2.034354441312018061e-04
2.026037532545403239e-04
2.017777870144835746e-04
2.009575550773948086e-04
2.001430812757821771e-04
1.993344046406516734e-04
1.985315795869881583e-04
1.977346749559488802e-04
1.969437717092612872e-04
1.961589592478465342e-04
1.953803305639481385e-04
1.946079766767355149e-04
1.938419809715666081e-04
1.930824141037198397e-04
1.923293300225672792e-04
1.915827634569351864e-04
1.908427289451567995e-04
1.901092212647222481e-04
1.893822169631241537e-04
1.886616766267686541e-04
1.879475475349635439e-04
1.872397664040318049e-04
1.865382620051419019e-04
1.858429575179145941e-04
1.851537725484097327e-04
1.844706247901565426e-04
1.837934313407552621e-04
1.831221097067705500e-04
1.824565785395577348e-04
1.817967581474675678e-04
1.811425708281641912e-04
1.804939410605747028e-04
1.798507955905577699e-04
1.792130634387223810e-04
1.785806758533849364e-04
1.779535662268106732e-04
1.773316699886807459e-04
1.767149244872403039e-04
1.761032688657574482e-04
1.754966439396703594e-04
1.748949920780595239e-04
1.742982570917730317e-04
1.737063841295352347e-04
1.731193195826743504e-04
1.725370109985797375e-04
1.719594070026815146e-04
1.713864572285025522e-04
1.708181122552092682e-04
1.702543235520266422e-04
1.696950434288511261e-04
1.691402249924064299e-04
1.685898221073309092e-04
1.680437893616089720e-04
1.675020820358164909e-04
1.669646560757124436e-04
1.664314680677305227e-04
1.659024752170056645e-04
1.653776353275873321e-04
1.648569067845460326e-04
1.643402485377069779e-04
1.638276200867872716e-04
1.633189814677276979e-04
1.628142932400597877e-04
1.623135164751559126e-04
1.618166127452528495e-04
1.613235441131416416e-04
1.608342731224465328e-04
1.603487627884265696e-04
1.598669765892301556e-04
1.593888784575613038e-04
1.589144327727077426e-04
1.584436043528870714e-04
1.579763584478828325e-04
1.575126607319350994e-04
1.570524772968643311e-04
1.565957746454000861e-04
1.561425196847022643e-04
1.556926797200530559e-04
1.552462224487131200e-04
1.548031159539217454e-04
1.543633286990416713e-04
1.539268295218284817e-04
1.534935876288291571e-04
1.530635725898940049e-04
1.526367543328031645e-04
1.522131031379997423e-04
1.517925896334253774e-04
1.513751847894552829e-04
1.509608599139287239e-04
1.505495866472731975e-04
1.501413369577175719e-04
1.497360831365917991e-04
1.493337977937132821e-04
1.489344538528556143e-04
1.485380245472928346e-04
1.481444834154308507e-04
1.477538042965060303e-04
1.473659613263660279e-04
1.469809289333179954e-04
1.465986818340506267e-04
1.462191950296268922e-04
1.458424438015423405e-04
1.454684037078519758e-04
1.450970505793623775e-04
1.447283605158843176e-04
1.443623098825540360e-04
1.439988753062119509e-04
1.436380336718412986e-04
1.432797621190664856e-04
1.429240380387100965e-04
1.425708390694029461e-04
1.422201430942545753e-04
1.418719282375737573e-04
1.415261728616434833e-04
1.411828555635489125e-04
1.408419551720568484e-04
1.405034507445434352e-04
1.401673215639722423e-04
1.398335471359197829e-04
1.395021071856504178e-04
1.391729816552353860e-04
1.388461507007178334e-04
1.385215946893234040e-04
1.381992941967144170e-04
1.378792300042859206e-04
1.375613830965056832e-04
1.372457346582933789e-04
1.369322660724426796e-04
1.366209589170820269e-04
1.363117949631748136e-04
1.360047561720573509e-04
1.356998246930141041e-04
1.353969828608935595e-04
1.350962131937545022e-04
1.347974983905540639e-04
1.345008213288663716e-04
1.342061650626372193e-04
1.339135128199729185e-04
1.336228480009607543e-04
1.333341541755247040e-04
1.330474150813103760e-04
1.327626146216026636e-04
1.324797368632752207e-04
1.321987660347674761e-04
1.319196865240940654e-04
1.316424828768822353e-04
1.313671397944397412e-04
1.310936421318476539e-04
1.308219748960846363e-04
1.305521232441761014e-04
1.302840724813704486e-04
1.300178080593428936e-04
1.297533155744243151e-04
1.294905807658554189e-04
1.292295895140666234e-04
1.289703278389812296e-04
1.287127818983446379e-04
1.284569379860769304e-04
1.282027825306471366e-04
1.279503020934725989e-04
1.276994833673391271e-04
1.274503131748452498e-04
1.272027784668668755e-04
1.269568663210448038e-04
1.267125639402911553e-04
1.264698586513192478e-04
1.262287379031940991e-04
1.259891892658975671e-04
1.257512004289224375e-04
1.255147591998774352e-04
1.252798535031157624e-04
1.250464713783830178e-04
1.248146009794820824e-04
1.245842305729555973e-04
1.243553485367874416e-04
1.241279433591234286e-04
1.239020036370059869e-04
1.236775180751293344e-04
1.234544754846089081e-04
1.232328647817695520e-04
1.230126749869478529e-04
1.227938952233113628e-04
1.225765147156966325e-04
1.223605227894577888e-04
1.221459088693322966e-04
1.219326624783241217e-04
1.217207732365989159e-04
1.215102308603956675e-04
1.213010251609514842e-04
1.210931460434409455e-04
1.208865835059287771e-04
1.206813276383399125e-04
1.204773686214365489e-04
1.202746967258150156e-04
1.200733023109117238e-04
1.198731758240234135e-04
1.196743077993412649e-04
1.194766888569938324e-04
1.192803097021070415e-04
1.190851611238744582e-04
1.188912339946381704e-04
1.186985192689820554e-04
1.185070079828390218e-04
1.183166912526065163e-04
1.181275602742755577e-04
1.179396063225704222e-04
1.177528207500980325e-04
1.175671949865098834e-04
1.173827205376735754e-04
1.171993889848549337e-04
1.170171919839101685e-04
1.168361212644902206e-04
1.168361212644328798e-04
