8.731994597633507490e-05
8.731509108180300204e-05
8.730988704601963220e-05
8.730467160467371922e-05
8.729942409196654672e-05
8.729413294465110493e-05
8.728879376705336998e-05
8.728340641423674821e-05
8.727797322391241390e-05
8.727249791580139076e-05
8.726698529259167055e-05
8.726144024052078603e-05
8.725586624647746633e-05
8.725026653029760838e-05
8.724464666337248804e-05
8.723901260277287946e-05
8.723340788571719588e-05
8.722733508418537127e-05
8.722872325045803049e-05
8.759537697327664111e-05
8.833589812495406006e-05
8.926949285017151043e-05
9.023013557467413569e-05
9.120695819859905937e-05
9.220409551984645432e-05
9.323452764000168661e-05
9.431983513771302911e-05
9.548891157085908461e-05
9.677864742144886342e-05
9.823691021443171196e-05
9.992806069452526160e-05
1.019422393048023407e-04
1.044114516555086884e-04
1.075380739516916664e-04
1.116466640554164167e-04
1.172789901726987955e-04
1.253600506816057009e-04
1.374244701901338210e-04
1.556285398750714276e-04
1.816903630810303327e-04
2.147610893398764519e-04
2.514884992945112417e-04
2.886178153718724150e-04
3.240745671877171908e-04
3.565821806567101679e-04
3.853789693771584278e-04
4.101699798319960260e-04
4.310658772590989754e-04
4.484498380272452698e-04
4.628297877652975435e-04
4.747271269936939185e-04
4.846142248033684309e-04
4.928897988387955040e-04
4.998766304094647657e-04
5.058297013535023590e-04
5.109477032563911492e-04
5.153844396652215720e-04
5.192587316746577995e-04
5.226624827455265141e-04
5.256670186498304392e-04
5.283279761029123500e-04
5.306890304875495380e-04
5.327847259819143552e-04
5.346426171391521678e-04
5.362848940771509009e-04
5.377296130911584900e-04
5.389916339966933099e-04
5.400833357574939776e-04
5.410151621959253610e-04
5.417960425048953159e-04
5.424337115667990155e-04
5.429349619246596256e-04
5.433058378680771143e-04
5.435517818073626372e-04
5.436777484288731355e-04
5.436883051244806569e-04
5.435876986429462277e-04
5.433799075165271801e-04
5.430686898882789489e-04
5.426576180963317043e-04
5.421501071305831910e-04
5.415494368467524584e-04
5.408587695514311148e-04
5.400811643646071924e-04
5.392195888922719305e-04
5.382769287063185210e-04
5.372559950755842603e-04
5.361595312928678012e-04
5.349902178678982547e-04
5.337506768081135044e-04
5.324434751593908489e-04
5.310711279250889634e-04
5.296361004684983168e-04
5.281408104946418549e-04
5.265876296738429248e-04
5.249788849566345032e-04
5.233168596331618698e-04
5.216037941877262572e-04
5.198418869908176532e-04
5.180332948442487257e-04
5.161801333829862774e-04
5.142844773569053580e-04
5.123483608217431788e-04
5.103737772591585660e-04
5.083626796395793656e-04
5.063169804395495702e-04
5.042385516244823722e-04
5.021292246068936611e-04
4.999907901892574127e-04
4.978249984997304986e-04
4.956335589280521595e-04
4.934181400681359343e-04
4.911803696730638854e-04
4.889218346274772824e-04
4.866440809416881373e-04
4.843486137711935967e-04
4.820368974647200300e-04
4.797103556433257696e-04
4.773703713126421105e-04
4.750182870098070454e-04
4.726554049862519385e-04
4.702829874270548160e-04
4.679022567072516135e-04
4.655143956851065220e-04
4.631205480320946103e-04
4.607218185990213954e-04
4.583192738174740664e-04
4.559139421356021827e-04
4.535068144869912571e-04
4.510988447912454586e-04
4.486909504847632854e-04
4.462840130800386509e-04
4.438788787517374814e-04
4.414763589477087953e-04
4.390772310230423416e-04
4.366822388952206944e-04
4.342920937183834449e-04
4.319074745747354498e-04
4.295290291810926011e-04
4.271573746085878596e-04
4.247930980135920039e-04
4.224367573779090244e-04
4.200888822563848585e-04
4.177499745300747216e-04
4.154205091632121385e-04
4.131009349622546023e-04
4.107916753353747308e-04
4.084931290508082955e-04
4.062056709925766914e-04
4.039296529121631655e-04
4.016654041748071182e-04
3.994132324991627099e-04
3.971734246891474697e-04
3.949462473569126993e-04
3.927319476359113150e-04
3.905307538831564659e-04
3.883428763698348451e-04
3.861685079595132577e-04
3.840078247732601167e-04
3.818609868410848484e-04
3.797281387391666604e-04
3.776094102124090131e-04
3.755049167819539836e-04
3.734147603373082778e-04
3.713390297128516893e-04
3.692778012485071538e-04
3.672311393344493955e-04
3.651990969397556725e-04
3.631817161249678832e-04
3.611790285385794237e-04
3.591910558974926592e-04
3.572178104515585169e-04
3.552592954323238630e-04
3.533155054861631685e-04
3.513864270919974829e-04
3.494720389638329510e-04
3.475723124383879722e-04
3.456872118480893764e-04
3.438166948797489455e-04
3.419607129192602868e-04
3.401192113826550872e-04
3.382921300338976233e-04
3.364794032897952102e-04
3.346809605124242775e-04
3.328967262894894389e-04
3.311266207030289606e-04
3.293705595869153243e-04
3.276284547735804488e-04
3.259002143304314480e-04
3.241857427864180941e-04
3.224849413492216063e-04
3.207977081135502707e-04
3.191239382610264229e-04
3.174635242521685655e-04
3.158163560109722890e-04
3.141823211026141516e-04
3.125613049047928113e-04
3.109531907732657717e-04
3.093578602021119736e-04
3.077751929792977843e-04
3.062050673381099008e-04
3.046473601050410677e-04
3.031019468447328918e-04
3.015687020025694070e-04
3.000474990455394937e-04
2.985382106019832745e-04
2.970407086008492641e-04
2.955548644110668781e-04
2.940805489816537052e-04
2.926176329831538551e-04
2.911659869509779968e-04
2.897254814312135341e-04
2.882959871293891245e-04
2.868773750626799676e-04
2.854695167159410313e-04
2.840722842018839371e-04
2.826855504256229083e-04
2.813091892536841079e-04
2.799430756874250227e-04
2.785870860406494936e-04
2.772410981209812403e-04
2.759049914143312117e-04
2.745786472715224988e-04
2.732619490958098762e-04
2.719547825296947212e-04
2.706570356390632548e-04
2.693685990922392234e-04
2.680893663311444022e-04
2.668192337312977249e-04
2.655581007469847506e-04
2.643058700375242281e-04
2.630624475702539127e-04
2.618277426956389965e-04
2.606016681898415182e-04
2.593841402602171595e-04
2.581750785095625941e-04
2.569744058555807880e-04
2.557820484029897038e-04
2.545979352669780829e-04
2.534219983483415898e-04
2.522541720625522902e-04
2.510943930272024091e-04
2.499425997146307254e-04
2.487987320789364245e-04
2.476627311689386557e-04
2.465345387407059312e-04
2.454140968849270613e-04
2.443013476854174484e-04
2.431962329252605889e-04
2.420986938562911335e-04
2.410086710457482319e-04
2.399261043108136282e-04
2.388509327474806581e-04
2.377830948548217613e-04
2.367225287495821511e-04
2.356691724594578842e-04
2.346229642770770280e-04
2.335838431512184024e-04
2.325517490879594170e-04
2.315266235328134001e-04
2.305084097059656965e-04
2.294970528664933842e-04
2.284925004876128948e-04
2.274947023328264325e-04
2.265036104313675593e-04
2.255191789594608641e-04
2.245413640406674607e-04
2.235701234833142338e-04
2.226054164753801573e-04
2.216472032573393186e-04
2.206954447917298695e-04
2.197501024452250208e-04
2.188111376953737555e-04
2.178785118705627716e-04
2.169521859285811444e-04
2.160321202767899462e-04
2.151182746353397072e-04
2.142106079444347543e-04
2.133090783177126804e-04
2.124136430443406226e-04
2.115242586446992076e-04
2.106408809872635306e-04
2.097634654773982885e-04
2.088919673322218410e-04
2.080263419593053175e-04
2.071665454603795838e-04
2.063125352840025335e-04
2.054642710524535228e-04
2.046217155867571585e-04
2.037848361479700754e-04
2.029536059002011255e-04
2.021280055785527158e-04
2.013080253103132844e-04
2.004936664887153116e-04
1.996849435368176816e-04
1.988818853317586241e-04
1.980845360020276841e-04
1.972929547862508563e-04
1.965072146789794349e-04
1.957273997077461816e-04
1.949536008845695475e-04
1.941859111190160476e-04
1.934244196038081712e-04
1.926692063157786107e-04
1.919203372678117880e-04
1.911778610025483135e-04
1.904418065844318286e-04
1.897121830948383654e-04
1.889889804296964815e-04
1.882721710756592431e-04
1.875617125028279121e-04
1.868575498400124046e-04
1.861596185647088173e-04
1.854678470191119179e-04
1.847821586379688979e-04
1.841024738347993121e-04
1.834287115372156961e-04
1.827607903909555848e-04
1.820986296686837069e-04
1.814421499269481641e-04
1.807912734558696536e-04
1.801459245635384312e-04
1.795060297324962896e-04
1.788715176801872263e-04
1.782423193497392039e-04
1.776183678522421218e-04
1.769995983771074433e-04
1.763859480831775979e-04
1.757773559800260093e-04
1.751737628062794436e-04
1.745751109097236538e-04
1.739813441323922062e-04
1.733924077026095974e-04
1.728082481351021088e-04
1.722288131396391910e-04
1.716540515382220747e-04
1.710839131905441399e-04
1.705183489272420086e-04
1.699573104903630879e-04
1.694007504804037308e-04
1.688486223092694168e-04
1.683008801585263278e-04
1.677574789423355930e-04
1.672183742745190756e-04
1.666835224392414889e-04
1.661528803648568923e-04
1.656264056005113915e-04
1.651040562951300804e-04
1.645857911784909375e-04
1.640715695440910697e-04
1.635613512335663215e-04
1.630550966224609849e-04
1.625527666071468200e-04
1.620543225927397293e-04
1.615597264818623006e-04
1.610689406641394874e-04
1.605819280063196025e-04
1.600986518429400689e-04
1.596190759674743402e-04
1.591431646238968889e-04
1.586708824986312162e-04
1.582021947128300075e-04
1.577370668149708985e-04
1.572754647737184682e-04
1.568173549710429157e-04
1.563627041955567435e-04
1.559114796360607186e-04
1.554636488752711399e-04
1.550191798837187885e-04
1.545780410138014550e-04
1.541402009939819677e-04
1.537056289231178690e-04
1.532742942649186759e-04
1.528461668425231616e-04
1.524212168331842709e-04
1.519994147630652755e-04
1.515807315021397406e-04
1.511651382591855473e-04
1.507526065768777116e-04
1.503431083269720606e-04
1.499366157055774063e-04
1.495331012285142384e-04
1.491325377267586905e-04
1.487348983419643778e-04
1.483401565220679637e-04
1.479482860169692915e-04
1.475592608742873834e-04
1.471730554351912768e-04
1.467896443303025257e-04
1.464090024756662517e-04
1.460311050687939684e-04
1.456559275847705908e-04
1.452834457724288826e-04
1.449136356505882769e-04
1.445464735043580455e-04
1.441819358814967918e-04
1.438199995888400856e-04
1.434606416887821193e-04
1.431038394958160181e-04
1.427495705731331318e-04
1.423978127292747746e-04
1.420485440148419696e-04
1.417017427192570722e-04
1.413573873675765143e-04
1.410154567173584083e-04
1.406759297555771791e-04
1.403387856955889360e-04
1.400040039741471255e-04
1.396715642484619576e-04
1.393414463933102484e-04
1.390136304981895248e-04
1.386880968645145217e-04
1.383648260028626036e-04
1.380437986302597900e-04
1.377249956675080883e-04
1.374083982365563038e-04
1.370939876579117236e-04
1.367817454480896398e-04
1.364716533171048303e-04
1.361636931660003646e-04
1.358578470844147622e-04
1.355540973481854719e-04
1.352524264169896755e-04
1.349528169320215196e-04
1.346552517137027691e-04
1.343597137594291027e-04
1.340661862413507514e-04
1.337746525041850934e-04
1.334850960630645669e-04
1.331975006014127997e-04
1.329118499688573840e-04
1.326281281791667484e-04
1.323463194082259253e-04
1.320664079920343007e-04
1.317883784247389793e-04
1.315122153566933587e-04
1.312379035925440268e-04
1.309654280893494276e-04
1.306947739547202104e-04
1.304259264449915629e-04
1.301588709634191260e-04
1.298935930584020680e-04
1.296300784217306883e-04
1.293683128868599068e-04
1.291082824272098313e-04
1.288499731544850274e-04
1.285933713170230616e-04
1.283384632981630208e-04
1.280852356146392672e-04
1.278336749149974185e-04
1.275837679780312270e-04
1.273355017112432017e-04
1.270888631493273220e-04
1.268438394526694233e-04
1.266004179058730344e-04
1.263585859163031855e-04
1.261183310126497321e-04
1.258796408435129861e-04
1.256425031760064772e-04
1.254069058943821575e-04
1.251728369986694839e-04
1.249402846033390035e-04
1.247092369359800875e-04
1.244796823359982352e-04
1.242516092533295900e-04
1.240250062471736150e-04
1.237998619847426019e-04
1.235761652400286885e-04
1.233539048925854601e-04
1.231330699263290924e-04
1.229136494283524514e-04
1.226956325877579228e-04
1.224790086945035496e-04
1.222637671382663003e-04
1.220498974073187272e-04
1.218373890874230802e-04
1.216262318607368045e-04
1.214164155047355893e-04
1.212079298911490876e-04
1.210007649849106768e-04
1.207949108431202430e-04
1.205903576140241503e-04
1.203870955360032734e-04
1.201851149365788926e-04
1.199844062314286584e-04
1.197849599234166238e-04
1.195867666016348497e-04
1.193898169404590114e-04
1.191941016986158212e-04
1.189996117182610372e-04
1.188063379240698170e-04
1.186142713223404898e-04
1.184234030001082068e-04
1.182337241242699502e-04
1.180452259407218057e-04
1.178578997735055603e-04
1.176717370239682421e-04
1.174867291699293177e-04
1.173028677648618213e-04
1.171201444370827268e-04
1.171201444370248711e-04
