8.731993930385520484e-05
8.731507174004135704e-05
8.730985226735525455e-05
8.730462020446524822e-05
8.729935570198569378e-05
8.729404790817515654e-05
8.728869222568097302e-05
8.728328884390418253e-05
8.727784044051729482e-05
8.727235031737366170e-05
8.726682336969425761e-05
8.726126443496996408e-05
8.725567747957156488e-05
8.725006688782858868e-05
8.724443656758532561e-05
8.723879029313553297e-05
8.723313130147026249e-05
8.722746233737732320e-05
8.722178624802217099e-05
8.721610464708395329e-05
8.721041971110171621e-05
8.720473354670638306e-05
8.719904793007519515e-05
8.719336394282162965e-05
8.718768255174178775e-05
8.718200536628398895e-05
8.717633324734235293e-05
8.717066764220735508e-05
8.716500868996135811e-05
8.715935805239323258e-05
8.715371608322854515e-05
8.714808312194589023e-05
8.714245961997672189e-05
8.713684650945544181e-05
8.713124420861513867e-05
8.712565361251041853e-05
8.712007475813428662e-05
8.711450800518824220e-05
8.710895417662469571e-05
8.710341339603599987e-05
8.709788567746166478e-05
8.709237171211632697e-05
8.708687178815228741e-05
8.708138678268327604e-05
8.707591633376714072e-05
8.707046061391177701e-05
8.706501933965796148e-05
8.705959337459252476e-05
8.705418333394650461e-05
8.704878853740019530e-05
8.704341017860105906e-05
8.703804757182484562e-05
8.703270205060187348e-05
8.702737274039505980e-05
8.702209654328690923e-05
8.701632389294169110e-05
8.701922446628066084e-05
8.742846843724895532e-05
8.816481755483785267e-05
8.909429079464502104e-05
9.005526472270648775e-05
9.103229635709356095e-05
9.203055378176607459e-05
9.306366255375117481e-05
9.415350781878695805e-05
9.532952639696432896e-05
9.662954640881026003e-05
9.810283186795803914e-05
9.981590631033375330e-05
1.018624832007287322e-04
1.043807574252535934e-04
1.075841035777944723e-04
1.118174386753965758e-04
1.176613835553479750e-04
1.261138413110701707e-04
1.388284002873324888e-04
1.580681584270739550e-04
1.854200216913993516e-04
2.196032998763787383e-04
2.570131146081542934e-04
2.944577822349949076e-04
3.299652776700018894e-04
3.623216665138238716e-04
3.908235211968439250e-04
4.152407241222147612e-04
4.357425324831492382e-04
4.527531822273942732e-04
4.668025977117605052e-04
4.784197255024876232e-04
4.880758111371193099e-04
4.961642770465937843e-04
5.030012206497158286e-04
5.088350128047972780e-04
5.138584478303513193e-04
5.182203432156096959e-04
5.220354281079049325e-04
5.253923050038178432e-04
5.283596629782867996e-04
5.309910431273834721e-04
5.333284599572718282e-04
5.354051415625177583e-04
5.372476004983904076e-04
5.388771999040904573e-04
5.403113400870237799e-04
5.415643598130369168e-04
5.426482228723480310e-04
5.435730426742159350e-04
5.443474843255097489e-04
5.449790737583366925e-04
5.454744361204586509e-04
5.458394801707223054e-04
5.460795413391024379e-04
5.461994930549895566e-04
5.462038336517375820e-04
5.460967544247098075e-04
5.458821931105256467e-04
5.455638760609756019e-04
5.451453516278572829e-04
5.446300166967140474e-04
5.440211378646767071e-04
5.433218684179524959e-04
5.425352620033755064e-04
5.416642836875163727e-04
5.407118189419645154e-04
5.396806809739968739e-04
5.385736167296665579e-04
5.373933118251941884e-04
5.361423946075893118e-04
5.348234395029453480e-04
5.334389697780411938e-04
5.319914598155020763e-04
5.304833369831003830e-04
5.289169831625407893e-04
5.272947359912382066e-04
5.256188898613565249e-04
5.238916967131511089e-04
5.221153666539468663e-04
5.202920684295806852e-04
5.184239297714824139e-04
5.165130376396498803e-04
5.145614383793336698e-04
5.125711378072251266e-04
5.105441012412211725e-04
5.084822534863639399e-04
5.063874787882287516e-04
5.042616207638849456e-04
5.021064823195157002e-04
4.999238255627840325e-04
4.977153717171936206e-04
4.954828010448433014e-04
4.932277527832308779e-04
4.909518251010231999e-04
4.886565750770681784e-04
4.863435187062708359e-04
4.840141309354034746e-04
4.816698457313330550e-04
4.793120561836775777e-04
4.769421146434037130e-04
4.745613328984537834e-04
4.721709823870769607e-04
4.697722944491879876e-04
4.673664606157115179e-04
4.649546329355895265e-04
4.625379243398300530e-04
4.601174090417541485e-04
4.576941229723533551e-04
4.552690642494932661e-04
4.528431936795206916e-04
4.504174352897004374e-04
4.479926768897671404e-04
4.455697706608095169e-04
4.431495337695853841e-04
4.407327490063310733e-04
4.383201654440835814e-04
4.359124991174971662e-04
4.335104337191222098e-04
4.311146213111276748e-04
4.287256830504479347e-04
4.263442099253632214e-04
4.239707635015672210e-04
4.216058766758020208e-04
4.192500544351995925e-04
4.169037746205352395e-04
4.145674886916483632e-04
4.122416224933674392e-04
4.099265770203424958e-04
4.076227291792647745e-04
4.053304325470464902e-04
4.030500181235877120e-04
4.007817950778693838e-04
3.985260514861815417e-04
3.962830550613707600e-04
3.940530538720922829e-04
3.918362770511229901e-04
3.896329354918783515e-04
3.874432225323574063e-04
3.852673146258239929e-04
3.831053719976046617e-04
3.809575392874761310e-04
3.788239461771788445e-04
3.767047080026694078e-04
3.745999263508055076e-04
3.725096896402088523e-04
3.704340736861285940e-04
3.683731422491740471e-04
3.663269475678448701e-04
3.642955308748404468e-04
3.622789228971720990e-04
3.602771443401368411e-04
3.582902063552681460e-04
3.563181109924033643e-04
3.543608516360410550e-04
3.524184134262004051e-04
3.504907736640209366e-04
3.485779022023679694e-04
3.466797618217388501e-04
3.447963085917846908e-04
3.429274922187837762e-04
3.410732563794356448e-04
3.392335390413438786e-04
3.374082727705900024e-04
3.355973850268145005e-04
3.338007984462263269e-04
3.320184311129860811e-04
3.302501968194255892e-04
3.284960053155562163e-04
3.267557625483639419e-04
3.250293708913705752e-04
3.233167293649701459e-04
3.216177338480561147e-04
3.199322772814555942e-04
3.182602498637228708e-04
3.166015392398205614e-04
3.149560306832670416e-04
3.133236072723011930e-04
3.117041500606627848e-04
3.100975382435663171e-04
3.085036493194833374e-04
3.069223592483358320e-04
3.053535426067332148e-04
3.037970727408760042e-04
3.022528219177627240e-04
3.007206614753514160e-04
2.992004619722989653e-04
2.976920933379280528e-04
2.961954250230452610e-04
2.947103261522217689e-04
2.932366656781230799e-04
2.917743125384399138e-04
2.903231358159339033e-04
2.888830049020373048e-04
2.874537896643806654e-04
2.860353606185198224e-04
2.846275891040215026e-04
2.832303474649178242e-04
2.818435092343631108e-04
2.804669493231369678e-04
2.791005442113742691e-04
2.777441721426579459e-04
2.763977133192586444e-04
2.750610500969724701e-04
2.737340671776173425e-04
2.724166517967984888e-04
2.711086939041182408e-04
2.698100863325377918e-04
2.685207249531199524e-04
2.672405088109523243e-04
2.659693402376700835e-04
2.647071249357096034e-04
2.634537720292687746e-04
2.622091940769992187e-04
2.609733070417234908e-04
2.597460302130370855e-04
2.585272860795521238e-04
2.573170001488006933e-04
2.561151007144646646e-04
2.549215185725936875e-04
2.537361866908514289e-04
2.525590398374088900e-04
2.513900141788948106e-04
2.502290468595631378e-04
2.490760755764676493e-04
2.479310381676456477e-04
2.467938722319450704e-04
2.456645147999338401e-04
2.445429020750448067e-04
2.434289692625752450e-04
2.423226505011747648e-04
2.412238789068908338e-04
2.401325867337757928e-04
2.390487056475956186e-04
2.379721671007712128e-04
2.369029027880307635e-04
2.358408451542511812e-04
2.347859279196834155e-04
2.337380865842981798e-04
2.326972588731452763e-04
2.316633850887272984e-04
2.306364083442794433e-04
2.296162746625161791e-04
2.286029329364611617e-04
2.275963347607742708e-04
2.265964341519443182e-04
2.256031871827363533e-04
2.246165515598206762e-04
2.236364861736852248e-04
2.226629506473638517e-04
2.216959049060854997e-04
2.207353087847847221e-04
2.197811216853440676e-04
2.188333022913135190e-04
2.178918083449857062e-04
2.169565964906374021e-04
2.160276221890084143e-04
2.151048397095979765e-04
2.141882022113256764e-04
2.132776619273999070e-04
2.123731704765773206e-04
2.114746793302855349e-04
2.105821404728724943e-04
2.096955072996844690e-04
2.088147358032433232e-04
2.079397860990024095e-04
2.070706243350417628e-04
2.062072250088665460e-04
2.053495736718127329e-04
2.044976699294341290e-04
2.036515305395271110e-04
2.028111922716439527e-04
2.019767140438872015e-04
2.011481777396965020e-04
2.003256870970328925e-04
1.995093642243656777e-04
1.986993436611566232e-04
1.978957644090258931e-04
1.970987608638289344e-04
1.963084538904306573e-04
1.955249432719995248e-04
1.947483024381506541e-04
1.939785758635123440e-04
1.932157790137164349e-04
1.924599003435799316e-04
1.917109046789432962e-04
1.909687373162119288e-04
1.902333282879919985e-04
1.895045964022931727e-04
1.887824528183015414e-04
1.880668040483530156e-04
1.873575543660181534e-04
1.866546076571315817e-04
1.859578687812207332e-04
1.852672445230058203e-04
1.845826442139771148e-04
1.839039800976214874e-04
1.832311675021301755e-04
1.825641248736372508e-04
1.819027737125961694e-04
1.812470384465006434e-04
1.805968462641044641e-04
1.799521269296812983e-04
1.793128125905551942e-04
1.786788375870259542e-04
1.780501382706402627e-04
1.774266528344498072e-04
1.768083211571898231e-04
1.761950846621146427e-04
1.755868861904106952e-04
1.749836698885774992e-04
1.743853811088407119e-04
1.737919663214851135e-04
1.732033730379395700e-04
1.726195497434218683e-04
1.720404458380327378e-04
1.714660115852286544e-04
1.708961980667249390e-04
1.703309571429521125e-04
1.697702414183018763e-04
1.692140042104798615e-04
1.686621995233786460e-04
1.681147820229518444e-04
1.675717070156543405e-04
1.670329304290600332e-04
1.664984087943443267e-04
1.659680992303473894e-04
1.654419594289857252e-04
1.649199476418160358e-04
1.644020226675860859e-04
1.638881438406224644e-04
1.633782710199492604e-04
1.628723645790268481e-04
1.623703853960344274e-04
1.618722948446244892e-04
1.613780547850832072e-04
1.608876275558613548e-04
1.604009759654201025e-04
1.599180632843645068e-04
1.594388532378348243e-04
1.589633099981286235e-04
1.584913981775350222e-04
1.580230828213590117e-04
1.575583294011318033e-04
1.570971038079790351e-04
1.566393723461500360e-04
1.561851017266899070e-04
1.557342590612495947e-04
1.552868118560279378e-04
1.548427280058375585e-04
1.544019757882918035e-04
1.539645238581031147e-04
1.535303412414938044e-04
1.530993973307146004e-04
1.526716618786642379e-04
1.522471049936093685e-04
1.518256971340021817e-04
1.514074091033953886e-04
1.509922120454410953e-04
1.505800774389880680e-04
1.501709770932629960e-04
1.497648831431343719e-04
1.493617680444637302e-04
1.489616045695380669e-04
1.485643658025779894e-04
1.481700251353282392e-04
1.477785562627231060e-04
1.473899331786248084e-04
1.470041301716360882e-04
1.466211218209854191e-04
1.462408829924795176e-04
1.458633888345259744e-04
1.454886147742243260e-04
1.451165365135202810e-04
1.447471300254242401e-04
1.443803715502975241e-04
1.440162375921946280e-04
1.436547049152684405e-04
1.432957505402369372e-04
1.429393517409038947e-04
1.425854860407409978e-04
1.422341312095228277e-04
1.418852652600166033e-04
1.415388664447292768e-04
1.411949132527038514e-04
1.408533844063674973e-04
1.405142588584324954e-04
1.401775157888443437e-04
1.398431346017817427e-04
1.395110949227016566e-04
1.391813765954320794e-04
1.388539596793112590e-04
1.385288244463709132e-04
1.382059513785671224e-04
1.378853211650495774e-04
1.375669146994766339e-04
1.372507130773717833e-04
1.369366975935221371e-04
1.366248497394140443e-04
1.363151512007125391e-04
1.360075838547757793e-04
1.357021297682077586e-04
1.353987711944534648e-04
1.350974905714240164e-04
1.347982705191627542e-04
1.345010938375433725e-04
1.342059435040062398e-04
1.339128026713251867e-04
1.336216546654099091e-04
1.333324829831409794e-04
1.330452712902384404e-04
1.327600034191594015e-04
1.324766633670284872e-04
1.321952352935996174e-04
1.319157035192452198e-04
1.316380525229776145e-04
1.313622669405007032e-04
1.310883315622851306e-04
1.308162313316760532e-04
1.305459513430268215e-04
1.302774768398596303e-04
1.300107932130531397e-04
1.297458859990566313e-04
1.294827408781285319e-04
1.292213436726026663e-04
1.289616803451765724e-04
1.287037369972260825e-04
1.284474998671433494e-04
1.281929553286985358e-04
1.279400898894244069e-04
1.276888901890259418e-04
1.274393429978079963e-04
1.271914352151300978e-04
1.269451538678793465e-04
1.267004861089660310e-04
1.264574192158403310e-04
1.262159405890291865e-04
1.259760377506936315e-04
1.257376983432086245e-04
1.255009101277570821e-04
1.252656609829486329e-04
1.250319389034542544e-04
1.247997319986618079e-04
1.247997319985882990e-04
