8.731994619151665297e-05
8.731509076086937406e-05
8.730988570693970290e-05
8.730466963695754097e-05
8.729942156095729037e-05
8.729412987066190806e-05
8.728879005745796785e-05
8.728340215159866770e-05
8.727796824413443070e-05
8.727249274071812845e-05
8.726697980741102861e-05
8.726143385773725634e-05
8.725585952984606488e-05
8.725026155476133579e-05
8.724464350339493227e-05
8.723900952135611167e-05
8.723336215192227093e-05
8.722770433191642250e-05
8.722203929020283162e-05
8.721636896553172473e-05
8.721069513179483142e-05
8.720501982801951877e-05
8.719934465542642128e-05
8.719367133382752166e-05
8.718800088498751045e-05
8.718233515097333259e-05
8.717667434118080258e-05
8.717101926042694886e-05
8.716537118424850876e-05
8.715973096170201158e-05
8.715409942111963825e-05
8.714847679563914376e-05
8.714286427961071598e-05
8.713726198964448630e-05
8.713167045572799401e-05
8.712609019920970646e-05
8.712052244132835065e-05
8.711496707261626160e-05
8.710942410668703418e-05
8.710389368238117267e-05
8.709837703383402959e-05
8.709287390755574888e-05
8.708738528522143958e-05
8.708191080788178122e-05
8.707645302481692386e-05
8.707101496237050172e-05
8.706532486523046793e-05
8.706943211118867100e-05
8.753042054069368281e-05
8.816196682024426403e-05
8.895441967555971457e-05
8.983516075008611719e-05
9.076334543560505880e-05
9.172352756449460190e-05
9.271725514513100232e-05
9.375799783469425657e-05
9.486835975818369300e-05
9.607934224904174218e-05
9.743156351656106031e-05
9.897878560682026559e-05
1.007943997609969672e-04
1.029830628850680565e-04
1.057008423856548913e-04
1.091909361759840140e-04
1.138491527014430570e-04
1.203420020379922868e-04
1.297987601636424611e-04
1.440026695171130633e-04
1.650968650424752251e-04
1.939718522215142004e-04
2.286121445168861417e-04
2.654990277923156903e-04
3.018832832002820419e-04
3.360705631975856810e-04
3.670034077979102095e-04
3.941049521887184364e-04
4.172452387166820627e-04
4.366503907782887583e-04
4.527585162821655016e-04
4.660845459778499718e-04
4.771291906633463495e-04
4.863330199745551931e-04
4.940618467240203912e-04
5.006091465109994629e-04
5.062057076031070994e-04
5.110310735979614995e-04
5.152242545784150966e-04
5.188927945440443461e-04
5.221200595386959629e-04
5.249709301609204381e-04
5.274961773499570053e-04
5.297357975543231850e-04
5.317215448212383360e-04
5.334788511502518323e-04
5.350282839567655456e-04
5.363866542283686608e-04
5.375678611577329848e-04
5.385835377203276051e-04
5.394435455686984182e-04
5.401563555561570773e-04
5.407293411996268130e-04
5.411690056736747278e-04
5.414811579088957185e-04
5.416710496092289138e-04
5.417434821793095214e-04
5.417028904247169494e-04
5.415534082781902920e-04
5.412989205829525944e-04
5.409431040338432816e-04
5.404894596662898490e-04
5.399413387388372725e-04
5.393019634371438173e-04
5.385744435059409540e-04
5.377617896677541363e-04
5.368669244961017358e-04
5.358926912632046074e-04
5.348418611681244250e-04
5.337171392628772305e-04
5.325211693257275855e-04
5.312565378778964353e-04
5.299257774988591239e-04
5.285313695636372324e-04
5.270757465007804661e-04
5.255612936505622184e-04
5.239903507879903463e-04
5.223652133636297193e-04
5.206881335060969647e-04
5.189613208229524807e-04
5.171869430310447376e-04
5.153671264428575684e-04
5.135039563318011908e-04
5.115994771964057141e-04
5.096556929409637492e-04
5.076745669881343450e-04
5.056580223372824983e-04
5.036079415808491968e-04
5.015261668897278086e-04
4.994144999774777129e-04
4.972747020521430059e-04
4.951084937634954398e-04
4.929175551526636910e-04
4.907035256102926972e-04
4.884680038486117907e-04
4.862125478921247622e-04
4.839386750909528126e-04
4.816478621602775559e-04
4.793415452487434438e-04
4.770211200381620264e-04
4.746879418763718761e-04
4.723433259446449322e-04
4.699885474606088154e-04
4.676248419172801215e-04
4.652534053584314448e-04
4.628753946902172114e-04
4.604919280286630238e-04
4.581040850823801368e-04
4.557129075696317961e-04
4.533193996686591038e-04
4.509245284999915536e-04
4.485292246393365119e-04
4.461343826594685595e-04
4.437408616994530336e-04
4.413494860594363578e-04
4.389610458191666310e-04
4.365762974783528121e-04
4.341959646169173885e-04
4.318207385732107510e-04
4.294512791381961377e-04
4.270882152636666478e-04
4.247321457825402671e-04
4.223836401393104537e-04
4.200432391287873450e-04
4.177114556412705624e-04
4.153887754123926487e-04
4.130756577758880094e-04
4.107725364176387727e-04
4.084798201293991836e-04
4.061978935606814080e-04
4.039271179673605949e-04
4.016678319556357592e-04
3.994203522200641984e-04
3.971849742744594730e-04
3.949619731745408866e-04
3.927516042312964475e-04
3.905541037140889001e-04
3.883696895426352923e-04
3.861985619670535983e-04
3.840409042352439621e-04
3.818968832469600040e-04
3.797666501939734457e-04
3.776503411858315854e-04
3.755480778607616916e-04
3.734599679813506499e-04
3.713861060146982931e-04
3.693265736968301210e-04
3.672814405811869400e-04
3.652507645711186709e-04
3.632345924363345130e-04
3.612329603133344544e-04
3.592458941898850127e-04
3.572734103736599867e-04
3.553155159451706836e-04
3.533722091951748182e-04
3.514434800467653081e-04
3.495293104623605255e-04
3.476296748358574033e-04
3.457445403702211597e-04
3.438738674408146727e-04
3.420176099447840945e-04
3.401757156368456964e-04
3.383481264518450144e-04
3.365347788144631026e-04
3.347356039364735979e-04
3.329505281019758210e-04
3.311794729410292974e-04
3.294223556921538495e-04
3.276790894541437363e-04
3.259495834276939798e-04
3.242337431473175523e-04
3.225314707040673906e-04
3.208426649595751980e-04
3.191672217519482134e-04
3.175050340940508147e-04
3.158559923647495963e-04
3.142199844936689008e-04
3.125968961400550660e-04
3.109866108663308470e-04
3.093890103069561639e-04
3.078039743332099728e-04
3.062313812145189525e-04
3.046711077769829871e-04
3.031230295597381525e-04
3.015870209698194387e-04
3.000629554361854915e-04
2.985507055635548126e-04
2.970501432867339695e-04
2.955611400260657867e-04
2.940835668446411546e-04
2.926172946078812293e-04
2.911621941460629704e-04
2.897181364203109811e-04
2.882849926925209918e-04
2.868626346995934795e-04
2.854509348322668534e-04
2.840497663187058425e-04
2.826590034128476331e-04
2.812785215873469212e-04
2.799081977307264226e-04
2.785479103480979855e-04
2.771975397645364209e-04
2.758569683298522251e-04
2.745260806231351555e-04
2.732047636550447803e-04
2.718929070653740157e-04
2.705904033129339628e-04
2.692971478543533200e-04
2.680130393078759615e-04
2.667379795978335323e-04
2.654718740750532558e-04
2.642146316082174705e-04
2.629661646410433144e-04
2.617263892102245906e-04
2.604952249194141672e-04
2.592725948651250479e-04
2.580584255114246810e-04
2.568526465116067960e-04
2.556551904767631915e-04
2.544659926932307283e-04
2.532849907932959279e-04
2.521121243861035506e-04
2.509473346584375803e-04
2.497905639576508208e-04
2.486417553713996735e-04
2.475008523207550964e-04
2.463677981844998263e-04
2.452425359727624364e-04
2.441250080673962363e-04
2.430151560445198249e-04
2.419129205913181802e-04
2.408182415245440277e-04
2.397310579123025837e-04
2.386513082939490879e-04
2.375789309857213026e-04
2.365138644527425057e-04
2.354560477220186824e-04
2.344054208068240680e-04
2.333619251111485656e-04
2.323255037840790650e-04
2.312961019982310987e-04
2.302736671331616705e-04
2.292581488533312244e-04
2.282494990794592946e-04
2.272476718608770199e-04
2.262526231636505659e-04
2.252643105941360530e-04
2.242826930799062836e-04
2.233077305298693260e-04
2.223393834933071786e-04
2.213776128341706493e-04
2.204223794330467613e-04
2.194736439253336857e-04
2.185313664808555083e-04
2.175955066277391432e-04
2.166660231217163357e-04
2.157428738619653963e-04
2.148260158560813874e-04
2.139154052367660058e-04
2.130109973357188075e-04
2.121127468230586677e-04
2.112206079238652468e-04
2.103345347269602568e-04
2.094544816047122233e-04
2.085804037660125257e-04
2.077122579671256131e-04
2.068500034059576312e-04
2.059936028230470049e-04
2.051430238253082331e-04
2.042982404336634314e-04
2.034592348301579687e-04
2.026259992412257117e-04
2.017985378402468890e-04
2.009768684870256040e-04
2.001610240533372267e-04
1.993510530300175070e-04
1.985470190981300140e-04
1.977489994026860470e-04
1.969570814099316303e-04
1.961713584496768172e-04
1.953919242982607050e-04
1.946188673737186384e-04
1.938522652204056960e-04
1.930921799167419192e-04
1.923386548605371762e-04
1.915917131306827228e-04
1.908513573680738738e-04
1.901175709240311782e-04
1.893903199198068742e-04
1.886695558421500366e-04
1.879552183431765862e-04
1.872472379884176333e-04
1.865455387799845046e-04
1.858500403563701192e-04
1.851606598290303854e-04
1.844773132571652459e-04
1.837999167880214279e-04
1.831283875039232218e-04
1.824626440225301453e-04
1.818026068965077719e-04
1.811481988551564431e-04
1.804993449252585290e-04
1.798559724625090972e-04
1.792180111191493067e-04
1.785853927681522427e-04
1.779580513997188786e-04
1.773359230019947764e-04
1.767189454347615910e-04
1.761070583023361031e-04
1.755002028299747772e-04
1.748983217465483950e-04
1.743013591751578202e-04
1.737092605325323154e-04
1.731219724374671507e-04
1.725394426281646803e-04
1.719616198880734510e-04
1.713884539796599283e-04
1.708198955854647893e-04
1.702558962557570174e-04
1.696964083621019422e-04
1.691413850561860862e-04
1.685907802332851902e-04
1.680445484998034980e-04
1.675026451443752693e-04
1.669650261120592767e-04
1.664316479812276818e-04
1.659024679427786809e-04
1.653774437813602916e-04
1.648565338583329290e-04
1.643396970962280994e-04
1.638268929645009806e-04
1.633180814663939308e-04
1.628132231267701675e-04
1.623122789807755339e-04
1.618152105632217742e-04
1.613219798986035528e-04
1.608325494916531281e-04
1.603468823183847080e-04
1.598649418175477645e-04
1.593866918824593060e-04
1.589120968531625741e-04
1.584411215088765246e-04
1.579737310607123196e-04
1.575098911446230049e-04
1.570495678145708682e-04
1.565927275358905489e-04
1.561393371788318831e-04
1.556893640122705008e-04
1.552427756975719461e-04
1.547995402826036831e-04
1.543596261958788589e-04
1.539230022408322857e-04
1.534896375902164705e-04
1.530595017806156064e-04
1.526325647070662223e-04
1.522087966177892884e-04
1.517881681090205506e-04
1.513706501199413160e-04
1.509562139277059766e-04
1.505448311425577868e-04
1.501364737030368797e-04
1.497311138712751548e-04
1.493287242283753812e-04
1.489292776698702611e-04
1.485327474012669547e-04
1.481391069336628378e-04
1.477483300794444449e-04
1.473603909480568851e-04
1.469752639418477427e-04
1.465929237519805024e-04
1.462133453544203993e-04
1.458365040059862424e-04
1.454623752404695400e-04
1.450909348648200597e-04
1.447221589553935402e-04
1.443560238542631268e-04
1.439925061655937999e-04
1.436315827520729099e-04
1.432732307314040572e-04
1.429174274728543424e-04
1.425641505938629540e-04
1.422133779567022330e-04
1.418650876651917812e-04
1.415192580614697880e-04
1.411758677228142588e-04
1.408348954585155789e-04
1.404963203067997651e-04
1.401601215317998281e-04
1.398262786205788240e-04
1.394947712801957330e-04
1.391655794348211283e-04
1.388386832228970279e-04
1.385140629943408725e-04
1.381916993077977776e-04
1.378715729279276158e-04
1.375536648227437884e-04
1.372379561609862579e-04
1.369244283095386527e-04
1.366130628308835366e-04
1.363038414806006394e-04
1.359967462048984534e-04
1.356917591381864071e-04
1.353888626006850664e-04
1.350880390960691063e-04
1.347892713091511569e-04
1.344925421035961157e-04
1.341978345196708042e-04
1.339051317720310033e-04
1.336144172475380596e-04
1.333256745031084517e-04
1.330388872635967774e-04
1.327540394197085827e-04
1.324711150259475607e-04
1.321900982985880395e-04
1.319109736136820287e-04
1.316337255050928291e-04
1.313583386625573736e-04
1.310847979297789258e-04
1.308130883025469381e-04
1.305431949268809789e-04
1.302751030972077004e-04
1.300087982545582990e-04
1.297442659847958171e-04
1.294814920168661624e-04
1.292204622210751757e-04
1.289611626073881943e-04
1.287035793237572103e-04
1.284476986544702266e-04
1.281935070185234900e-04
1.279409909680164382e-04
1.276901371865707434e-04
1.274409324877719075e-04
1.271933638136307516e-04
1.269474182330687314e-04
1.267030829404228501e-04
1.264603452539711428e-04
1.262191926144804420e-04
1.259796125837730357e-04
1.257415928433141953e-04
1.255051211928176209e-04
1.252701855488704832e-04
1.250367739435787669e-04
1.248048745232311545e-04
1.245744755469786844e-04
1.243455653855353351e-04
1.241181325198939501e-04
1.238921655400632778e-04
1.236676531438157724e-04
1.234445841354593826e-04
1.232229474246221066e-04
1.230027320250522138e-04
1.227839270534378474e-04
1.227839270533685669e-04
