8.731990752870769600e-05
8.731502896333219379e-05
8.730980418586674330e-05
8.730457049616696609e-05
8.729930673542164103e-05
8.729400087724973776e-05
8.728864814330279014e-05
8.728324808900234208e-05
8.727780282185693789e-05
8.727231589130336374e-05
8.726679197417226545e-05
8.726123585818795075e-05
8.725565096676226933e-05
8.725004046571491906e-05
8.724440993714565088e-05
8.723876533644262497e-05
8.723314965505215462e-05
8.722706745578666723e-05
8.722838166177911124e-05
8.736485219997249473e-05
8.755904995081318623e-05
8.779097114219748651e-05
8.802924574883288437e-05
8.826594045790498886e-05
8.849587223019654244e-05
8.871595012988146281e-05
8.892519239310607831e-05
8.912397383389332017e-05
8.931338143996418559e-05
8.949480776824716858e-05
8.966970807504464063e-05
8.983943542815275407e-05
9.000516343009576706e-05
9.016786524275367148e-05
9.032832284068767503e-05
9.048714770205707662e-05
9.064480669866794335e-05
9.080164712108894690e-05
9.095791983402642836e-05
9.111379920275034525e-05
9.126939928548591027e-05
9.142478675905469883e-05
9.157999107245253802e-05
9.173501205757366415e-05
9.188982625908774786e-05
9.204439126604495574e-05
9.219864949256522649e-05
9.235253078084908185e-05
9.250595456975811378e-05
9.265883180214694282e-05
9.281106606846323043e-05
9.296255491703598261e-05
9.311319082658950298e-05
9.326286195852746493e-05
9.341145321617662812e-05
9.355884664202313234e-05
9.370492222786634857e-05
9.384955860916364783e-05
9.399263369324820224e-05
9.413402512070773664e-05
9.427361104093335664e-05
9.441127060824111160e-05
9.454688474215697735e-05
9.468033657681705747e-05
9.481151224752392315e-05
9.494030139246867654e-05
9.506659790895410564e-05
9.519030055338712501e-05
9.531131353589940129e-05
9.542954714911458731e-05
9.554491849211045856e-05
9.565735209070809291e-05
9.576678011665376166e-05
9.587314301847143681e-05
9.597639038011539052e-05
9.607648117279501477e-05
9.617338406835077415e-05
9.626707761592431291e-05
9.635755058556036510e-05
9.644480202699677715e-05
9.652884119845583032e-05
9.660968731230764987e-05
9.668736920062350132e-05
9.676192489199253281e-05
9.683340105035191723e-05
9.690185227524218735e-05
9.696734027957470850e-05
9.702993296303428388e-05
9.708970340200808586e-05
9.714672877987812812e-05
9.720108928387810837e-05
9.725286699620170261e-05
9.730214480756074270e-05
9.734900538083291084e-05
9.739353019077272170e-05
9.743579866302626194e-05
9.747588743202357522e-05
9.751386973284525907e-05
9.754981493713171716e-05
9.758378823767767493e-05
9.761585048083614000e-05
9.764605814037251438e-05
9.767446342119696554e-05
9.770111447662452840e-05
9.772605571864593024e-05
9.774932819738668232e-05
9.777097002375520246e-05
9.779101680853206392e-05
9.780950209209912367e-05
9.782645774175789037e-05
9.784191429805026122e-05
9.785590125729544170e-05
9.786844728402530730e-05
9.787958035342300895e-05
9.788932782942785392e-05
9.789771648832762646e-05
9.790477250007034401e-05
9.791052138026266969e-05
9.791498792511282173e-05
9.791819613986843247e-05
9.792016916907869955e-05
9.792092923469202545e-05
9.792049758590662552e-05
9.791889446303359522e-05
9.791613907647296958e-05
9.791224960126682704e-05
9.790724318745203786e-05
9.790113598687923808e-05
9.789394319772130740e-05
9.788567912852303267e-05
9.787635728490241100e-05
9.786599048329570915e-05
9.785459099758580560e-05
9.784217074604940933e-05
9.782874152769102920e-05
9.781431531856551087e-05
9.779890463984853319e-05
9.778252300975520791e-05
9.776518549021508966e-05
9.774690933546124135e-05
9.772771474204489507e-05
9.770762568664446805e-05
9.768667081800949778e-05
9.766488434195737560e-05
9.764230680517382074e-05
9.761898564997182367e-05
9.759497538828797506e-05
9.757033724321404313e-05
9.754513814472969349e-05
9.751944904967970969e-05
9.749334267514295075e-05
9.746689086054191608e-05
9.744016186726729982e-05
9.741321795093713467e-05
9.738611348948191025e-05
9.735889383772769543e-05
9.733159494362648924e-05
9.730424364218574730e-05
9.727685846624112254e-05
9.724945078488949528e-05
9.722202609176207734e-05
9.719458530043681140e-05
9.716712594780570569e-05
9.713964324724466020e-05
9.711213096641367279e-05
9.708458212785561140e-05
9.705698954521313189e-05
9.702934621565406864e-05
9.700164559206635314e-05
9.697388175841017836e-05
9.694604952970271655e-05
9.691814449526931559e-05
9.689016302083938378e-05
9.686210222205165999e-05
9.683395991923962208e-05
9.680573458103015146e-05
9.677742526235027587e-05
9.674903154086550536e-05
9.672055345463686561e-05
9.669199144283914906e-05
9.666334629065284297e-05
9.663461907893042301e-05
9.660581113885945007e-05
9.657692401158529574e-05
9.654795941258986964e-05
9.651891920052675655e-05
9.648980535013085302e-05
9.646061992881964462e-05
9.643136507659452359e-05
9.640204298885198312e-05
9.637265590175500595e-05
9.634320607983713704e-05
9.631369580553491812e-05
9.628412737039507589e-05
9.625450306771121710e-05
9.622482518638861314e-05
9.619509600586200230e-05
9.616531779190205841e-05
9.613549279318604583e-05
9.610562323851366958e-05
9.607571133456562287e-05
9.604575926412267661e-05
9.601576918466741097e-05
9.598574322729976928e-05
9.595568349591284752e-05
9.592559206657685065e-05
9.589547098709768681e-05
9.586532227671367529e-05
9.583514792591026998e-05
9.580494989633363484e-05
9.577473012078842134e-05
9.574449050330774012e-05
9.571423291928039215e-05
9.568395921563075139e-05
9.565367121103953547e-05
9.562337069619519152e-05
9.559305943407240061e-05
9.556273916022937952e-05
9.553241158311948046e-05
9.550207838441025819e-05
9.547174121931213241e-05
9.544140171690904226e-05
9.541106148049060523e-05
9.538072208788578039e-05
9.535038509179402438e-05
9.532005202011421124e-05
9.528972437627211570e-05
9.525940363954496905e-05
9.522909126537890004e-05
9.519878868570718885e-05
9.516849730926139244e-05
9.513821852187872945e-05
9.510795368680534509e-05
9.507770414499677064e-05
9.504747121540970940e-05
9.501725619529532692e-05
9.498706036048251233e-05
9.495688496566221043e-05
9.492673124466305293e-05
9.489660041072586489e-05
9.486649365677215389e-05
9.483641215567003766e-05
9.480635706049588918e-05
9.477632950479171275e-05
9.474633060281924030e-05
9.471636144981005682e-05
9.468642312221220219e-05
9.465651667793541766e-05
9.462664315658865391e-05
9.459680357971775528e-05
9.456699895103823795e-05
9.453723025666793266e-05
9.450749846535188886e-05
9.447780452868702143e-05
9.444814938134391132e-05
9.441853394128445914e-05
9.438895910997876625e-05
9.435942577261605276e-05
9.432993479831660547e-05
9.430048704033876564e-05
9.427108333628259637e-05
9.424172450829405140e-05
9.421241136326347900e-05
9.418314469302401740e-05
9.415392527454511133e-05
9.412475387012697722e-05
9.409563122758964743e-05
9.406655808046087601e-05
9.403753514816342110e-05
9.400856313619681138e-05
9.397964273631920749e-05
9.395077462672744731e-05
9.392195947223360829e-05
9.389319792443918456e-05
9.386449062191053790e-05
9.383583819034671872e-05
9.380724124275028209e-05
9.377870037959439042e-05
9.375021618898698875e-05
9.372178924683465483e-05
9.369342011700316944e-05
9.366510935147772082e-05
9.363685749052047991e-05
9.360866506282458416e-05
9.358053258566999158e-05
9.355246056507479473e-05
9.352444949594656176e-05
9.349649986222894769e-05
9.346861213704975573e-05
9.344078678286639656e-05
9.341302425161000593e-05
9.338532498482508988e-05
9.335768941381223285e-05
9.333011795976520859e-05
9.330261103390810465e-05
9.327516903763155239e-05
9.324779236262565013e-05
9.322048139101177505e-05
9.319323649547508624e-05
9.316605803939309756e-05
9.313894637696204135e-05
9.311190185332461459e-05
9.308492480469353727e-05
9.305801555847637116e-05
9.303117443339609669e-05
9.300440173961144576e-05
9.297769777883657064e-05
9.295106284445859852e-05
9.292449722165239435e-05
9.289800118749757336e-05
9.287157501109055333e-05
9.284521895365774530e-05
9.281893326866492251e-05
9.279271820192756500e-05
9.276657399171868359e-05
9.274050086887675214e-05
9.271449905690953353e-05
9.268856877209962668e-05
9.266271022360719474e-05
9.263692361357254415e-05
9.261120913721577639e-05
9.258556698293679207e-05
9.255999733241316728e-05
9.253450036069746072e-05
9.250907623631255577e-05
9.248372512134810021e-05
9.245844717155179613e-05
9.243324253642226174e-05
9.240811135930246259e-05
9.238305377746781650e-05
9.235806992221561311e-05
9.233315991895366104e-05
9.230832388728699687e-05
9.228356194110256139e-05
9.225887418865624746e-05
9.223426073265509608e-05
9.220972167034082064e-05
9.218525709357060704e-05
9.216086708889871353e-05
9.213655173765621369e-05
9.211231111602904552e-05
9.208814529513619591e-05
9.206405434110741086e-05
9.204003831515667725e-05
9.201609727365962137e-05
9.199223126822552701e-05
9.196844034577196926e-05
9.194472454859654799e-05
9.192108391444664276e-05
9.189751847659323339e-05
9.187402826389601989e-05
9.185061330087511530e-05
9.182727360777697876e-05
9.180400920064247627e-05
9.178082009137278666e-05
9.175770628779429108e-05
9.173466779372268999e-05
9.171170460902733704e-05
9.168881672969348578e-05
9.166600414788324898e-05
9.164326685199926836e-05
9.162060482674335641e-05
9.159801805317542274e-05
9.157550650877439272e-05
9.155307016749478926e-05
9.153070899982464279e-05
9.150842297284300815e-05
9.148621205027414761e-05
9.146407619254359766e-05
9.144201535683254179e-05
9.142002949713130225e-05
9.139811856429398392e-05
9.137628250608878120e-05
9.135452126725160545e-05
9.133283478953467072e-05
9.131122301175934866e-05
9.128968586986549970e-05
9.126822329695904242e-05
9.124683522336178619e-05
9.122552157665940714e-05
9.120428228174764867e-05
9.118311726088025679e-05
9.116202643371332400e-05
9.114100971735209964e-05
9.112006702639541516e-05
9.109919827297906572e-05
9.107840336682011340e-05
9.105768221526124463e-05
9.103703472331088566e-05
9.101646079368680105e-05
9.099596032685634470e-05
9.097553322107867590e-05
9.095517937244376359e-05
9.093489867491284058e-05
9.091469102035721803e-05
9.089455629859742516e-05
9.087449439744205073e-05
9.085450520272391481e-05
9.083458859833792095e-05
9.081474446627836627e-05
9.079497268667453044e-05
9.077527313782677958e-05
9.075564569624113877e-05
9.073609023666474546e-05
9.071660663212015091e-05
9.069719475393916085e-05
9.067785447179594433e-05
9.065858565374002053e-05
9.063938816622900169e-05
9.062026187416068548e-05
9.060120664090394124e-05
9.058222232833210337e-05
9.056330879685067271e-05
9.054446590543065577e-05
9.052569351163655069e-05
9.050699147165593237e-05
9.048835964032932232e-05
9.046979787118039715e-05
9.045130601644064071e-05
9.043288392708112469e-05
9.041453145283763503e-05
9.039624844223841397e-05
9.037803474263299980e-05
9.035989020021532034e-05
9.034181466005203136e-05
9.032380796610821208e-05
9.030586996127163779e-05
9.028800048737844835e-05
9.027019938523934517e-05
9.025246649466076032e-05
9.023480165447236813e-05
9.021720470254777989e-05
9.019967547582948052e-05
9.018221381035207115e-05
9.016481954126506445e-05
9.014749250285317280e-05
9.013023252856039111e-05
9.011303945101317161e-05
9.009591310203853010e-05
9.007885331268629912e-05
9.006185991325159812e-05
9.004493273329411862e-05
9.002807160165824979e-05
9.001127634649382732e-05
8.999454679527493079e-05
8.997788277482095785e-05
8.996128411131361911e-05
8.994475063031734819e-05
8.992828215679738086e-05
8.991187851513826775e-05
8.989553952916207538e-05
8.987926502214650594e-05
8.986305481684116029e-05
8.984690873548583387e-05
8.983082659982829761e-05
8.981480823113930062e-05
8.979885345023144879e-05
8.978296207747366541e-05
8.976713393280721020e-05
8.975136883576356869e-05
8.973566660547881786e-05
8.972002706070759883e-05
8.970445001984108746e-05
8.968893530092004551e-05
8.967348272165060928e-05
8.965809209941795054e-05
8.964276325130091333e-05
8.962749599408689457e-05
8.961229014428450214e-05
8.959714551813735138e-05
8.958206193163902704e-05
8.956703920054529412e-05
8.955207714038626804e-05
8.953717556648117337e-05
8.952233429394953817e-05
8.950755313772447549e-05
8.949283191256501618e-05
8.947817043306818417e-05
8.946356851368086850e-05
8.944902596871048914e-05
8.943454261233864443e-05
8.942011825863157356e-05
8.940575272155064628e-05
8.939144581496480412e-05
8.937719735266030463e-05
8.936300714835186156e-05
8.934887501569291769e-05
8.933480076828750329e-05
8.932078421969835409e-05
8.930682518345802433e-05
8.929292347307854971e-05
8.927907890206182866e-05
8.926529128390864830e-05
8.925156043212796792e-05
8.923788616024711049e-05
8.922426828182031429e-05
8.921070661043750140e-05
8.919720095973273451e-05
8.918375114339435414e-05
8.917035697517289338e-05
8.917035697516865144e-05
