8.731966754968612388e-05
8.731463275371983371e-05
8.730927028975031231e-05
8.730391591027481619e-05
8.729854544123009507e-05
8.729314403888827176e-05
8.728770380103038733e-05
8.728222241843259827e-05
8.727670060747976888e-05
8.727114035710008635e-05
8.726554553347636945e-05
8.725992025080265679e-05
8.725426793662032084e-05
8.724859269136740899e-05
8.724289807830259101e-05
8.723718781024785470e-05
8.723146486039829513e-05
8.722573202396567400e-05
8.721999198636104826e-05
8.721424632100606802e-05
8.720849724894489622e-05
8.720274690307238644e-05
8.719699689319586463e-05
8.719124838613622960e-05
8.718550236561199978e-05
8.717976039140102186e-05
8.717402339967262367e-05
8.716829275412874901e-05
8.716256866626424132e-05
8.715685282685949661e-05
8.715114547354594905e-05
8.714544703595135400e-05
8.713975792003569930e-05
8.713407913823000939e-05
8.712841109465721350e-05
8.712275466707934029e-05
8.711710983205047710e-05
8.711147713600301656e-05
8.710585724135160761e-05
8.710025027376086569e-05
8.709465639364614585e-05
8.708907614964551448e-05
8.708350999422307401e-05
8.707795866667706838e-05
8.707242181231410433e-05
8.706689960300462074e-05
8.706139186132570837e-05
8.705589943978843566e-05
8.705042289123596070e-05
8.704496156120150054e-05
8.703951669188946037e-05
8.703408755824822965e-05
8.702867579230808047e-05
8.702327993711005615e-05
8.701794736910664922e-05
8.701195946361673544e-05
8.701922679278718841e-05
8.755347280690981438e-05
8.829365270746704396e-05
8.921131764885155489e-05
9.016250409711560753e-05
9.111698674286965020e-05
9.207639290777661707e-05
9.305078942793123999e-05
9.405566425888425949e-05
9.511075883898667223e-05
9.623952659923837489e-05
9.746960248117546137e-05
9.883420763284472431e-05
1.003744337587057908e-04
1.021427625093404573e-04
1.042082044052820096e-04
1.066640806658361194e-04
1.096396021169603611e-04
1.133166236673441383e-04
1.179530093613760005e-04
1.239111466178020328e-04
1.316800106691821308e-04
1.418554671061442673e-04
1.550136849680434274e-04
1.714396438628372152e-04
1.908484786130989683e-04
2.123915968361522028e-04
2.349854087344122836e-04
2.576370321910705693e-04
2.795642961946357623e-04
3.001902037855994900e-04
3.191216423558484810e-04
3.361367184025227544e-04
3.511665946064840369e-04
3.642642232132176517e-04
3.755653298850573267e-04
3.852509705865690280e-04
3.935179669900136902e-04
4.005590365404673595e-04
4.065514422894012342e-04
4.116518605975429015e-04
4.159952139327113938e-04
4.196957341480059907e-04
4.228490930167758035e-04
4.255348955941675479e-04
4.278191488100591285e-04
4.297565165147953408e-04
4.313922879452423628e-04
4.327640491514824503e-04
4.339030776381387253e-04
4.348354931377520485e-04
4.355832004563813323e-04
4.361646585980756595e-04
4.365955066027096148e-04
4.368890721617221654e-04
4.370567848227261331e-04
4.371085117710659176e-04
4.370528308875261565e-04
4.368972530246418759e-04
4.366484031705684748e-04
4.363121683135710947e-04
4.358938183148484686e-04
4.353981048812027702e-04
4.348293427485617579e-04
4.341914763977552873e-04
4.334881349882165622e-04
4.327226776833722772e-04
4.318982311289861799e-04
4.310177205131170077e-04
4.300838953679222152e-04
4.290993510566576538e-04
4.280665467138860267e-04
4.269878202649395591e-04
4.258654010356688552e-04
4.247014203702577937e-04
4.234979205991012919e-04
4.222568626372621091e-04
4.209801324439069680e-04
4.196695465323887998e-04
4.183268566873845577e-04
4.169537540183701116e-04
4.155518724565470637e-04
4.141227917841712176e-04
4.126680402703491080e-04
4.111890969751609299e-04
4.096873937738788429e-04
4.081643171447778100e-04
4.066212097571445102e-04
4.050593718904083734e-04
4.034800627105967585e-04
4.018845014263215014e-04
4.002738683432387656e-04
3.986493058331049867e-04
3.970119192312082526e-04
3.953627776739779081e-04
3.937029148868386027e-04
3.920333299309591455e-04
3.903549879162751903e-04
3.886688206870909847e-04
3.869757274856397769e-04
3.852765755981682385e-04
3.835722009873880210e-04
3.818634089145426071e-04
3.801509745537761092e-04
3.784356436010158429e-04
3.767181328791754978e-04
3.749991309410918372e-04
3.732792986713033079e-04
3.715592698874872887e-04
3.698396519421185162e-04
3.681210263246994271e-04
3.664039492647195727e-04
3.646889523353313107e-04
3.629765430576031610e-04
3.612672055050740265e-04
3.595614009082355868e-04
3.578595682585025131e-04
3.561621249111301415e-04
3.544694671865154909e-04
3.527819709692619522e-04
3.510999923043524643e-04
3.494238679897774570e-04
3.477539161649409113e-04
3.460904368941522188e-04
3.444337127445570054e-04
3.427840093578336843e-04
3.411415760150252746e-04
3.395066461938849663e-04
3.378794381181579858e-04
3.362601552982294180e-04
3.346489870626324198e-04
3.330461090799099631e-04
3.314516838703995675e-04
3.298658613075178617e-04
3.282887791081733606e-04
3.267205633119851815e-04
3.251613287489985363e-04
3.236111794956554968e-04
3.220702093188061417e-04
3.205385021075751761e-04
3.190161322929635675e-04
3.175031652550714669e-04
3.159996577179012144e-04
3.145056581317087698e-04
3.130212070429216225e-04
3.115463374516844902e-04
3.100810751571005152e-04
3.086254390902959496e-04
3.071794416354434198e-04
3.057430889389129054e-04
3.043163812067306291e-04
3.028993129905624784e-04
3.014918734624378802e-04
3.000940466784563919e-04
2.987058118317296291e-04
2.973271434948211223e-04
2.959580118519677863e-04
2.945983829213637533e-04
2.932482187678148123e-04
2.919074777060663229e-04
2.905761144951280774e-04
2.892540805239268470e-04
2.879413239886223887e-04
2.866377900619375440e-04
2.853434210548595664e-04
2.840581565710783240e-04
2.827819336545391135e-04
2.815146869304914544e-04
2.802563487404327396e-04
2.790068492713502308e-04
2.777661166796743688e-04
2.765340772103732866e-04
2.753106553116303908e-04
2.740957737455460117e-04
2.728893536953378926e-04
2.716913148695156177e-04
2.705015756035243483e-04
2.693200529593667400e-04
2.681466628237263831e-04
2.669813200051393684e-04
2.658239383307755936e-04
2.646744307433854118e-04
2.635327093990286391e-04
2.623986857661653204e-04
2.612722707267341096e-04
2.601533746798279632e-04
2.590419076486107325e-04
2.579377793910778475e-04
2.568408995152782768e-04
2.557511775995977054e-04
2.546685233186603736e-04
2.535928465753627841e-04
2.525240576395154039e-04
2.514620672934544856e-04
2.504067869849104541e-04
2.493581289872805261e-04
2.483160065672998713e-04
2.472803341599069974e-04
2.462510275498709243e-04
2.452280040594843067e-04
2.442111827412960369e-04
2.432004845745076383e-04
2.421958326632316126e-04
2.411971524343628091e-04
2.402043718323163945e-04
2.392174215073424948e-04
2.382362349935916843e-04
2.372607488725576765e-04
2.362909029170086599e-04
2.353266402100857131e-04
2.343679072339154891e-04
2.334146539219492621e-04
2.324668336693040476e-04
2.315244032957881372e-04
2.305873229569915599e-04
2.296555559999922448e-04
2.287290687617928617e-04
2.278078303106077676e-04
2.268918121325778556e-04
2.259809877692406431e-04
2.250753324141082929e-04
2.241748224797701888e-04
2.232794351499048802e-04
2.223891479331499977e-04
2.215039382377667317e-04
2.206237829871142506e-04
2.197486582958659495e-04
2.188785392255192849e-04
2.180133996347638405e-04
2.171532121357982797e-04
2.162979481616545026e-04
2.154475781423650493e-04
2.146020717798201142e-04
2.137613984030959432e-04
2.129255273787857548e-04
2.120944285453421629e-04
2.112680726375799759e-04
2.104464316678858547e-04
2.096294792345518309e-04
2.088171907346403789e-04
2.080095434680727026e-04
2.072065166298927912e-04
2.064080911975615126e-04
2.056142497283417522e-04
2.048249760875401834e-04
2.040402551311151867e-04
2.032600723661360078e-04
2.024844136103057626e-04
2.017132646680242435e-04
2.009466110360871491e-04
2.001844376478319079e-04
1.994267286609321000e-04
1.986734672913972139e-04
1.979246356947204531e-04
1.971802148951277674e-04
1.964401847648787267e-04
1.957045240566516390e-04
1.949732104948950925e-04
1.942462209351137877e-04
1.935235316035906260e-04
1.928051184337808705e-04
1.920909575193626665e-04
1.913810257071684253e-04
1.906753013552900194e-04
1.899737652814309909e-04
1.892764019224278161e-04
1.885832007154373603e-04
1.878941576918199160e-04
1.872092772430782428e-04
1.865285739721840314e-04
1.858520744835629216e-04
1.851798188965909149e-04
1.845118618043646022e-04
1.838482723646448001e-04
1.831891332319248117e-04
1.825345381429421116e-04
1.818845881567885943e-04
1.812393867953002201e-04
1.805990345662084398e-04
1.799636235044800320e-04
1.793332323816227867e-04
1.787079231020293943e-04
1.780877385745440844e-04
1.774727020896216809e-04
1.768628180165729782e-04
1.762580735018536840e-04
1.756584408042695009e-04
1.750638799277294631e-04
1.744743412780969387e-04
1.738897681510459059e-04
1.733100989339991284e-04
1.727352689673974321e-04
1.721652120557623023e-04
1.715998616484157118e-04
1.710391517264019503e-04
1.704830174394618219e-04
1.699313955380139460e-04
1.693842246423256186e-04
1.688414453863105742e-04
1.683030004677816475e-04
1.677688346313541254e-04
1.672388946049339421e-04
1.667131290061154973e-04
1.661914882308823400e-04
1.656739243337930435e-04
1.651603909062311019e-04
1.646508429572855889e-04
1.641452368002663069e-04
1.636435299466840480e-04
1.631456810086790929e-04
1.626516496102524292e-04
1.621613963072353684e-04
1.616748825156492876e-04
1.611920704479342134e-04
1.607129230564123675e-04
1.602374039833282394e-04
1.597654775167929250e-04
1.592971085519770619e-04
1.588322625569444475e-04
1.583709055425572428e-04
1.579130040359396638e-04
1.574585250570362564e-04
1.570074360978529482e-04
1.565597051040180227e-04
1.561153004583443399e-04
1.556741909661155750e-04
1.552363458418546955e-04
1.548017346973674620e-04
1.543703275308816220e-04
1.539420947171257553e-04
1.535170069982242258e-04
1.530950354752835558e-04
1.526761516005834863e-04
1.522603271702910853e-04
1.518475343176223040e-04
1.514377455063974261e-04
1.510309335249387160e-04
1.506270714802690166e-04
1.502261327925707979e-04
1.498280911898852491e-04
1.494329207030133024e-04
1.490405956606037912e-04
1.486510906844109052e-04
1.482643806846994775e-04
1.478804408557907299e-04
1.474992466717328361e-04
1.471207738820876586e-04
1.467449985078264738e-04
1.463718968373238180e-04
1.460014454224472580e-04
1.456336210747344133e-04
1.452684008616558461e-04
1.449057621029551746e-04
1.445456823670664625e-04
1.441881394676020273e-04
1.438331114599126191e-04
1.434805766377139798e-04
1.431305135297752831e-04
1.427829008966726538e-04
1.424377177276029685e-04
1.420949432372541706e-04
1.417545568627334002e-04
1.414165382605511777e-04
1.410808673036587936e-04
1.407475240785369824e-04
1.404164888823363660e-04
1.400877422200677168e-04
1.397612648018400341e-04
1.394370375401468673e-04
1.391150415471985281e-04
1.387952581322989172e-04
1.384776687992675360e-04
1.381622552439041608e-04
1.378489993514938499e-04
1.375378831943578661e-04
1.372288890294397006e-04
1.369219992959347365e-04
1.366171966129559609e-04
1.363144637772390345e-04
1.360137837608846030e-04
1.357151397091345445e-04
1.354185149381866785e-04
1.351238929330447118e-04
1.348312573453971594e-04
1.345405919915362185e-04
1.342518808503040189e-04
1.339651080610765755e-04
1.336802579217724889e-04
1.333973148868992670e-04
1.331162635656237979e-04
1.328370887198761338e-04
1.325597752624820349e-04
1.322843082553221291e-04
1.320106729075214299e-04
1.317388545736638454e-04
1.314688387520357980e-04
1.312006110828927200e-04
1.309341573467561522e-04
1.306694634627331760e-04
1.304065154868608095e-04
1.301452996104741206e-04
1.298858021586023941e-04
1.296280095883822119e-04
1.293719084874996711e-04
1.291174855726514681e-04
1.288647276880312701e-04
1.286136218038340861e-04
1.283641550147850857e-04
1.281163145386891530e-04
1.278700877149988187e-04
1.276254620034051495e-04
1.273824249824476651e-04
1.271409643481439611e-04
1.269010679126371399e-04
1.266627236028642473e-04
1.264259194592428975e-04
1.261906436343742418e-04
1.259568843917662395e-04
1.257246301045731099e-04
1.254938692543537855e-04
1.252645904298444867e-04
1.250367823257508663e-04
1.248104337415550079e-04
1.245855335803394454e-04
1.243620708476270403e-04
1.241400346502355759e-04
1.239194141951487234e-04
1.237001987884017804e-04
1.234823778339836178e-04
1.232659408327505804e-04
1.230508773813562709e-04
1.228371771711958354e-04
1.226248299873641801e-04
1.224138257076273350e-04
1.222041543014079385e-04
1.219958058287824997e-04
1.217887704394954925e-04
1.215830383719810394e-04
1.213785999524013328e-04
1.211754455936952607e-04
1.209735657946419952e-04
1.207729511389332000e-04
1.205735922942600507e-04
1.203754800114092814e-04
1.203754800113465467e-04
