8.731994619355671488e-05
8.731509076635362101e-05
8.730988571634278506e-05
8.730466966570119068e-05
8.729942161571768581e-05
8.729412991736471624e-05
8.728879014522191110e-05
8.728340221366386173e-05
8.727796832745727857e-05
8.727249288746135529e-05
8.726697989472566492e-05
8.726143399518025115e-05
8.725585966052968256e-05
8.725026171762219015e-05
8.724464372840939734e-05
8.723900978111899887e-05
8.723336231524578147e-05
8.722770451312234353e-05
8.722203956355433635e-05
8.721636926246613105e-05
8.721069536038286751e-05
8.720501999106055398e-05
8.719934501639104319e-05
8.719367152828042813e-05
8.718800140370764132e-05
8.718233561315928617e-05
8.717667473291837541e-05
8.717101961815209665e-05
8.716537148919912647e-05
8.715973145052126954e-05
8.715409973293116862e-05
8.714847729713829521e-05
8.714286482156043405e-05
8.713726237322690722e-05
8.713167078839825959e-05
8.712609084074286552e-05
8.712052322968607881e-05
8.711496781973561475e-05
8.710942449017630858e-05
8.710389418366645169e-05
8.709837763274724191e-05
8.709287462686995127e-05
8.708738584808953752e-05
8.708191247765027137e-05
8.707645106672663130e-05
8.707106517225875078e-05
8.706668545050537942e-05
8.731269627796931572e-05
8.790550333904917119e-05
8.866675465159011376e-05
8.952373320219539918e-05
9.043657417099160796e-05
9.138466513408289335e-05
9.236428931127588964e-05
9.338484316429332096e-05
9.446568866882107732e-05
9.563466769788842004e-05
9.692853466742585688e-05
9.839556201532022360e-05
1.001007264457927148e-04
1.021351276204402679e-04
1.046323513129462061e-04
1.077970123034688565e-04
1.119568356494860878e-04
1.176574042243681454e-04
1.258252204859276204e-04
1.379829772846544688e-04
1.562362516643674322e-04
1.822099025626368687e-04
2.150190095279866040e-04
2.513937633642068445e-04
2.881653637949574864e-04
3.232947995265700704e-04
3.555191542793741024e-04
3.840843890791496265e-04
4.086969156215586665e-04
4.294619950446645169e-04
4.467532718675852848e-04
4.610683441815621275e-04
4.729196423458216915e-04
4.827726973400340432e-04
4.910214452682359247e-04
4.979855285751443169e-04
5.039179767198489817e-04
5.090163333534597923e-04
5.134337765921691407e-04
5.172888283863886442e-04
5.206732897961271252e-04
5.236584977172725405e-04
5.263001601206108342e-04
5.286420520225911619e-04
5.307188252794681465e-04
5.325581403762870165e-04
5.341822840135677800e-04
5.356093982960851742e-04
5.368544168719204673e-04
5.379297798002955497e-04
5.388459810356466349e-04
5.396119889753376664e-04
5.402355704721984722e-04
5.407235412153408877e-04
5.410819597834775263e-04
5.413162784850926446e-04
5.414314609556413740e-04
5.414320741146638446e-04
5.413223602971722025e-04
5.411062940176685756e-04
5.407876267936515251e-04
5.403699226684024722e-04
5.398565864705153969e-04
5.392508863856662702e-04
5.385559720608486126e-04
5.377748891877746039e-04
5.369105913010748703e-04
5.359659493639595254e-04
5.349437595879873077e-04
5.338467498361106674e-04
5.326775848827071088e-04
5.314388707458275090e-04
5.301331582616476169e-04
5.287629460359686423e-04
5.273306828803769278e-04
5.258387698195489705e-04
5.242895617396994010e-04
5.226853687353971972e-04
5.210284572019237672e-04
5.193210507125060231e-04
5.175653307135519169e-04
5.157634370660940659e-04
5.139174684576782674e-04
5.120294827057789936e-04
5.101014969711497801e-04
5.081354878973837891e-04
5.061333916910821032e-04
5.040971041554779793e-04
5.020284806889701397e-04
4.999293362588133052e-04
4.978014453591270453e-04
4.956465419613865532e-04
4.934663194646803173e-04
4.912624306521543591e-04
4.890364876593253406e-04
4.867900619592047140e-04
4.845246843685233973e-04
4.822418450787072683e-04
4.799429937146858617e-04
4.776295394240694624e-04
4.753028509987138094e-04
4.729642570302452663e-04
4.706150461006721819e-04
4.682564670088041974e-04
4.658897290328551191e-04
4.635160022292539707e-04
4.611364177673888363e-04
4.587520682997427482e-04
4.563640083666280927e-04
4.539732548345178391e-04
4.515807873667640015e-04
4.491875489253481361e-04
4.467944463021422479e-04
4.444023506780699615e-04
4.420120982084192979e-04
4.396244906325095050e-04
4.372402959058394175e-04
4.348602488527952164e-04
4.324850518379848362e-04
4.301153754542307592e-04
4.277518592252664347e-04
4.253951123211860050e-04
4.230457142847301446e-04
4.207042157665032318e-04
4.183711392672866776e-04
4.160469798856334029e-04
4.137322060690068991e-04
4.114272603667777964e-04
4.091325601834724024e-04
4.068484985307175943e-04
4.045754447764260387e-04
4.023137453898140083e-04
4.000637246809662039e-04
3.978256855336948406e-04
3.955999101305583254e-04
3.933866606689679561e-04
3.911861800673944989e-04
3.889986926607736728e-04
3.868244048842753801e-04
3.846635059446882037e-04
3.825161684787369920e-04
3.803825491977202511e-04
3.782627895179398810e-04
3.761570161764434417e-04
3.740653418316918898e-04
3.719878656488088205e-04
3.699246738691742108e-04
3.678758403641598624e-04
3.658414271728942756e-04
3.638214850240014428e-04
3.618160538413074906e-04
3.598251632335813062e-04
3.578488329683956679e-04
3.558870734302416942e-04
3.539398860630712769e-04
3.520072637974570699e-04
3.500891914625938687e-04
3.481856461833872764e-04
3.462965977628935520e-04
3.444220090504123734e-04
3.425618362955364722e-04
3.407160294885009646e-04
3.388845326871823042e-04
3.370672843311302855e-04
3.352642175430188575e-04
3.334752604179406447e-04
3.317003363009642211e-04
3.299393640534050028e-04
3.281922583082723323e-04
3.264589297153601020e-04
3.247392851764853406e-04
3.230332280713564194e-04
3.213406584746045236e-04
3.196614733644934916e-04
3.179955668238575520e-04
3.163428302338119305e-04
3.147031524608110103e-04
3.130764200376226535e-04
3.114625173388244289e-04
3.098613267514089501e-04
3.082727288411275931e-04
3.066966025151947653e-04
3.051328251819953848e-04
3.035812729084389362e-04
3.020418205756244482e-04
3.005143420334690824e-04
2.989987102549719958e-04
2.974947974907746792e-04
2.960024754246616779e-04
2.945216153306586676e-04
2.930520882323324906e-04
2.915937650648863736e-04
2.901465168405850019e-04
2.887102148180057965e-04
2.872847306755108281e-04
2.858699366892646283e-04
2.844657059159880663e-04
2.830719123805113392e-04
2.816884312680042633e-04
2.803151391205641377e-04
2.789519140376009172e-04
2.775986358791797089e-04
2.762551864711691165e-04
2.749214498106712602e-04
2.735973122698209933e-04
2.722826627956037669e-04
2.709773931028744073e-04
2.696813978572854963e-04
2.683945748443438166e-04
2.671168251203600262e-04
2.658480531406590347e-04
2.645881668600964950e-04
2.633370778007593140e-04
2.620947010817268946e-04
2.608609554060289958e-04
2.596357630004632972e-04
2.584190495048006159e-04
2.572107438081579277e-04
2.560107778319086749e-04
2.548190862605152112e-04
2.536356062239536252e-04
2.524602769379713941e-04
2.512930393111121262e-04
2.501338355300994657e-04
2.489826086376757631e-04
2.478393021190437276e-04
2.467038595145277201e-04
2.455762240766779024e-04
2.444563384896212524e-04
2.433441446668307810e-04
2.422395836405029747e-04
2.411425955514380156e-04
2.400531197427348252e-04
2.389710949540395173e-04
2.378964596059173712e-04
2.368291521567723488e-04
2.357691115083573560e-04
2.347162774311132053e-04
2.336705909780886813e-04
2.326319948566061288e-04
2.316004337302485130e-04
2.305758544299738293e-04
2.295582060614146356e-04
2.285474400046989688e-04
2.275435098121501778e-04
2.265463710169666567e-04
2.255559808715254728e-04
2.245722980369719234e-04
2.235952822462346744e-04
2.226248939609802352e-04
2.216610940398858274e-04
2.207038434317614621e-04
2.197531029030721258e-04
2.188088328059205757e-04
2.178709928898620973e-04
2.169395421590984902e-04
2.160144387758254831e-04
2.150956400122504178e-04
2.141831022535982268e-04
2.132767810567411841e-04
2.123766312720721736e-04
2.114826072393272138e-04
2.105946630715744639e-04
2.097127530452386071e-04
2.088368321175069022e-04
2.079668565953066975e-04
2.071027849814289492e-04
2.062445790220767447e-04
2.053922049743571909e-04
2.045456350995466166e-04
2.037048493654213389e-04
2.028698373055856229e-04
2.020405999338414124e-04
2.012171515485327916e-04
2.003995211926361448e-04
1.995877534756023710e-04
1.987819084367520447e-04
1.979820601659842310e-04
1.971882940176585778e-04
1.964007024571993185e-04
1.956193798321658134e-04
1.948444165932993063e-04
1.940758936309071076e-04
1.933138773873837723e-04
1.925584162574682544e-04
1.918095385437413463e-04
1.910672519713043683e-04
1.903315445505422904e-04
1.896023864482259097e-04
1.888797324884539032e-04
1.881635249355011891e-04
1.874536962810474628e-04
1.867501718416183674e-04
1.860528720500878488e-04
1.853617143882547861e-04
1.846766149531790552e-04
1.839974896795325255e-04
1.833242552567950390e-04
1.826568297872904008e-04
1.819951332318719408e-04
1.813390876870754078e-04
1.806886175325151701e-04
1.800436494814617596e-04
1.794041125616921775e-04
1.787699380482613910e-04
1.781410593650681058e-04
1.775174119680278623e-04
1.768989332193551583e-04
1.762855622597590257e-04
1.756772398832882334e-04
1.750739084179284003e-04
1.744755116138624665e-04
1.738819945404112047e-04
1.732933034920367140e-04
1.727093859033406982e-04
1.721301902727132417e-04
1.715556660940893024e-04
1.709857637961718891e-04
1.704204346884485508e-04
1.698596309132988601e-04
1.693033054035306053e-04
1.687514118447152570e-04
1.682039046417420662e-04
1.676607388890573921e-04
1.671218703441157351e-04
1.665872554036211810e-04
1.660568510821833633e-04
1.655306149930575331e-04
1.650085053306942168e-04
1.644904808548371686e-04
1.639765008759682275e-04
1.634665252419035696e-04
1.629605143253932270e-04
1.624584290125813553e-04
1.619602306922188553e-04
1.614658812455208785e-04
1.609753430365939454e-04
1.604885789033551292e-04
1.600055521488859495e-04
1.595262265331701557e-04
1.590505662651663121e-04
1.585785359951864522e-04
1.581101008075393340e-04
1.576452262134222474e-04
1.571838781440300966e-04
1.567260229438644902e-04
1.562716273642293684e-04
1.558206585568957928e-04
1.553730840679227261e-04
1.549288718316280816e-04
1.544879901646976840e-04
1.540504077604210812e-04
1.536160936830544249e-04
1.531850173622991979e-04
1.527571485878945125e-04
1.523324575043173397e-04
1.519109146055803452e-04
1.514924907301381444e-04
1.510771570558821109e-04
1.506648850952330870e-04
1.502556466903232980e-04
1.498494140082611535e-04
1.494461595364901031e-04
1.490458560782224916e-04
1.486484767479572509e-04
1.482539949670769002e-04
1.478623844595208477e-04
1.474736192475343698e-04
1.470876736474880622e-04
1.467045222657747049e-04
1.463241399947708794e-04
1.459465020088699272e-04
1.455715837605806387e-04
1.451993609766948144e-04
1.448298096545147572e-04
1.444629060581469266e-04
1.440986267148562281e-04
1.437369484114809086e-04
1.433778481909093333e-04
1.430213033486092916e-04
1.426672914292177209e-04
1.423157902231873232e-04
1.419667777634868770e-04
1.416202323223524529e-04
1.412761324080961185e-04
1.409344567619619422e-04
1.405951843550348236e-04
1.402582943851986297e-04
1.399237662741410857e-04
1.395915796644104918e-04
1.392617144165143438e-04
1.389341506060668785e-04
1.386088685209800413e-04
1.382858486587014814e-04
1.379650717234923098e-04
1.376465186237478457e-04
1.373301704693636021e-04
1.370160085691371845e-04
1.367040144282143175e-04
1.363941697455723842e-04
1.360864564115435394e-04
1.357808565053744958e-04
1.354773522928244469e-04
1.351759262238009368e-04
1.348765609300290160e-04
1.345792392227575295e-04
1.342839440905000195e-04
1.339906586968078826e-04
1.336993663780795490e-04
1.334100506414015387e-04
1.331226951624189250e-04
1.328372837832419843e-04
1.325538005103826344e-04
1.322722295127176520e-04
1.319925551194877505e-04
1.317147618183226788e-04
1.314388342532948884e-04
1.311647572230026371e-04
1.308925156786822845e-04
1.306220947223468525e-04
1.303534796049508773e-04
1.300866557245837225e-04
1.298216086246862285e-04
1.295583239922962302e-04
1.292967876563163806e-04
1.290369855858089997e-04
1.287789038883146119e-04
1.285225288081938758e-04
1.282678467249924448e-04
1.280148441518317399e-04
1.277635077338198076e-04
1.275138242464859484e-04
1.272657805942349976e-04
1.270193638088289807e-04
1.267745610478824040e-04
1.265313595933852456e-04
1.262897468502418576e-04
1.260497103448331244e-04
1.258112377235961305e-04
1.255743167516270035e-04
1.253389353112978788e-04
1.251050814008993698e-04
1.248727431332945855e-04
1.246419087345974333e-04
1.244125665428658036e-04
1.241847050068134017e-04
1.239583126845398219e-04
1.237333782422767763e-04
1.235098904531504776e-04
1.232878381959658424e-04
1.230672104539985809e-04
1.228479963138100293e-04
1.226301849640779452e-04
1.226301849640089900e-04
