8.731994596399122988e-05
8.731509104795349193e-05
8.730988698604884573e-05
8.730467151588687188e-05
8.729942397080706236e-05
8.729413278680543101e-05
8.728879357164829006e-05
8.728340617724591490e-05
8.727797294223485990e-05
8.727249758688700480e-05
8.726698491297137160e-05
8.726143981542004908e-05
8.725586578369319579e-05
8.725026602488416183e-05
8.724464611583133608e-05
8.723901210585623047e-05
8.723340682160195573e-05
8.722734359678902493e-05
8.722856552920172778e-05
8.759144704231322412e-05
8.836438310779549726e-05
8.939445687849341686e-05
9.050613793160624469e-05
9.167658501946842351e-05
9.290433932808084207e-05
9.420636331169223961e-05
9.561883609596502317e-05
9.719709870342342997e-05
9.902028610772817740e-05
1.012033908301873187e-04
1.039212181553314832e-04
1.074546302683829398e-04
1.122820931776132014e-04
1.192621449267643532e-04
1.299681240539934501e-04
1.470626644751925295e-04
1.736302277439969767e-04
2.098657334977946723e-04
2.514549884965085733e-04
2.937307829749127917e-04
3.339795357887738979e-04
3.706603714761202962e-04
4.028584036095156796e-04
4.302415988344855148e-04
4.530028187655151689e-04
4.716765002751025686e-04
4.869329714518507986e-04
4.994322058073161338e-04
5.097501810403299747e-04
5.183567090375105438e-04
5.256203963823378403e-04
5.318242154561531043e-04
5.371829869902410362e-04
5.418590806662285835e-04
5.459752279570712725e-04
5.496244818744469964e-04
5.528777589280239532e-04
5.557894744485901168e-04
5.584017233394160699e-04
5.607473750543623533e-04
5.628523676613481682e-04
5.647374089030956796e-04
5.664192447316377050e-04
5.679116038833162275e-04
5.692259095056315327e-04
5.703718114171277883e-04
5.713575895098802404e-04
5.721904604231817671e-04
5.728768087879175476e-04
5.734223655119917397e-04
5.738323406913590531e-04
5.741115310141990625e-04
5.742644016539203040e-04
5.742951444352199179e-04
5.742077225429388643e-04
5.740059188159456812e-04
5.736933615601610536e-04
5.732735414590291005e-04
5.727498348607114884e-04
5.721255175940882917e-04
5.714037779482835418e-04
5.705877257583722405e-04
5.696803995621452319e-04
5.686847729374354832e-04
5.676037596870299375e-04
5.664402180391980022e-04
5.651969540750948753e-04
5.638767245621198769e-04
5.624822392777811819e-04
5.610161628746424944e-04
5.594811163847378038e-04
5.578796784217129618e-04
5.562143860979195569e-04
5.544877356994695446e-04
5.527021831808052359e-04
5.508601445277300831e-04
5.489639959818526241e-04
5.470160741171427570e-04
5.450186758008246759e-04
5.429740580700986386e-04
5.408844379425141154e-04
5.387519921730068041e-04
5.365788569696953048e-04
5.343671276799856181e-04
5.321188584578072714e-04
5.298360619218775653e-04
5.275207088140190532e-04
5.251747276656497376e-04
5.228000044796994030e-04
5.203983824343897530e-04
5.179716616145590286e-04
5.155215987754410267e-04
5.130499071431264720e-04
5.105582562552630349e-04
5.080482718449155950e-04
5.055215357699275420e-04
5.029795859895776862e-04
5.004239165897825378e-04
4.978559778576594928e-04
4.952771764057973267e-04
4.926888753461989776e-04
4.900923945134736705e-04
4.874890107365494204e-04
4.848799581578692531e-04
4.822664285987619706e-04
4.796495719694671925e-04
4.770304967220646082e-04
4.744102703444190309e-04
4.717899198930670121e-04
4.691704325628588321e-04
4.665527562911143847e-04
4.639378003939040275e-04
4.613264362320595026e-04
4.587194979044647929e-04
4.561177829661703298e-04
4.535220531688594916e-04
4.509330352212040870e-04
4.483514215666894792e-04
4.457778711765162456e-04
4.432130103552245175e-04
4.406574335567682923e-04
4.381117042088062113e-04
4.355763555430785584e-04
4.330518914297814973e-04
4.305387872139870885e-04
4.280374905521870145e-04
4.255484222471844682e-04
4.230719770796291350e-04
4.206085246345735184e-04
4.181584101215701310e-04
4.157219551868853976e-04
4.132994587165324794e-04
4.108911976289180931e-04
4.084974276559840464e-04
4.061183841118417431e-04
4.037542826479781398e-04
4.014053199941994558e-04
3.990716746845929448e-04
3.967535077678368519e-04
3.944509635013112529e-04
3.921641700285094143e-04
3.898932400393525870e-04
3.876382714130702321e-04
3.853993478433736532e-04
3.831765394457401310e-04
3.809699033466620584e-04
3.787794842547841535e-04
3.766053150139187216e-04
3.744474171379639019e-04
3.723058013278153218e-04
3.701804679703920480e-04
3.680714076199510646e-04
3.659786014619066858e-04
3.639020217594037270e-04
3.618416322829261646e-04
3.597973887232636179e-04
3.577692390881842782e-04
3.557571240831933213e-04
3.537609774767878261e-04
3.517807264506390605e-04
3.498162919351630821e-04
3.478675889309699315e-04
3.459345268166996376e-04
3.440170096437883277e-04
3.421149364187224822e-04
3.402282013733767233e-04
3.383566942240575780e-04
3.365003004199023273e-04
3.346589013813205970e-04
3.328323747291975156e-04
3.310205945056164060e-04
3.292234313869158422e-04
3.274407528899226294e-04
3.256724235722716532e-04
3.239183052277676191e-04
3.221782570778190520e-04
3.204521359600256145e-04
3.187397965150713056e-04
3.170410913731706967e-04
3.153558713413469675e-04
3.136839855929479518e-04
3.120252818608369792e-04
3.103796066357976976e-04
3.087468053717518069e-04
3.071267226994378510e-04
3.055192026502663322e-04
3.039240888920700413e-04
3.023412249784791219e-04
3.007704546136006252e-04
2.992116219336006131e-04
2.976645718066260843e-04
2.961291501522640593e-04
2.946052042813930463e-04
2.930925832568299374e-04
2.915911382745312638e-04
2.901007230643565487e-04
2.886211943083712866e-04
2.871524120734945669e-04
2.856942402538596867e-04
2.842465470165941735e-04
2.828092052429236449e-04
2.813820929545023824e-04
2.799650937129196065e-04
2.785580969784067352e-04
2.771609984122388797e-04
2.757737001062294906e-04
2.743961107225048341e-04
2.730281455275485373e-04
2.716697263066359183e-04
2.703207811483971062e-04
2.689812440943995376e-04
2.676510546552493368e-04
2.663301572024443192e-04
2.650185002536142517e-04
2.637160356771274788e-04
2.624227178495710210e-04
2.611385028053686899e-04
2.598633474210384326e-04
2.585972086765431178e-04
2.573400430325374936e-04
2.560918059548721341e-04
2.548524516069678239e-04
2.536219327173384669e-04
2.524002006149092428e-04
2.511872054104003784e-04
2.499828962896517566e-04
2.487872218759584037e-04
2.476001306145251104e-04
2.464215711335740054e-04
2.452514925432123659e-04
2.440898446437823389e-04
2.429365780283683268e-04
2.417916440774193988e-04
2.406549948551564024e-04
2.395265829262261119e-04
2.384063611161698520e-04
2.372942822407577378e-04
2.361902988276150240e-04
2.350943628498459363e-04
2.340064254865098037e-04
2.329264369197856692e-04
2.318543461742315665e-04
2.307901010000842229e-04
2.297336478003299568e-04
2.286849316001298511e-04
2.276438960575007976e-04
2.266104835156956354e-04
2.255846350988028129e-04
2.245662908549043611e-04
2.235553899541441810e-04
2.225518709523109271e-04
2.215556721340639166e-04
2.205667319534547173e-04
2.195849895927193913e-04
2.186103856629368302e-04
2.176428630713825242e-04
2.166823680790840002e-04
2.157288515666042788e-04
2.147822705141993972e-04
2.138425896816062823e-04
2.129097834401246815e-04
2.119838376636894227e-04
2.110647515273164632e-04
2.101525389966568940e-04
2.092472297347347597e-04
2.083488691226677877e-04
2.074575171161522561e-04
2.065732457603550621e-04
2.056961353651604366e-04
2.048262695733632185e-04
2.039637297793459882e-04
2.031085895066278059e-04
2.022609093785495186e-04
2.014207332074823649e-04
2.005880855199227927e-04
1.997629705913474762e-04
1.989453728496983680e-04
1.981352583617634877e-04
1.973325770543934326e-04
1.965372653300459852e-04
1.957492487892784029e-04
1.949684448462752750e-04
1.941947650980757059e-04
1.934281173724312105e-04
1.926684074284149321e-04
1.919155403178578602e-04
1.911694214365593279e-04
1.904299573050294259e-04
1.896970561222047398e-04
1.889706281346765441e-04
1.882505858603607349e-04
1.875368442005953356e-04
1.868293204692988128e-04
1.861279343625928465e-04
1.854326078875602175e-04
1.847432652646534940e-04
1.840598328147721762e-04
1.833822388391734553e-04
1.827104134980823090e-04
1.820442886920539531e-04
1.813837979487752192e-04
1.807288763169401637e-04
1.800794602680696511e-04
1.794354876066062208e-04
1.787968973882163087e-04
1.781636298459867622e-04
1.775356263240417706e-04
1.769128292180016800e-04
1.762951819216805518e-04
1.756826287794044416e-04
1.750751150433517845e-04
1.744725868353477099e-04
1.738749911125964760e-04
1.732822756368757901e-04
1.726943889467575971e-04
1.721112803324797698e-04
1.715328998131311882e-04
1.709591981158480956e-04
1.703901266567645848e-04
1.698256375234833803e-04
1.692656834588702954e-04
1.687102178459877792e-04
1.681591946940180424e-04
1.676125686250378778e-04
1.670702948615319851e-04
1.665323292145531311e-04
1.659986280724486693e-04
1.654691483900920545e-04
1.649438476785690443e-04
1.644226839952680097e-04
1.639056159343435374e-04
1.633926026175203344e-04
1.628836036851968080e-04
1.623785792878319734e-04
1.618774900775888845e-04
1.613802972002108965e-04
1.608869622871121944e-04
1.603974474476697659e-04
1.599117152617011528e-04
1.594297287721139936e-04
1.589514514777198503e-04
1.584768473262068982e-04
1.580058807072534524e-04
1.575385164457878090e-04
1.570747197953810891e-04
1.566144564317711917e-04
1.561576924465098561e-04
1.557043943407350321e-04
1.552545290190573350e-04
1.548080637835633775e-04
1.543649663279280640e-04
1.539252047316354950e-04
1.534887474543074782e-04
1.530555633301284527e-04
1.526256215623767733e-04
1.521988917180520278e-04
1.517753437225951348e-04
1.513549478547031204e-04
1.509376747412360237e-04
1.505234953522120570e-04
1.501123809958880388e-04
1.497043033139279446e-04
1.492992342766539659e-04
1.488971461783779630e-04
1.484980116328128230e-04
1.481018035685656485e-04
1.477084952247007953e-04
1.473180601463858522e-04
1.469304721806051126e-04
1.465457054719464453e-04
1.461637344584623807e-04
1.457845338675952177e-04
1.454080787121729025e-04
1.450343442864709086e-04
1.446633061623396285e-04
1.442949401853928888e-04
1.439292224712638473e-04
1.435661294019182450e-04
1.432056376220302435e-04
1.428477240354135023e-04
1.424923658015163060e-04
1.421395403319695452e-04
1.417892252871879601e-04
1.414413985730339420e-04
1.410960383375240790e-04
1.407531229675989387e-04
1.404126310859378447e-04
1.400745415478243125e-04
1.397388334380646386e-04
1.394054860679533813e-04
1.390744789722866547e-04
1.387457919064205255e-04
1.384194048433786057e-04
1.380952979710026337e-04
1.377734516891504350e-04
1.374538466069312340e-04
1.371364635399911910e-04
1.368212835078358837e-04
1.365082877311948287e-04
1.361974576294281509e-04
1.358887748179714446e-04
1.355822211058207495e-04
1.352777784930539288e-04
1.349754291683929498e-04
1.346751555067983365e-04
1.343769400671056366e-04
1.340807655896924893e-04
1.337866149941842905e-04
1.334944713771905151e-04
1.332043180100801229e-04
1.329161383367850197e-04
1.326299159716391610e-04
1.323456346972489079e-04
1.320632784623944182e-04
1.317828313799636992e-04
1.315042777249130336e-04
1.312276019322629675e-04
1.309527885951193159e-04
1.306798224627258003e-04
1.304086884385417312e-04
1.301393715783523246e-04
1.298718570884016250e-04
1.296061303235563548e-04
1.293421767854933176e-04
1.290799821209151271e-04
1.288195321197896793e-04
1.285608127136162425e-04
1.283038099737167544e-04
1.280485101095491017e-04
1.277948994670466919e-04
1.275429645269812533e-04
1.272926919033461274e-04
1.270440683417683461e-04
1.267970807179370535e-04
1.265517160360559704e-04
1.263079614273194932e-04
1.260658041484079034e-04
1.258252315800038532e-04
1.255862312253320265e-04
1.253487907087147651e-04
1.251128977741514656e-04
1.248785402839159198e-04
1.246457062171729539e-04
1.244143836686156682e-04
1.241845608471192370e-04
1.239562260744158241e-04
1.237293677837842157e-04
1.235039745187591596e-04
1.232800349318613844e-04
1.230575377833389495e-04
1.228364719399299807e-04
1.226168263736407741e-04
1.223985901605411123e-04
1.221817524795735122e-04
1.219663026113814461e-04
1.217522299371527421e-04
1.215395239374763203e-04
1.213281741912180644e-04
1.211181703744066145e-04
1.209095022591383906e-04
1.207021597124961824e-04
1.204961326954812100e-04
1.202914112619578969e-04
1.200879855576170749e-04
1.198858458189484312e-04
1.196849823722287177e-04
1.194853856325225362e-04
1.192870461026961624e-04
1.190899543724470081e-04
1.188941011173383155e-04
1.186994770978559558e-04
1.185060731584718004e-04
1.183138802267194248e-04
1.181228893122832568e-04
1.179330915060994479e-04
1.177444779794673018e-04
1.175570399831733065e-04
1.173707688466266733e-04
1.171856559770027758e-04
1.170016928584022840e-04
1.170016928583440352e-04
