8.731994593131738795e-05
8.731509095729598927e-05
8.730988682556532147e-05
8.730467127912704139e-05
8.729942365803337032e-05
8.729413240162737619e-05
8.728879311615792187e-05
8.728340565912182417e-05
8.727797236943080799e-05
8.727249696612749818e-05
8.726698424529255517e-05
8.726143910317236475e-05
8.725586503766148716e-05
8.725026525365319591e-05
8.724464528206296544e-05
8.723901117840799453e-05
8.723340556199647158e-05
8.722734866696469529e-05
8.722845314178143475e-05
8.758495360676051239e-05
8.832589316319088718e-05
8.925961258631611242e-05
9.021977308688184911e-05
9.119643131502952168e-05
9.219344573891798751e-05
9.322360440282023047e-05
9.430841630632583021e-05
9.547672045194462208e-05
9.676533766359136869e-05
9.822203566443472584e-05
9.991102449020096356e-05
1.019222060984699868e-04
1.043871958726504714e-04
1.075077112105015151e-04
1.116071689445669176e-04
1.172253431466186129e-04
1.252839063391887717e-04
1.373130726351492971e-04
1.554679168675798860e-04
1.814788513612302658e-04
2.145194990279894064e-04
2.512441208498819903e-04
2.883886815289197700e-04
3.238706049561075346e-04
3.564088356299328778e-04
3.852382261696970524e-04
4.100607718716404028e-04
4.309849822477812456e-04
4.483930100851357984e-04
4.627926735651380287e-04
4.747057984741053188e-04
4.846053893856888803e-04
4.928908140069045846e-04
4.998854271794346635e-04
5.058446798572597668e-04
5.109676313793063427e-04
5.154083666223609108e-04
5.192859189740442949e-04
5.226923509580717973e-04
5.256991071938227431e-04
5.283619131793522092e-04
5.307245107556205193e-04
5.328214939841718727e-04
5.346804550475853842e-04
5.363236125529620294e-04
5.377690445577221028e-04
5.390316275624596094e-04
5.401237534465718349e-04
5.410558761454043039e-04
5.418369328344181841e-04
5.424746648286909436e-04
5.429758698544587649e-04
5.433465964950423771e-04
5.435922908338681331e-04
5.437179107476141368e-04
5.437280261889526406e-04
5.436268864778636247e-04
5.434184723550800110e-04
5.431065440417851605e-04
5.426946758109811022e-04
5.421862844755600272e-04
5.415846516508947142e-04
5.408929413530611050e-04
5.401142143689873637e-04
5.392514399377597561e-04
5.383075052373558801e-04
5.372852231206430313e-04
5.361873384458642512e-04
5.350165332717928554e-04
5.337754311396928535e-04
5.324666006147235316e-04
5.310925582052570182e-04
5.296557707649415326e-04
5.281586574737407412e-04
5.266035914605974580e-04
5.249929011171533934e-04
5.233288711556014199e-04
5.216137434612278922e-04
5.198497177822206669e-04
5.180389522729646548e-04
5.161835638943286118e-04
5.142856286936710840e-04
5.123471819937846453e-04
5.103702185108379037e-04
5.083566924150728248e-04
5.063085173460076319e-04
5.042275663930595106e-04
5.021156720516686822e-04
4.999746261640674629e-04
4.978061798529442210e-04
4.956120434553441248e-04
4.933938864632896656e-04
4.911533374768584483e-04
4.888919841747295381e-04
4.866113733064976596e-04
4.843130107104696709e-04
4.819983613600540510e-04
4.796688494412865589e-04
4.773258584635673373e-04
4.749707314051668607e-04
4.726047708946563277e-04
4.702292394289861997e-04
4.678453596285934426e-04
4.654543145295515121e-04
4.630572479124884524e-04
4.606552646677157222e-04
4.582494311957649490e-04
4.558407758423023491e-04
4.534302893662044468e-04
4.510189254393870396e-04
4.486076011768901257e-04
4.461971976955169230e-04
4.437885606992999512e-04
4.413825010899260462e-04
4.389797956002421402e-04
4.365811874488665549e-04
4.341873870139405841e-04
4.317990725240223953e-04
4.294168907641268576e-04
4.270414577949158195e-04
4.246733596830939419e-04
4.223131532410690924e-04
4.199613667739913320e-04
4.176185008323290309e-04
4.152850289682062982e-04
4.129613984937801751e-04
4.106480312400083042e-04
4.083453243142275537e-04
4.060536508550487535e-04
4.037733607831394864e-04
4.015047815465583292e-04
3.992482188593834123e-04
3.970039574324666894e-04
3.947722616952158928e-04
3.925533765074077372e-04
3.903475278601101499e-04
3.881549235648788549e-04
3.859757539304638934e-04
3.838101924263549606e-04
3.816583963325678903e-04
3.795205073751474283e-04
3.773966523469303295e-04
3.752869437131959793e-04
3.731914802018861067e-04
3.711103473781484524e-04
3.690436182030192632e-04
3.669913535761142390e-04
3.649536028622590291e-04
3.629304044020392772e-04
3.609217860063063154e-04
3.589277654347105022e-04
3.569483508583966421e-04
3.549835413070162593e-04
3.530333271002732923e-04
3.510976902642320876e-04
3.491766049326858992e-04
3.472700377338704993e-04
3.453779481628878952e-04
3.435002889401951760e-04
3.416370063565669067e-04
3.397880406049482707e-04
3.379533260996510748e-04
3.361327917833732411e-04
3.343263614225285398e-04
3.325339538914138648e-04
3.307554834457519235e-04
3.289908599861825060e-04
3.272399893122747362e-04
3.255027733676788449e-04
3.237791104770523700e-04
3.220688955753911432e-04
3.203720204304770004e-04
3.186883738591049921e-04
3.170178419378464306e-04
3.153603082090683366e-04
3.137156538829950596e-04
3.120837580365935109e-04
3.104644978100952165e-04
3.088577486019757653e-04
3.072633842632307207e-04
3.056812772917834775e-04
3.041112990278696613e-04
3.025533198512145262e-04
3.010072093808187268e-04
2.994728366781169342e-04
2.979500704542281230e-04
2.964387792819476704e-04
2.949388318130422883e-04
2.934500970012864562e-04
2.919724443315375897e-04
2.905057440549664409e-04
2.890498674303356125e-04
2.876046869709634655e-04
2.861700766966968784e-04
2.847459123898475782e-04
2.833320718536432785e-04
2.819284351712515475e-04
2.805348849629186276e-04
2.791513066381746478e-04
2.777775886394412744e-04
2.764136226727191971e-04
2.750593039203935958e-04
2.737145312305753597e-04
2.723792072768556208e-04
2.710532386819351595e-04
2.697365360983807695e-04
2.684290142398204106e-04
2.671305918562764709e-04
2.658411916481630017e-04
2.645607401147715538e-04
2.632891673348958781e-04
2.620264066796108328e-04
2.607723944601031342e-04
2.595270695167246357e-04
2.582903727590740912e-04
2.570622466705736828e-04
2.558426347946021317e-04
2.546314812223407931e-04
2.534287301049061524e-04
2.522343252136251789e-04
2.510482095722399052e-04
2.498703251830526498e-04
2.487006128653919813e-04
2.475390122192054816e-04
2.463854617191554830e-04
2.452398989357049142e-04
2.441022608699116388e-04
2.429724843789144372e-04
2.418505066605371168e-04
2.407362657592160868e-04
2.396297010526817460e-04
2.385307536801616643e-04
2.374393668784354427e-04
2.363554862012674481e-04
2.352790596093772165e-04
2.342100374304729960e-04
2.331483722003687494e-04
2.320940184052511365e-04
2.310469321509757076e-04
2.300070707875137446e-04
2.289743925157196140e-04
2.279488560002522143e-04
2.269304200077011961e-04
2.259190430837940903e-04
2.249146832787677079e-04
2.239172979261823859e-04
2.229268434778737009e-04
2.219432753965715406e-04
2.209665481086918817e-04
2.199966150205600322e-04
2.190334286038950391e-04
2.180769405598797811e-04
2.171271020749994775e-04
2.161838641860547208e-04
2.152471782760312065e-04
2.143169967262772914e-04
2.133932737530419988e-04
2.124759664566120332e-04
2.115650361073129790e-04
2.106604496820672369e-04
2.097621816448230997e-04
2.088702159305173877e-04
2.079845480425331549e-04
2.071051871076388614e-04
2.062321576554858478e-04
2.053655008158503212e-04
2.045052745804369545e-04
2.036515527893366091e-04
2.028044226046614483e-04
2.019639804349995891e-04
2.011303265466731047e-04
2.003035588740989731e-04
1.994837667351171025e-04
1.986710251994982049e-04
1.978653907333668353e-04
1.970668984922547998e-04
1.962755613416674715e-04
1.954913704275088190e-04
1.947142969511547934e-04
1.939442947378269301e-04
1.931813032043636948e-04
1.924252504017953560e-04
1.916760558981186525e-04
1.909336333546937604e-04
1.901978927231102198e-04
1.894687420438526701e-04
1.887460888642815459e-04
1.880298413145911661e-04
1.873199088903481561e-04
1.866162029925117058e-04
1.859186372733942700e-04
1.852271278319791536e-04
1.845415932958074283e-04
1.838619548202735535e-04
1.831881360301625930e-04
1.825200629229037385e-04
1.818576637484486773e-04
1.812008688769036532e-04
1.805496106619729289e-04
1.799038233058681169e-04
1.792634427294635853e-04
1.786284064500762170e-04
1.779986534682056934e-04
1.773741241638236450e-04
1.767547602022740913e-04
1.761405044494897254e-04
1.755313008960128149e-04
1.749270945891631766e-04
1.743278315726367049e-04
1.737334588328079822e-04
1.731439242510076834e-04
1.725591765611029225e-04
1.719791653117447089e-04
1.714038408327077530e-04
1.708331542048033410e-04
1.702670572329044387e-04
1.697055024216718956e-04
1.691484429536271612e-04
1.685958326692580962e-04
1.680476260488850951e-04
1.675037781960463112e-04
1.669642448222009195e-04
1.664289822325579161e-04
1.658979473128783426e-04
1.653710975171066803e-04
1.648483908557248924e-04
1.643297858847214265e-04
1.638152416951085507e-04
1.633047179029202642e-04
1.627981746396447006e-04
1.622955725430426702e-04
1.617968727483199234e-04
1.613020368796209340e-04
1.608110270418121920e-04
1.603238058125281166e-04
1.598403362344613763e-04
1.593605818078683951e-04
1.588845064832797467e-04
1.584120746543959469e-04
1.579432511511517847e-04
1.574780012329482449e-04
1.570162905820312042e-04
1.565580852970163044e-04
1.561033518865473997e-04
1.556520572630866808e-04
1.552041687368320834e-04
1.547596540097493246e-04
1.543184811697235809e-04
1.538806186848232997e-04
1.534460353976705609e-04
1.530147005199184763e-04
1.525865836268297450e-04
1.521616546519563107e-04
1.517398838819142661e-04
1.513212419512536253e-04
1.509056998374221233e-04
1.504932288558161039e-04
1.500838006549216137e-04
1.496773872115397656e-04
1.492739608260968591e-04
1.488734941180376060e-04
1.484759600212951164e-04
1.480813317798426341e-04
1.476895829433186997e-04
1.473006873627336825e-04
1.469146191862419619e-04
1.465313528549909775e-04
1.461508630990405360e-04
1.457731249333478756e-04
1.453981136538253980e-04
1.450258048334588182e-04
1.446561743184960854e-04
1.442891982246947698e-04
1.439248529336350428e-04
1.435631150890929943e-04
1.432039615934715200e-04
1.428473696042933342e-04
1.424933165307492493e-04
1.421417800303028886e-04
1.417927380053528069e-04
1.414461685999432385e-04
1.411020501965368332e-04
1.407603614128298400e-04
1.404210810986246719e-04
1.400841883327506897e-04
1.397496624200348335e-04
1.394174828883180061e-04
1.390876294855214392e-04
1.387600821767584057e-04
1.384348211414914418e-04
1.381118267707332891e-04
1.377910796642934819e-04
1.374725606280678420e-04
1.371562506713675195e-04
1.368421310042896124e-04
1.365301830351339741e-04
1.362203883678541185e-04
1.359127287995470475e-04
1.356071863179872340e-04
1.353037430991904189e-04
1.350023815050218343e-04
1.347030840808359769e-04
1.344058335531548968e-04
1.341106128273776858e-04
1.338174049855300252e-04
1.335261932840431983e-04
1.332369611515673625e-04
1.329496921868194084e-04
1.326643701564591432e-04
1.323809789930008459e-04
1.320995027927527688e-04
1.318199258137896246e-04
1.315422324739529928e-04
1.312664073488806736e-04
1.309924351700675381e-04
1.307203008229526164e-04
1.304499893450343203e-04
1.301814859240130152e-04
1.299147758959613751e-04
1.296498447435199446e-04
1.293866780941201858e-04
1.291252617182309982e-04
1.288655815276333193e-04
1.286076235737164094e-04
1.283513740458000485e-04
1.280968192694813723e-04
1.278439457050020093e-04
1.275927399456430549e-04
1.273431887161378809e-04
1.270952788711111555e-04
1.268489973935383545e-04
1.266043313932250320e-04
1.263612681053117605e-04
1.261197948887951971e-04
1.258798992250728947e-04
1.256415687165071411e-04
1.254047910850092883e-04
1.251695541706427587e-04
1.249358459302457017e-04
1.247036544360742225e-04
1.244729678744614686e-04
1.242437745444965294e-04
1.240160628567221193e-04
1.237898213318488225e-04
1.235650385994869831e-04
1.233417033968965660e-04
1.231198045677539847e-04
1.228993310609337026e-04
1.226802719293082651e-04
1.224626163285655160e-04
1.222463535160383369e-04
1.220314728495522084e-04
1.218179637862885727e-04
1.216058158816624000e-04
1.213950187882142831e-04
1.211855622545185098e-04
1.209774361241059088e-04
1.207706303343980645e-04
1.205651349156608188e-04
1.203609399899654151e-04
1.201580357701673835e-04
1.199564125588972567e-04
1.197560607475676444e-04
1.195569708153878152e-04
1.193591333283939323e-04
1.191625389384939795e-04
1.189671783825226758e-04
1.187730424813074489e-04
1.185801221387493027e-04
1.183884083409145134e-04
1.181978921551377505e-04
1.180085647291367982e-04
1.178204172901388652e-04
1.176334411440175051e-04
1.174476276744416806e-04
1.172629683420352764e-04
1.170794546835458952e-04
1.168970783110262588e-04
1.167158309110255548e-04
1.165357042437899877e-04
1.165357042437329451e-04
