8.731992584526726878e-05
8.731503532138035564e-05
8.730978924409558853e-05
8.730452917468130422e-05
8.729923672346729074e-05
8.729390178069524849e-05
8.728852017630290563e-05
8.728309214543414352e-05
8.727762047323541102e-05
8.727210827455155666e-05
8.726656032715553852e-05
8.726098133594767142e-05
8.725537520994815764e-05
8.724974601347528283e-05
8.724409773882409408e-05
8.723843382904479830e-05
8.723275768948714171e-05
8.722707175641044848e-05
8.722137896286417892e-05
8.721568092606249455e-05
8.720997959951737322e-05
8.720427705081012343e-05
8.719857524561153541e-05
8.719287506968963057e-05
8.718717759083367141e-05
8.718148431920408998e-05
8.717579607496517594e-05
8.717011435160073273e-05
8.716443930626511984e-05
8.715877240945484560e-05
8.715311432735892421e-05
8.714746521370750657e-05
8.714182561041916705e-05
8.713619627360452030e-05
8.713057774992403440e-05
8.712497085097070323e-05
8.711937579718462092e-05
8.711379271227646731e-05
8.710822255611132367e-05
8.710266548364190085e-05
8.709712143272506423e-05
8.709159114279078830e-05
8.708607476578815085e-05
8.708057325040130341e-05
8.707508637966340705e-05
8.706961423619043693e-05
8.706415661628387123e-05
8.705871411711653385e-05
8.705328750757186261e-05
8.704787634308617367e-05
8.704248127098684646e-05
8.703710219906797497e-05
8.703173979095331044e-05
8.702639497386661829e-05
8.702108225450452372e-05
8.701561475161143902e-05
8.701255422519699916e-05
8.720075487007500933e-05
8.794142689769140857e-05
8.885270607510834299e-05
8.979419237395125624e-05
9.076379948461604048e-05
9.175525415803831601e-05
9.277688437275816548e-05
9.384847115299781476e-05
9.499747761287948814e-05
9.625921992401893855e-05
9.767935735656249781e-05
9.931891442362755730e-05
1.012628245795233758e-04
1.036347835842229973e-04
1.066233684464444549e-04
1.105296523521372327e-04
1.158554095377212347e-04
1.234610494245517206e-04
1.348004209531902982e-04
1.520242379202389640e-04
1.771309279563355584e-04
2.097523999702354057e-04
2.466458848641604946e-04
2.843179114929294420e-04
3.204978576188207318e-04
3.538052895053011388e-04
3.834034354311741783e-04
4.089360439523100966e-04
4.304752522843202666e-04
4.483911903556599154e-04
4.631975285888299235e-04
4.754309739495102272e-04
4.855817440418403038e-04
4.940651024575804179e-04
5.012175775705013901e-04
5.073049005715761679e-04
5.125338749398519267e-04
5.170642987439383548e-04
5.210193682196134985e-04
5.244941582980879860e-04
5.275622862907480273e-04
5.302810422319536796e-04
5.326952952238696781e-04
5.348404516809229922e-04
5.367446912746455133e-04
5.384306573657246867e-04
5.399167370365673966e-04
5.412180326587627327e-04
5.423471014013674357e-04
5.433145198080895121e-04
5.441293161583078339e-04
5.447993026004322326e-04
5.453313310735198637e-04
5.457314911020029599e-04
5.460052631262522467e-04
5.461576377246107721e-04
5.461932086006763849e-04
5.461162453402974761e-04
5.459307505297141417e-04
5.456405047544346607e-04
5.452491021827929720e-04
5.447599788156707885e-04
5.441764350075917449e-04
5.435016534991596792e-04
5.427387139202520918e-04
5.418906045074722410e-04
5.409602316130805461e-04
5.399504274543580210e-04
5.388639564534293633e-04
5.377035204411699217e-04
5.364717629398347426e-04
5.351712726934573089e-04
5.338045865798420183e-04
5.323741920107351745e-04
5.308825289056899599e-04
5.293319913087569419e-04
5.277249287044860670e-04
5.260636470798348181e-04
5.243504097708148607e-04
5.225874381266775457e-04
5.207769120195761010e-04
5.189209702238423193e-04
5.170217106858351550e-04
5.150811907028421052e-04
5.131014270273151663e-04
5.110843959109885376e-04
5.090320331018351576e-04
5.069462338055086802e-04
5.048288526216760871e-04
5.026817034646142990e-04
5.005065594764157794e-04
4.983051529402823939e-04
4.960791752005319979e-04
4.938302765951594351e-04
4.915600664060851017e-04
4.892701128315210188e-04
4.869619429842680924e-04
4.846370429191434472e-04
4.822968576921936941e-04
4.799427914538213920e-04
4.775762075774770809e-04
4.751984288251127073e-04
4.728107375501847663e-04
4.704143759386223539e-04
4.680105462878105470e-04
4.656004113233530237e-04
4.631850945530600070e-04
4.607656806573792794e-04
4.583432159152518227e-04
4.559187086641651454e-04
4.534931297930184721e-04
4.510674132662526362e-04
4.486424566775734884e-04
4.462191218314920296e-04
4.437982353508201807e-04
4.413805893081952929e-04
4.389669418796541839e-04
4.365580180182530986e-04
4.341545101457045604e-04
4.317570788600048502e-04
4.293663536570315386e-04
4.269829336641157600e-04
4.246073883836349000e-04
4.222402584446732646e-04
4.198820563609110580e-04
4.175332672928930484e-04
4.151943498129466448e-04
4.128657366710388387e-04
4.105478355599766617e-04
4.082410298784004774e-04
4.059456794901148400e-04
4.036621214783788414e-04
4.013906708938560987e-04
3.991316214950132741e-04
3.968852464798405854e-04
3.946517992078390547e-04
3.924315139113221319e-04
3.902246063951459528e-04
3.880312747240716154e-04
3.858516998970413538e-04
3.836860465077409081e-04
3.815344633908807309e-04
3.793970842537299284e-04
3.772740282924831362e-04
3.751654007931431436e-04
3.730712937166440440e-04
3.709917862680169888e-04
3.689269454494542924e-04
3.668768265971921990e-04
3.648414739021657994e-04
3.628209209144574025e-04
3.608151910315815654e-04
3.588242979707149884e-04
3.568482462249938404e-04
3.548870315040430459e-04
3.529406411589508475e-04
3.510090545919049981e-04
3.490922436507518209e-04
3.471901730087729857e-04
3.453028005299764230e-04
3.434300776202415975e-04
3.415719495646695565e-04
3.397283558515111512e-04
3.378992304830708460e-04
3.360845022739758861e-04
3.342840951372576231e-04
3.324979283586642059e-04
3.307259168596611934e-04
3.289679714495861345e-04
3.272239990674242430e-04
3.254939030137023832e-04
3.237775831729905029e-04
3.220749362275223673e-04
3.203858558624557385e-04
3.187102329632983812e-04
3.170479558060464945e-04
3.153989102405811424e-04
3.137629798678900428e-04
3.121400462116837612e-04
3.105299888849924277e-04
3.089326857523365779e-04
3.073480130880691880e-04
3.057758457315162240e-04
3.042160572395155929e-04
3.026685200369984589e-04
3.011331055662276124e-04
2.996096844353298609e-04
2.980981265667444484e-04
2.965983013462037635e-04
2.951100777728467685e-04
2.936333246110386366e-04
2.921679105444427655e-04
2.907137043328415142e-04
2.892705749721417841e-04
2.878383918579316327e-04
2.864170249528525205e-04
2.850063449579428817e-04
2.836062234879615845e-04
2.822165332505292465e-04
2.808371482287269627e-04
2.794679438665585193e-04
2.781087972563925782e-04
2.767595873272053275e-04
2.754201950320762254e-04
2.740905035329976327e-04
2.727703983806263176e-04
2.714597676861384449e-04
2.701585022818784134e-04
2.688664958669866154e-04
2.675836451337369618e-04
2.663098498698951086e-04
2.650450130320563310e-04
2.637890407847324212e-04
2.625418424999243503e-04
2.613033307121157348e-04
2.600734210241469578e-04
2.588520319602856628e-04
2.576390847640557913e-04
2.564345031401008088e-04
2.552382129414344759e-04
2.540501418059431496e-04
2.528702187487866996e-04
2.516983737204100480e-04
2.505345371430464695e-04
2.493786394418679147e-04
2.482306105900300886e-04
2.470903796896657158e-04
2.459578746129280238e-04
2.448330217281561856e-04
2.437157457357092753e-04
2.426059696355320082e-04
2.415036148437714177e-04
2.404086014683605292e-04
2.393208487433879413e-04
2.382402756095022573e-04
2.371668014135160606e-04
2.361003466861970768e-04
2.350408339450038727e-04
2.339881884604143444e-04
2.329423389225471794e-04
2.319032179502725948e-04
2.308707623980230670e-04
2.298449134345129682e-04
2.288256163897360107e-04
2.278128203883718805e-04
2.268064778057729981e-04
2.258065435946548301e-04
2.248129745355297634e-04
2.238257284623719457e-04
2.228447635088171876e-04
2.218700374116877767e-04
2.209015069000870005e-04
2.199391271914945831e-04
2.189828516128646170e-04
2.180326313666222887e-04
2.170884154669584093e-04
2.161501508837498258e-04
2.152177829492139219e-04
2.142912561054432748e-04
2.133705150986453763e-04
2.124555067557401652e-04
2.115461825058362463e-04
2.106425018223695271e-04
2.097444367423134193e-04
2.088519775357511267e-04
2.079651394099099452e-04
2.070839697943788855e-04
2.062085552582293305e-04
2.053390265329518816e-04
2.044755596817595116e-04
2.036183715279840244e-04
2.027677083626283389e-04
2.019238286710039250e-04
2.010869825565135061e-04
2.002573917514392213e-04
1.994352339279551356e-04
1.986206335780344031e-04
1.978136598018637778e-04
1.970143297862832373e-04
1.962226160006208119e-04
1.954384551307969907e-04
1.946617572033613444e-04
1.938924139077873639e-04
1.931303056158117264e-04
1.923753069489431242e-04
1.916272909612561873e-04
1.908861321154457010e-04
1.901517082707720584e-04
1.894239019005394462e-04
1.887026007340561788e-04
1.879876979865020392e-04
1.872790923072269328e-04
1.865766875467107918e-04
1.858803924164974112e-04
1.851901200953288713e-04
1.845057878182152693e-04
1.838273164726709455e-04
1.831546302171800525e-04
1.824876561303620406e-04
1.818263238947572370e-04
1.811705655160846733e-04
1.805203150768718598e-04
1.798755085221898737e-04
1.792360834745962027e-04
1.786019790751447629e-04
1.779731358473156540e-04
1.773494955808657182e-04
1.767310012328124759e-04
1.761175968430720568e-04
1.755092274625208947e-04
1.749058390915568908e-04
1.743073786274845728e-04
1.737137938192963023e-04
1.731250332286385027e-04
1.725410461959245951e-04
1.719617828107471754e-04
1.713871938858555627e-04
1.708172309341059322e-04
1.702518461478783605e-04
1.696909923805518220e-04
1.691346231296915741e-04
1.685826925216701291e-04
1.680351552974881934e-04
1.674919667996030480e-04
1.669530829596088672e-04
1.664184602866387917e-04
1.658880558563872727e-04
1.653618273006606128e-04
1.648397327973848776e-04
1.643217310610193800e-04
1.638077813333162149e-04
1.632978433743970581e-04
1.627918774541080641e-04
1.622898443436280864e-04
1.617917053073088100e-04
1.612974220947252719e-04
1.608069569329230301e-04
1.603202725188475591e-04
1.598373320119471450e-04
1.593580990269401730e-04
1.588825376267294321e-04
1.584106123154723021e-04
1.579422880317876839e-04
1.574775301420987283e-04
1.570163044341078352e-04
1.565585771103984519e-04
1.561043147821549674e-04
1.556534844630104344e-04
1.552060535630013559e-04
1.547619898826414092e-04
1.543212616070999035e-04
1.538838373004916126e-04
1.534496859002686575e-04
1.530187767117157413e-04
1.525910794025433950e-04
1.521665639975805376e-04
1.517452008735618754e-04
1.513269607540074864e-04
1.509118147041937485e-04
1.504997341262158015e-04
1.500906907541328964e-04
1.496846566492044653e-04
1.492816041952044431e-04
1.488815060938227604e-04
1.484843353601410752e-04
1.480900653181918818e-04
1.476986695965943253e-04
1.473101221242598396e-04
1.469243971261784772e-04
1.465414691192727030e-04
1.461613129083233964e-04
1.457839035819659195e-04
1.454092165087514550e-04
1.450372273332775424e-04
1.446679119723822847e-04
1.443012466114035797e-04
1.439372077004974406e-04
1.435757719510218837e-04
1.432169163319790643e-04
1.428606180665145241e-04
1.425068546284766918e-04
1.421556037390316789e-04
1.418068433633325025e-04
1.414605517072447941e-04
1.411167072141235486e-04
1.407752885616447055e-04
1.404362746586838395e-04
1.400996446422478141e-04
1.397653778744561189e-04
1.394334539395688816e-04
1.391038526410626934e-04
1.387765539987528113e-04
1.384515382459606527e-04
1.381287858267271791e-04
1.378082773930675877e-04
1.374899938022717291e-04
1.371739161142442888e-04
1.368600255888898810e-04
1.365483036835324034e-04
1.362387320503815279e-04
1.359312925340335062e-04
1.356259671690120908e-04
1.353227381773464816e-04
1.350215879661873007e-04
1.347224991254564489e-04
1.344254544255369147e-04
1.341304368149929139e-04
1.338374294183273801e-04
1.335464155337724691e-04
1.332573786311125894e-04
1.329703023495407447e-04
1.326851704955462371e-04
1.324019670408336494e-04
1.321206761202742990e-04
1.318412820298869392e-04
1.315637692248461334e-04
1.312881223175243214e-04
1.310143260755592569e-04
1.307423654199488196e-04
1.304722254231788963e-04
1.302038913073728650e-04
1.299373484424693219e-04
1.296725823444290818e-04
1.294095786734648392e-04
1.291483232322968759e-04
1.288888019644347912e-04
1.286310009524833540e-04
1.283749064164731027e-04
1.281205047122127647e-04
1.278677823296673981e-04
1.276167258913595188e-04
1.273673221507893639e-04
1.271195579908824765e-04
1.268734204224542591e-04
1.266288965827013055e-04
1.263859737337095395e-04
1.261446392609827621e-04
1.259048806719963263e-04
1.256666855947669384e-04
1.254300417764447407e-04
1.251949370819211414e-04
1.249613594924606056e-04
1.247292971043474630e-04
1.247292971042740083e-04
