8.731994602179888394e-05
8.731509120854986808e-05
8.730988727070271088e-05
8.730467193549714127e-05
8.729942453253383423e-05
8.729413349457842324e-05
8.728879442387265481e-05
8.728340717551060467e-05
8.727797408719885277e-05
8.727249887768018786e-05
8.726698634389881031e-05
8.726144138141647287e-05
8.725586748717279763e-05
8.725026786814950254e-05
8.724464806122609554e-05
8.723901410884366025e-05
8.723340877110993428e-05
8.722734962594083923e-05
8.722849704486639185e-05
8.758655369586305580e-05
8.832740851316396666e-05
8.926102546550809108e-05
9.022113273411714338e-05
9.119763099058798730e-05
9.219441216931729076e-05
9.322428102100731415e-05
9.430873533295008079e-05
9.547658867629280316e-05
9.676462148108889235e-05
9.822053863926402879e-05
9.990845078219738346e-05
1.019180983519299351e-04
1.043808243929583718e-04
1.074978677851775016e-04
1.115917698803954876e-04
1.172006574728197610e-04
1.252431404909332927e-04
1.372444363337203105e-04
1.553549568830359052e-04
1.813101103537203402e-04
2.143018980767506549e-04
2.509963758188809733e-04
2.881271028213631871e-04
3.236068335969196188e-04
3.561516734101672276e-04
3.849939652501995716e-04
4.098329244709173012e-04
4.307745201599633123e-04
4.481991063096041686e-04
4.626135305188823618e-04
4.745392846592073974e-04
4.844494241663656830e-04
4.927435533497280399e-04
4.997453253027408062e-04
5.057104855368518620e-04
5.108383556162306941e-04
5.152832416024611881e-04
5.191643578737408600e-04
5.225739124735483522e-04
5.255834658182440434e-04
5.282488350328043382e-04
5.306138342043193205e-04
5.327131142893095500e-04
5.345743121930897476e-04
5.362196816801346458e-04
5.376673283858292990e-04
5.389321504129221310e-04
5.400265565290861443e-04
5.409610138022194177e-04
5.417444695637178061e-04
5.423846728965754042e-04
5.428884274108591434e-04
5.432617860567696575e-04
5.435101980374624922e-04
5.436386233508653252e-04
5.436516333901712881e-04
5.435534780755788041e-04
5.433481383563015972e-04
5.430393741874395405e-04
5.426307592486188372e-04
5.421257094957281910e-04
5.415275054415564279e-04
5.408393097996129278e-04
5.400641818953554789e-04
5.392050893774691421e-04
5.382649177287829366e-04
5.372464780225096092e-04
5.361525132699752677e-04
5.349857036307713526e-04
5.337486707077589848e-04
5.324439810997278920e-04
5.310741493307204013e-04
5.296416402613155026e-04
5.281488710780317397e-04
5.265982129236537268e-04
5.249919922181698652e-04
5.233324917234674417e-04
5.216219514025781379e-04
5.198625691159386789e-04
5.180565011703803981e-04
5.162058627243770129e-04
5.143127280728082649e-04
5.123791308406506866e-04
5.104070641055482834e-04
5.083984804629406665e-04
5.063552920454628993e-04
5.042793705075373578e-04
5.021725469852307121e-04
5.000366120405495699e-04
4.978733155984185147e-04
4.956843668836687696e-04
4.934714343645558174e-04
4.912361457085405404e-04
4.889800877553152460e-04
4.867048065114312283e-04
4.844118071702059125e-04
4.821025541600409752e-04
4.797784712237131936e-04
4.774409415306949170e-04
4.750913078240889950e-04
4.727308726033313166e-04
4.703608983434021248e-04
4.679826077509178757e-04
4.655971840571460920e-04
4.632057713476658151e-04
4.608094749281396881e-04
4.584093617253800720e-04
4.560064607227104277e-04
4.536017634284110738e-04
4.511962243758496681e-04
4.487907616538077500e-04
4.463862574653142644e-04
4.439835587132747634e-04
4.415834776110319449e-04
4.391867923159903158e-04
4.367942475843497293e-04
4.344065554449824630e-04
4.320243958904741938e-04
4.296484175833313883e-04
4.272792385753942761e-04
4.249174470384954388e-04
4.225636020044408578e-04
4.202182341124423575e-04
4.178818463621691978e-04
4.155549148706431093e-04
4.132378896312706158e-04
4.109311952733718672e-04
4.086352318206341069e-04
4.063503754469938449e-04
4.040769792285392502e-04
4.018153738900884057e-04
3.995658685452054839e-04
3.973287514284774532e-04
3.951042906189646746e-04
3.928927347538304694e-04
3.906943137312257012e-04
3.885092394015972773e-04
3.863377062466552309e-04
3.841798920453254199e-04
3.820359585260895796e-04
3.799060520051711701e-04
3.777903040101250978e-04
3.756888318884327583e-04
3.736017394007835370e-04
3.715291172987836960e-04
3.694710438868864890e-04
3.674275855684098731e-04
3.653987973755378990e-04
3.633847234832759086e-04
3.613853977073587282e-04
3.594008439861619449e-04
3.574310768467088605e-04
3.554761018548987248e-04
3.535359160501130795e-04
3.516105083644044220e-04
3.496998600264763861e-04
3.478039449507129371e-04
3.459227301115248127e-04
3.440561759033045367e-04
3.422042364863097340e-04
3.403668601187904139e-04
3.385439894757215329e-04
3.367355619544829546e-04
3.349415099678677973e-04
3.331617612247856296e-04
3.313962389990643236e-04
3.296448623867318808e-04
3.279075465521843731e-04
3.261842029636503144e-04
3.244747396183617788e-04
3.227790612578381379e-04
3.210970695737260720e-04
3.194286634045822638e-04
3.177737389240565809e-04
3.161321898208799362e-04
3.145039074710989646e-04
3.128887811029850167e-04
3.112866979550509331e-04
3.096975434276152440e-04
3.081212012283604854e-04
3.065575535123221305e-04
3.050064810167783563e-04
3.034678631914727539e-04
3.019415783246605280e-04
3.004275036654286204e-04
2.989255155427807359e-04
2.974354894819530989e-04
2.959573003184606506e-04
2.944908223103578351e-04
2.930359292492041440e-04
2.915924945702246950e-04
2.901603914621599155e-04
2.887394929772798624e-04
2.873296721420320952e-04
2.859308020687977123e-04
2.845427560691771965e-04
2.831654077692316194e-04
2.817986312270578074e-04
2.804423010530446856e-04
2.790962925330921500e-04
2.777604817550322395e-04
2.764347457383891076e-04
2.751189625675455044e-04
2.738130115282642126e-04
2.725167732473725356e-04
2.712301298352772579e-04
2.699529650308039180e-04
2.686851643476331655e-04
2.674266152213998905e-04
2.661772071562660820e-04
2.649368318694848216e-04
2.637053834322048069e-04
2.624827584044330301e-04
2.612688559617693386e-04
2.600635780112314820e-04
2.588668292931753747e-04
2.576785174661208513e-04
2.564985531710788991e-04
2.553268500719263175e-04
2.541633248684061147e-04
2.530078972785384421e-04
2.518604899875942992e-04
2.507210285613810982e-04
2.495894413223918103e-04
2.484656591884116606e-04
2.473496154744096709e-04
2.462412456600263544e-04
2.451404871265383534e-04
2.440472788688845035e-04
2.429615611900399206e-04
2.418832753866162358e-04
2.408123634359854600e-04
2.397487676963120067e-04
2.386924306315237510e-04
2.376432945733726674e-04
2.366013015321470636e-04
2.355663930663266532e-04
2.345385102193790988e-04
2.335175935290071184e-04
2.325035831105625546e-04
2.314964188121332561e-04
2.304960404342672187e-04
2.295023880027237807e-04
2.285154020784697384e-04
2.275350240858030500e-04
2.265611966374820555e-04
2.255938638353628667e-04
2.246329715265401792e-04
2.236784674982752216e-04
2.227303015998008829e-04
2.217884257848889529e-04
2.208527940751603684e-04
2.199233624498681211e-04
2.190000886725938822e-04
2.180829320686079810e-04
2.171718532683011740e-04
2.162668139322248748e-04
2.153677764720735412e-04
2.144747037798050296e-04
2.135875589745189068e-04
2.127063051739778369e-04
2.118309052952566020e-04
2.109613218870377914e-04
2.100975169947781964e-04
2.092394520591620835e-04
2.083870878487540778e-04
2.075403844284705378e-04
2.066993011662466662e-04
2.058637967823923748e-04
2.050338294483153702e-04
2.042093569438447980e-04
2.033903368852131826e-04
2.025767270387376917e-04
2.017684857381500977e-04
2.009655724260381543e-04
2.001679483413504454e-04
1.993755773745668389e-04
1.985884271084944629e-04
1.978064700539982712e-04
1.970296850739403798e-04
1.962580589627698510e-04
1.954915881117333604e-04
1.947302801405640402e-04
1.939741553196641091e-04
1.932232475521361147e-04
1.924776046495479671e-04
1.917372876414594088e-04
1.910023689276663691e-04
1.902729292223267533e-04
1.895490534349176073e-04
1.888308258407811425e-04
1.881183250535764257e-04
1.874116193703468519e-04
1.867107629958511311e-04
1.860157934869983434e-04
1.853267305429881983e-04
1.846435760622418406e-04
1.839663152381757665e-04
1.832949183905441932e-04
1.826293432212622455e-04
1.819695372230700444e-04
1.813154400327223717e-04
1.806669855884401063e-04
1.800241040119671262e-04
1.793867231831772354e-04
1.787547700087387267e-04
1.781281714075615109e-04
1.775068550471977768e-04
1.768907498698874523e-04
1.762797864467945119e-04
1.756738971961364730e-04
1.750730164966082336e-04
1.744770807227003645e-04
1.738860282237624335e-04
1.732997992642754462e-04
1.727183359389731815e-04
1.721415820731829515e-04
1.715694831160795005e-04
1.710019860324013975e-04
1.704390391964745292e-04
1.698805922910911928e-04
1.693265962128123541e-04
1.687770029845289655e-04
1.682317656756146225e-04
1.676908383296198503e-04
1.671541758992347183e-04
1.666217341880731192e-04
1.660934697987643139e-04
1.655693400867736160e-04
1.650493031193955894e-04
1.645333176393513907e-04
1.640213430324801412e-04
1.635133392990225038e-04
1.630092670280689382e-04
1.625090873747669527e-04
1.620127620399355818e-04
1.615202532517708304e-04
1.610315237493672102e-04
1.605465367678118025e-04
1.600652560246390772e-04
1.595876457074592780e-04
1.591136704625911323e-04
1.586432953845617866e-04
1.581764860063460598e-04
1.577132082902439386e-04
1.572534286193039697e-04
1.567971137892286871e-04
1.563442310006997080e-04
1.558947478520764172e-04
1.554486323324264982e-04
1.550058528148577923e-04
1.545663780501127776e-04
1.541301771604090809e-04
1.536972196334917076e-04
1.532674753168798850e-04
1.528409144122919595e-04
1.524175074702260120e-04
1.519972253846882772e-04
1.515800393880522906e-04
1.511659210460437213e-04
1.507548422528397789e-04
1.503467752262712114e-04
1.499416925031317222e-04
1.495395669345807354e-04
1.491403716816364219e-04
1.487440802107588495e-04
1.483506662895144209e-04
1.479601039823225214e-04
1.475723676462797689e-04
1.471874319270612141e-04
1.468052717548922316e-04
1.464258623405942448e-04
1.460491791716979424e-04
1.456751980086237156e-04
1.453038948809292339e-04
1.449352460836205293e-04
1.445692281735247431e-04
1.442058179657261096e-04
1.438449925300567189e-04
1.434867291876525488e-04
1.431310055075625412e-04
1.427777993034130811e-04
1.424270886301296131e-04
1.420788517807113299e-04
1.417330672830571976e-04
1.413897138968428838e-04
1.410487706104521406e-04
1.407102166379525310e-04
1.403740314161226819e-04
1.400401946015272423e-04
1.397086860676368357e-04
1.393794859019940370e-04
1.390525744034256446e-04
1.387279320792966406e-04
1.384055396428099036e-04
1.380853780103452784e-04
1.377674282988439116e-04
1.374516718232289612e-04
1.371380900938695940e-04
1.368266648140823870e-04
1.365173778776734685e-04
1.362102113665147570e-04
1.359051475481601258e-04
1.356021688734983493e-04
1.353012579744405539e-04
1.350023976616408457e-04
1.347055709222563487e-04
1.344107609177362726e-04
1.341179509816468407e-04
1.338271246175278494e-04
1.335382654967810486e-04
1.332513574565918077e-04
1.329663844978787269e-04
1.326833307832759907e-04
1.324021806351455646e-04
1.321229185336160906e-04
1.318455291146527087e-04
1.315699971681566678e-04
1.312963076360875955e-04
1.310244456106192433e-04
1.307543963323156420e-04
1.304861451883414626e-04
1.302196777106901871e-04
1.299549795744425263e-04
1.296920365960489902e-04
1.294308347316359303e-04
1.291713600753376296e-04
1.289135988576495088e-04
1.286575374438084088e-04
1.284031623321924443e-04
1.281504601527446547e-04
1.278994176654186111e-04
1.276500217586473327e-04
1.274022594478317464e-04
1.271561178738497464e-04
1.269115843015914367e-04
1.266686461185046473e-04
1.264272908331714031e-04
1.261875060738973776e-04
1.259492795873225690e-04
1.257125992370520065e-04
1.254774530023034255e-04
1.252438289765746477e-04
1.250117153663307472e-04
1.247811004897064237e-04
1.245519727752260471e-04
1.243243207605426498e-04
1.240981330911929636e-04
1.238733985193718381e-04
1.236501059027186932e-04
1.234282442031222672e-04
1.232078024855437427e-04
1.229887699168529371e-04
1.227711357646781801e-04
1.225548893962785007e-04
1.223400202774228048e-04
1.221265179712890318e-04
1.219143721373747337e-04
1.217035725304252332e-04
1.214941089993733963e-04
1.212859714862938779e-04
1.210791500253727781e-04
1.208736347418866349e-04
1.206694158512000662e-04
1.204664836577726945e-04
1.202648285541795160e-04
1.200644410201462999e-04
1.198653116215944329e-04
1.196674310096997100e-04
1.194707899199621838e-04
1.192753791712911521e-04
1.190811896650971117e-04
1.188882123843984701e-04
1.186964383929383959e-04
1.185058588343151795e-04
1.183164649311197505e-04
1.181282479840884146e-04
1.179411993712623663e-04
1.177553105471612963e-04
1.175705730419634776e-04
1.175705730419049848e-04
