8.731994617509365991e-05
8.731509071669946544e-05
8.730988572158060641e-05
8.730466936328535633e-05
8.729942098441062677e-05
8.729412926874842373e-05
8.728878932158256373e-05
8.728340122412152422e-05
8.727796752464033207e-05
8.727249158800137177e-05
8.726697830511520940e-05
8.726143254839325214e-05
8.725585830368195648e-05
8.725026008494150517e-05
8.724464176026556909e-05
8.723900726929654311e-05
8.723335975218605878e-05
8.722770212876666406e-05
8.722203717692760569e-05
8.721636653705023656e-05
8.721069248146480274e-05
8.720501718153465375e-05
8.719934227414240853e-05
8.719366894543068187e-05
8.718799819258906867e-05
8.718233158574290563e-05
8.717667006760900395e-05
8.717101500619050007e-05
8.716536661365761407e-05
8.715972658370454886e-05
8.715409515127609918e-05
8.714847274275096462e-05
8.714285976001319694e-05
8.713725721386052421e-05
8.713166550498902430e-05
8.712608550744657448e-05
8.712051719068371856e-05
8.711496109927028468e-05
8.710941789158939733e-05
8.710388768599705155e-05
8.709837063840446063e-05
8.709286729371029125e-05
8.708737810317232183e-05
8.708190380399884753e-05
8.707644403164992717e-05
8.707099894981633120e-05
8.706556837549514125e-05
8.706015316367179198e-05
8.705475386317129336e-05
8.704936980837267178e-05
8.704400224948713840e-05
8.703865044801050539e-05
8.703331604007635705e-05
8.702799754664704366e-05
8.702274255701317348e-05
8.701682960178468390e-05
8.702423041416707450e-05
8.755940638598898079e-05
8.830186380365880354e-05
8.922615871556508014e-05
9.019193143118365088e-05
9.117294519450854526e-05
9.217545887794096650e-05
9.321528832862283954e-05
9.431558829060033720e-05
9.550690082333262521e-05
9.682845834245012301e-05
9.833158346771442824e-05
1.000859726361754185e-04
1.021904416262583450e-04
1.047916783404262225e-04
1.081176833697169152e-04
1.125393814687793766e-04
1.186841579765818120e-04
1.276299753516323934e-04
1.411376358733648141e-04
1.614946221335683584e-04
1.899928499656300981e-04
2.248826616666635501e-04
2.624664582725134065e-04
2.997339815859681586e-04
3.348524590863561278e-04
3.666880716300731260e-04
3.946069894402466226e-04
4.184433564466497621e-04
4.384130508802804222e-04
4.549641566481413203e-04
4.686318962244208006e-04
4.799394394575740366e-04
4.893474776026909053e-04
4.972379894000708610e-04
5.039166374495322644e-04
5.096230428607996087e-04
5.145429910452233111e-04
5.188198283988489827e-04
5.225640745885010586e-04
5.258611175535160467e-04
5.287771994140640607e-04
5.313639994922989039e-04
5.336621139719458819e-04
5.357036879140855083e-04
5.375144043604525692e-04
5.391149889083655033e-04
5.405223500231471712e-04
5.417504455158772504e-04
5.428109428680807187e-04
5.437137239947336612e-04
5.444672722910937285e-04
5.450789703318044367e-04
5.455553295457544853e-04
5.459021679451997585e-04
5.461247480724935356e-04
5.462278843957142551e-04
5.462160271808110716e-04
5.460933282056207663e-04
5.458636924227386680e-04
5.455308187224417469e-04
5.450982322185941170e-04
5.445693099241391512e-04
5.439473012566218907e-04
5.432353444872351639e-04
5.424364799954162252e-04
5.415536609975782432e-04
5.405897622693344156e-04
5.395475872656013043e-04
5.384298739541489498e-04
5.372392996096168579e-04
5.359784847620869142e-04
5.346499964533669731e-04
5.332563509225228841e-04
5.318000158177575015e-04
5.302834120127377206e-04
5.287089150908263775e-04
5.270788565492426098e-04
5.253955247662531365e-04
5.236611657675202883e-04
5.218779838222313821e-04
5.200481418952529857e-04
5.181737619780166270e-04
5.162569253180261794e-04
5.142996725644603589e-04
5.123040038454293931e-04
5.102718787907091144e-04
5.082052165123519556e-04
5.061058955542907392e-04
5.039757538208881286e-04
5.018165884933644804e-04
4.996301559420827454e-04
4.974181716417999622e-04
4.951823100961787053e-04
4.929242047770996272e-04
4.906454480836029393e-04
4.883475913246345269e-04
4.860321447291404673e-04
4.837005774864840276e-04
4.813543178196031812e-04
4.789947530928525122e-04
4.766232299559669951e-04
4.742410545251810028e-04
4.718494926021271000e-04
4.694497699307681048e-04
4.670430724922972608e-04
4.646305468376289455e-04
4.622133004568255445e-04
4.597924021845794683e-04
4.573688826406379759e-04
4.549437347038734480e-04
4.525179140185503447e-04
4.500923395311709463e-04
4.476678940561955680e-04
4.452454248688220736e-04
4.428257443229246821e-04
4.404096304922064625e-04
4.379978278325748165e-04
4.355910478637174763e-04
4.331899698678592578e-04
4.307952416036657690e-04
4.284074800332894921e-04
4.260272720605673175e-04
4.236551752784262085e-04
4.212917187235911830e-04
4.189374036367424421e-04
4.165927042263245245e-04
4.142580684342913049e-04
4.119339187021206321e-04
4.096206527355218544e-04
4.073186442663216536e-04
4.050282438101076676e-04
4.027497794182972532e-04
4.004835574233487250e-04
3.982298631759544853e-04
3.959889617731155798e-04
3.937610987760854688e-04
3.915465009172652898e-04
3.893453767951892677e-04
3.871579175568487584e-04
3.849842975666684618e-04
3.828246750615241288e-04
3.806791927912849221e-04
3.785479786444216513e-04
3.764311462583154510e-04
3.743287956139469013e-04
3.722410136147344373e-04
3.701678746493407149e-04
3.681094411383354238e-04
3.660657640646381643e-04
3.640368834877337999e-04
3.620228290416859797e-04
3.600236204170279789e-04
3.580392678266290847e-04
3.560697724556952559e-04
3.541151268960756313e-04
3.521753155650920509e-04
3.502503151091271348e-04
3.483400947922395303e-04
3.464446168701032351e-04
3.445638369495744114e-04
3.426977043342367018e-04
3.408461623562761104e-04
3.390091486950538077e-04
3.371865956827838138e-04
3.353784305977150363e-04
3.335845759452330710e-04
3.318049497273304672e-04
3.300394657008868865e-04
3.282880336252166366e-04
3.265505594993622007e-04
3.248269457896024075e-04
3.231170916476796152e-04
3.214208931202395441e-04
3.197382433500032552e-04
3.180690327691844269e-04
3.164131492856881215e-04
3.147704784626412212e-04
3.131409036917927845e-04
3.115243063613651851e-04
3.099205660189127708e-04
3.083295605297893408e-04
3.067511662318093686e-04
3.051852580867135938e-04
3.036317098290477611e-04
3.020903941130768391e-04
3.005611826583673516e-04
2.990439463946550566e-04
2.975385556066404715e-04
2.960448800793243854e-04
2.945627892445047691e-04
2.930921523290297122e-04
2.916328385053767883e-04
2.901847170450957969e-04
2.887476574755993056e-04
2.873215297407359734e-04
2.859062043654824327e-04
2.845015526250114449e-04
2.831074467182627483e-04
2.817237599460003334e-04
2.803503668931550826e-04
2.789871436150694528e-04
2.776339678269891271e-04
2.762907190958982235e-04
2.749572790334516622e-04
2.736335314884273933e-04
2.723193627367262687e-04
2.710146616665136030e-04
2.697193199556773740e-04
2.684332322383178198e-04
2.671562962565364485e-04
2.658884129934014533e-04
2.646294867826155220e-04
2.633794253901721978e-04
2.621381400632082949e-04
2.609055455413417796e-04
2.596815600261350538e-04
2.584661051049440641e-04
2.572591056263472120e-04
2.560604895256432317e-04
2.548701876005375665e-04
2.536881332390819458e-04
2.525142621041793047e-04
2.513485117813655839e-04
2.501908213990920965e-04
2.490411312331461250e-04
2.478993823090404293e-04
2.467655160179499135e-04
2.456394737628874521e-04
2.445211966521264801e-04
2.434106252561314861e-04
2.423076994424191945e-04
2.412123582996516743e-04
2.401245401579344741e-04
2.390441827068540376e-04
2.379712232064858351e-04
2.369055987799026776e-04
2.358472467691741258e-04
2.347961051311562013e-04
2.337521128453265017e-04
2.327152103041154685e-04
2.316853396571167789e-04
2.306624450842753387e-04
2.296464729793712346e-04
2.286373720330614619e-04
2.276350932134479856e-04
2.266395896504807281e-04
2.256508164374911095e-04
2.246687303680376668e-04
2.236932896287796601e-04
2.227244534692680671e-04
2.217621818678488740e-04
2.208064352098250600e-04
2.198571739903872892e-04
2.189143585511040750e-04
2.179779488555489591e-04
2.170479043071580976e-04
2.161241836108058058e-04
2.152067446790601824e-04
2.142955445851383580e-04
2.133905395651107051e-04
2.124916850741556706e-04
2.115989359044357537e-04
2.107122463752895795e-04
2.098315706099318945e-04
2.089568629164684742e-04
2.080880782945402480e-04
2.072251730917402230e-04
2.063681058353421314e-04
2.055168382635707961e-04
2.046713365748753304e-04
2.038315729009688461e-04
2.029975269869225055e-04
2.021691880264879157e-04
2.013465565513644087e-04
2.005296462108379773e-04
1.997184852102986037e-04
1.989131171190819814e-04
1.981136007337723026e-04
1.973200087205033654e-04
1.965324248795620563e-04
1.957509400759739485e-04
1.949756471251090151e-04
1.942066351472633058e-04
1.934439840372479378e-04
1.926877596874705981e-04
1.919380104573295326e-04
1.911947651466943483e-04
1.904580324786682313e-04
1.897278018909391703e-04
1.890040453112542282e-04
1.882867195542003958e-04
1.875757690042431972e-04
1.868711283160943157e-04
1.861727249426406861e-04
1.854804813752758148e-04
1.847943170423635602e-04
1.841141498559936685e-04
1.834398974262695851e-04
1.827714779789911873e-04
1.821088110200798143e-04
1.814518177913718470e-04
1.808004215598962069e-04
1.801545477781464069e-04
1.795141241474136791e-04
1.788790806106830113e-04
1.782493492963965016e-04
1.776248644297860309e-04
1.770055622245370443e-04
1.763913807643118707e-04
1.757822598810258841e-04
1.751781410347129429e-04
1.745789671982299752e-04
1.739846827488157827e-04
1.733952333676588452e-04
1.728105659479607170e-04
1.722306285115347238e-04
1.716553701336751697e-04
1.710847408758344541e-04
1.705186917255381595e-04
1.699571745428950697e-04
1.694001420130663432e-04
1.688475476040564110e-04
1.682993455292248705e-04
1.677554907139566472e-04
1.672159387659830716e-04
1.666806459488881791e-04
1.661495691583888331e-04
1.656226659010215331e-04
1.650998942749123542e-04
1.645812129523544962e-04
1.640665811639423666e-04
1.635559586840511594e-04
1.630493058174810567e-04
1.625465833871078398e-04
1.620477527224033849e-04
1.615527756487076714e-04
1.610616144771605826e-04
1.605742319952049727e-04
1.600905914575866769e-04
1.596106565777928111e-04
1.591343915198749901e-04
1.586617608906166718e-04
1.581927297320034811e-04
1.577272635139623626e-04
1.572653281273493132e-04
1.568068898771549308e-04
1.563519154759124654e-04
1.559003720372899402e-04
1.554522270698527906e-04
1.550074484709823845e-04
1.545660045209425095e-04
1.541278638770819263e-04
1.536929955681672988e-04
1.532613689888389361e-04
1.528329538941805121e-04
1.524077203944001048e-04
1.519856389496197649e-04
1.515666803647652101e-04
1.511508157845517150e-04
1.507380166885671465e-04
1.503282548864458810e-04
1.499215025131292694e-04
1.495177320242175537e-04
1.491169161913964312e-04
1.487190280979543394e-04
1.483240411343722737e-04
1.479319289939929694e-04
1.475426656687684975e-04
1.471562254450766273e-04
1.467725828996112119e-04
1.463917128953428574e-04
1.460135905775498488e-04
1.456381913699134501e-04
1.452654909706799636e-04
1.448954653488875716e-04
1.445280907406597736e-04
1.441633436455532521e-04
1.438012008229710601e-04
1.434416392886357389e-04
1.430846363111175942e-04
1.427301694084223867e-04
1.423782163446342083e-04
1.420287551266108882e-04
1.416817640007368348e-04
1.413372214497252350e-04
1.409951061894736785e-04
1.406553971659697908e-04
1.403180735522453293e-04
1.399831147453829997e-04
1.396505003635639295e-04
1.393202102431683755e-04
1.389922244359193394e-04
1.386665232060726408e-04
1.383430870276487323e-04
1.380218965817104032e-04
1.377029327536807618e-04
1.373861766307061031e-04
1.370716094990565882e-04
1.367592128415694522e-04
1.364489683351285856e-04
1.361408578481864556e-04
1.358348634383220216e-04
1.355309673498351615e-04
1.352291520113819729e-04
1.349294000336388863e-04
1.346316942070099301e-04
1.343360174993627539e-04
1.340423530538009179e-04
1.337506841864706335e-04
1.334609943843976176e-04
1.331732673033600770e-04
1.328874867657896394e-04
1.326036367587059479e-04
1.323217014316788490e-04
1.320416650948246515e-04
1.317635122168295172e-04
1.314872274230016378e-04
1.312127954933521698e-04
1.309402013607054160e-04
1.306694301088346484e-04
1.304004669706265533e-04
1.301332973262708586e-04
1.298679067014774709e-04
1.296042807657179000e-04
1.293424053304935168e-04
1.290822663476276640e-04
1.288238499075805891e-04
1.285671422377929185e-04
1.283121297010458026e-04
1.280587987938527450e-04
1.278071361448662594e-04
1.275571285133123901e-04
1.273087627874440702e-04
1.270620259830187939e-04
1.268169052417942580e-04
1.265733878300489960e-04
1.263314611371203582e-04
1.260911126739640406e-04
1.258523300717339158e-04
1.256151010803813249e-04
1.253794135672733434e-04
1.251452555158303454e-04
1.249126150241807256e-04
1.249126150241070812e-04
