8.731994612994580093e-05
8.731509059142693817e-05
8.730988549987331033e-05
8.730466903622538977e-05
8.729942054866493540e-05
8.729412872418913945e-05
8.728878867021438992e-05
8.728340046871583071e-05
8.727796666917833634e-05
8.727249063591067057e-05
8.726697726005524256e-05
8.726143141393099059e-05
8.725585708334211439e-05
8.725025878126596742e-05
8.724464037627050481e-05
8.723900580665437481e-05
8.723335821359930946e-05
8.722770051535273957e-05
8.722203549063613193e-05
8.721636477957504904e-05
8.721069065369407988e-05
8.720501528375030167e-05
8.719934030807257772e-05
8.719366691187684169e-05
8.718799609176723284e-05
8.718232941863834288e-05
8.717666783417631331e-05
8.717101270751038717e-05
8.716536424973325020e-05
8.715972415450907291e-05
8.715409265780979606e-05
8.714847018517779282e-05
8.714285713892525281e-05
8.713725452918062611e-05
8.713166275672855636e-05
8.712608269596421788e-05
8.712051431678328724e-05
8.711495816207829115e-05
8.710941489189039739e-05
8.710388462456443372e-05
8.709836751452671724e-05
8.709286410827386598e-05
8.708737485526891076e-05
8.708190049462498155e-05
8.707644066134583710e-05
8.707099551929456827e-05
8.706556488409962762e-05
8.706014961133763815e-05
8.705475025053186313e-05
8.704936613524474854e-05
8.704399851631493333e-05
8.703864665455819096e-05
8.703331218393871207e-05
8.702799362485994070e-05
8.702273845614166207e-05
8.701682642402438291e-05
8.702417116468707777e-05
8.755819592921292168e-05
8.830045785658061628e-05
8.922485246030328616e-05
9.019066233589954787e-05
9.117173732139584482e-05
9.217434182874402351e-05
9.321428052336181542e-05
9.431470778192054807e-05
9.550617350620638115e-05
9.682792488794113599e-05
9.833130834931178650e-05
1.000860588104993343e-04
1.021910557522304127e-04
1.047930971323568023e-04
1.081203821747033303e-04
1.125442094902896024e-04
1.186926882954856513e-04
1.276451501489623977e-04
1.411645776874751596e-04
1.615400730551307400e-04
1.900604382014754918e-04
2.249686446290939245e-04
2.625638900730046664e-04
2.998371952473139856e-04
3.349572054561138039e-04
3.667909945997423313e-04
3.947056822146728519e-04
4.185364824245904614e-04
4.385002186886154812e-04
4.550456236018688783e-04
4.687082628290665880e-04
4.800114240398013960e-04
4.894157829098354749e-04
4.973032385402638682e-04
5.039793522206954205e-04
5.096836443055836365e-04
5.146018098568436432e-04
5.188771184792762481e-04
5.226200265147438583e-04
5.259158705982467687e-04
5.288308517191311941e-04
5.314166164317791520e-04
5.337137349151300581e-04
5.357543316447677942e-04
5.375640733988297981e-04
5.391636729507778402e-04
5.405700286789628332e-04
5.417970904868902281e-04
5.428565196865966884e-04
5.437581934123669400e-04
5.445105913909362248e-04
5.451210934211968588e-04
5.455962088747629436e-04
5.459417542863808422e-04
5.461629911900193774e-04
5.462647334260794987e-04
5.462514309426988283e-04
5.461272354528839534e-04
5.458960520515504945e-04
5.455615799414173343e-04
5.451273446888712636e-04
5.445967238749772682e-04
5.439729675809390789e-04
5.432592148205934264e-04
5.424585067812621401e-04
5.415737975409480511e-04
5.406079627808013958e-04
5.395638068968641688e-04
5.384440688263732134e-04
5.372514268354279879e-04
5.359885024619087147e-04
5.346578637666843858e-04
5.332620280145200162e-04
5.318034638816892092e-04
5.302845932683416868e-04
5.287077927790265674e-04
5.270753949233431641e-04
5.253896890798038719e-04
5.236529222590058114e-04
5.218672996967267143e-04
5.200349853031545518e-04
5.181581019909886881e-04
5.162387319022515055e-04
5.142789165513141861e-04
5.122806568996664386e-04
5.102459133762808500e-04
5.081766058559474908e-04
5.060746136067007352e-04
5.039417752162886691e-04
5.017798885066278042e-04
4.995907104442087309e-04
4.973759570535671347e-04
4.951373033401182009e-04
4.928763832278822100e-04
4.905947895169379507e-04
4.882940738647787793e-04
4.859757467951027351e-04
4.836412777370186996e-04
4.812920950970879996e-04
4.789295863661245005e-04
4.765550982622044512e-04
4.741699369109153659e-04
4.717753680634492546e-04
4.693726173528136366e-04
4.669628705880712709e-04
4.645472740862310835e-04
4.621269350411489328e-04
4.597029219285233615e-04
4.572762649458917816e-04
4.548479564863215467e-04
4.524189516443244906e-04
4.499901687524077111e-04
4.475624899465089094e-04
4.451367617585249670e-04
4.427137957340182973e-04
4.402943690731490867e-04
4.378792252928381638e-04
4.354690749081325542e-04
4.330645961307456643e-04
4.306664355827365055e-04
4.282752090233095540e-04
4.258915020867431317e-04
4.235158710295014147e-04
4.211488434846049028e-04
4.187909192214047164e-04
4.164425709089688578e-04
4.141042448813329760e-04
4.117763619029570204e-04
4.094593179327992664e-04
4.071534848854783365e-04
4.048592113881045382e-04
4.025768235314122561e-04
4.003066256139341510e-04
3.980489008780194486e-04
3.958039122366084281e-04
3.935719029897472151e-04
3.913530975299136074e-04
3.891477020353236523e-04
3.869559051504645338e-04
3.847778786531886111e-04
3.826137781077846027e-04
3.804637435035199741e-04
3.783278998782255631e-04
3.762063579265624894e-04
3.740992145926792085e-04
3.720065536470293474e-04
3.699284462471855248e-04
3.678649514825258794e-04
3.658161169027446822e-04
3.637819790301674073e-04
3.617625638559184551e-04
3.597578873200127044e-04
3.577679557755138466e-04
3.557927664369176868e-04
3.538323078129703130e-04
3.518865601241666515e-04
3.499554957052110294e-04
3.480390793927523206e-04
3.461372688987407811e-04
3.442500151697803546e-04
3.423772627328727758e-04
3.405189500280047187e-04
3.386750097280059229e-04
3.368453690461879280e-04
3.350299500322495723e-04
3.332286698569865858e-04
3.314414410863587086e-04
3.296681719454846267e-04
3.279087665731712244e-04
3.261631252675866420e-04
3.244311447237322637e-04
3.227127182633680088e-04
3.210077360580877964e-04
3.193160853462538714e-04
3.176376506445205829e-04
3.159723139546993451e-04
3.143199549667513169e-04
3.126804512586818107e-04
3.110536784941643810e-04
3.094395106187049281e-04
3.078378200551835767e-04
3.062484778996087337e-04
3.046713541179126841e-04
3.031063177446149427e-04
3.015532370841487856e-04
3.000119799156076260e-04
2.984824137016268085e-04
2.969644058020424527e-04
2.954578236928643502e-04
2.939625351909980070e-04
2.924784086849837911e-04
2.910053133718517389e-04
2.895431194999519421e-04
2.880916986173562159e-04
2.866509238251110296e-04
2.852206700342339711e-04
2.838008142249436668e-04
2.823912357061022062e-04
2.809918163723183456e-04
2.796024409555673590e-04
2.782229972675571701e-04
2.768533764284031242e-04
2.754934730765474181e-04
2.741431855542184417e-04
2.728024160622304528e-04
2.714710707775136412e-04
2.701490599266034116e-04
2.688362978084144839e-04
2.675327027600911270e-04
2.662381970606293377e-04
2.649527067683370997e-04
2.636761614901480914e-04
2.624084940832336894e-04
2.611496402923479130e-04
2.598995383296931190e-04
2.586581284077472606e-04
2.574253522391815440e-04
2.562011525215302453e-04
2.549854724272847912e-04
2.537782551223020499e-04
2.525794433365091685e-04
2.513889790105019659e-04
2.502068030395632279e-04
2.490328551326622688e-04
2.478670737980941314e-04
2.467093964597271479e-04
2.455597596987425107e-04
2.444180996059206151e-04
2.432843522198959330e-04
2.421584540185475244e-04
2.410403424249688421e-04
2.399299562873225759e-04
2.388272362939514962e-04
2.377321252913359203e-04
2.366445684822152064e-04
2.355645134930747309e-04
2.344919103125716893e-04
2.334267111136499909e-04
2.323688699806731087e-04
2.313183425681185899e-04
2.302750857190401831e-04
2.292390570701187370e-04
2.282102146664478513e-04
2.271885166043140626e-04
2.261739207150450083e-04
2.251663842983399279e-04
2.241658639098790650e-04
2.231723152055782426e-04
2.221856928440582091e-04
2.212059504499782768e-04
2.202330406417159214e-04
2.192669151297871864e-04
2.183075248959310231e-04
2.173548204667127240e-04
2.164087522998056948e-04
2.154692713053322378e-04
2.145363295283625308e-04
2.136098810209875222e-04
2.126898829320531361e-04
2.117762968377637331e-04
2.108690903242932684e-04
2.099682388110574020e-04
2.090737275669056982e-04
2.081855538186822116e-04
2.073037287829659317e-04
2.064282793739092431e-04
2.055592492687897878e-04
2.046966989744469323e-04
2.038407045648489276e-04
2.029913548801070395e-04
2.021487471942455798e-04
2.013129816381274597e-04
2.004841549322426133e-04
1.996623541551000220e-04
1.988476512855400001e-04
1.980400991055849798e-04
1.972397287866268719e-04
1.964465491892384609e-04
1.956605476632772842e-04
1.948816919850428816e-04
1.941099330183208415e-04
1.933452077147411723e-04
1.925874421435852849e-04
1.918365543319767487e-04
1.910924567824085212e-04
1.903550586048285531e-04
1.896242672516923195e-04
1.888999898778145317e-04
1.881821343658649870e-04
1.874706100668253102e-04
1.867653283061104113e-04
1.860662027030809680e-04
1.853731493463629289e-04
1.846860868611427766e-04
1.840049363982392580e-04
1.833296215688591600e-04
1.826600683436972814e-04
1.819962049306138980e-04
1.813379616414619380e-04
1.806852707556952169e-04
1.800380663860696149e-04
1.793962843499870665e-04
1.787598620486793074e-04
1.781287383554385026e-04
1.775028535134032194e-04
1.768821490428950825e-04
1.762665676579865711e-04
1.756560531917516761e-04
1.750505505295489226e-04
1.744500055496147619e-04
1.738543650702446841e-04
1.732635768028418155e-04
1.726775893101762196e-04
1.720963519692190970e-04
1.715198149379910811e-04
1.709479291259085774e-04
1.703806461671754358e-04
1.698179183968130841e-04
1.692596988289775688e-04
1.687059411372539904e-04
1.681565996366596696e-04
1.676116292671242665e-04
1.670709855782428902e-04
1.665346247151391315e-04
1.660025034052829002e-04
1.654745789461352357e-04
1.649508091935246576e-04
1.644311525506496688e-04
1.639155679576359103e-04
1.634040148815840796e-04
1.628964533070438050e-04
1.623928437268729269e-04
1.618931471334420164e-04
1.613973250101381058e-04
1.609053393231552997e-04
1.604171525135304971e-04
1.599327274894133278e-04
1.594520276185487011e-04
1.589750167209564625e-04
1.585016590617907030e-04
1.580319193443716183e-04
1.575657627033813274e-04
1.571031546982090395e-04
1.566440613064405013e-04
1.561884489174855445e-04
1.557362843263367677e-04
1.552875347274556390e-04
1.548421677087768848e-04
1.544001512458328192e-04
1.539614536959893454e-04
1.535260437927907847e-04
1.530938906404101974e-04
1.526649637082060920e-04
1.522392328253744894e-04
1.518166681757016556e-04
1.513972402924104277e-04
1.509809200531007033e-04
1.505676786747770998e-04
1.501574877089680384e-04
1.497503190369294781e-04
1.493461448649325391e-04
1.489449377196336614e-04
1.485466704435261598e-04
1.481513161904695708e-04
1.477588484212964649e-04
1.473692408994933107e-04
1.469824676869576393e-04
1.465985031398253299e-04
1.462173219043701839e-04
1.458388989129719398e-04
1.454632093801511562e-04
1.450902287986734294e-04
1.447199329357156544e-04
1.443522978290979889e-04
1.439872997835785380e-04
1.436249153672087815e-04
1.432651214077480090e-04
1.429078949891394459e-04
1.425532134480395866e-04
1.422010543704100595e-04
1.418513955881589854e-04
1.415042151758425090e-04
1.411594914474133852e-04
1.408172029530293048e-04
1.404773284759043171e-04
1.401398470292175525e-04
1.398047378530682412e-04
1.394719804114769718e-04
1.391415543894397523e-04
1.388134396900245703e-04
1.384876164315141951e-04
1.381640649445969556e-04
1.378427657695954929e-04
1.375236996537449515e-04
1.372068475485091726e-04
1.368921906069418815e-04
1.365797101810864726e-04
1.362693878194148531e-04
1.359612052643096268e-04
1.356551444495805942e-04
1.353511874980224509e-04
1.350493167190064772e-04
1.347495146061129107e-04
1.344517638347948979e-04
1.341560472600818014e-04
1.338623479143122958e-04
1.335706490049062779e-04
1.332809339121685443e-04
1.329931861871229621e-04
1.327073895493817402e-04
1.324235278850463603e-04
1.321415852446371296e-04
1.318615458410545558e-04
1.315833940475729768e-04
1.313071143958596690e-04
1.310326915740264004e-04
1.307601104247074384e-04
1.304893559431668311e-04
1.302204132754306519e-04
1.299532677164519606e-04
1.296879047082943306e-04
1.294243098383490416e-04
1.291624688375724104e-04
1.289023675787539136e-04
1.286439920748024706e-04
1.283873284770632468e-04
1.281323630736544330e-04
1.278790822878293147e-04
1.276274726763622466e-04
1.273775209279551473e-04
1.271292138616689563e-04
1.268825384253769383e-04
1.266374816942367177e-04
1.263940308691871941e-04
1.261521732754645954e-04
1.259118963611407561e-04
1.256731876956790415e-04
1.254360349685153979e-04
1.252004259876505435e-04
1.249663486782712695e-04
1.247337910813835053e-04
1.245027413524682600e-04
1.242731877601549386e-04
1.242731877600822699e-04
