8.731994590115641495e-05
8.731509087355588620e-05
8.730988667722532233e-05
8.730467106042027483e-05
8.729942336667505644e-05
8.729413203752167151e-05
8.728879268054369001e-05
8.728340515403754140e-05
8.727797179731306961e-05
8.727249632950893270e-05
8.726698354641835556e-05
8.726143834452001428e-05
8.725586422202843073e-05
8.725026438309593465e-05
8.724464435668597578e-05
8.723901020268626672e-05
8.723340449376904232e-05
8.722734834467248068e-05
8.722843857671063275e-05
8.758442140875944391e-05
8.832539134555343521e-05
8.925914250280905283e-05
9.021931763087574156e-05
9.119602741152637616e-05
9.219311751959514620e-05
9.322337091590970632e-05
9.430830019831044323e-05
9.547675258409011787e-05
9.676556208374955260e-05
9.822251705777666287e-05
9.991186028741033253e-05
1.019235470008057141e-04
1.043892824589483405e-04
1.075109420576312637e-04
1.116122318413518904e-04
1.172334703397849895e-04
1.252973428017205933e-04
1.373357158732186538e-04
1.555052043354740335e-04
1.815345616627605586e-04
2.145913384406433278e-04
2.513259153509230393e-04
2.884750558353119652e-04
3.239577198483444952e-04
3.564937855068725362e-04
3.853189329810978686e-04
4.101360750627238501e-04
4.310545595492819597e-04
4.484571326395234755e-04
4.628519326957718162e-04
4.747608957417689675e-04
4.846570097290221583e-04
4.929395644957825472e-04
4.999318166664861807e-04
5.058891201665844002e-04
5.110104479379832566e-04
5.154498119677724957e-04
5.193261859879026721e-04
5.227315845483169977e-04
5.257374140857522032e-04
5.283993698790298912e-04
5.307611699366174404e-04
5.328573895471213099e-04
5.347156061327452926e-04
5.363580266938993866e-04
5.378027201803847138e-04
5.390645559561387792e-04
5.401559203184989888e-04
5.410872628596405127e-04
5.418675173938060970e-04
5.425044226626121258e-04
5.430047744406989955e-04
5.433746198600758167e-04
5.436194039643479350e-04
5.437440839201146490e-04
5.437532292142954488e-04
5.436510889199368734e-04
5.434416437127346762e-04
5.431286538924974755e-04
5.427156939183863313e-04
5.422061808756508750e-04
5.416033967325437201e-04
5.409105059237462798e-04
5.401305697068815989e-04
5.392665578338886158e-04
5.383213580297463918e-04
5.372977837217690709e-04
5.361985803643725453e-04
5.350264306292523871e-04
5.337839586829969422e-04
5.324737337247414416e-04
5.310982729021452480e-04
5.296600437103650199e-04
5.281614659703043075e-04
5.266049134486839494e-04
5.249927151693487134e-04
5.233271564688057658e-04
5.216104798465136944e-04
5.198448856524777797e-04
5.180325326285987542e-04
5.161755383072496976e-04
5.142759792896641358e-04
5.123358914332522404e-04
5.103572699679471058e-04
5.083420695553668434e-04
5.062922043025639991e-04
5.042095477412584202e-04
5.020959327826430467e-04
4.999531516569153539e-04
4.977829558457583367e-04
4.955870560151246374e-04
4.933671219548105974e-04
4.911247825305526272e-04
4.888616256536379955e-04
4.865791982723619122e-04
4.842790063890136157e-04
4.819625151055085448e-04
4.796311487002221144e-04
4.772862907380697383e-04
4.749292842154199902e-04
4.725614317409646253e-04
4.701839957532885747e-04
4.677981987754984577e-04
4.654052237069366627e-04
4.630062141516959611e-04
4.606022747833749334e-04
4.581944717452590514e-04
4.557838330849131982e-04
4.533713492219435112e-04
4.509579734475361061e-04
4.485446224542537696e-04
4.461321768944028973e-04
4.437214819652186056e-04
4.413133480190218933e-04
4.389085511964385417e-04
4.365078340807256431e-04
4.341119063712205813e-04
4.317214455739138475e-04
4.293370977071502719e-04
4.269594780204583159e-04
4.245891717245558095e-04
4.222267347305826276e-04
4.198726943966843124e-04
4.175275502800950933e-04
4.151917748929360888e-04
4.128658144600131567e-04
4.105500896769561595e-04
4.082449964671230522e-04
4.059509067357643542e-04
4.036681691200271578e-04
4.013971097334541002e-04
3.991380329037216303e-04
3.968912219024451141e-04
3.946569396659568179e-04
3.924354295060635336e-04
3.902269158098518637e-04
3.880316047277164687e-04
3.858496848488455057e-04
3.836813278635033022e-04
3.815266892115033856e-04
3.793859087163595797e-04
3.772591112046691313e-04
3.751464071103525664e-04
3.730478930634524484e-04
3.709636524632450318e-04
3.688937560354995249e-04
3.668382623737650484e-04
3.647972184646282616e-04
3.627706601969586772e-04
3.607586128551673078e-04
3.587610915966073363e-04
3.567781019132540725e-04
3.548096400778628207e-04
3.528556935748475743e-04
3.509162415161592844e-04
3.489912550424856589e-04
3.470806977101297875e-04
3.451845258639657694e-04
3.433026889968928243e-04
3.414351300962666720e-04
3.395817859777897291e-04
3.377425876074009216e-04
3.359174604117203889e-04
3.341063245776441969e-04
3.323090953417196327e-04
3.305256832699418439e-04
3.287559945286821377e-04
3.269999311474432939e-04
3.252573912742207259e-04
3.235282694242332048e-04
3.218124567228537519e-04
3.201098411435907140e-04
3.184203077419995578e-04
3.167437388864339435e-04
3.150800144865795508e-04
3.134290122207265437e-04
3.117906077627653478e-04
3.101646750098739852e-04
3.085510863119007765e-04
3.069497127034007361e-04
3.053604241392713563e-04
3.037830897348907573e-04
3.022175780115859381e-04
3.006637571481758663e-04
2.991214952392066972e-04
2.975906605603459258e-04
2.960711218412103167e-04
2.945627485456493505e-04
2.930654111592316210e-04
2.915789814833169482e-04
2.901033329346870324e-04
2.886383408492381808e-04
2.871838827876605632e-04
2.857398388404350708e-04
2.843060919287518948e-04
2.828825280972290662e-04
2.814690367934961587e-04
2.800655111289005665e-04
2.786718481138011688e-04
2.772879488601908619e-04
2.759137187438135698e-04
2.745490675175773208e-04
2.731939093680096301e-04
2.718481629068672935e-04
2.705117510908950176e-04
2.691846010641876829e-04
2.678666439197727135e-04
2.665578143798553838e-04
2.652580503976956607e-04
2.639672926881623779e-04
2.626854841985084058e-04
2.614125695355861020e-04
2.601484943702233373e-04
2.588932048434457026e-04
2.576466470022544452e-04
2.564087662942347336e-04
2.551795071500433869e-04
2.539588126803285061e-04
2.527466245087078042e-04
2.515428827549576174e-04
2.503475261727668632e-04
2.491604924348420958e-04
2.479817185457602012e-04
2.468111413510874568e-04
2.456486981014026436e-04
2.444943270236492566e-04
2.433479678508531589e-04
2.422095622653209839e-04
2.410790542196515824e-04
2.399563901130899078e-04
2.388415188158558085e-04
2.377343915490201195e-04
2.366349616400060130e-04
2.355431841825199617e-04
2.344590156339793671e-04
2.333824133835233716e-04
2.323133353203436725e-04
2.312517394266282427e-04
2.301975834131136012e-04
2.291508244092749095e-04
2.281114187153071625e-04
2.270793216196790622e-04
2.260544872844121489e-04
2.250368687010979992e-04
2.240264177215953233e-04
2.230230851702699887e-04
2.220268210486750439e-04
2.210375748480138266e-04
2.200552959895355138e-04
2.190799344176581388e-04
2.181114413745076613e-04
2.171497703866657602e-04
2.161948784936708042e-04
2.152467277410065544e-04
2.143052869448286858e-04
2.133705337077543133e-04
2.124424566209191323e-04
2.115210575249698642e-04
2.106063536236195183e-04
2.096983791576168129e-04
2.087971862752736483e-04
2.079028447101210402e-04
2.070154399334537708e-04
2.061350696147596804e-04
2.052618384890933826e-04
2.043958520439569928e-04
2.035372097086820869e-04
2.026859983643101971e-04
2.018422869411691317e-04
2.010061226521437511e-04
2.001775290970268296e-04
1.993565061628832882e-04
1.985430314125795684e-04
1.977370625319667136e-04
1.969385403887574139e-04
1.961473923120515557e-04
1.953635352941748913e-04
1.945868789162761409e-04
1.938173278872952954e-04
1.930547841542848929e-04
1.922991485894810207e-04
1.915503222887483088e-04
1.908082075312250269e-04
1.900727084553326801e-04
1.893437315053263844e-04
1.886211856978722628e-04
1.879049827517048795e-04
1.871950371164127799e-04
1.864912659296458718e-04
1.857935889259136120e-04
1.851019283148394839e-04
1.844162086423082551e-04
1.837363566443453672e-04
1.830623011006844822e-04
1.823939726927787395e-04
1.817313038692927097e-04
1.810742287208673136e-04
1.804226828650366669e-04
1.797766033415293602e-04
1.791359285177502344e-04
1.785005980039389042e-04
1.778705525773483019e-04
1.772457341146774690e-04
1.766260855319678601e-04
1.760115507311791456e-04
1.754020745526916150e-04
1.747976027330381220e-04
1.741980818672222314e-04
1.736034593750413813e-04
1.730136834709040234e-04
1.724287031366770258e-04
1.718484680971663059e-04
1.712729287978758861e-04
1.707020363847458900e-04
1.701357426856004882e-04
1.695740001930692202e-04
1.690167620487891930e-04
1.684639820286985563e-04
1.679156145292737485e-04
1.673716145545733078e-04
1.668319377039835418e-04
1.662965401605694257e-04
1.657653786799704199e-04
1.652384105797701939e-04
1.647155937293034989e-04
1.641968865398505078e-04
1.636822479551982667e-04
1.631716374425170788e-04
1.626650149835404114e-04
1.621623410660144170e-04
1.616635766753918063e-04
1.611686832867569269e-04
1.606776228569586299e-04
1.601903578169376423e-04
1.597068510642354346e-04
1.592270659556745821e-04
1.587509663001972844e-04
1.582785163518638048e-04
1.578096808029886297e-04
1.573444247774236744e-04
1.568827138239726755e-04
1.564245139099374241e-04
1.559697914147865395e-04
1.555185131239506620e-04
1.550706462227326784e-04
1.546261582903333620e-04
1.541850172939889560e-04
1.537471915832168781e-04
1.533126498841676515e-04
1.528813612940804843e-04
1.524532952758384874e-04
1.520284216526229619e-04
1.516067106026640170e-04
1.511881326540843757e-04
1.507726586798354459e-04
1.503602598927217813e-04
1.499509078405150155e-04
1.495445744011504672e-04
1.491412317780125684e-04
1.487408524952976230e-04
1.483434093934578812e-04
1.479488756247264675e-04
1.475572246487166046e-04
1.471684302280984924e-04
1.467824664243476906e-04
1.463993075935671726e-04
1.460189283823792026e-04
1.456413037238887419e-04
1.452664088337105258e-04
1.448942192060671287e-04
1.445247106099493701e-04
1.441578590853422612e-04
1.437936409395110975e-04
1.434320327433528204e-04
1.430730113278030522e-04
1.427165537803058259e-04
1.423626374413373887e-04
1.420112399009916700e-04
1.416623389956160833e-04
1.413159128045048184e-04
1.409719396466441741e-04
1.406303980775105305e-04
1.402912668859208228e-04
1.399545250909325358e-04
1.396201519387915940e-04
1.392881268999319674e-04
1.389584296660185915e-04
1.386310401470416238e-04
1.383059384684526868e-04
1.379831049683486258e-04
1.376625201946972518e-04
1.373441649026059931e-04
1.370280200516374642e-04
1.367140668031600827e-04
1.364022865177449810e-04
1.360926607526008383e-04
1.357851712590469576e-04
1.354797999800279220e-04
1.351765290476632437e-04
1.348753407808353120e-04
1.345762176828174032e-04
1.342791424389316412e-04
1.339840979142451220e-04
1.336910671513029554e-04
1.334000333678916645e-04
1.331109799548367372e-04
1.328238904738372305e-04
1.325387486553259895e-04
1.322555383963658880e-04
1.319742437585774849e-04
1.316948489660958179e-04
1.314173384035552514e-04
1.311416966141093704e-04
1.308679082974761377e-04
1.305959583080108593e-04
1.303258316528110264e-04
1.300575134898425704e-04
1.297909891261013807e-04
1.295262440157952065e-04
1.292632637585537203e-04
1.290020340976636803e-04
1.287425409183325813e-04
1.284847702459713322e-04
1.282287082445078064e-04
1.279743412147202070e-04
1.277216555925960177e-04
1.274706379477122322e-04
1.272212749816420375e-04
1.269735535263805527e-04
1.267274605427937963e-04
1.264829831190905033e-04
1.262401084693148671e-04
1.259988239318597192e-04
1.257591169679998474e-04
1.255209751604474590e-04
1.252843862119289490e-04
1.250493379437757617e-04
1.248158182945418985e-04
1.245838153186335667e-04
1.243533171849652301e-04
1.241243121756253084e-04
1.238967886845687380e-04
1.236707352163221628e-04
1.234461403847075312e-04
1.232229929115843936e-04
1.230012816256098465e-04
1.227809954610111073e-04
1.225621234563803691e-04
1.223446547534819888e-04
1.221285785960774016e-04
1.219138843287646183e-04
1.217005613958352996e-04
1.214885993401444892e-04
1.212779878019979379e-04
1.210687165180531828e-04
1.208607753202338008e-04
1.206541541346606018e-04
1.204488429805958055e-04
1.202448319694016517e-04
1.200421113035109774e-04
1.198406712754146263e-04
1.196405022666583448e-04
1.194415947468553045e-04
1.192439392727116885e-04
1.190475264870626194e-04
1.188523471179244985e-04
1.186583919775555855e-04
1.184656519615322174e-04
1.182741180478340536e-04
1.180837812959419927e-04
1.178946328459508071e-04
1.177066639176880527e-04
1.175198658098480624e-04
1.173342298991356835e-04
1.171497476394213596e-04
1.169664105609071619e-04
1.167842102693008167e-04
1.166031384450053054e-04
1.164231868423139796e-04
1.162443472886202456e-04
1.162443472885636096e-04
