8.731995078254977305e-05
8.731509884799944720e-05
8.730989740623036838e-05
8.730468424674928379e-05
8.729943876607053322e-05
8.729414945802865724e-05
8.728881197470322179e-05
8.728342621002221533e-05
8.727799453107847418e-05
8.727252067795100493e-05
8.726700946216816700e-05
8.726146579325798542e-05
8.725589317786333935e-05
8.725029482549652882e-05
8.724467626581726464e-05
8.723904356111152818e-05
8.723343936439397102e-05
8.722738425355223220e-05
8.722848817157742032e-05
8.761202560170748164e-05
8.841827194879602167e-05
8.943223116145385013e-05
9.047414621724245750e-05
9.153765307588110866e-05
9.263139558980725084e-05
9.377414133572162323e-05
9.499529761417551288e-05
9.633455208955311357e-05
9.784431819735134165e-05
9.959581030621291375e-05
1.016900750140611762e-04
1.042774769494562661e-04
1.075933834010890731e-04
1.120253198832540801e-04
1.182404748224305936e-04
1.274130292237135587e-04
1.415134553856952021e-04
1.631385564963358655e-04
1.936313952677230288e-04
2.307200900473655467e-04
2.702143217862865935e-04
3.089955114730888225e-04
3.452420116346445272e-04
3.778345932714975361e-04
4.061816363307171559e-04
4.301944107315623764e-04
4.501778705886006230e-04
4.666573123751371378e-04
4.802229327302504958e-04
4.914314102978627067e-04
5.007608903827136812e-04
5.086004611296646204e-04
5.152569223283732505e-04
5.209679394822768058e-04
5.259159753813532224e-04
5.302406503526092959e-04
5.340488531422190547e-04
5.374226679318405524e-04
5.404254448585555683e-04
5.431063910945670105e-04
5.455040227285278681e-04
5.476487525690879651e-04
5.495648326930863570e-04
5.512718123855541059e-04
5.527856387555541741e-04
5.541194859988620835e-04
5.552843854068445321e-04
5.562897049571933821e-04
5.571435138599227814e-04
5.578528632501727992e-04
5.584239990381041456e-04
5.588625296844688430e-04
5.591735549776229337e-04
5.593617624708825198e-04
5.594315027825995075e-04
5.593868575328058736e-04
5.592316819329810982e-04
5.589696396249619172e-04
5.586042347091318841e-04
5.581388346673160725e-04
5.575766894041362656e-04
5.569209459770396763e-04
5.561746604138523937e-04
5.553408074536496028e-04
5.544222884945738776e-04
5.534219380796155186e-04
5.523425292065505888e-04
5.511867776893016871e-04
5.499573457605370702e-04
5.486568450465133555e-04
5.472878390025424965e-04
5.458528449084490766e-04
5.443543355017048000e-04
5.427947402894861594e-04
5.411764465854993584e-04
5.395018003226918638e-04
5.377731066893572890e-04
5.359926306216630711e-04
5.341625971514468068e-04
5.322851916150158095e-04
5.303625597555076130e-04
5.283968077464545627e-04
5.263900021520935600e-04
5.243441698361275220e-04
5.222612978302535076e-04
5.201433331733242536e-04
5.179921827312563383e-04
5.158097130068439902e-04
5.135977499477490521e-04
5.113580787600323016e-04
5.090924437337765538e-04
5.068025480865644052e-04
5.044900538298673380e-04
5.021565816627143264e-04
4.998037108963379431e-04
4.974329794129257786e-04
4.950458836610276527e-04
4.926438786896243909e-04
4.902283782223939386e-04
4.878007547732364090e-04
4.853623398037104847e-04
4.829144239226360134e-04
4.804582571277693937e-04
4.779950490891487548e-04
4.755259694733990458e-04
4.730521483080398501e-04
4.705746763846076360e-04
4.680946056992074862e-04
4.656129499289385289e-04
4.631306849424571010e-04
4.606487493428810111e-04
4.581680450410635522e-04
4.556894378572370744e-04
4.532137581489326843e-04
4.507418014630659980e-04
4.482743292100172905e-04
4.458120693575634411e-04
4.433557171424855185e-04
4.409059357977141748e-04
4.384633572928931813e-04
4.360285830862811155e-04
4.336021848859532269e-04
4.311847054183319669e-04
4.287766592021255733e-04
4.263785333258280968e-04
4.239907882270070052e-04
4.216138584716848966e-04
4.192481535321967165e-04
4.168940585619989019e-04
4.145519351659808765e-04
4.122221221649338880e-04
4.099049363529008662e-04
4.076006732462357117e-04
4.053096078232820676e-04
4.030319952536712898e-04
4.007680716163247638e-04
3.985180546053265489e-04
3.962821442229264328e-04
3.940605234590025484e-04
3.918533589563927169e-04
3.896608016615845066e-04
3.874829874603210591e-04
3.853200377977515048e-04
3.831720602828111695e-04
3.810391492765974396e-04
3.789213864645578920e-04
3.768188414123413953e-04
3.747315721052548810e-04
3.726596254712900066e-04
3.706030378877340765e-04
3.685618356714239841e-04
3.665360355527403193e-04
3.645256451334774389e-04
3.625306633287513698e-04
3.605510807931377212e-04
3.585868803312693468e-04
3.566380372931256693e-04
3.547045199542963180e-04
3.527862898814823232e-04
3.508833022835610512e-04
3.489955063485123288e-04
3.471228455665362244e-04
3.452652580397065000e-04
3.434226767784982802e-04
3.415950299855534129e-04
3.397822413270280297e-04
3.379842301918967889e-04
3.362009119395680088e-04
3.344321981361888380e-04
3.326779967799956472e-04
3.309382125160859143e-04
3.292127468409722086e-04
3.275014982972865242e-04
3.258043626589988192e-04
3.241212331075104223e-04
3.224520003989799844e-04
3.207965530232401402e-04
3.191547773546608803e-04
3.175265577953054912e-04
3.159117769107382622e-04
3.143103155588233117e-04
3.127220530118635404e-04
3.111468670724307196e-04
3.095846341832240111e-04
3.080352295313099889e-04
3.064985271470866074e-04
3.049743999983293920e-04
3.034627200796654939e-04
3.019633584978445649e-04
3.004761855531692797e-04
2.990010708174617774e-04
2.975378832089579624e-04
2.960864910645252357e-04
2.946467622096096348e-04
2.932185640263590214e-04
2.918017635203392995e-04
2.903962273863267300e-04
2.890018220736326302e-04
2.876184138514753432e-04
2.862458688748928458e-04
2.848840532517361965e-04
2.835328331112885831e-04
2.821920746750639412e-04
2.808616443303692039e-04
2.795414087072110995e-04
2.782312347591406614e-04
2.769309898486323066e-04
2.756405418375832209e-04
2.743597591835253511e-04
2.730885110420881484e-04
2.718266673762441345e-04
2.705740990727982390e-04
2.693306780665244492e-04
2.680962774722396862e-04
2.668707717250114208e-04
2.656540367285169170e-04
2.644459500114044299e-04
2.632463908912746641e-04
2.620552406456310508e-04
2.608723826888476168e-04
2.596977027538141568e-04
2.585310890765544502e-04
2.573724325816140451e-04
2.562216270655769796e-04
2.550785693755120700e-04
2.539431595786476774e-04
2.528153011190687372e-04
2.516949009567405341e-04
2.505818696837944812e-04
2.494761216127396757e-04
2.483775748311762947e-04
2.472861512177355349e-04
2.462017764143785729e-04
2.451243797509617349e-04
2.440538941190738536e-04
2.429902557936876122e-04
2.419334042030422418e-04
2.408832816494456321e-04
2.398398329862061538e-04
2.388030052586305506e-04
2.377727473197717119e-04
2.367490094342295946e-04
2.357317428855631341e-04
2.347208996045663254e-04
2.337164318365340032e-04
2.327182918654665861e-04
2.317264318117519067e-04
2.307408035170493141e-04
2.297613585258600263e-04
2.287880481676238394e-04
2.278208237364446123e-04
2.268596367581203162e-04
2.259044393266625031e-04
2.249551844858486526e-04
2.240118266263135219e-04
2.230743218662000870e-04
2.221426283839413051e-04
2.212167066755662268e-04
2.202965197156719261e-04
2.193820330100603507e-04
2.184732145378615769e-04
2.175700345904094406e-04
2.166724655220323282e-04
2.157804814334189256e-04
2.148940578109123135e-04
2.140131711451045840e-04
2.131377985499322773e-04
2.122679173998028045e-04
2.114035049979809682e-04
2.105445382852027159e-04
2.096909935938256846e-04
2.088428464501734794e-04
2.080000714260411214e-04
2.071626420403330552e-04
2.063305307127416956e-04
2.055037087724432437e-04
2.046821465276524820e-04
2.038658134050142293e-04
2.030546781713574341e-04
2.022487092541876944e-04
2.014478751810618148e-04
2.006521451613265110e-04
1.998614898358605832e-04
1.990758822203981626e-04
1.982952988641079387e-04
1.975197212350868485e-04
1.967491373255404209e-04
1.959835434384534685e-04
1.952229460722971588e-04
1.944673637607326970e-04
1.937168286555712986e-04
1.929713875763407107e-04
1.922311022109235456e-04
1.914960481673837753e-04
1.907663126727281047e-04
1.900419908968477344e-04
1.893231811230485558e-04
1.886099792297104844e-04
1.879024731142326233e-04
1.872007377217354217e-04
1.865048312244780985e-04
1.858147926735634456e-04
1.851306411839998402e-04
1.844523764887833611e-04
1.837799805518680444e-04
1.831134198738488443e-04
1.824526481415422751e-04
1.817976089351754847e-04
1.811482382871227345e-04
1.805044669641479372e-04
1.798662224099737545e-04
1.792334303329415053e-04
1.786060159552856400e-04
1.779839049589814967e-04
1.773670241717161401e-04
1.767553020383885330e-04
1.761486689212582500e-04
1.755470572673092130e-04
1.749504016758406436e-04
1.743586388936059072e-04
1.737717077594762164e-04
1.731895491158459992e-04
1.726121056999395441e-04
1.720393220248203538e-04
1.714711442571962207e-04
1.709075200969611670e-04
1.703483986617820964e-04
1.697937303787861027e-04
1.692434668844802336e-04
1.686975609333934176e-04
1.681559663154494973e-04
1.676186377817846264e-04
1.670855309785199453e-04
1.665566023878828166e-04
1.660318092760173440e-04
1.655111096468208601e-04
1.649944622011486511e-04
1.644818263007652643e-04
1.639731619364753886e-04
1.634684296999087667e-04
1.629675907584931767e-04
1.624706068331961142e-04
1.619774401786656774e-04
1.614880535654489475e-04
1.610024102640069180e-04
1.605204740302754965e-04
1.600422090925612416e-04
1.595675801395762155e-04
1.590965523094563987e-04
1.586290911796093563e-04
1.581651627572779929e-04
1.577047334707084246e-04
1.572477701608468610e-04
1.567942400734899811e-04
1.563441108518387685e-04
1.558973505294132230e-04
1.554539275232798376e-04
1.550138106275680968e-04
1.545769690072444180e-04
1.541433721921136408e-04
1.537129900710285471e-04
1.532857928862818792e-04
1.528617512281686328e-04
1.524408360296976978e-04
1.520230185614444732e-04
1.516082704265266470e-04
1.511965635556999162e-04
1.507878702025646747e-04
1.503821629388721770e-04
1.499794146499325081e-04
1.495795985301106451e-04
1.491826880784134833e-04
1.487886570941592890e-04
1.483974796727318822e-04
1.480091302014112289e-04
1.476235833552778671e-04
1.472408140931950708e-04
1.468607976538591285e-04
1.464835095519211516e-04
1.461089255741754268e-04
1.457370217758121960e-04
1.453677744767399344e-04
1.450011602579607270e-04
1.446371559580180159e-04
1.442757386694973646e-04
1.439168857355852275e-04
1.435605747466900341e-04
1.432067835371138233e-04
1.428554901817822632e-04
1.425066729930278499e-04
1.421603105174237391e-04
1.418163815326720317e-04
1.414748650445394121e-04
1.411357402838453153e-04
1.407989867034969869e-04
1.404645839755707564e-04
1.401325119884441056e-04
1.398027508439698312e-04
1.394752808546942532e-04
1.391500825411244016e-04
1.388271366290341540e-04
1.385064240468115721e-04
1.381879259228521002e-04
1.378716235829916621e-04
1.375574985479739113e-04
1.372455325309657539e-04
1.369357074351051006e-04
1.366280053510860230e-04
1.363224085547861395e-04
1.360188995049253628e-04
1.357174608407638668e-04
1.354180753798307378e-04
1.351207261156921440e-04
1.348253962157496195e-04
1.345320690190731229e-04
1.342407280342664336e-04
1.339513569373642873e-04
1.336639395697609804e-04
1.333784599361702544e-04
1.330949022026133412e-04
1.328132506944410267e-04
1.325334898943808396e-04
1.322556044406139207e-04
1.319795791248803529e-04
1.317053988906154442e-04
1.314330488311066659e-04
1.311625141876822755e-04
1.308937803479247688e-04
1.306268328439107044e-04
1.303616573504737849e-04
1.300982396834957750e-04
1.298365657982202416e-04
1.295766217875899025e-04
1.293183938806103490e-04
1.290618684407321447e-04
1.288070319642612501e-04
1.285538710787892868e-04
1.283023725416441324e-04
1.280525232383675368e-04
1.278043101812064558e-04
1.275577205076340094e-04
1.273127414788840465e-04
1.270693604785092922e-04
1.268275650109602025e-04
1.265873427001808682e-04
1.263486812882265485e-04
1.261115686338992303e-04
1.258759927114023222e-04
1.256419416090128328e-04
1.254094035277725217e-04
1.251783667801971021e-04
1.249488197890033612e-04
1.247207510858503734e-04
1.244941493101009628e-04
1.242690032076014604e-04
1.240453016294725474e-04
1.238230335309194251e-04
1.236021879700599003e-04
1.233827541067634764e-04
1.231647212015098776e-04
1.229480786142595004e-04
1.227328158033435428e-04
1.225189223243622924e-04
1.223063878291042849e-04
1.220952020644758718e-04
1.218853548714462777e-04
1.216768361840048012e-04
1.214696360281352819e-04
1.212637445207990778e-04
1.210591518689362712e-04
1.208558483684760496e-04
1.206538244033623062e-04
1.204530704445889983e-04
1.202535770492526489e-04
1.200553348596116392e-04
1.198583346021621972e-04
1.196625670867230734e-04
1.194680232055327394e-04
1.192746939323604909e-04
1.190825703216245174e-04
1.190825703215636801e-04
