8.731994611487440140e-05
8.731509054960995156e-05
8.730988542586882778e-05
8.730466892705944471e-05
8.729942040322763008e-05
8.729412854243972142e-05
8.728878845282453597e-05
8.728340021661001294e-05
8.727796638368973039e-05
8.727249031818251341e-05
8.726697691130955203e-05
8.726143103535849172e-05
8.725585667612208033e-05
8.725025834624319495e-05
8.724463991445347813e-05
8.723900531860384329e-05
8.723335770021137974e-05
8.722769997700367047e-05
8.722203492797258228e-05
8.721636419316038385e-05
8.721069004382603460e-05
8.720501465052725410e-05
8.719933965206640386e-05
8.719366623335066385e-05
8.718799539079866634e-05
8.718232869555088654e-05
8.717666708896155102e-05
8.717101194052144356e-05
8.716536346097553275e-05
8.715972334397656428e-05
8.715409182582810929e-05
8.714846933180327930e-05
8.714285626435171368e-05
8.713725363338500852e-05
8.713166183971712158e-05
8.712608175785492711e-05
8.712051335784228500e-05
8.711495718201976821e-05
8.710941389097090308e-05
8.710388360304116789e-05
8.709836647216485526e-05
8.709286304536551903e-05
8.708737377152547777e-05
8.708189939036733215e-05
8.707643953674967980e-05
8.707099437459139379e-05
8.706556371907973771e-05
8.706014842598186953e-05
8.705474904504656658e-05
8.704936490957378950e-05
8.704399727060103346e-05
8.703864538872668939e-05
8.703331089719890015e-05
8.702799231628017705e-05
8.702273708847077939e-05
8.701682536137450975e-05
8.702415178231990656e-05
8.755779826728030970e-05
8.829999904501260020e-05
8.922442799350815891e-05
9.019025070016647983e-05
9.117134627654266226e-05
9.217398113290097049e-05
9.321395635307922487e-05
9.431442626089391057e-05
9.550594339842504105e-05
9.682775989178771790e-05
9.833123009891511855e-05
1.000861017661567573e-04
1.021912755991570868e-04
1.047935862080151922e-04
1.081212989362842725e-04
1.125458367605560546e-04
1.186955494901209269e-04
1.276502231724801833e-04
1.411735625538323188e-04
1.615552008111381926e-04
1.900828957383276954e-04
2.249971721955977880e-04
2.625961764374401021e-04
2.998713614815032616e-04
3.349918458864842622e-04
3.668250013821612978e-04
3.947382633686015050e-04
4.185672009547424357e-04
4.385289502743644464e-04
4.550724578500809237e-04
4.687334019766315461e-04
4.800351084423736458e-04
4.894382470751057349e-04
4.973246901189895671e-04
5.039999649949550211e-04
5.097035584926902681e-04
5.146211356380518340e-04
5.188959405445891637e-04
5.226384085578160161e-04
5.259338593193922488e-04
5.288484802079505007e-04
5.314339069445531962e-04
5.337307011186771680e-04
5.357709804130054206e-04
5.375804062444612067e-04
5.391796871639593968e-04
5.405857182326713646e-04
5.418124467573743903e-04
5.428715320275159014e-04
5.437728496131971623e-04
5.445248780437419956e-04
5.451349962147688426e-04
5.456097128310727741e-04
5.459548439511301967e-04
5.461756507866104542e-04
5.462769469803356722e-04
5.462631823841846432e-04
5.461385086974145358e-04
5.459068310685734164e-04
5.455718488091650022e-04
5.451370876396013140e-04
5.446059253321437884e-04
5.439816121897495449e-04
5.432672874731208842e-04
5.424659926370413617e-04
5.415806820437832694e-04
5.406142316723798729e-04
5.395694462276421277e-04
5.384490649640941975e-04
5.372557664715823210e-04
5.359921726163636947e-04
5.346608517906766824e-04
5.332643215921558820e-04
5.318050510300849918e-04
5.302854623364992945e-04
5.287079324455327923e-04
5.270747941929519514e-04
5.253883372789721175e-04
5.236508090304299590e-04
5.218644149929231937e-04
5.200313193791377287e-04
5.181536453960709342e-04
5.162334754710023619e-04
5.142728513937269751e-04
5.122737743905605122e-04
5.102382051439594262e-04
5.081680637701626842e-04
5.060652297659450809e-04
5.039315419344511963e-04
5.017687982990414386e-04
4.995787560131275144e-04
4.973631312730945149e-04
4.951235992406254191e-04
4.928617939799410756e-04
4.905793084148033466e-04
4.882776943094385702e-04
4.859584622769403989e-04
4.836230818180971931e-04
4.812729813930969247e-04
4.789095485280055338e-04
4.765341299574879421e-04
4.741480318047792703e-04
4.717525197995361833e-04
4.693488195338199500e-04
4.669381167561246463e-04
4.645215577030865320e-04
4.621002494682026709e-04
4.596752604066739727e-04
4.572476205752560403e-04
4.548183222058164521e-04
4.523883202111313932e-04
4.499585327213149002e-04
4.475298416491544544e-04
4.451030932825312462e-04
4.426790989020240163e-04
4.402586354217452895e-04
4.378424460513988606e-04
4.354312409775434878e-04
4.330256980620159285e-04
4.306264635554932869e-04
4.282341528241620640e-04
4.258493510875066231e-04
4.234726141652591638e-04
4.211044692315972070e-04
4.187454155747284820e-04
4.163959253600545466e-04
4.140564443951814011e-04
4.117273928951072060e-04
4.094091662459853039e-04
4.071021357659528484e-04
4.048066494615781721e-04
4.025230327785759774e-04
4.002515893455144071e-04
3.979926017093290166e-04
3.957463320615548907e-04
3.935130229542556412e-04
3.912928980047379059e-04
3.890861625882183011e-04
3.868930045177027509e-04
3.847135947104108689e-04
3.825480878401720636e-04
3.803966229752937149e-04
3.782593242014684444e-04
3.761363012293708250e-04
3.740276499866479216e-04
3.719334531940789081e-04
3.698537809257309390e-04
3.677886911530133169e-04
3.657382302725544973e-04
3.637024336179172702e-04
3.616813259551868685e-04
3.596749219625209075e-04
3.576832266938142438e-04
3.557062360266513611e-04
3.537439370947716307e-04
3.517963087053094478e-04
3.498633217411106495e-04
3.479449395484634317e-04
3.460411183106120152e-04
3.441518074074547025e-04
3.422769497618655902e-04
3.404164821730960074e-04
3.385703356377612965e-04
3.367384356589241926e-04
3.349207025438294795e-04
3.331170516908734942e-04
3.313273938664042478e-04
3.295516354719886455e-04
3.277896788028136429e-04
3.260414222978978271e-04
3.243067607828331155e-04
3.225855857057983306e-04
3.208777853676112336e-04
3.191832451466162872e-04
3.175018477192198887e-04
3.158334732769271531e-04
3.141779997407350864e-04
3.125353029737684848e-04
3.109052569930569813e-04
3.092877341813476564e-04
3.076826054998742926e-04
3.060897407029633771e-04
3.045090085553703958e-04
3.029402770531751301e-04
3.013834136490468299e-04
2.998382854825876816e-04
2.983047596163940869e-04
2.967827032783333478e-04
2.952719841103970135e-04
2.937724704242753045e-04
2.922840314635791062e-04
2.908065376723341258e-04
2.893398609690475774e-04
2.878838750252296912e-04
2.864384555468050555e-04
2.850034805563164014e-04
2.835788306732274565e-04
2.821643893889953358e-04
2.807600433328775037e-04
2.793656825237120873e-04
2.779812006021905734e-04
2.766064950374310110e-04
2.752414673010738296e-04
2.738860230016520558e-04
2.725400719717389420e-04
2.712035283004761996e-04
2.698763103045239407e-04
2.685583404314474763e-04
2.672495450910373593e-04
2.659498544121816012e-04
2.646592019256212313e-04
2.633775241762122241e-04
2.621047602720864801e-04
2.608408513821817987e-04
2.595857401977585033e-04
2.583393703774648710e-04
2.571016859988968246e-04
2.558726310420324636e-04
2.546521489311011355e-04
2.534401821608947797e-04
2.522366720310565921e-04
2.510415585072074121e-04
2.498547802209209485e-04
2.486762746116707263e-04
2.475059782034956047e-04
2.463438269980503317e-04
2.451897569551282846e-04
2.440437045229374336e-04
2.429056071748374461e-04
2.417754039079203564e-04
2.406530356623017670e-04
2.395384456280939378e-04
2.384315794186965564e-04
2.373323851026255533e-04
2.362408130996291591e-04
2.351568159584406352e-04
2.340803480418402838e-04
2.330113651490749399e-04
2.319498241062196650e-04
2.308956823524484746e-04
2.298488975454757123e-04
2.288094272037906915e-04
2.277772283977396296e-04
2.267522574968190469e-04
2.257344699771463156e-04
2.247238202910848640e-04
2.237202618013550692e-04
2.227237467828787558e-04
2.217342264975826133e-04
2.207516513510342942e-04
2.197759711437804802e-04
2.188071354346944998e-04
2.178450940381927725e-04
2.168897976813312562e-04
2.159411988497956093e-04
2.149992528524321948e-04
2.140639191304426680e-04
2.131351628271371747e-04
2.122129566139325520e-04
2.112972827344081173e-04
2.103881351776154313e-04
2.094855218239456034e-04
2.085894663266236017e-04
2.077000094132878916e-04
2.068172092401692808e-04
2.059411404397162382e-04
2.050718916030716218e-04
2.042095611436339558e-04
2.033542517707885350e-04
2.025060640947681507e-04
2.016650900931354136e-04
2.008314072223170671e-04
2.000050738335064273e-04
1.991861262942415715e-04
1.983745779093817213e-04
1.975704194641581175e-04
1.967736210331928292e-04
1.959841346271942795e-04
1.952018972653200032e-04
1.944268341327116446e-04
1.936588615765514850e-04
1.928978897861187880e-04
1.921438250793530179e-04
1.913965717756219479e-04
1.906560336724504739e-04
1.899221151662123977e-04
1.891947220673136066e-04
1.884737621628510430e-04
1.877591455772456683e-04
1.870507849760848858e-04
1.863485956519596125e-04
1.856524955244082261e-04
1.849624050798121097e-04
1.842782472714973993e-04
1.835999473955350712e-04
1.829274329537810000e-04
1.822606335125317469e-04
1.815994805626474902e-04
1.809439073850847997e-04
1.802938489242970866e-04
1.796492416709018377e-04
1.790100235542244978e-04
1.783761338447821553e-04
1.777475130664035079e-04
1.771241029174594874e-04
1.765058462005173498e-04
1.758926867596870172e-04
1.752845694248987237e-04
1.746814399623731909e-04
1.740832450305760499e-04
1.734899321410041464e-04
1.729014496232072812e-04
1.723177465935014962e-04
1.717387729268991076e-04
1.711644792318241356e-04
1.705948168272427667e-04
1.700297377218815836e-04
1.694691945952507203e-04
1.689131407802250972e-04
1.683615302469755961e-04
1.678143175880634488e-04
1.672714580045483004e-04
1.667329072929731211e-04
1.661986218331103909e-04
1.656685585763815192e-04
1.651426750348560142e-04
1.646209292707658933e-04
1.641032798864786285e-04
1.635896860148721961e-04
1.630801073100709487e-04
1.625745039385053108e-04
1.620728365702713383e-04
1.615750663707486972e-04
1.610811549924677109e-04
1.605910645672002407e-04
1.601047576982580828e-04
1.596221974529842176e-04
1.591433473554274794e-04
1.586681713791859003e-04
1.581966339404111124e-04
1.577286998909648095e-04
1.572643345117245037e-04
1.568035035060225840e-04
1.563461729932238823e-04
1.558923095024295489e-04
1.554418799663045807e-04
1.549948517150241786e-04
1.545511924703383644e-04
1.541108703397467243e-04
1.536738538107832819e-04
1.532401117454053720e-04
1.528096133744868154e-04
1.523823282924139299e-04
1.519582264517742407e-04
1.515372781581458589e-04
1.511194540649768762e-04
1.507047251685572956e-04
1.502930628030792171e-04
1.498844386357846802e-04
1.494788246621966651e-04
1.490761932014381043e-04
1.486765168916253245e-04
1.482797686853480612e-04
1.478859218452217373e-04
1.474949499395192384e-04
1.471068268378782865e-04
1.467215267070770893e-04
1.463390240068877552e-04
1.459592934859949226e-04
1.455823101779872206e-04
1.452080493974123177e-04
1.448364867359019567e-04
1.444675980583547494e-04
1.441013594991927792e-04
1.437377474586699737e-04
1.433767385992484845e-04
1.430183098420304423e-04
1.426624383632508065e-04
1.423091015908246968e-04
1.419582772009556017e-04
1.416099431147928105e-04
1.412640774951478260e-04
1.409206587432606226e-04
1.405796654956194920e-04
1.402410766208310054e-04
1.399048712165416658e-04
1.395710286064041742e-04
1.392395283370978260e-04
1.389103501753917317e-04
1.385834741052564215e-04
1.382588803250178961e-04
1.379365492445612247e-04
1.376164614825741241e-04
1.372985978638342308e-04
1.369829394165375449e-04
1.366694673696719508e-04
1.363581631504273836e-04
1.360490083816461374e-04
1.357419848793147538e-04
1.354370746500925017e-04
1.351342598888783731e-04
1.348335229764126926e-04
1.345348464769203329e-04
1.342382131357841525e-04
1.339436058772554316e-04
1.336510078022000057e-04
1.333604021858772503e-04
1.330717724757514832e-04
1.327851022893358930e-04
1.325003754120730054e-04
1.322175757952397330e-04
1.319366875538869580e-04
1.316576949648100140e-04
1.313805824645490378e-04
1.311053346474153416e-04
1.308319362635523993e-04
1.305603722170195729e-04
1.302906275639071731e-04
1.300226875104787058e-04
1.297565374113367545e-04
1.294921627676201418e-04
1.292295492252245367e-04
1.289686825730471315e-04
1.287095487412604020e-04
1.284521337996070913e-04
1.281964239557215122e-04
1.279424055534731037e-04
1.276900650713357359e-04
1.274393891207783753e-04
1.271903644446785442e-04
1.269429779157599041e-04
1.266972165350495447e-04
1.264530674303581217e-04
1.262105178547807851e-04
1.259695551852204145e-04
1.257301669209293668e-04
1.254923406820719059e-04
1.252560642083093184e-04
1.250213253574010766e-04
1.247881121038263560e-04
1.245564125374265063e-04
1.243262148620620771e-04
1.240975073942936690e-04
1.240975073942212714e-04
