8.731994597646466417e-05
8.731509108265827492e-05
8.730988704765620828e-05
8.730467160659473574e-05
8.729942409431137786e-05
8.729413294686759364e-05
8.728879376851467122e-05
8.728340641555151953e-05
8.727797322629085532e-05
8.727249791962438249e-05
8.726698529206043859e-05
8.726144023951625916e-05
8.725586625941092760e-05
8.725026655765853441e-05
8.724464666813762435e-05
8.723901263990212825e-05
8.723340716242482533e-05
8.722734914659918876e-05
8.722847501584745625e-05
8.758575194546767962e-05
8.832664788260926366e-05
8.926031521277974252e-05
9.022044805648002039e-05
9.119702486572724913e-05
9.219392070661561970e-05
9.322393176377433003e-05
9.430856113880080923e-05
9.547663473027153541e-05
9.676495261778134019e-05
9.822125029091153875e-05
9.990968679805940463e-05
1.019200812533371613e-04
1.043839093542563309e-04
1.075026430652933457e-04
1.115992502074225027e-04
1.172126600966791148e-04
1.252629750557646257e-04
1.372778488906638923e-04
1.554099730837994536e-04
1.813923363212327727e-04
2.144079853200193779e-04
2.511172066156441103e-04
2.882547189957133851e-04
3.237355521771744437e-04
3.562771959798510584e-04
3.851132166995902082e-04
4.099441854569353216e-04
4.308773113565510845e-04
4.482938273016660283e-04
4.627010558717151731e-04
4.746206530851456752e-04
4.845256504812837733e-04
4.928155375685848785e-04
4.998138223508468087e-04
5.057761069111846482e-04
5.109015850711834698e-04
5.153444551196017728e-04
5.192238432413232019e-04
5.226318865754124403e-04
5.256400891261163878e-04
5.283042233945434802e-04
5.306680682975576952e-04
5.327662471110377424e-04
5.346263749980838687e-04
5.362706886481477704e-04
5.377172803196859224e-04
5.389810376534449323e-04
5.400743612548326682e-04
5.410077118610918077e-04
5.417900319241320678e-04
5.424290668111950110e-04
5.429316173340024629e-04
5.433037343831228615e-04
5.435508657085534124e-04
5.436779703391880205e-04
5.436896189986417096e-04
5.435900614359894792e-04
5.433832785358014500e-04
5.430730304372424983e-04
5.426628911621116233e-04
5.421562771353850797e-04
5.415564694564079960e-04
5.408666315202661839e-04
5.400898234090735625e-04
5.392290135886933320e-04
5.382870884079081963e-04
5.372668598448523307e-04
5.361710718464135841e-04
5.350024055311672659e-04
5.337634834781444879e-04
5.324568732741368675e-04
5.310850904382864593e-04
5.296506008290154457e-04
5.281558226295320806e-04
5.266031279745794465e-04
5.249948442680352385e-04
5.233332552444542197e-04
5.216206018252739522e-04
5.198590828121748804e-04
5.180508554335370910e-04
5.161980357474827124e-04
5.143026989245447688e-04
5.123668794392604491e-04
5.103925711907343881e-04
5.083817275658497137e-04
5.063362614568680089e-04
5.042580452443433696e-04
5.021489107554084853e-04
5.000106492066126816e-04
4.978450111395323454e-04
4.956537063565152499e-04
4.934384038630411145e-04
4.912007318224412018e-04
4.889422775279676434e-04
4.866645873965485440e-04
4.843691669879220357e-04
4.820574810522561715e-04
4.797309536088342481e-04
4.773909680578428258e-04
4.750388673268585550e-04
4.726759540531672347e-04
4.703034908026645553e-04
4.679227003256984305e-04
4.655347658498987218e-04
4.631408314097062323e-04
4.607420022120566430e-04
4.583393450374169224e-04
4.559338886751522382e-04
4.535266243920140525e-04
4.511185064323466063e-04
4.487104525485144011e-04
4.463033445598652850e-04
4.438980289384949628e-04
4.414953174199675082e-04
4.390959876371021702e-04
4.367007837748737684e-04
4.343104172444550585e-04
4.319255673744132351e-04
4.295468821170701952e-04
4.271749787680463747e-04
4.248104446970305762e-04
4.224538380878544211e-04
4.201056886859848034e-04
4.177664985516050264e-04
4.154367428165080495e-04
4.131168704430819723e-04
4.108073049837555478e-04
4.085084453393112444e-04
4.062206665145950317e-04
4.039443203701790553e-04
4.016797363686605473e-04
3.994272223143279128e-04
3.971870650850377999e-04
3.949595313552007898e-04
3.927448683088915777e-04
3.905433043421403880e-04
3.883550497535916590e-04
3.861802974227577200e-04
3.840192234751874491e-04
3.818719879339601609e-04
3.797387353569640304e-04
3.776195954595136105e-04
3.755146837219089742e-04
3.734241019816280792e-04
3.713479390098830949e-04
3.692862710723518764e-04
3.672391624739436942e-04
3.652066660875061418e-04
3.631888238664434570e-04
3.611856673412635536e-04
3.591972181000991347e-04
3.572234882533069714e-04
3.552644808822819035e-04
3.533201904726636952e-04
3.513906033321296260e-04
3.494756979930211532e-04
3.475754456000632281e-04
3.456898102834676995e-04
3.438187495177304535e-04
3.419622144664634855e-04
3.401201503136084192e-04
3.382924965814099096e-04
3.364791874355312225e-04
3.346801519777190524e-04
3.328953145264312028e-04
3.311245948858568527e-04
3.293679086037737684e-04
3.276251672186806423e-04
3.258962784966848588e-04
3.241811466585988854e-04
3.224796725977334497e-04
3.207917540888804899e-04
3.191172859889760457e-04
3.174561604299559183e-04
3.158082670043226188e-04
3.141734929439519899e-04
3.125517232926756407e-04
3.109428410731999428e-04
3.093467274489091639e-04
3.077632618811454186e-04
3.061923222825382743e-04
3.046337851669933885e-04
3.030875257969462455e-04
3.015534183284915076e-04
3.000313359550279852e-04
2.985211510500393353e-04
2.970227353096352050e-04
2.955359598954910910e-04
2.940606955787902180e-04
2.925968128857721513e-04
2.911441822454592459e-04
2.897026741401150679e-04
2.882721592589097240e-04
2.868525086552571124e-04
2.854435939081722325e-04
2.840452872879341327e-04
2.826574619262169638e-04
2.812799919907122315e-04
2.799127528641177812e-04
2.785556213271595818e-04
2.772084757450948280e-04
2.758711962568842404e-04
2.745436649659257241e-04
2.732257661308948771e-04
2.719173863548846547e-04
2.706184147706157243e-04
2.693287432190702652e-04
2.680482664184607577e-04
2.667768821200025673e-04
2.655144912465416066e-04
2.642609980097356112e-04
2.630163100012010099e-04
2.617803382529016311e-04
2.605529972620706071e-04
2.593342049762052334e-04
2.581238827341853577e-04
2.569219551603674819e-04
2.557283500096661495e-04
2.545429979630965634e-04
2.533658323750986137e-04
2.521967889760429139e-04
2.510358055356648487e-04
2.498828214956185369e-04
2.487377775817786025e-04
2.476006154091717573e-04
2.464712770943462260e-04
2.453497048913358511e-04
2.442358408679957656e-04
2.431296266391904303e-04
2.420310031719213580e-04
2.409399106749129395e-04
2.398562885813649290e-04
2.387800756286225737e-04
2.377112100325829748e-04
2.366496297481356819e-04
2.355952728003080695e-04
2.345480776647357313e-04
2.335079836713429603e-04
2.324749314023683824e-04
2.314488630557001594e-04
2.304297227470451131e-04
2.294174567297088381e-04
2.284120135180259671e-04
2.274133439089365521e-04
2.264214009047179580e-04
2.254361395474638633e-04
2.244575166816204848e-04
2.234854906643766071e-04
2.225200210448000213e-04
2.215610682316180571e-04
2.206085931669981713e-04
2.196625570202382011e-04
2.187229209115449627e-04
2.177896456726372346e-04
2.168626916481225216e-04
2.159420185396802351e-04
2.150275852939864403e-04
2.141193500359385221e-04
2.132172700494597924e-04
2.123213018095305353e-04
2.114314010718073460e-04
2.105475230290992266e-04
2.096696225472899247e-04
2.087976544968501763e-04
2.079315741996396708e-04
2.070713380138303823e-04
2.062169040818612198e-04
2.053682332663413180e-04
2.045252902952666909e-04
2.036880451286430019e-04
2.028564745409756442e-04
2.020305638851468434e-04
2.012103089605767200e-04
2.003957178520159976e-04
1.995868125391924471e-04
1.987836300131413849e-04
1.979862225926717369e-04
1.971946571407451766e-04
1.964090129612222201e-04
1.956293783215939486e-04
1.948558457774863129e-04
1.940885067166996894e-04
1.933274457216161649e-04
1.925727354070984028e-04
1.918244323046420878e-04
1.910825741614731921e-04
1.903471787705044750e-04
1.896182442144712227e-04
1.888957502450390946e-04
1.881796604424713709e-04
1.874699248027423106e-04
1.867664824513311846e-04
1.860692642588452446e-04
1.853781952117878283e-04
1.846931964593977833e-04
1.840141870092086324e-04
1.833410850795268165e-04
1.826738091387109528e-04
1.820122786722320779e-04
1.813564147221367895e-04
1.807061402424334033e-04
1.800613803100369309e-04
1.794220622257324514e-04
1.787881155340155515e-04
1.781594719853049245e-04
1.775360654591212259e-04
1.769178318626272171e-04
1.763047090153657985e-04
1.756966365281509138e-04
1.750935556817708870e-04
1.744954093093657407e-04
1.739021416849727850e-04
1.733136984197168888e-04
1.727300263663818778e-04
1.721510735325654522e-04
1.715767890022633162e-04
1.710071228654801167e-04
1.704420261553404317e-04
1.698814507920640051e-04
1.693253495331707541e-04
1.687736759292628294e-04
1.682263842847701819e-04
1.676834296230753833e-04
1.671447676554916207e-04
1.666103547536090898e-04
1.660801479245808780e-04
1.655541047889654493e-04
1.650321835607866216e-04
1.645143430295188159e-04
1.640005425437396185e-04
1.634907419962212147e-04
1.629849018102639126e-04
1.624829829270946235e-04
1.619849467941853426e-04
1.614907553543516586e-04
1.610003710355265320e-04
1.605137567411184306e-04
1.600308758408775227e-04
1.595516921622091308e-04
1.590761699818861983e-04
1.586042740181248288e-04
1.581359694229729431e-04
1.576712217749983108e-04
1.572099970722346505e-04
1.567522617253639761e-04
1.562979825511164619e-04
1.558471267658613718e-04
1.553996619793787237e-04
1.549555561887890314e-04
1.545147777726398497e-04
1.540772954851248890e-04
1.536430784504376533e-04
1.532120961572464002e-04
1.527843184532857610e-04
1.523597155400591120e-04
1.519382579676454355e-04
1.515199166296087746e-04
1.511046627580058877e-04
1.506924679184864688e-04
1.502833040054839784e-04
1.498771432374971960e-04
1.494739581524566648e-04
1.490737216031723172e-04
1.486764067528660734e-04
1.482819870707805248e-04
1.478904363278649744e-04
1.475017285925373997e-04
1.471158382265203837e-04
1.467327398807488214e-04
1.463524084913446293e-04
1.459748192756629313e-04
1.455999477284077145e-04
1.452277696178076857e-04
1.448582609818582366e-04
1.444913981246305219e-04
1.441271576126351803e-04
1.437655162712515422e-04
1.434064511812134317e-04
1.430499396751546554e-04
1.426959593342094312e-04
1.423444879846691706e-04
1.419955036946966679e-04
1.416489847710849050e-04
1.413049097560809084e-04
1.409632574242501008e-04
1.406240067793973567e-04
1.402871370515336490e-04
1.399526276938946009e-04
1.396204583800033554e-04
1.392906090007818543e-04
1.389630596617075719e-04
1.386377906800150537e-04
1.383147825819410403e-04
1.379940161000127420e-04
1.376754721703791833e-04
1.373591319301837210e-04
1.370449767149766222e-04
1.367329880561689781e-04
1.364231476785240232e-04
1.361154374976907379e-04
1.358098396177696789e-04
1.355063363289204701e-04
1.352049101050051814e-04
1.349055436012651539e-04
1.346082196520350413e-04
1.343129212684908132e-04
1.340196316364324265e-04
1.337283341140972875e-04
1.334390122300090325e-04
1.331516496808584271e-04
1.328662303294131332e-04
1.325827382024620613e-04
1.323011574887859886e-04
1.320214725371623554e-04
1.317436678543976549e-04
1.314677281033867933e-04
1.311936381012042971e-04
1.309213828172195362e-04
1.306509473712437952e-04
1.303823170316997608e-04
1.301154772138212313e-04
1.298504134778761903e-04
1.295871115274162808e-04
1.293255572075524367e-04
1.290657365032531721e-04
1.288076355376705201e-04
1.285512405704839942e-04
1.282965379962730122e-04
1.280435143429143360e-04
1.277921562699935534e-04
1.275424505672480009e-04
1.272943841530258414e-04
1.270479440727695364e-04
1.268031174975205958e-04
1.265598917224407260e-04
1.263182541653610049e-04
1.260781923653468315e-04
1.258396939812806033e-04
1.256027467904691664e-04
1.253673386872675296e-04
1.251334576817205487e-04
1.249010918982257530e-04
1.246702295742130307e-04
1.244408590588422583e-04
1.242129688117199308e-04
1.239865474016317831e-04
1.237615835052929489e-04
1.235380659061156025e-04
1.233159834929922944e-04
1.230953252590980158e-04
1.228760803007036752e-04
1.226582378160102286e-04
1.224417871039966605e-04
1.222267175632836588e-04
1.220130186910098390e-04
1.218006800817276743e-04
1.215896914263097116e-04
1.213800425108721215e-04
1.211717232157106486e-04
1.209647235142519850e-04
1.207590334720181127e-04
1.205546432456038475e-04
1.203515430816681780e-04
1.201497233159398356e-04
1.199491743722351159e-04
1.197498867614859316e-04
1.195518510807860678e-04
1.193550580124433174e-04
1.191594983230505914e-04
1.189651628625615956e-04
1.187720425633862268e-04
1.185801284394903188e-04
1.183894115855120994e-04
1.181998831758889596e-04
1.180115344639920850e-04
1.178243567812777280e-04
1.176383415364427371e-04
1.174534802145969168e-04
1.172697643764414197e-04
1.170871856574615848e-04
1.170871856574037698e-04
