8.731994618538698046e-05
8.731509074438932485e-05
8.730988569728331046e-05
8.730466954765865204e-05
8.729942137495861297e-05
8.729412972212217178e-05
8.728878978895444603e-05
8.728340195406097566e-05
8.727796798872255524e-05
8.727249224486279141e-05
8.726697938561198543e-05
8.726143339293707449e-05
8.725585918806423201e-05
8.725026088205217365e-05
8.724464294628125091e-05
8.723900860892385898e-05
8.723336152591130912e-05
8.722770383189610926e-05
8.722203838196714606e-05
8.721636805231369651e-05
8.721069442457452480e-05
8.720501910766276113e-05
8.719934395657100547e-05
8.719367032382779349e-05
8.718799995449285614e-05
8.718233342808357096e-05
8.717667275602580812e-05
8.717101808570938551e-05
8.716537009931767110e-05
8.715972974572138050e-05
8.715409784966759044e-05
8.714847546216071788e-05
8.714286266648345455e-05
8.713726033214054534e-05
8.713166904852613789e-05
8.712608889141031088e-05
8.712052055416129228e-05
8.711496445294583050e-05
8.710942169965205431e-05
8.710389198802122898e-05
8.709837539576649966e-05
8.709287205709558834e-05
8.708738307346138117e-05
8.708190833447825984e-05
8.707644843013042193e-05
8.707100324963051158e-05
8.706557469867148521e-05
8.706015910999545277e-05
8.705481716283523862e-05
8.704937509631986237e-05
8.719982313623009219e-05
8.782888519755897047e-05
8.863161218292982257e-05
8.950809216369728504e-05
9.043236638533125803e-05
9.138832839586487680e-05
9.237498481558630557e-05
9.340358371892573425e-05
9.449477466592725141e-05
9.567741051102432882e-05
9.698943497793929033e-05
9.848081244032921052e-05
1.002193014888118995e-04
1.023004441802008463e-04
1.048652113092817515e-04
1.081313172778661149e-04
1.124499163590387190e-04
1.184094136581969269e-04
1.270126058760457277e-04
1.398953977463525790e-04
1.592345677717687689e-04
1.864578757149301842e-04
2.202289064854724525e-04
2.570771327597143872e-04
2.939445017447791641e-04
3.289177293512895637e-04
3.608098426034525813e-04
3.889327699505575574e-04
4.130592047784039950e-04
4.333491901494428773e-04
4.502109715006522646e-04
4.641573967224314171e-04
4.757026985749667467e-04
4.853069329633230978e-04
4.933556785085049237e-04
5.001598483041588177e-04
5.059645504903566640e-04
5.109606258625215038e-04
5.152957947669069413e-04
5.190842313532263502e-04
5.224143154773235346e-04
5.253547094370062233e-04
5.279590363950751502e-04
5.302694474280747212e-04
5.323193285927449838e-04
5.341353522652419680e-04
5.357390323105512900e-04
5.371479050631129681e-04
5.383764282895927254e-04
5.394366673791937006e-04
5.403388206747725131e-04
5.410916228725479735e-04
5.417026557292259348e-04
5.421785880930950945e-04
5.425253618866519119e-04
5.427483366380778888e-04
5.428524021357559277e-04
5.428420665045378566e-04
5.427215252837625827e-04
5.424947157842027702e-04
5.421653600103566468e-04
5.417369986786275526e-04
5.412130182837511646e-04
5.405966727224034577e-04
5.398911006421370107e-04
5.390993394214960328e-04
5.382243364848634257e-04
5.372689584994615837e-04
5.362359988813298955e-04
5.351281839438027385e-04
5.339481779498956139e-04
5.326985872741580837e-04
5.313819638363261131e-04
5.300008079356184534e-04
5.285575705885652486e-04
5.270546554531108400e-04
5.254944204061004964e-04
5.238791788290329517e-04
5.222112006474729931e-04
5.204927131620132796e-04
5.187259017028174931e-04
5.169129101350387456e-04
5.150558412386778331e-04
5.131567569833907563e-04
5.112176787162374088e-04
5.092405872782608490e-04
5.072274230640448026e-04
5.051800860368420775e-04
5.031004357105357165e-04
5.009902911085290867e-04
4.988514307085752759e-04
4.966855923816071655e-04
4.944944733317139379e-04
4.922797300436222148e-04
4.900429782432561433e-04
4.877857928762444973e-04
4.855097081085844803e-04
4.832162173530398798e-04
4.809067733242945947e-04
4.785827881253177404e-04
4.762456333669144487e-04
4.738966403219550361e-04
4.715371001153660386e-04
4.691682639505435014e-04
4.667913433725073315e-04
4.644075105677707475e-04
4.620178987006105711e-04
4.596236022851360307e-04
4.572256775923292109e-04
4.548251430910059054e-04
4.524229799214544859e-04
4.500201324003474447e-04
4.476175085553945536e-04
4.452159806880570734e-04
4.428163859625792358e-04
4.404195270194911980e-04
4.380261726116847082e-04
4.356370582611223297e-04
4.332528869342248674e-04
4.308743297339370218e-04
4.285020266065103279e-04
4.261365870610343614e-04
4.237785908997739157e-04
4.214285889574031965e-04
4.190871038472800125e-04
4.167546307129440858e-04
4.144316379830867599e-04
4.121185681282922954e-04
4.098158384179474332e-04
4.075238416757361276e-04
4.052429470322819072e-04
4.029735006735165269e-04
4.007158265834647078e-04
3.984702272802206837e-04
3.962369845439490316e-04
3.940163601358514958e-04
3.918085965071056460e-04
3.896139174968624185e-04
3.874325290184734501e-04
3.852646197331996165e-04
3.831103617107104115e-04
3.809699110757743847e-04
3.788434086406205462e-04
3.767309805224956418e-04
3.746327387460516504e-04
3.725487818302380266e-04
3.704791953594747467e-04
3.684240525389115978e-04
3.663834147336859979e-04
3.643573319921098504e-04
3.623458435527957856e-04
3.603489783357686528e-04
3.583667554176404326e-04
3.563991844909909800e-04
3.544462663080986888e-04
3.525079931092179675e-04
3.505843490356202064e-04
3.486753105276354570e-04
3.467808467079768267e-04
3.449009197506312688e-04
3.430354852356401864e-04
3.411844924901033505e-04
3.393478849157687428e-04
3.375256003035866027e-04
3.357175711356301883e-04
3.339237248747864645e-04
3.321439842426595636e-04
3.303782674861243827e-04
3.286264886329917016e-04
3.268885577372681586e-04
3.251643811144766939e-04
3.234538615675572283e-04
3.217568986038480436e-04
3.200733886436732162e-04
3.184032252210739758e-04
3.167462991772272826e-04
3.151024988471169274e-04
3.134717102400217509e-04
3.118538172144169705e-04
3.102487016478719124e-04
3.086562436025612802e-04
3.070763214870080612e-04
3.055088122146890767e-04
3.039535913601379771e-04
3.024105333132044433e-04
3.008795114321133920e-04
2.993603981959879357e-04
2.978530653574839064e-04
2.963573840961938378e-04
2.948732251734491349e-04
2.934004590891420576e-04
2.919389562411567828e-04
2.904885870879467670e-04
2.890492223147657076e-04
2.876207330039632867e-04
2.862029908096888468e-04
2.847958681372238514e-04
2.833992383270351242e-04
2.820129758434817549e-04
2.806369564679067358e-04
2.792710574956221311e-04
2.779151579360309506e-04
2.765691387148252718e-04
2.752328828768564584e-04
2.739062757878807895e-04
2.725892053329835823e-04
2.712815621090047488e-04
2.699832396078498983e-04
2.686941343870733411e-04
2.674141462236692929e-04
2.661431782465982976e-04
2.648811370432432497e-04
2.636279327347648064e-04
2.623834790153132938e-04
2.611476931502039944e-04
2.599204959286349282e-04
2.587018115672839861e-04
2.574915675622437223e-04
2.562896944882446753e-04
2.550961257459727284e-04
2.539107972604855352e-04
2.527336471361711417e-04
2.515646152763265433e-04
2.504036429780724313e-04
2.492506725158183845e-04
2.481056467286600837e-04
2.469685086287040122e-04
2.458392010481736355e-04
2.447176663430437665e-04
2.436038461696907447e-04
2.424976813485428724e-04
2.413991118248454961e-04
2.403080767315475790e-04
2.392245145531037237e-04
2.381483633820680179e-04
2.370795612532186896e-04
2.360180465333832961e-04
2.349637583398193051e-04
2.339166369568107561e-04
2.328766242196271031e-04
2.318436638374535633e-04
2.308177016322320464e-04
2.297986856779648710e-04
2.287865663339324967e-04
2.277812961743775916e-04
2.267828298253189180e-04
2.257911237253522362e-04
2.248061358311082448e-04
2.238278252892761920e-04
2.228561520961335211e-04
2.218910767628589481e-04
2.209325600012820997e-04
2.199805624407802200e-04
2.190350443833946300e-04
2.180959656013143656e-04
2.171632851788127825e-04
2.162369613994899876e-04
2.153169516805833071e-04
2.144032125567012443e-04
2.134956997165419926e-04
2.125943680991088428e-04
2.116991720588624719e-04
2.108100656126281737e-04
2.099270027847032925e-04
2.090499380701788782e-04
2.081788270396646152e-04
2.073136271106343213e-04
2.064542985105269378e-04
2.056008054529327950e-04
2.047531175384857086e-04
2.039112113737011009e-04
2.030750723709609659e-04
2.022446966487362265e-04
2.014200928929445905e-04
2.006012839725967252e-04
1.997883080377021222e-04
1.989812187856380282e-04
1.981800845915106929e-04
1.973849862843117010e-04
1.965960135234701037e-04
1.958132599683766906e-04
1.950368176805738791e-04
1.942667713794794565e-04
1.935031932250088900e-04
1.927461387039680033e-04
1.919956439838749684e-04
1.912517248363808603e-04
1.905143769957512120e-04
1.897835776559684239e-04
1.890592877386294661e-04
1.883414545703537076e-04
1.876300146655619956e-04
1.869248963900757338e-04
1.862260223613599447e-04
1.855333115098375518e-04
1.848466807776194022e-04
1.841660464662134571e-04
1.834913252659365896e-04
1.828224350102216570e-04
1.821592952011211858e-04
1.815018273506665831e-04
1.808499551785074859e-04
1.802036047007271092e-04
1.795627042389246082e-04
1.789271843731181214e-04
1.782969778570268936e-04
1.776720195100057282e-04
1.770522460963296193e-04
1.764375961996365806e-04
1.758280100980338435e-04
1.752234296435930410e-04
1.746237981486111661e-04
1.740290602800105807e-04
1.734391619625117657e-04
1.728540502907062058e-04
1.722736734498116727e-04
1.716979806446506404e-04
1.711269220362744941e-04
1.705604486855726032e-04
1.699985125031945946e-04
1.694410662051205072e-04
1.688880632732413147e-04
1.683394579203514201e-04
1.677952050590209129e-04
1.672552602738422434e-04
1.667195797966234056e-04
1.661881204841288064e-04
1.656608397980320689e-04
1.651376957867779533e-04
1.646186470690900701e-04
1.641036528189040479e-04
1.635926727515260657e-04
1.630856671108563171e-04
1.625825966575201672e-04
1.620834226578038429e-04
1.615881068732696185e-04
1.610966115509756896e-04
1.606088994142164080e-04
1.601249336537213526e-04
1.596446779192563941e-04
1.591680963115834149e-04
1.586951533747337959e-04
1.582258140885661280e-04
1.577600438615759455e-04
1.572978085239372902e-04
1.568390743207516273e-04
1.563838079054857128e-04
1.559319763335890302e-04
1.554835470562697928e-04
1.550384879144262572e-04
1.545967671327163544e-04
1.541583533137608946e-04
1.537232154324742468e-04
1.532913228305146603e-04
1.528626452108482919e-04
1.524371526324213547e-04
1.520148155049364327e-04
1.515956045837327693e-04
1.511794909647619660e-04
1.507664460796543748e-04
1.503564416908822554e-04
1.499494498870070124e-04
1.495454430780155265e-04
1.491443939907366087e-04
1.487462756643401522e-04
1.483510614459157008e-04
1.479587249861305726e-04
1.475692402349585634e-04
1.471825814374872832e-04
1.467987231297945285e-04
1.464176401348964564e-04
1.460393075587660956e-04
1.456637007864135496e-04
1.452907954780410901e-04
1.449205675652565810e-04
1.445529932473508974e-04
1.441880489876396919e-04
1.438257115098660660e-04
1.434659577946578040e-04
1.431087650760496863e-04
1.427541108380587110e-04
1.424019728113175114e-04
1.420523289697612503e-04
1.417051575273671265e-04
1.413604369349521833e-04
1.410181458770153257e-04
1.406782632686363129e-04
1.403407682524209095e-04
1.400056401954970502e-04
1.396728586865573791e-04
1.393424035329491977e-04
1.390142547578095686e-04
1.386883925972498056e-04
1.383647974975778824e-04
1.380434501125688733e-04
1.377243313007763480e-04
1.374074221228866746e-04
1.370927038391137357e-04
1.367801579066329207e-04
1.364697659770584305e-04
1.361615098939531637e-04
1.358553716903844368e-04
1.355513335865097375e-04
1.352493779872050857e-04
1.349494874797260041e-04
1.346516448314045902e-04
1.343558329873836431e-04
1.340620350683804690e-04
1.337702343684878483e-04
1.334804143530084501e-04
1.331925586563189538e-04
1.329066510797664532e-04
1.326226755895973050e-04
1.323406163149161993e-04
1.320604575456765914e-04
1.317821837306968279e-04
1.315057794757105080e-04
1.312312295414402353e-04
1.309585188417041672e-04
1.306876324415476363e-04
1.304185555554025549e-04
1.301512735452723247e-04
1.298857719189439063e-04
1.296220363282283487e-04
1.293600525672193439e-04
1.290998065705861232e-04
1.288412844118822648e-04
1.285844723018833948e-04
1.283293565869479550e-04
1.280759237474006842e-04
1.278241603959385164e-04
1.275740532760589476e-04
1.273255892605122024e-04
1.270787553497732133e-04
1.268335386705347152e-04
1.265899264742233253e-04
1.263479061355366828e-04
1.261074651509986417e-04
1.258685911375337341e-04
1.256312718310645653e-04
1.253954950851267184e-04
1.251612488695042586e-04
1.249285212688822598e-04
1.246973004815171118e-04
1.244675748179272380e-04
1.242393326996019186e-04
1.240125626577235317e-04
1.237872533319123180e-04
1.235633934689854031e-04
1.233409719217333565e-04
1.233409719216629376e-04
