8.731993636457669134e-05
8.731507555282682579e-05
8.730986633207966951e-05
8.730464632866830944e-05
8.729939475403477743e-05
8.729409992865895659e-05
8.728875736112643152e-05
8.728336683248468766e-05
8.727793062343722381e-05
8.727245241050547535e-05
8.726693696019642847e-05
8.726138914122236873e-05
8.725581243251907706e-05
8.725021003222160182e-05
8.724458748366476358e-05
8.723895080999447937e-05
8.723334277350797887e-05
8.722727889970992353e-05
8.722844910324902749e-05
8.753237282142191584e-05
8.814076346745847645e-05
8.890968221747070591e-05
8.970227934755842063e-05
9.050382828988832106e-05
9.131117997705616050e-05
9.212830366936615185e-05
9.296541024869036751e-05
9.383671003704862105e-05
9.475942413760058878e-05
9.575400329949109726e-05
9.684511010678750992e-05
9.806324109518178215e-05
9.944736124380858721e-05
1.010490404449719711e-04
1.029389679486222652e-04
1.052174159123289021e-04
1.080314744613573922e-04
1.116040034614789307e-04
1.162824149395607070e-04
1.226177046017482258e-04
1.314737302996451997e-04
1.441001745430198818e-04
1.619118863281240558e-04
1.856203479168409278e-04
2.142434786977618516e-04
2.454976872057737427e-04
2.771499978243067140e-04
3.076155111427014764e-04
3.358493417129269866e-04
3.612054489942694122e-04
3.833891837580627872e-04
4.024090956435946633e-04
4.184915180518605261e-04
4.319820805903175939e-04
4.432640634472407508e-04
4.527056057275513656e-04
4.606329821954943606e-04
4.673216970563305508e-04
4.729975818045251959e-04
4.778424701082625088e-04
4.820012898770799359e-04
4.855889792758753018e-04
4.886965633723092508e-04
4.913962057415051680e-04
4.937452845718199625e-04
4.957896173474242180e-04
4.975659890018937787e-04
4.991041231114956046e-04
5.004282116677023816e-04
5.015581053043929568e-04
5.025102338695105206e-04
5.032983291590085399e-04
5.039339873780313613e-04
5.044271024151305216e-04
5.047862049047969210e-04
5.050187433477365366e-04
5.051312923967789074e-04
5.051297118971259876e-04
5.050192850792744204e-04
5.048048223938748696e-04
5.044907453210649732e-04
5.040811530554708316e-04
5.035798752231821071e-04
5.029905142395824829e-04
5.023164794892541214e-04
5.015610149067060552e-04
5.007272212857186633e-04
4.998180743837833846e-04
4.988364396631896503e-04
4.977850843353243604e-04
4.966666872357193866e-04
4.954838469469443393e-04
4.942390885022989637e-04
4.929348689382434014e-04
4.915735819069925669e-04
4.901575615146167757e-04
4.886890855211793814e-04
4.871703780150786435e-04
4.856036116489295088e-04
4.839909095087135201e-04
4.823343466794522425e-04
4.806359515627856883e-04
4.788977069903205003e-04
4.771215511607870960e-04
4.753093784226163619e-04
4.734630399272897494e-04
4.715843441785391200e-04
4.696750574976300482e-04
4.677369044207205077e-04
4.657715680416852732e-04
4.637806903120276006e-04
4.617658723081672083e-04
4.597286744751530969e-04
4.576706168547872212e-04
4.555931793051525534e-04
4.534978017176489995e-04
4.513858842368373989e-04
4.492587874876644472e-04
4.471178328139921616e-04
4.449643025317448312e-04
4.427994401994365405e-04
4.406244509083763667e-04
4.384405015943409968e-04
4.362487213721456944e-04
4.340502018941009448e-04
4.318459977330529518e-04
4.296371267903567170e-04
4.274245707288565690e-04
4.252092754306833751e-04
4.229921514794486321e-04
4.207740746662396152e-04
4.185558865185844872e-04
4.163383948514315911e-04
4.141223743390618677e-04
4.119085671066976487e-04
4.096976833405042897e-04
4.074904019145893816e-04
4.052873710335445434e-04
4.030892088890203145e-04
4.008965043288044991e-04
3.987098175368342036e-04
3.965296807225965206e-04
3.943565988183402949e-04
3.921910501825676956e-04
3.900334873082788776e-04
3.878843375344980882e-04
3.857440037596144037e-04
3.836128651551689943e-04
3.814912778787225519e-04
3.793795757845452605e-04
3.772780711308952703e-04
3.751870552827444444e-04
3.731067994088769872e-04
3.710375551723617011e-04
3.689795554134619863e-04
3.669330148241446840e-04
3.648981306134229112e-04
3.628750831628295122e-04
3.608640366714259526e-04
3.588651397898061281e-04
3.568785262426448727e-04
3.549043154394174952e-04
3.529426130729795591e-04
3.509935117057926663e-04
3.490570913436257536e-04
3.471334199966560636e-04
3.452225542279318952e-04
3.433245396892568749e-04
3.414394116445722380e-04
3.395671954810121113e-04
3.377079072078244043e-04
3.358615539434217472e-04
3.340281343908522277e-04
3.322076393020343787e-04
3.304000519311277545e-04
3.286053484774284885e-04
3.268234985182360891e-04
3.250544654321024947e-04
3.232982068129413048e-04
3.215546748754241992e-04
3.198238168521224051e-04
3.181055753828127973e-04
3.163998888963415472e-04
3.147066919854027813e-04
3.130259157745392956e-04
3.113574882815883468e-04
3.097013347727407329e-04
3.080573781112570212e-04
3.064255390997919150e-04
3.048057368161389787e-04
3.031978889420597237e-04
3.016019120847006547e-04
3.000177220898958769e-04
2.984452343464774377e-04
2.968843640804510889e-04
2.953350266376709413e-04
2.937971377533713110e-04
2.922706138066303249e-04
2.907553720575515059e-04
2.892513308646561202e-04
2.877584098796954429e-04
2.862765302168446811e-04
2.848056145930261108e-04
2.833455874359995345e-04
2.818963749568164767e-04
2.804579051833787882e-04
2.790301079521324661e-04
2.776129148554609162e-04
2.762062591430844102e-04
2.748100755768330471e-04
2.734243002394354488e-04
2.720488702995501403e-04
2.706837237370339770e-04
2.693287990343834113e-04
2.679840348423088623e-04
2.666493696293604728e-04
2.653247413273245015e-04
2.640100869856146898e-04
2.627053424488994373e-04
2.614104420726355029e-04
2.601253184908921276e-04
2.588499024496981014e-04
2.575841227171099578e-04
2.563279060782094106e-04
2.550811774193901529e-04
2.538438599016314156e-04
2.526158752172954808e-04
2.513971439195862015e-04
2.501875858086371899e-04
2.489871203537645451e-04
2.477956671282801715e-04
2.466131462318260918e-04
2.454394786758516342e-04
2.442745867106534759e-04
2.431183940770938591e-04
2.419708261722724562e-04
2.408318101252848069e-04
2.397012747859765666e-04
2.385791506355409541e-04
2.374653696323120807e-04
2.363598650088444514e-04
2.352625710373537670e-04
2.341734227799390237e-04
2.330923558382025829e-04
2.320193061142952371e-04
2.309542095925858930e-04
2.298970021484268472e-04
2.288476193882035001e-04
2.278059965231549883e-04
2.267720682784122514e-04
2.257457688383369770e-04
2.247270318303664998e-04
2.237157903498784611e-04
2.227119770302892496e-04
2.217155241648839832e-04
2.207263638893505102e-04
2.197444284368282939e-04
2.187696504803972265e-04
2.178019635810317758e-04
2.168413027618976716e-04
2.158876052319501436e-04
2.149408112822064521e-04
2.140008653756351618e-04
2.130677174445282096e-04
2.121413243952030288e-04
2.112216517963243949e-04
2.103086756916222621e-04
2.094023844293535833e-04
2.085027803416999255e-04
2.076098810451766858e-04
2.067237200831569129e-04
2.058443466160745771e-04
2.049718239083772055e-04
2.041062264807911935e-04
2.032476359876227417e-04
2.023961361075325032e-04
2.015518069428534750e-04
2.007147195424383035e-04
1.998849311549204483e-04
1.990624816844794524e-04
1.982473916029937942e-04
1.974396613354265984e-04
1.966392719383198431e-04
1.958461867685159174e-04
1.950603537958636377e-04
1.942817082338206352e-04
1.935101752206692006e-04
1.927456723578606292e-04
1.919881119837067100e-04
1.912374031206458584e-04
1.904934530792671860e-04
1.897561687325617944e-04
1.890254574919857013e-04
1.883012280257898041e-04
1.875833907625508261e-04
1.868718582212250097e-04
1.861665452051357913e-04
1.854673688922906069e-04
1.847742488491464384e-04
1.840871069898741147e-04
1.834058674986249195e-04
1.827304567283425719e-04
1.820608030863610043e-04
1.813968369143233075e-04
1.807384903678046063e-04
1.800856972993314430e-04
1.794383931472086347e-04
1.787965148315929663e-04
1.781600006585547962e-04
1.775287902323472084e-04
1.769028243757787085e-04
1.762820450583189641e-04
1.756663953314612468e-04
1.750558192707505213e-04
1.744502619238801934e-04
1.738496692642471663e-04
1.732539881493788670e-04
1.726631662836817128e-04
1.720771521850068646e-04
1.714958951545647277e-04
1.709193452497839022e-04
1.703474532597303948e-04
1.697801706827768221e-04
1.692174497062219575e-04
1.686592431876147524e-04
1.681055046375570469e-04
1.675561882037924144e-04
1.670112486564080494e-04
1.664706413739931376e-04
1.659343223306394344e-04
1.654022480836581490e-04
1.648743757619347181e-04
1.643506630548381231e-04
1.638310682016327338e-04
1.633155499813326427e-04
1.628040677029659905e-04
1.622965811962019298e-04
1.617930508023181907e-04
1.612934373654684563e-04
1.607977022242303286e-04
1.603058072034082454e-04
1.598177146060713433e-04
1.593333872058032286e-04
1.588527882391544386e-04
1.583758813982819567e-04
1.579026308237581864e-04
1.574330010975480052e-04
1.569669572361404790e-04
1.565044646838266733e-04
1.560454893061228015e-04
1.555899973833232064e-04
1.551379556041886500e-04
1.546893310597589346e-04
1.542440912372832135e-04
1.538022040142731695e-04
1.533636376526669983e-04
1.529283607931063388e-04
1.524963424493167453e-04
1.520675520025965518e-04
1.516419591964071915e-04
1.512195341310610124e-04
1.508002472585068341e-04
1.503840693772110501e-04
1.499709716271280951e-04
1.495609254847645331e-04
1.491539027583282831e-04
1.487498755829646884e-04
1.483488164160781035e-04
1.479506980327309192e-04
1.475554935211310047e-04
1.471631762781881053e-04
1.467737200051543193e-04
1.463870987033367022e-04
1.460032866698849241e-04
1.456222584936494821e-04
1.452439890511107105e-04
1.448684535023779941e-04
1.444956272872552794e-04
1.441254861213749452e-04
1.437580059923929034e-04
1.433931631562505957e-04
1.430309341334975689e-04
1.426712957056767994e-04
1.423142249117670735e-04
1.419596990446865168e-04
1.416076956478511464e-04
1.412581925117921877e-04
1.409111676708275733e-04
1.405665993997855386e-04
1.402244662107851375e-04
1.398847468500649237e-04
1.395474202948651112e-04
1.392124657503589831e-04
1.388798626466322239e-04
1.385495906357128823e-04
1.382216295886453815e-04
1.378959595926128562e-04
1.375725609481051896e-04
1.372514141661294700e-04
1.369324999654654136e-04
1.366157992699650243e-04
1.363012932058910664e-04
1.359889630992996924e-04
1.356787904734633760e-04
1.353707570463311952e-04
1.350648447280287706e-04
1.347610356184005963e-04
1.344593120045866578e-04
1.341596563586324982e-04
1.338620513351443603e-04
1.335664797689690476e-04
1.332729246729197836e-04
1.329813692355292024e-04
1.326917968188385795e-04
1.324041909562170946e-04
1.321185353502199629e-04
1.318348138704728857e-04
1.315530105515904367e-04
1.312731095911223115e-04
1.309950953475370915e-04
1.307189523382262276e-04
1.304446652375447783e-04
1.301722188748770305e-04
1.299015982327322339e-04
1.296327884448665731e-04
1.293657747944337898e-04
1.291005427121617172e-04
1.288370777745562992e-04
1.285753657021311428e-04
1.283153923576601900e-04
1.280571437444597460e-04
1.278006060046922175e-04
1.275457654176943541e-04
1.272926083983303184e-04
1.270411214953666565e-04
1.267912913898728558e-04
1.265431048936423131e-04
1.262965489476345260e-04
1.260516106204433856e-04
1.258082771067840918e-04
1.255665357259999084e-04
1.253263739205931503e-04
1.250877792547750095e-04
1.248507394130354646e-04
1.246152421987327613e-04
1.243812755327041700e-04
1.241488274518936022e-04
1.239178861079991503e-04
1.236884397661402232e-04
1.234604768035414332e-04
1.232339857082357011e-04
1.230089550777832162e-04
1.227853736180117567e-04
1.225632301417683935e-04
1.223425135676936906e-04
1.221232129190101372e-04
1.219053173223253231e-04
1.216888160064539404e-04
1.214736983012554500e-04
1.212599536364847470e-04
1.210475715406615811e-04
1.208365416399536524e-04
1.206268536570710232e-04
1.204184974101837592e-04
1.202114628118457912e-04
1.200057398679381019e-04
1.198013186766204251e-04
1.195981894273050075e-04
1.193963423996358456e-04
1.191957679624859888e-04
1.189964565729668494e-04
1.187983987754490193e-04
1.186015852005988745e-04
1.184060065644259278e-04
1.182116536673421614e-04
1.180185173932334482e-04
1.178265887085460436e-04
1.176358586613801793e-04
1.174463183805989574e-04
1.172579590749474765e-04
1.170707720321827872e-04
1.168847486182172495e-04
1.166998802762682347e-04
1.165161585260252947e-04
1.163335749628209917e-04
1.161521212568183292e-04
1.159717891522032111e-04
1.157925704663913480e-04
1.156144570892440399e-04
1.154374409822917115e-04
1.152615141779706609e-04
1.150866687788674114e-04
1.149128969569714656e-04
1.147401909529397422e-04
1.145685430753700794e-04
1.143979457000817308e-04
1.142283912694066361e-04
1.140598722914884305e-04
1.138923813395927020e-04
1.137259110514211120e-04
1.137259110513683927e-04
