8.731994617158054671e-05
8.731509070693310780e-05
8.730988570426965177e-05
8.730466933683891418e-05
8.729942094271542316e-05
8.729412920907865243e-05
8.728878923830984667e-05
8.728340111000551862e-05
8.727796738140459413e-05
8.727249141439299745e-05
8.726697810143021301e-05
8.726143232059007000e-05
8.725585805744618545e-05
8.725025982627242888e-05
8.724464149113627287e-05
8.723900699454639046e-05
8.723335947316074790e-05
8.722770184675073056e-05
8.722203689051383647e-05
8.721636624604240458e-05
8.721069218548408775e-05
8.720501688206622301e-05
8.719934196936651000e-05
8.719366863350692303e-05
8.718799787598871217e-05
8.718233126344288476e-05
8.717666974176312698e-05
8.717101467510635451e-05
8.716536627854594205e-05
8.715972624706251192e-05
8.715409480865098741e-05
8.714847239100417537e-05
8.714285940030505693e-05
8.713725684783019804e-05
8.713166513245868927e-05
8.712608512701786728e-05
8.712051680054486960e-05
8.711496070295220162e-05
8.710941748685558793e-05
8.710388726979574419e-05
8.709837021559083462e-05
8.709286686161239808e-05
8.708737766823246372e-05
8.708190336494895517e-05
8.707644358499755496e-05
8.707099849186387540e-05
8.706556791235423596e-05
8.706015269663420987e-05
8.705475339208391798e-05
8.704936933398707208e-05
8.704400177754951812e-05
8.703864997575631163e-05
8.703331557940098171e-05
8.702799710836570156e-05
8.702274244866401213e-05
8.701682688376687004e-05
8.702438629907188533e-05
8.756434091037770373e-05
8.832004127915252191e-05
8.927561131617513203e-05
9.028902727459396269e-05
9.132995352778855316e-05
9.240312799420832032e-05
9.352553096749427963e-05
9.472419715551386198e-05
9.603655380936877966e-05
9.751258841517782656e-05
9.922017309391256419e-05
1.012551242644518969e-04
1.037591785815356477e-04
1.069528017354079636e-04
1.111965229998231205e-04
1.171075975584151595e-04
1.257713048156274905e-04
1.390324114369155225e-04
1.594512339364538285e-04
1.887070496196291598e-04
2.250327863906394384e-04
2.642881618623110448e-04
3.031512968322007851e-04
3.396733118548896481e-04
3.726665175311764553e-04
4.014748484651962934e-04
4.259479474934072798e-04
4.463464137134781065e-04
4.631735370167231825e-04
4.770152058993305843e-04
4.884339956712983703e-04
4.979181301160201436e-04
5.058673805707360714e-04
5.125981610020196189e-04
5.183561277668355047e-04
5.233301060338051277e-04
5.276646616461975288e-04
5.314704779257213834e-04
5.348325315518710462e-04
5.378163726218516570e-04
5.404728824609591900e-04
5.428418533172194721e-04
5.449546744026330771e-04
5.468363471992658455e-04
5.485069997843244850e-04
5.499830274831196035e-04
5.512779545959112975e-04
5.524030874931270315e-04
5.533680112212704862e-04
5.541809683579730552e-04
5.548491489725845393e-04
5.553789132571751051e-04
5.557759630001110748e-04
5.560454740732016137e-04
5.561921991234986722e-04
5.562205474328416359e-04
5.561346472358592126e-04
5.559383945271256658e-04
5.556354914354565263e-04
5.552294765207738689e-04
5.547237487993434074e-04
5.541215868841998507e-04
5.534261643074253958e-04
5.526405618460346163e-04
5.517677774855021854e-04
5.508107345110985296e-04
5.497722881067255637e-04
5.486552307561817386e-04
5.474622966766708307e-04
5.461961654644116896e-04
5.448594650937724909e-04
5.434547743819151096e-04
5.419846250082053672e-04
5.404515031602887768e-04
5.388578508652354816e-04
5.372060670538059005e-04
5.354985083978576954e-04
5.337374899546132876e-04
5.319252856466091632e-04
5.300641286022113579e-04
5.281562113784634555e-04
5.262036860854629001e-04
5.242086644293449506e-04
5.221732176891666225e-04
5.200993766414232318e-04
5.179891314446147992e-04
5.158444314950256940e-04
5.136671852638412554e-04
5.114592601246745369e-04
5.092224821796801195e-04
5.069586360915547072e-04
5.046694649279053271e-04
5.023566700237100434e-04
5.000219108668655646e-04
4.976668050111399035e-04
4.952929280202121500e-04
4.929018134458662374e-04
4.904949528428619683e-04
4.880737958224595275e-04
4.856397501460956887e-04
4.831941818602535229e-04
4.807384154731500557e-04
4.782737341734663583e-04
4.758013800910283471e-04
4.733225545989802174e-04
4.708384186567544536e-04
4.683500931928475091e-04
4.658586595261943295e-04
4.633651598247580080e-04
4.608705975997314159e-04
4.583759382336450336e-04
4.558821095405222795e-04
4.533900023561230220e-04
4.509004711562591993e-04
4.484143347010731786e-04
4.459323767031357112e-04
4.434553465172128613e-04
4.409839598495095964e-04
4.385188994842183826e-04
4.360608160252162535e-04
4.336103286507774542e-04
4.311680258791979301e-04
4.287344663432961244e-04
4.263101795717879434e-04
4.238956667756153319e-04
4.214914016373584290e-04
4.190978311019471396e-04
4.167153761669674318e-04
4.143444326709291707e-04
4.119853720779596091e-04
4.096385422574594045e-04
4.073042682573549031e-04
4.049828530696764962e-04
4.026745783872491742e-04
4.003797053504121618e-04
3.980984752827465860e-04
3.958311104148795221e-04
3.935778145955283903e-04
3.913387739890365714e-04
3.891141577587177392e-04
3.869041187354444172e-04
3.847087940709609396e-04
3.825283058755042133e-04
3.803627618393749799e-04
3.782122558381859263e-04
3.760768685215707795e-04
3.739566678851939771e-04
3.718517098259761290e-04
3.697620386804783502e-04
3.676876877464628664e-04
3.656286797876715780e-04
3.635850275219178868e-04
3.615567340926234053e-04
3.595437935239698232e-04
3.575461911598668344e-04
3.555639040869761655e-04
3.535969015420537052e-04
3.516451453039065329e-04
3.497085900702909755e-04
3.477871838200893677e-04
3.458808681611450940e-04
3.439895786641372264e-04
3.421132451829139113e-04
3.402517921617107042e-04
3.384051389297051526e-04
3.365731999833675441e-04
3.347558852570948996e-04
3.329531003826239071e-04
3.311647469377367080e-04
3.293907226847848880e-04
3.276309217995811434e-04
3.258852350912168805e-04
3.241535502133825438e-04
3.224357518677871447e-04
3.207317220002863152e-04
3.190413399903516785e-04
3.173644828345263680e-04
3.157010253245499031e-04
3.140508402208225139e-04
3.124137984219392322e-04
3.107897691310162634e-04
3.091786200195695538e-04
3.075802173897153389e-04
3.059944263354905905e-04
3.044211109041042914e-04
3.028601342579401710e-04
3.013113588381572294e-04
2.997746465307069485e-04
2.982498588356169867e-04
2.967368570403483845e-04
2.952355023980194281e-04
2.937456563112409639e-04
2.922671805222401943e-04
2.907999373098671511e-04
2.893437896939595952e-04
2.878986016473822785e-04
2.864642383158786960e-04
2.850405662456217027e-04
2.836274536180671000e-04
2.822247704913655067e-04
2.808323890471625521e-04
2.794501838411594073e-04
2.780780320552257321e-04
2.767158137482716974e-04
2.753634121023915311e-04
2.740207136600814248e-04
2.726876085475970525e-04
2.713639906788017399e-04
2.700497579331912683e-04
2.687448123012519383e-04
2.674490599899762640e-04
2.661624114812761533e-04
2.648847815363476353e-04
2.636160891397625115e-04
2.623562573783109315e-04
2.611052132514113497e-04
2.598628874122911386e-04
2.586292138420094415e-04
2.574041294617632268e-04
2.561875736925172710e-04
2.549794879747250393e-04
2.537798152644387328e-04
2.525884995251466035e-04
2.514054852369579916e-04
2.502307169458921343e-04
2.490641388758126637e-04
2.479056946237051052e-04
2.467553269554386124e-04
2.456129777138861222e-04
2.444785878444886485e-04
2.433520975353973311e-04
2.422334464608530793e-04
2.411225741081687195e-04
2.400194201615496567e-04
2.389239249108897822e-04
2.378360296514540125e-04
2.367556770414256414e-04
2.356828113887553082e-04
2.346173788460762346e-04
2.335593275016941577e-04
2.325086073646233885e-04
2.314651702509537773e-04
2.304289695864151404e-04
2.293999601450963540e-04
2.283780977465872468e-04
2.273633389335976166e-04
2.263556406498149062e-04
2.253549599342089557e-04
2.243612536438772931e-04
2.233744782135078618e-04
2.223945894561569798e-04
2.214215424075381483e-04
2.204552912144556423e-04
2.194957890676520098e-04
2.185429881805153979e-04
2.175968398157495981e-04
2.166572943644894176e-04
2.157243014851908535e-04
2.147978103127923938e-04
2.138777697521360946e-04
2.129641288732764194e-04
2.120568374297640329e-04
2.111558465238270088e-04
2.102611094438068258e-04
2.093725826980516078e-04
2.084902272639633765e-04
2.076140100587668973e-04
2.067439056169130399e-04
2.058798979251366549e-04
2.050219823182047527e-04
2.041701672775516111e-04
2.033244759079391761e-04
2.024849468083996212e-04
2.016516340260965552e-04
2.008246058125771601e-04
2.000039420128335175e-04
1.991897301092572926e-04
1.983820601832523287e-04
1.975810192848266426e-04
1.967866858433335781e-04
1.959991247610136996e-04
1.952183837010797120e-04
1.944444908570732192e-04
1.936774542392461071e-04
1.929172623018463365e-04
1.921638856012644375e-04
1.914172791260541255e-04
1.906773849593648587e-04
1.899441349955907654e-04
1.892174535104922768e-04
1.884972594591864572e-04
1.877834684391097551e-04
1.870759943016692725e-04
1.863747504275062154e-04
1.856796506987050779e-04
1.849906102100972707e-04
1.843075457640457819e-04
1.836303761911956824e-04
1.829590225354221853e-04
1.822934081359250242e-04
1.816334586338980584e-04
1.809791019259779149e-04
1.803302680819702272e-04
1.796868892403385098e-04
1.790488994915694825e-04
1.784162347568121960e-04
1.777888326670338333e-04
1.771666324462447661e-04
1.765495748010805594e-04
1.759376018180688829e-04
1.753306568692146916e-04
1.747286845260569567e-04
1.741316304819985085e-04
1.735394414825055078e-04
1.729520652626292379e-04
1.723694504912482166e-04
1.717915467213838182e-04
1.712183043459735798e-04
1.706496745584885335e-04
1.700856093178353047e-04
1.695260613170260851e-04
1.689709839551433324e-04
1.684203313121786639e-04
1.678740581263701034e-04
1.673321197737140484e-04
1.667944722493511179e-04
1.662610721505874381e-04
1.657318766613175573e-04
1.652068435376729161e-04
1.646859310947244056e-04
1.641690981940996949e-04
1.636563042323997230e-04
1.631475091303051777e-04
1.626426733222905883e-04
1.621417577468658826e-04
1.616447238372859126e-04
1.611515335126680742e-04
1.606621491694800732e-04
1.601765336733468803e-04
1.596946503511549207e-04
1.592164629834162280e-04
1.587419357968709594e-04
1.582710334573056681e-04
1.578037210625777361e-04
1.573399641358162607e-04
1.568797286187978781e-04
1.564229808654809335e-04
1.559696876356905185e-04
1.555198160889446175e-04
1.550733337784103579e-04
1.546302086449925610e-04
1.541904090115397649e-04
1.537539035771676946e-04
1.533206614116941068e-04
1.528906519501805629e-04
1.524638449875806185e-04
1.520402106734841522e-04
1.516197195069596813e-04
1.512023423314944439e-04
1.507880503300242537e-04
1.503768150200505787e-04
1.499686082488465243e-04
1.495634021887494176e-04
1.491611693325312364e-04
1.487618824888550166e-04
1.483655147778072342e-04
1.479720396265073287e-04
1.475814307647937984e-04
1.471936622209844001e-04
1.468087083177064980e-04
1.464265436678008933e-04
1.460471431702916548e-04
1.456704820064262608e-04
1.452965356357817405e-04
1.449252797924346220e-04
1.445566904811959044e-04
1.441907439739073147e-04
1.438274168058001779e-04
1.434666857719119385e-04
1.431085279235647535e-04
1.427529205648983492e-04
1.423998412494619132e-04
1.420492677768590850e-04
1.417011781894500293e-04
1.413555507691038177e-04
1.410123640340042327e-04
1.406715967355089429e-04
1.403332278550547022e-04
1.399972366011150782e-04
1.396636024062058046e-04
1.393323049239362935e-04
1.390033240261102617e-04
1.386766397998667711e-04
1.383522325448748556e-04
1.380300827705625442e-04
1.377101711933950798e-04
1.373924787341944734e-04
1.370769865154984417e-04
1.367636758589632010e-04
1.364525282828022020e-04
1.361435254992694255e-04
1.358366494121772915e-04
1.355318821144531111e-04
1.352292058857344347e-04
1.349286031899982544e-04
1.346300566732293183e-04
1.343335491611212702e-04
1.340390636568118861e-04
1.337465833386559065e-04
1.334560915580260305e-04
1.331675718371510436e-04
1.328810078669847910e-04
1.325963835051059160e-04
1.323136827736489307e-04
1.320328898572668646e-04
1.317539891011234850e-04
1.314769650089138962e-04
1.312018022409155234e-04
1.309284856120668792e-04
1.306570000900744927e-04
1.303873307935474039e-04
1.301194629901590615e-04
1.298533820948341577e-04
1.295890736679637060e-04
1.293265234136452182e-04
1.290657171779458401e-04
1.288066409471953018e-04
1.285492808462973817e-04
1.282936231370699384e-04
1.280396542166054616e-04
1.277873606156575896e-04
1.275367289970483892e-04
1.272877461540987561e-04
1.270403990090811772e-04
1.267946746116927674e-04
1.265505601375525380e-04
1.263080428867162299e-04
1.260671102822145647e-04
1.258277498686104971e-04
1.255899493105775550e-04
1.253536963914945773e-04
1.251189790120655525e-04
1.248857851889523306e-04
1.248857851888785235e-04
