8.731996717898072539e-05
8.731515131478115310e-05
8.730999605513989836e-05
8.730483562479086890e-05
8.729964688210760512e-05
8.729441657665593698e-05
8.728913915249713945e-05
8.728381368052364581e-05
8.727844199884892556e-05
8.727302752921362559e-05
8.726757502210598383e-05
8.726208908495540137e-05
8.725657298870527663e-05
8.725103018096174248e-05
8.724546747749580965e-05
8.723988964647403906e-05
8.723436260773710237e-05
8.722807663072043138e-05
8.723963887021036535e-05
8.783575492271111036e-05
8.860239090656745408e-05
8.952530079516306347e-05
9.049333960679560921e-05
9.147685774670056039e-05
9.248160800725645084e-05
9.352449597996951853e-05
9.462940895754589244e-05
9.582721803382973581e-05
9.715740788108150842e-05
9.867167269895683207e-05
1.004402381824404529e-04
1.025626316204016498e-04
1.051864193177427516e-04
1.085406595561291956e-04
1.129970032572766666e-04
1.191812561679278087e-04
1.281613890907067380e-04
1.416640888029757465e-04
1.619003566590174290e-04
1.900878381908486495e-04
2.245223064895173349e-04
2.616277264309510445e-04
2.984636151986420883e-04
3.332206947846425905e-04
3.647751305214633915e-04
3.924940008303757664e-04
4.162019654975454607e-04
4.360986298487143061e-04
4.526146152546726758e-04
4.662703359708738628e-04
4.775781377843093395e-04
4.869915982971377306e-04
4.948884211687553302e-04
5.015719373801969276e-04
5.072806717616062293e-04
5.122000531100877069e-04
5.164734879949928713e-04
5.202117721547201788e-04
5.235006655562037762e-04
5.264068082729473665e-04
5.289822657104491926e-04
5.312679892615123148e-04
5.332964403230587742e-04
5.350935763855556521e-04
5.366803592855087790e-04
5.380738961848418548e-04
5.392883114612977971e-04
5.403354116142090489e-04
5.412251933353470768e-04
5.419662330608202711e-04
5.425659879511854399e-04
5.430310317337890165e-04
5.433672321748311222e-04
5.435798888589913822e-04
5.436738412494062332e-04
5.436535672651274026e-04
5.435232337988325823e-04
5.432867558153588964e-04
5.429478377985660952e-04
5.425100069218587650e-04
5.419766396005741126e-04
5.413509821653739998e-04
5.406361675719164586e-04
5.398352290044878014e-04
5.389511109027865987e-04
5.379866779269510757e-04
5.369447222764958021e-04
5.358279696841522066e-04
5.346390843418872630e-04
5.333806729689887687e-04
5.320552881726630604e-04
5.306654312142081555e-04
5.292135542901384767e-04
5.277020624113737141e-04
5.261333149353671990e-04
5.245096268052554201e-04
5.228332695503975190e-04
5.211064720978537783e-04
5.193314214264553022e-04
5.175102630686117047e-04
5.156451014730750737e-04
5.137380002589004516e-04
5.117909823860020049e-04
5.098060302587462643e-04
5.077850857753286439e-04
5.057300503345403802e-04
5.036427848107055726e-04
5.015251095066585764e-04
4.993788040936850570e-04
4.972056075463903877e-04
4.950072180796133946e-04
4.927852930936497521e-04
4.905414491333107748e-04
4.882772618656177461e-04
4.859942660802760942e-04
4.836939557164716117e-04
4.813777839189269060e-04
4.790471631256442006e-04
4.767034651892553140e-04
4.743480215334205333e-04
4.719821233453240484e-04
4.696070218048800909e-04
4.672239283509337874e-04
4.648340149843937326e-04
4.624384146079392553e-04
4.600382214016874183e-04
4.576344912339380786e-04
4.552282421059337296e-04
4.528204546293634436e-04
4.504120725351690299e-04
4.480040032121186157e-04
4.455971182734331983e-04
4.431922541497021191e-04
4.407902127062275632e-04
4.383917618828899994e-04
4.359976363545691163e-04
4.336085382101457619e-04
4.312251376481047527e-04
4.288480736867270873e-04
4.264779548869158791e-04
4.241153600856994586e-04
4.217608391384981901e-04
4.194149136682883859e-04
4.170780778198395823e-04
4.147507990172666554e-04
4.124335187232132816e-04
4.101266531980202732e-04
4.078305942573433969e-04
4.055457100267424730e-04
4.032723456918384740e-04
4.010108242427373607e-04
3.987614472114776203e-04
3.965244954013665089e-04
3.943002296071272455e-04
3.920888913248952025e-04
3.898907034511519252e-04
3.877058709697904460e-04
3.855345816265726817e-04
3.833770065903236227e-04
3.812333011002890437e-04
3.791036050991355034e-04
3.769880438511651337e-04
3.748867285453907384e-04
3.727997568831440973e-04
3.707272136499996590e-04
3.686691712718294183e-04
3.666256903548590880e-04
3.645968202096650152e-04
3.625825993590858732e-04
3.605830560300819277e-04
3.585982086296109943e-04
3.566280662046312968e-04
3.546726288863913086e-04
3.527318883191789115e-04
3.508058280737653598e-04
3.488944240457757446e-04
3.469976448392829752e-04
3.451154521359084707e-04
3.432478010497716828e-04
3.413946404686242801e-04
3.395559133815489539e-04
3.377315571935946177e-04
3.359215040277635750e-04
3.341256810147599419e-04
3.323440105709342526e-04
3.305764106648718600e-04
3.288227950730813099e-04
3.270830736252486239e-04
3.253571524395489621e-04
3.236449341484960176e-04
3.219463181158401855e-04
3.202612006450294697e-04
3.185894751797509975e-04
3.169310324971014235e-04
3.152857608939260464e-04
3.136535463668937854e-04
3.120342727868803657e-04
3.104278220682474602e-04
3.088340743336296019e-04
3.072529080748333643e-04
3.056842003104840431e-04
3.041278267410629354e-04
3.025836619019925660e-04
3.010515793154164808e-04
2.995314516413570874e-04
2.980231508289106837e-04
2.965265482681374060e-04
2.950415149433165130e-04
2.935679215881966016e-04
2.921056388438519739e-04
2.906545374197348525e-04
2.892144882584527519e-04
2.877853627047467539e-04
2.863670326790672882e-04
2.849593708560538676e-04
2.835622508481053152e-04
2.821755473940858574e-04
2.807991365530413145e-04
2.794328959025987207e-04
2.780767047414976203e-04
2.767304442954054131e-04
2.753939979248976348e-04
2.740672513340984616e-04
2.727500927781184559e-04
2.714424132670140827e-04
2.701441067635381083e-04
2.688550703715243901e-04
2.675752045113009457e-04
2.663044130781153096e-04
2.650426035792137914e-04
2.637896872449485087e-04
2.625455791091964568e-04
2.613101980543968881e-04
2.600834668168277978e-04
2.588653119482797033e-04
2.576556637311176192e-04
2.564544560448672695e-04
2.552616261839365792e-04
2.540771146277804259e-04
2.529008647667882557e-04
2.517328225892309515e-04
2.505729363367068582e-04
2.494211561374778344e-04
2.482774336287646042e-04
2.471417215803346930e-04
2.460139735323539655e-04
2.448941434604591191e-04
2.437821854801758737e-04
2.426780536011882900e-04
2.415817015395826277e-04
2.404930825931351742e-04
2.394121495811826631e-04
2.383388548468752467e-04
2.372731503158796468e-04
2.362149876022849712e-04
2.351643181497992032e-04
2.341210933945935761e-04
2.330852649355356497e-04
2.320567846980897252e-04
2.310356050797936016e-04
2.300216790677592845e-04
2.290149603217411681e-04
2.280154032196958101e-04
2.270229628659758980e-04
2.260375950651244588e-04
2.250592562663857716e-04
2.240879034853990282e-04
2.231234942101884098e-04
2.221659862984250915e-04
2.212153378723119720e-04
2.202715072164268106e-04
2.193344526826535262e-04
2.184041326051121442e-04
2.174805052268510353e-04
2.165635286391093955e-04
2.156531607332281631e-04
2.147493591647537921e-04
2.138520813290146203e-04
2.129612843473097593e-04
2.120769250627560856e-04
2.111989600454715669e-04
2.103273456067697726e-04
2.094620378220544293e-04
2.086029925626882149e-04
2.077501655373868120e-04
2.069035123439937627e-04
2.060629885327608770e-04
2.052285496824983652e-04
2.044001514911644832e-04
2.035777498825819796e-04
2.027613011310416033e-04
2.019507620055108579e-04
2.011460899350037276e-04
2.003472431963269798e-04
1.995541811248771483e-04
1.987668643483339148e-04
1.979852550419307399e-04
1.972093172024035057e-04
1.964390169357195038e-04
1.956743227511573537e-04
1.949152058513979526e-04
1.941616404050122095e-04
1.934136037844173199e-04
1.926710767493031195e-04
1.919340435533421351e-04
1.912024919511943707e-04
1.904764130842370067e-04
1.897558012275411842e-04
1.890406533878286163e-04
1.883309687522612250e-04
1.876267480002182246e-04
1.869279925033808399e-04
1.862347034515979087e-04
1.855468809512822480e-04
1.848645231478012266e-04
1.841876254225614947e-04
1.835161797092420310e-04
1.828501739628383830e-04
1.821895918015010063e-04
1.815344123266368235e-04
1.808846101132643243e-04
1.802401553517289808e-04
1.796010141143965721e-04
1.789671487170913585e-04
1.783385181444923175e-04
1.777150785107127170e-04
1.770967835301149619e-04
1.764835849781335169e-04
1.758754331269078263e-04
1.752722771452639035e-04
1.746740654567757842e-04
1.740807460530820921e-04
1.734922667622958181e-04
1.729085754743037813e-04
1.723296203260309763e-04
1.717553498505411402e-04
1.711857130941917633e-04
1.706206597061441128e-04
1.700601400043610858e-04
1.695041050219526233e-04
1.689525065373574328e-04
1.684052970914380100e-04
1.678624299941744490e-04
1.673238593232416981e-04
1.667895399163878351e-04
1.662594273592026678e-04
1.657334779695861314e-04
1.652116487799557985e-04
1.646938975180382056e-04
1.641801825868847563e-04
1.636704630446298846e-04
1.631646985843546822e-04
1.626628495143502451e-04
1.621648767389652151e-04
1.616707417401803330e-04
1.611804065599910479e-04
1.606938337836427970e-04
1.602109865237405051e-04
1.597318284052169071e-04
1.592563235511461697e-04
1.587844365693701217e-04
1.583161325398894166e-04
1.578513770029848779e-04
1.573901359480139232e-04
1.569323758028394304e-04
1.564780634238437747e-04
1.560271660864779198e-04
1.555796514763112747e-04
1.551354876805349369e-04
1.546946431798819192e-04
1.542570868409331910e-04
1.538227879087743222e-04
1.533917159999763043e-04
1.529638410958714643e-04
1.525391335361026782e-04
1.521175640124223312e-04
1.516991035627233779e-04
1.512837235652810908e-04
1.508713957331920782e-04
1.504620921089937962e-04
1.500557850594528154e-04
1.496524472705059339e-04
1.492520517423488226e-04
1.488545717846610089e-04
1.484599810119502589e-04
1.480682533390247318e-04
1.476793629765652341e-04
1.472932844268114226e-04
1.469099924793423884e-04
1.465294622069504538e-04
1.461516689616075614e-04
1.457765883705114591e-04
1.454041963322163459e-04
1.450344690128414435e-04
1.446673828423496351e-04
1.443029145109012124e-04
1.439410409652758726e-04
1.435817394053598493e-04
1.432249872806967402e-04
1.428707622871023023e-04
1.425190423633357893e-04
1.421698056878327346e-04
1.418230306754949004e-04
1.414786959745303429e-04
1.411367804633505347e-04
1.407972632475192022e-04
1.404601236567514443e-04
1.401253412419613687e-04
1.397928957723612001e-04
1.394627672326034318e-04
1.391349358199711432e-04
1.388093819416135822e-04
1.384860862118257661e-04
1.381650294493705301e-04
1.378461926748422619e-04
1.375295571080759299e-04
1.372151041655890707e-04
1.369028154580715089e-04
1.365926727879097978e-04
1.362846581467491204e-04
1.359787537130948169e-04
1.356749418499495559e-04
1.353732051024869349e-04
1.350735261957592326e-04
1.347758880324412929e-04
1.344802736906076663e-04
1.341866664215427658e-04
1.338950496475847676e-04
1.336054069600001691e-04
1.333177221168913593e-04
1.330319790411356863e-04
1.327481618183519820e-04
1.324662546949015643e-04
1.321862420759133355e-04
1.319081085233417055e-04
1.316318387540530831e-04
1.313574176379375214e-04
1.310848301960475216e-04
1.308140615987680631e-04
1.305450971640093733e-04
1.302779223554260176e-04
1.300125227806632293e-04
1.297488841896258724e-04
1.294869924727751328e-04
1.292268336594465687e-04
1.289683939161951297e-04
1.287116595451598823e-04
1.284566169824550533e-04
1.282032527965818369e-04
1.279515536868634567e-04
1.277015064819022922e-04
1.274530981380578483e-04
1.272063157379464638e-04
1.269611464889617279e-04
1.267175777218154686e-04
1.264755968890995865e-04
1.262351915638656411e-04
1.259963494382263112e-04
1.257590583219758836e-04
1.255233061412292265e-04
1.252890809370774876e-04
1.250563708642649335e-04
1.248251641898830556e-04
1.245954492920819143e-04
1.243672146587992099e-04
1.241404488865062406e-04
1.239151406789721559e-04
1.236912788460408947e-04
1.234688523024304321e-04
1.232478500665436802e-04
1.230282612592974959e-04
1.228100751029653488e-04
1.225932809200377981e-04
1.223778681320957624e-04
1.221638262587005405e-04
1.219511449162979407e-04
1.217398138171356777e-04
1.215298227681981035e-04
1.213211616701509530e-04
1.211138205163033701e-04
1.209077893915803004e-04
1.207030584715125163e-04
1.204996180212351668e-04
1.202974583945022916e-04
1.200965700327139669e-04
1.198969434639551461e-04
1.196985693020452893e-04
1.195014382456059356e-04
1.193055410771342255e-04
1.191108686620898668e-04
1.189174119479962906e-04
1.187251619635506703e-04
1.185341098177466259e-04
1.183442466990074313e-04
1.181555638743307147e-04
1.179680526884426721e-04
1.177817045629665250e-04
1.175965109955962501e-04
1.174124635592865037e-04
1.172295539014460707e-04
1.172295539013881472e-04
