8.731991925536614508e-05
8.731501785081135104e-05
8.730975956794724969e-05
8.730448703958288825e-05
8.729918251484956643e-05
8.729383615414030401e-05
8.728844392143928963e-05
8.728300599198510396e-05
8.727752513652929786e-05
8.727200437550440820e-05
8.726644835888593512e-05
8.726086171187187612e-05
8.725524831987155946e-05
8.724961206903044601e-05
8.724395699410030295e-05
8.723828639531931901e-05
8.723260373702851800e-05
8.722691133195421788e-05
8.722121214152808277e-05
8.721550780884327204e-05
8.720980016271386341e-05
8.720409129860107189e-05
8.719838321448722992e-05
8.719267674933016052e-05
8.718697302732799682e-05
8.718127348800069659e-05
8.717557895661205377e-05
8.716989091925754897e-05
8.716420960993045400e-05
8.715853632719673281e-05
8.715287193300237092e-05
8.714721650092586785e-05
8.714157059697996862e-05
8.713593488221351205e-05
8.713031001594053219e-05
8.712469669878190545e-05
8.711909527407315351e-05
8.711350581033830670e-05
8.710792923642584804e-05
8.710236574994193696e-05
8.709681531922796487e-05
8.709127861677465430e-05
8.708575578660529407e-05
8.708024777836348689e-05
8.707475446134231827e-05
8.706927585438692960e-05
8.706381184084117865e-05
8.705836286705826560e-05
8.705292972134566585e-05
8.704751216491220126e-05
8.704211050999787890e-05
8.703672501019262670e-05
8.703135595767142027e-05
8.702600438235716493e-05
8.702067581421328362e-05
8.701529447133665761e-05
8.701057171166445543e-05
8.712662297879756918e-05
8.785464579312671392e-05
8.873654188432298869e-05
8.966615444373032503e-05
9.063328167883876667e-05
9.162201232278460923e-05
9.263861130009927490e-05
9.370207526268946416e-05
9.483893400729223263e-05
9.608333298794222751e-05
9.747932194042407364e-05
9.908548870817411223e-05
1.009829094073588421e-04
1.032889455787469395e-04
1.061814323372527549e-04
1.099425620079829021e-04
1.150401951839804111e-04
1.222748107220884904e-04
1.330076422839611601e-04
1.493126236425537461e-04
1.733188470257573640e-04
2.050864879584710955e-04
2.416351916828223651e-04
2.793602261676837923e-04
3.158314633840204238e-04
3.495789059022083025e-04
3.797003117034371635e-04
4.057769095412668459e-04
4.278300205340031834e-04
4.461992980573694094e-04
4.613873517261996037e-04
4.739328930885112275e-04
4.843346688671689012e-04
4.930184927156699287e-04
5.003310459067548694e-04
5.065468112004029369e-04
5.118797102320395446e-04
5.164951450983697959e-04
5.205206436172923933e-04
5.240545956787160233e-04
5.271731436016826580e-04
5.299354979760775158e-04
5.323879896638949397e-04
5.345671398417814989e-04
5.365019807004400105e-04
5.382158097379349977e-04
5.397275178001323523e-04
5.410525967401500066e-04
5.422039061012764744e-04
5.431922582031533699e-04
5.440268660250014657e-04
5.447156871226547592e-04
5.452656885232329666e-04
5.456830513732376271e-04
5.459733295186626261e-04
5.461415727591087919e-04
5.461924229401589467e-04
5.461301891076023301e-04
5.459589064808945038e-04
5.456823828914688810e-04
5.453042354859272351e-04
5.448279198489926634e-04
5.442567532076482851e-04
5.435939329996063770e-04
5.428425517986795344e-04
5.420056093661301724e-04
5.410860224248812637e-04
5.400866326207466464e-04
5.390102130324282096e-04
5.378594735129560737e-04
5.366370650841993878e-04
5.353455835589051963e-04
5.339875725282553637e-04
5.325655258247759000e-04
5.310818895486004495e-04
5.295390637281619482e-04
5.279394036733252912e-04
5.262852210687014648e-04
5.245787848469330404e-04
5.228223218754431178e-04
5.210180174852121083e-04
5.191680158661241429e-04
5.172744203502849291e-04
5.153392936020408663e-04
5.133646577312953041e-04
5.113524943448589585e-04
5.093047445489965949e-04
5.072233089149868037e-04
5.051100474182429641e-04
5.029667793605240153e-04
5.007952832836838966e-04
4.985972968825752019e-04
4.963745169238214031e-04
4.941285991764068778e-04
4.918611583593208948e-04
4.895737681107609597e-04
4.872679609827909510e-04
4.849452284647413468e-04
4.826070210380647594e-04
4.802547482648618013e-04
4.778897789117627303e-04
4.755134411104415754e-04
4.731270225556004523e-04
4.707317707408741211e-04
4.683288932327678679e-04
4.659195579824211412e-04
4.635048936746767405e-04
4.610859901137198745e-04
4.586638986442805131e-04
4.562396326072094485e-04
4.538141678280566030e-04
4.513884431371314229e-04
4.489633609193792669e-04
4.465397876923125008e-04
4.441185547101592817e-04
4.417004585922878449e-04
4.392862619739535930e-04
4.368766941773509602e-04
4.344724519009582060e-04
4.320741999251381956e-04
4.296825718319796867e-04
4.272981707373752478e-04
4.249215700333665714e-04
4.225533141388321799e-04
4.201939192566328030e-04
4.178438741353811487e-04
4.155036408340838329e-04
4.131736554879517011e-04
4.108543290737543506e-04
4.085460481731728361e-04
4.062491757326770737e-04
4.039640518185402731e-04
4.016909943656804104e-04
3.994302999191066831e-04
3.971822443668339441e-04
3.949470836631937079e-04
3.927250545415841582e-04
3.905163752157629598e-04
3.883212460688662492e-04
3.861398503294424626e-04
3.839723547338402864e-04
3.818189101743931792e-04
3.796796523329089442e-04
3.775547022990511053e-04
3.754441671732652538e-04
3.733481406539870644e-04
3.712667036089083660e-04
3.691999246301648735e-04
3.671478605733440449e-04
3.651105570802667694e-04
3.630880490855602325e-04
3.610803613070568698e-04
3.590875087201166093e-04
3.571094970159991431e-04
3.551463230444400795e-04
3.531979752406439106e-04
3.512644340368936149e-04
3.493456722590639377e-04
3.474416555082879320e-04
3.455523425281005023e-04
3.436776855573895261e-04
3.418176306694946116e-04
3.399721180978312277e-04
3.381410825484226605e-04
3.363244534997541211e-04
3.345221554903560711e-04
3.327341083945634017e-04
3.309602276868897305e-04
3.292004246954830242e-04
3.274546068451349330e-04
3.257226778903221328e-04
3.240045381387810105e-04
3.223000846661185450e-04
3.206092115219782296e-04
3.189318099282836740e-04
3.172677684700985737e-04
3.156169732796563132e-04
3.139793082141129608e-04
3.123546550275902041e-04
3.107428935380912561e-04
3.091439017898821935e-04
3.075575562119301615e-04
3.059837317730098780e-04
3.044223021340883577e-04
3.028731397986165292e-04
3.013361162613416755e-04
2.998111021562658478e-04
2.982979674043742123e-04
2.967965813617398857e-04
2.953068129685921931e-04
2.938285308999331121e-04
2.923616037182259525e-04
2.909059000286583121e-04
2.894612886374046392e-04
2.880276387132497148e-04
2.866048199528426930e-04
2.851927027497219973e-04
2.837911583671254919e-04
2.824000591144237306e-04
2.810192785268121564e-04
2.796486915476650154e-04
2.782881747126842776e-04
2.769376063346428080e-04
2.755968666872009787e-04
2.742658381858310086e-04
2.729444055634900257e-04
2.716324560381874146e-04
2.703298794691088463e-04
2.690365684974558203e-04
2.677524186676741584e-04
2.664773285243016111e-04
2.652111996793013113e-04
2.639539368445034347e-04
2.627054478237361690e-04
2.614656434594152582e-04
2.602344375288753015e-04
2.590117465865862450e-04
2.577974897496659369e-04
2.565915884257258120e-04
2.553939659841113034e-04
2.542045473739651179e-04
2.530232586953516595e-04
2.518500267328854054e-04
2.506847784649516133e-04
2.495274405654470643e-04
2.483779389188227739e-04
2.472361981726283885e-04
2.461021413545057875e-04
2.449756895822679473e-04
2.438567618959328769e-04
2.427452752386612567e-04
2.416411446088371248e-04
2.405442833974394466e-04
2.394546039131877427e-04
2.383720180828754077e-04
2.372964382967357509e-04
2.362277783501465559e-04
2.351659544161342752e-04
2.341108859712313494e-04
2.330624965936042901e-04
2.320207145590057879e-04
2.309854731771456438e-04
2.299567108364066826e-04
2.289343707544865469e-04
2.279184004614029661e-04
2.269087510646824015e-04
2.259053763612286808e-04
2.249082318657457692e-04
2.239172738227856443e-04
2.229324582609840501e-04
2.219537401370531209e-04
2.209810726070893716e-04
2.200144064569289437e-04
2.190536897251646009e-04
2.180988675614487448e-04
2.171498823818157576e-04
2.162066744128150731e-04
2.152691827563859271e-04
2.143373471567028169e-04
2.134111107042407441e-04
2.124904237600051338e-04
2.115752493996632269e-04
2.106655706167940125e-04
2.097613993119729861e-04
2.088627866359147255e-04
2.079698334827231475e-04
2.070826989096166573e-04
2.062016033417393213e-04
2.053268232921458887e-04
2.044586757199168151e-04
2.035974931350480101e-04
2.027435939832598151e-04
2.018972547992613426e-04
2.010586898979079787e-04
2.002280414989485321e-04
1.994053798740266499e-04
1.985907108811095739e-04
1.977839875740251211e-04
1.969851230300055341e-04
1.961940024596067224e-04
1.954104935643010299e-04
1.946344547756259646e-04
1.938657414218548610e-04
1.931042100791997634e-04
1.923497214431760846e-04
1.916021420577156337e-04
1.908613452030415137e-04
1.901272111917844967e-04
1.893996272696445995e-04
1.886784872687213149e-04
1.879636911211395684e-04
1.872551443082636304e-04
1.865527572960250821e-04
1.858564449885499726e-04
1.851661262190948095e-04
1.844817232881596012e-04
1.838031615524843775e-04
1.831303690646594114e-04
1.824632762606731150e-04
1.818018156913834866e-04
1.811459217932801760e-04
1.804955306937850042e-04
1.798505800464877914e-04
1.792110088920498864e-04
1.785767575409229278e-04
1.779477674744710421e-04
1.773239812615374751e-04
1.767053424879019808e-04
1.760917956964564151e-04
1.754832863362687826e-04
1.748797607189945418e-04
1.742811659813536687e-04
1.736874500526103921e-04
1.730985616261688045e-04
1.725144501345656032e-04
1.719350657272591249e-04
1.713603592507253993e-04
1.707902822304627514e-04
1.702247868545777936e-04
1.696638259586861488e-04
1.691073530119105483e-04
1.685553221037989840e-04
1.680076879320201524e-04
1.674644057907199903e-04
1.669254315594374154e-04
1.663907216925143543e-04
1.658602332089208578e-04
1.653339236824597944e-04
1.648117512322958846e-04
1.642936745137813165e-04
1.637796527095463153e-04
1.632696455208367740e-04
1.627636131590708937e-04
1.622615163376049121e-04
1.617633162636922261e-04
1.612689746306245531e-04
1.607784536100461564e-04
1.602917158444325729e-04
1.598087244397215616e-04
1.593294429581027796e-04
1.588538354109423061e-04
1.583818662518560270e-04
1.579135003699136386e-04
1.574487030829733525e-04
1.569874401311462434e-04
1.565296776703826781e-04
1.560753822661838347e-04
1.556245208874233222e-04
1.551770609002916135e-04
1.547329700623467023e-04
1.542922165166778973e-04
1.538547687861735100e-04
1.534205957678964742e-04
1.529896667275600108e-04
1.525619512941035543e-04
1.521374194543671516e-04
1.517160415478591563e-04
1.512977882616216643e-04
1.508826306251844472e-04
1.504705400056083320e-04
1.500614881026187601e-04
1.496554469438219617e-04
1.492523888800091679e-04
1.488522865805386685e-04
1.484551130288014884e-04
1.480608415177652360e-04
1.476694456455950911e-04
1.472808993113484120e-04
1.468951767107489479e-04
1.465122523320251842e-04
1.461321009518272906e-04
1.457546976312106403e-04
1.453800177116873081e-04
1.450080368113428107e-04
1.446387308210216667e-04
1.442720759005758130e-04
1.439080484751724897e-04
1.435466252316676926e-04
1.431877831150400423e-04
1.428314993248797039e-04
1.424777513119388080e-04
1.421265167747383590e-04
1.417777736562249617e-04
1.414315001404921942e-04
1.410876746495479236e-04
1.407462758401348019e-04
1.404072826006055408e-04
1.400706740478438862e-04
1.397364295242382035e-04
1.394045285947024962e-04
1.390749510437455910e-04
1.387476768725845846e-04
1.384226862963064571e-04
1.380999597410749230e-04
1.377794778413773979e-04
1.374612214373184505e-04
1.371451715719559992e-04
1.368313094886748865e-04
1.365196166286062609e-04
1.362100746280839303e-04
1.359026653161395570e-04
1.355973707120392414e-04
1.352941730228540966e-04
1.349930546410715068e-04
1.346939981422404025e-04
1.343969862826536706e-04
1.341020019970628183e-04
1.338090283964318318e-04
1.335180487657222593e-04
1.332290465617096012e-04
1.329420054108364539e-04
1.326569091070951443e-04
1.323737416099419150e-04
1.320924870422427399e-04
1.318131296882505831e-04
1.315356539916090841e-04
1.312600445533886344e-04
1.309862861301510490e-04
1.307143636320413980e-04
1.304442621209087050e-04
1.301759668084538581e-04
1.299094630544014287e-04
1.296447363647033381e-04
1.293817723897660785e-04
1.291205569227005939e-04
1.288610758976018952e-04
1.286033153878497087e-04
1.283472616044365822e-04
1.280929008943163200e-04
1.278402197387794412e-04
1.275892047518490757e-04
1.273398426787002787e-04
1.270921203941024656e-04
1.268460249008833418e-04
1.266015433284127544e-04
1.263586629311099624e-04
1.261173710869712631e-04
1.258776552961189232e-04
1.256395031793683512e-04
1.254029024768137015e-04
1.251678410464389846e-04
1.249343068627433795e-04
1.247022880153868761e-04
1.247022880153134214e-04
