8.731994617506940088e-05
8.731509071663063216e-05
8.730988572145665500e-05
8.730466936309923948e-05
8.729942098415957976e-05
8.729412926843064407e-05
8.728878932119848511e-05
8.728340122367121440e-05
8.727796752412562064e-05
8.727249158742500989e-05
8.726697830448017863e-05
8.726143254770012169e-05
8.725585830293358593e-05
8.725026008413830109e-05
8.724464175940999805e-05
8.723900726839042114e-05
8.723335975122945365e-05
8.722770212776125628e-05
8.722203717587260921e-05
8.721636653594756229e-05
8.721069248031478949e-05
8.720501718033834507e-05
8.719934227289880154e-05
8.719366894413977656e-05
8.718799819125166463e-05
8.718233158435847432e-05
8.717667006618007970e-05
8.717101500471509065e-05
8.716536661213725092e-05
8.715972658213763278e-05
8.715409514966092255e-05
8.714847274108847611e-05
8.714285975830509063e-05
8.713725721210544483e-05
8.713166550318892343e-05
8.712608550560084226e-05
8.712051718879304616e-05
8.711496109733354724e-05
8.710941788960548354e-05
8.710388768396730311e-05
8.709837063632828124e-05
8.709286729158761313e-05
8.708737810100451379e-05
8.708190380178223685e-05
8.707644402938410726e-05
8.707099894750332139e-05
8.706556837313614771e-05
8.706015316126745169e-05
8.705475386072140302e-05
8.704936980588047046e-05
8.704400224694547035e-05
8.703865044541506091e-05
8.703331603742784088e-05
8.702799754394762420e-05
8.702274255425999114e-05
8.701682959892198359e-05
8.702423041585281914e-05
8.755940647311892327e-05
8.830186382630208131e-05
8.922615854177275737e-05
9.019193094139652564e-05
9.117294423744693973e-05
9.217545725975792126e-05
9.321528579683694207e-05
9.431558450947744791e-05
9.550689533307603330e-05
9.682845049787536110e-05
9.833157234083536060e-05
1.000859568525073448e-04
1.021904190799082770e-04
1.047916456772791602e-04
1.081176350204949367e-04
1.125393077723312220e-04
1.186840415386336751e-04
1.276297846291972341e-04
1.411373180351493234e-04
1.614941120218769998e-04
1.899921211878001850e-04
2.248817645037292474e-04
2.624654694243338518e-04
2.997329592332050019e-04
3.348514445330425882e-04
3.666870958799027394e-04
3.946060731774191305e-04
4.184425094097641976e-04
4.384122736634851053e-04
4.549634439914542394e-04
4.686312401481222060e-04
4.799388314417704247e-04
4.893469097891931874e-04
4.972374551007350749e-04
5.039161312543076390e-04
5.096225605514408162e-04
5.145425294346853227e-04
5.188193851575790150e-04
5.225636480847555432e-04
5.258607067170825971e-04
5.287768036244091044e-04
5.313636184886930689e-04
5.336617477820658137e-04
5.357033367976017472e-04
5.375140687645377962e-04
5.391146694325767976e-04
5.405220473916428963e-04
5.417501605553436735e-04
5.428106764901270611e-04
5.437134771817562703e-04
5.444670460848630069e-04
5.450787658241821199e-04
5.455551478710761459e-04
5.459020102739794945e-04
5.461246156061612530e-04
5.462277783621771613e-04
5.462159488306681833e-04
5.460932788088957747e-04
5.458636732660395461e-04
5.455308311064464843e-04
5.450982774558260462e-04
5.445693893369611726e-04
5.439474161754296504e-04
5.432354962487980074e-04
5.424366699413741676e-04
5.415538904730472520e-04
5.405900326216347496e-04
5.395478998430839734e-04
5.384302301051132472e-04
5.372397006813260135e-04
5.359789320998658213e-04
5.346504913997913132e-04
5.332568948166948805e-04
5.318006099946623365e-04
5.302840578026871230e-04
5.287096138189901389e-04
5.270796095352674876e-04
5.253963333239688180e-04
5.236620312047316579e-04
5.218789074406050051e-04
5.200491249902863171e-04
5.181748058391078340e-04
5.162580312286246288e-04
5.143008418023139235e-04
5.123052376829178439e-04
5.102731784952715130e-04
5.082065833470041441e-04
5.061073307782314092e-04
5.039772586901933608e-04
5.018181642617663106e-04
4.996318038618392365e-04
4.974198929646476757e-04
4.951841060743674642e-04
4.929260766645083766e-04
4.906473971369390910e-04
4.883496188047057283e-04
4.860342519022020484e-04
4.837027656256607144e-04
4.813565882063842657e-04
4.789971070186503925e-04
4.766256687237444001e-04
4.742435794511405049e-04
4.718521050174593365e-04
4.694524711834634255e-04
4.670458639490080626e-04
4.646334298855881676e-04
4.622162765058144955e-04
4.597954726689436832e-04
4.573720490213495859e-04
4.549469984706365380e-04
4.525212766919491374e-04
4.500958026648570719e-04
4.476714592391126298e-04
4.452490937274666436e-04
4.428295185236394969e-04
4.404135117435088558e-04
4.380018178875124736e-04
4.355951485222581241e-04
4.331941829793065925e-04
4.307995690691060128e-04
4.284119238080638615e-04
4.260318341567718146e-04
4.236598577674396547e-04
4.212965237386276482e-04
4.189423333754320250e-04
4.165977609533248706e-04
4.142632544839256327e-04
4.119392364810436241e-04
4.096261047254164470e-04
4.073242330266301967e-04
4.050339719807993506e-04
4.027556497226678404e-04
4.004895726708615445e-04
3.982360262651254913e-04
3.959952756944438968e-04
3.937675666150376036e-04
3.915531258573078078e-04
3.893521621208849491e-04
3.871648666570174811e-04
3.849914139376131366e-04
3.828319623103291678e-04
3.806866546391893540e-04
3.785556189302695948e-04
3.764389689420829708e-04
3.743368047803439440e-04
3.722492134768868362e-04
3.701762695525466257e-04
3.681180355638926120e-04
3.660745626337419292e-04
3.640458909654453170e-04
3.620320503409646114e-04
3.600330606028224025e-04
3.580489321200274562e-04
3.560796662381313722e-04
3.541252557135826347e-04
3.521856851326003691e-04
3.502609313147986877e-04
3.483509637018313725e-04
3.464557447313520154e-04
3.445752301965891262e-04
3.427093695918865699e-04
3.408581064445576308e-04
3.390213786334203582e-04
3.371991186944142097e-04
3.353912541136977910e-04
3.335977076086386601e-04
3.318183973971449222e-04
3.300532374557649229e-04
3.283021377670197315e-04
3.265650045564293049e-04
3.248417405197167565e-04
3.231322450406675078e-04
3.214364144001460649e-04
3.197541419767684513e-04
3.180853184397573253e-04
3.164298319344930450e-04
3.147875682613037558e-04
3.131584110480406698e-04
3.115422419169806357e-04
3.099389406466423916e-04
3.083483853290752436e-04
3.067704525232170781e-04
3.052050174049113500e-04
3.036519539141905818e-04
3.021111349004352046e-04
3.005824322660333278e-04
2.990657171091555826e-04
2.975608598662682390e-04
2.960677304550105070e-04
2.945861984180429567e-04
2.931161330684620148e-04
2.916574036373546764e-04
2.902098794240403571e-04
2.887734299494980773e-04
2.873479251134198145e-04
2.859332353552630985e-04
2.845292318195869635e-04
2.831357865258389301e-04
2.817527725426233198e-04
2.803800641663328872e-04
2.790175371038056606e-04
2.776650686584738363e-04
2.763225379191847964e-04
2.749898259505891246e-04
2.736668159836419751e-04
2.723533936044055513e-04
2.710494469389195622e-04
2.697548668314969146e-04
2.684695470133321125e-04
2.671933842578878664e-04
2.659262785191110283e-04
2.646681330481554678e-04
2.634188544840194751e-04
2.621783529133673218e-04
2.609465418948247670e-04
2.597233384432852854e-04
2.585086629702954279e-04
2.573024391773770796e-04
2.561045939003246436e-04
2.549150569039939761e-04
2.537337606289285672e-04
2.525606398932833609e-04
2.513956315558454500e-04
2.502386741484001476e-04
2.490897074881404734e-04
2.479486722830636963e-04
2.468155097452212404e-04
2.456901612280281756e-04
2.445725679044552080e-04
2.434626705025816329e-04
2.423604091135696584e-04
2.412657230845037331e-04
2.401785510046713229e-04
2.390988307888537343e-04
2.380264998552397335e-04
2.369614953890108154e-04
2.359037546760390895e-04
2.348532154851103149e-04
2.338098164723890983e-04
2.327734975791752661e-04
2.317442003938871488e-04
2.307218684518931107e-04
2.297064474521135684e-04
2.286978853766780963e-04
2.276961325083921947e-04
2.267011413493126766e-04
2.257128664512749144e-04
2.247312641748823686e-04
2.237562923969079051e-04
2.227879101870432817e-04
2.218260774739022395e-04
2.208707547175959456e-04
2.199219026027070506e-04
2.189794817617936307e-04
2.180434525360910511e-04
2.171137747773477808e-04
2.161904076927982784e-04
2.152733097342371838e-04
2.143624385328204410e-04
2.134577508819098315e-04
2.125592027717386045e-04
2.116667494824459159e-04
2.107803457449623752e-04
2.098999459825924617e-04
2.090255046497664995e-04
2.081569766880107179e-04
2.072943181223483265e-04
2.064374868233899115e-04
2.055864434602667785e-04
2.047411526657077498e-04
2.039015844247706608e-04
2.030677156802686008e-04
2.022395321178427081e-04
2.014170300495316966e-04
2.006002182567375770e-04
1.997891195862753111e-04
1.989837720290624397e-04
1.981842289708875098e-04
1.973905583159777928e-04
1.966028402719285201e-04
1.958211637572385036e-04
1.950456216278092321e-04
1.942763051601135494e-04
1.935132984028306320e-04
1.927566730556287363e-04
1.920064844357226741e-04
1.912627688829751779e-04
1.905255426995972122e-04
1.897948024913736923e-04
1.890705266212136548e-04
1.883526774172817762e-04
1.876412037844396282e-04
1.869360439229880092e-04
1.862371279356051293e-04
1.855443801811629430e-04
1.848577213006581948e-04
1.841770698910173394e-04
1.835023438369605777e-04
1.828334613319331338e-04
1.821703416295691424e-04
1.815129055704008587e-04
1.808610759271640940e-04
1.802147776080451947e-04
1.795739377519623824e-04
1.789384857443968133e-04
1.783083531769109897e-04
1.776834737686527400e-04
1.770637832639684233e-04
1.764492193167456631e-04
1.758397213692789894e-04
1.752352305311752703e-04
1.746356894620789519e-04
1.740410422606415426e-04
1.734512343611683606e-04
1.728662124386466789e-04
1.722859243223368996e-04
1.717103189177594639e-04
1.711393461366762900e-04
1.705729568345207606e-04
1.700111027546601908e-04
1.694537364788516914e-04
1.689008113832383333e-04
1.683522815992849096e-04
1.678081019790675821e-04
1.672682280643885669e-04
1.667326160592420880e-04
1.662012228051919292e-04
1.656740057592838780e-04
1.651509229741530548e-04
1.646319330800325809e-04
1.641169952684014245e-04
1.636060692770524431e-04
1.630991153763856286e-04
1.625960943567588291e-04
1.620969675167571419e-04
1.616016966522522294e-04
1.611102440461511338e-04
1.606225724587457930e-04
1.601386451185830557e-04
1.596584257137948317e-04
1.591818783838298303e-04
1.587089677115407550e-04
1.582396587155864584e-04
1.577739168431177520e-04
1.573117079627163765e-04
1.568529983575595683e-04
1.563977547187924940e-04
1.559459441390928871e-04
1.554975341064067449e-04
1.550524924978443242e-04
1.546107875737291997e-04
1.541723879717850701e-04
1.537372627014499578e-04
1.533053811383230881e-04
1.528767130187230891e-04
1.524512284343599504e-04
1.520288978271115547e-04
1.516096919839087366e-04
1.511935820317124996e-04
1.507805394325928492e-04
1.503705359788931161e-04
1.499635437884868695e-04
1.495595353001220277e-04
1.491584832688471244e-04
1.487603607615181579e-04
1.483651411523894119e-04
1.479727981187751291e-04
1.475833056367929330e-04
1.471966379771778052e-04
1.468127697011676464e-04
1.464316756564637285e-04
1.460533309732508329e-04
1.456777110602956130e-04
1.453047916011045344e-04
1.449345485501472191e-04
1.445669581291435138e-04
1.442019968234138215e-04
1.438396413782853510e-04
1.434798687955643123e-04
1.431226563300615098e-04
1.427679814861768342e-04
1.424158220145387509e-04
1.420661559086981880e-04
1.417189614018799957e-04
1.413742169637817849e-04
1.410319012974257295e-04
1.406919933360653650e-04
1.403544722401344532e-04
1.400193173942514135e-04
1.396865084042673655e-04
1.393560250943639634e-04
1.390278475041929458e-04
1.387019558860653958e-04
1.383783307021831219e-04
1.380569526219133265e-04
1.377378025191045821e-04
1.374208614694474493e-04
1.371061107478745329e-04
1.367935318260013586e-04
1.364831063696044910e-04
1.361748162361419367e-04
1.358686434723095149e-04
1.355645703116343083e-04
1.352625791721058708e-04
1.349626526538420487e-04
1.346647735367926949e-04
1.343689247784748790e-04
1.340750895117442010e-04
1.337832510425999598e-04
1.334933928480210583e-04
1.332054985738367122e-04
1.329195520326259972e-04
1.326355372016520381e-04
1.323534382208237082e-04
1.320732393906895029e-04
1.317949251704589797e-04
1.315184801760546900e-04
1.312438891781937385e-04
1.309711371004938980e-04
1.307002090176094598e-04
1.304310901533955438e-04
1.301637658790952040e-04
1.298982217115564309e-04
1.296344433114734671e-04
1.293724164816511895e-04
1.291121271652985751e-04
1.288535614443429833e-04
1.285967055377704052e-04
1.283415457999884264e-04
1.280880687192125010e-04
1.278362609158753451e-04
1.275861091410586119e-04
1.273376002749475235e-04
1.270907213253048569e-04
1.268454594259671008e-04
1.266018018353639782e-04
1.263597359350581339e-04
1.261192492282997308e-04
1.258803293386086112e-04
1.256429640083704452e-04
1.254071410974567848e-04
1.251728485818590238e-04
1.249400745523459655e-04
1.249400745522722669e-04
