8.731993910387857291e-05
8.731507208989278471e-05
8.730985353925327385e-05
8.730462237894115246e-05
8.729935871686134218e-05
8.729405146446255544e-05
8.728869650358283118e-05
8.728329384576781122e-05
8.727784589754361869e-05
8.727235638476979961e-05
8.726683004035822456e-05
8.726127177022344888e-05
8.725568510790659451e-05
8.725007314071408647e-05
8.724444110006143174e-05
8.723879563133878751e-05
8.723317145987182321e-05
8.722722207396803047e-05
8.722625863362780103e-05
8.750646492274091607e-05
8.825038395442102242e-05
8.918157423766437592e-05
9.013605554611948110e-05
9.111035478284654741e-05
9.210518862776777001e-05
9.313159674373806905e-05
9.421041142814379958e-05
9.536987170789248871e-05
9.664599355915981158e-05
9.808537641416315174e-05
9.975045064652602158e-05
1.017282876387370872e-04
1.041458401525758188e-04
1.071968731151049772e-04
1.111908169635297556e-04
1.166424281948543016e-04
1.244299506440487888e-04
1.360204146456298318e-04
1.535309257157561414e-04
1.788141471215726414e-04
2.113316422133032751e-04
2.478665793471905164e-04
2.850664311255976763e-04
3.207521148630121627e-04
3.535879513095298906e-04
3.827658374182249046e-04
4.079469161403459455e-04
4.292075306267709015e-04
4.469112234147208369e-04
4.615595315310030262e-04
4.736760634028477196e-04
4.837395357425254951e-04
4.921561810108753378e-04
4.992559015726649296e-04
5.052997777708380378e-04
5.104914489784110514e-04
5.149886120402321580e-04
5.189130992199841950e-04
5.223591213305016530e-04
5.253997645299072258e-04
5.280920068103297236e-04
5.304805463770068466e-04
5.326007088828039549e-04
5.344806477609616692e-04
5.361430131875964070e-04
5.376062169936778436e-04
5.388853938816925765e-04
5.399931365394572630e-04
5.409400562198069754e-04
5.417352130228904545e-04
5.423864454057227827e-04
5.429006278803388905e-04
5.432838697097354180e-04
5.435416662491592823e-04
5.436790154703654773e-04
5.437005168414756930e-04
5.436104474091888340e-04
5.434128088431895362e-04
5.431113790322587972e-04
5.427097469461204587e-04
5.422113417066086634e-04
5.416194554234273970e-04
5.409372611286733870e-04
5.401678274091340805e-04
5.393141303167321710e-04
5.383790630399512599e-04
5.373654437875800783e-04
5.362760222389325107e-04
5.351134848361070642e-04
5.338804591436244109e-04
5.325795174543133774e-04
5.312131797643768845e-04
5.297839162209517887e-04
5.282941491407115069e-04
5.267462546661016033e-04
5.251425641080431899e-04
5.234853650273119455e-04
5.217769021053966219e-04
5.200193778492461774e-04
5.182149531503600940e-04
5.163657477005875003e-04
5.144738402842194760e-04
5.125412689761469492e-04
5.105700312674882856e-04
5.085620841328681533e-04
5.065193440511747908e-04
5.044436869907320238e-04
5.023369483690218055e-04
5.002009229961970659e-04
4.980373650107010287e-04
4.958479878144026473e-04
4.936344640138255833e-04
4.913984253732896386e-04
4.891414627849785361e-04
4.868651262603580798e-04
4.845709249466909931e-04
4.822603271717897490e-04
4.799347605196409186e-04
4.775956119389896987e-04
4.752442278865070201e-04
4.728819145057156490e-04
4.705099378424601898e-04
4.681295240973123322e-04
4.657418599149778051e-04
4.633480927104533919e-04
4.609493310314013948e-04
4.585466449559724147e-04
4.561410665250557775e-04
4.537335902077815203e-04
4.513251733988662084e-04
4.489167369463367956e-04
4.465091657079378672e-04
4.441033091345058083e-04
4.416999818784727205e-04
4.392999644256032716e-04
4.369040037480216446e-04
4.345128139765617342e-04
4.321270770904460379e-04
4.297474436223075803e-04
4.273745333765627025e-04
4.250089361591901467e-04
4.226512125169723522e-04
4.203018944843249743e-04
4.179614863358686091e-04
4.156304653429607828e-04
4.133092825324734330e-04
4.109983634461551543e-04
4.086981088990114270e-04
4.064088957351813156e-04
4.041310775799013895e-04
4.018649855862039991e-04
3.996109291750946178e-04
3.973691967680133513e-04
3.951400565105098552e-04
3.929237569861096383e-04
3.907205279194385242e-04
3.885305808677646361e-04
3.863541099002050332e-04
3.841912922638908586e-04
3.820422890364968027e-04
3.799072457645997179e-04
3.777862930873939450e-04
3.756795473453899514e-04
3.735871111737494457e-04
3.715090740800137264e-04
3.694455130060114614e-04
3.673964928738060356e-04
3.653620671155943756e-04
3.633422781875180569e-04
3.613371580673962352e-04
3.593467287364356957e-04
3.573710026450156534e-04
3.554099831626797933e-04
3.534636650125185637e-04
3.515320346901329765e-04
3.496150708674318833e-04
3.477127447815184886e-04
3.458250206089629039e-04
3.439518558257772174e-04
3.420932015534299442e-04
3.402490028912573167e-04
3.384191992356537049e-04
3.366037245864297455e-04
3.348025078407540251e-04
3.330154730750937834e-04
3.312425398156057738e-04
3.294836232974136174e-04
3.277386347132409485e-04
3.260074814518739306e-04
3.242900673269363170e-04
3.225862927964686343e-04
3.208960551738191660e-04
3.192192488303600517e-04
3.175557653905580258e-04
3.159054939199347424e-04
3.142683211064660497e-04
3.126441314359806943e-04
3.110328073621335685e-04
3.094342294715432540e-04
3.078482766446825284e-04
3.062748262131467693e-04
3.047137541139132095e-04
3.031649350412282283e-04
3.016282425967536864e-04
3.001035494386326353e-04
2.985907274300986865e-04
2.970896477882825431e-04
2.956001812338443133e-04
2.941221981420390858e-04
2.926555686958123479e-04
2.912001630414730400e-04
2.897558514474594601e-04
2.883225044666429737e-04
2.868999931025386458e-04
2.854881889797172118e-04
2.840869645185605235e-04
2.826961931144037323e-04
2.813157493209074867e-04
2.799455090373200849e-04
2.785853496990533282e-04
2.772351504707237964e-04
2.758947924405068209e-04
2.745641588142955182e-04
2.732431351077796726e-04
2.719316093341357697e-04
2.706294721845715944e-04
2.693366171985073199e-04
2.680529409197089695e-04
2.667783430342635510e-04
2.655127264858740915e-04
2.642559975636859224e-04
2.630080659576594323e-04
2.617688447765232078e-04
2.605382505235965423e-04
2.593162030262756369e-04
2.581026253158056629e-04
2.568974434552042155e-04
2.557005863147323687e-04
2.545119852962849532e-04
2.533315740103430865e-04
2.521592879116812133e-04
2.509950639027511512e-04
2.498388399164021105e-04
2.486905544922309724e-04
2.475501463631291088e-04
2.464175540703440444e-04
2.452927156263210958e-04
2.441755682445240932e-04
2.430660481541450934e-04
2.419640905148535092e-04
2.408696294424669262e-04
2.397825981505569061e-04
2.387029292057787336e-04
2.376305548864278080e-04
2.365654076251393675e-04
2.355074205084830218e-04
2.344565277996754854e-04
2.334126654466953674e-04
2.323757715376295445e-04
2.313457866685918825e-04
2.303226541967986021e-04
2.293063203616358499e-04
2.282967342683963404e-04
2.272938477412335693e-04
2.262976150621360746e-04
2.253079926202395061e-04
2.243249384998557397e-04
2.233484120362764396e-04
2.223783733662167866e-04
2.214147829956115087e-04
2.204576014023851608e-04
2.195067886867419816e-04
2.185623042772727562e-04
2.176241066981212877e-04
2.166921534009879215e-04
2.157664006667693146e-04
2.148468035829544196e-04
2.139333161063949114e-04
2.130258912261574224e-04
2.121244812472412530e-04
2.112290382229827553e-04
2.103395145715808000e-04
2.094558639196025427e-04
2.085780422212704600e-04
2.077060092045650817e-04
2.068397301901235650e-04
2.059791783112872995e-04
2.051243371263648796e-04
2.042752035493723087e-04
2.034317909270490720e-04
2.025941319589917805e-04
2.017622810104885574e-04
2.009363152433909637e-04
2.001163339524205601e-04
1.993024556140010595e-04
1.984948124736822322e-04
1.976935429817871701e-04
1.968987829044421605e-04
1.961106563026519182e-04
1.953292676362455220e-04
1.945546959845214198e-04
1.937869918896199090e-04
1.930261768018047010e-04
1.922722446962641784e-04
1.915251652152032060e-04
1.907848876585895037e-04
1.900513452431226106e-04
1.893244592031611108e-04
1.886041424662898626e-04
1.878903027699300771e-04
1.871828451832757267e-04
1.864816740621151310e-04
1.857866944995247699e-04
1.850978133507516108e-04
1.844149399128912109e-04
1.837379863345387897e-04
1.830668678212814011e-04
1.824015026921969277e-04
1.817418123319347579e-04
1.810877210733291619e-04
1.804391560371819392e-04
1.797960469489570082e-04
1.791583259465983062e-04
1.785259273893174286e-04
1.778987876738674385e-04
1.772768450623303353e-04
1.766600395236184878e-04
1.760483125896100047e-04
1.754416072259567757e-04
1.748398677170238415e-04
1.742430395640746238e-04
1.736510693956082188e-04
1.730639048886764336e-04
1.724814946999907064e-04
1.719037884056706612e-04
1.713307364485664645e-04
1.707622900921605279e-04
1.701984013801692943e-04
1.696390231010562715e-04
1.690841087567597923e-04
1.685336125350378358e-04
1.679874892849025274e-04
1.674456944946995491e-04
1.669081842724413087e-04
1.663749153280748674e-04
1.658458449573971770e-04
1.653209310273830873e-04
1.648001319627092275e-04
1.642834067332993970e-04
1.637707148427189937e-04
1.632620163172899229e-04
1.627572716958128481e-04
1.622564420198085316e-04
1.617594888242155423e-04
1.612663741284909615e-04
1.607770604280768718e-04
1.602915106861992078e-04
1.598096883259722165e-04
1.593315572227747812e-04
1.588570816968787683e-04
1.583862265062992017e-04
1.579189568398529843e-04
1.574552383103988424e-04
1.569950369482524244e-04
1.565383191947510998e-04
1.560850518959726340e-04
1.556352022965827749e-04
1.551887380338183369e-04
1.547456271315893585e-04
1.543058379947001145e-04
1.538693394031830216e-04
1.534361005067411804e-04
1.530060908192968987e-04
1.525792802136407471e-04
1.521556389161811201e-04
1.517351375017898579e-04
1.513177468887405130e-04
1.509034383337397496e-04
1.504921834270462385e-04
1.500839540876778330e-04
1.496787225587021739e-04
1.492764614026130825e-04
1.488771434967838773e-04
1.484807420290033071e-04
1.480872304930893842e-04
1.476965826845751269e-04
1.473087726964722292e-04
1.469237749151062339e-04
1.465415640160225579e-04
1.461621149599639396e-04
1.457854029889123963e-04
1.454114036222010583e-04
1.450400926526920580e-04
1.446714461430146737e-04
1.443054404218697452e-04
1.439420520803945337e-04
1.435812579685881885e-04
1.432230351917940529e-04
1.428673611072443935e-04
1.425142133206568724e-04
1.421635696828911662e-04
1.418154082866575718e-04
1.414697074632778986e-04
1.411264457795017354e-04
1.407856020343731067e-04
1.404471552561464593e-04
1.401110846992536065e-04
1.397773698413171584e-04
1.394459903802150978e-04
1.391169262311877503e-04
1.387901575239922135e-04
1.384656646001038963e-04
1.381434280099577661e-04
1.378234285102367053e-04
1.375056470611995488e-04
1.371900648240531411e-04
1.368766631583619056e-04
1.365654236195025994e-04
1.362563279561516201e-04
1.359493581078177412e-04
1.356444962024069129e-04
1.353417245538282077e-04
1.350410256596346786e-04
1.347423821987004007e-04
1.344457770289324804e-04
1.341511931850169982e-04
1.338586138762003794e-04
1.335680224841033167e-04
1.332794025605671384e-04
1.329927378255322417e-04
1.327080121649494853e-04
1.324252096287203138e-04
1.321443144286688391e-04
1.318653109365445770e-04
1.315881836820511242e-04
1.313129173509095015e-04
1.310394967829441309e-04
1.307679069701995762e-04
1.304981330550845789e-04
1.302301603285432527e-04
1.299639742282498599e-04
1.296995603368353549e-04
1.294369043801330368e-04
1.291759922254545861e-04
1.289168098798863771e-04
1.286593434886156592e-04
1.284035793332735165e-04
1.281495038303078599e-04
1.278971035293765580e-04
1.276463651117615750e-04
1.273972753888097517e-04
1.271498213003903932e-04
1.269039899133810989e-04
1.266597684201675245e-04
1.264171441371688136e-04
1.261761045033828958e-04
1.259366370789503529e-04
1.256987295437392640e-04
1.254623696959504878e-04
1.252275454507414303e-04
1.249942448388657781e-04
1.247624560053387096e-04
1.245321672081138977e-04
1.243033668167818975e-04
1.240760433112849878e-04
1.238501852806513646e-04
1.236257814217421830e-04
1.234028205380219366e-04
1.231812915383410066e-04
1.229611834357337969e-04
1.227424853462373057e-04
1.225251864877222475e-04
1.223092761787401394e-04
1.220947438373871658e-04
1.218815789801826796e-04
1.216697712209617029e-04
1.214593102697823638e-04
1.212501859318493774e-04
1.210423881064499158e-04
1.208359067859037748e-04
1.206307320545293700e-04
1.204268540876206437e-04
1.202242631504380242e-04
1.200229495972125732e-04
1.198229038701664360e-04
1.196241164985394447e-04
1.194265780976353999e-04
1.192302793678750743e-04
1.190352110938663194e-04
1.188413641434806915e-04
1.186487294669470586e-04
1.184572980959538400e-04
1.182670611427646501e-04
1.180780097993438350e-04
1.178901353364929054e-04
1.177034291030021215e-04
1.175178825248038799e-04
1.173334871041472292e-04
1.171502344187776037e-04
1.169681161211250808e-04
1.169681161210674148e-04
