8.731989982001112701e-05
8.731496848806316840e-05
8.730967827409032253e-05
8.730437452303341174e-05
8.729904077817840632e-05
8.729366749521839247e-05
8.728825101291713901e-05
8.728279124976066742e-05
8.727729022804183335e-05
8.727175112784095424e-05
8.726617787792334286e-05
8.726057505154797991e-05
8.725494622431073947e-05
8.724929405994363591e-05
8.724362198066708913e-05
8.723793680233212400e-05
8.723224281315186278e-05
8.722658369033087233e-05
8.722038780095590709e-05
8.724881992497504461e-05
8.792471128552245888e-05
8.872539975661832608e-05
8.964660878335502800e-05
9.061537531944819453e-05
9.160097863460682748e-05
9.260955606306905149e-05
9.365912536103359839e-05
9.477446110297300800e-05
9.598739977939462116e-05
9.733877134278304396e-05
9.888228672076208859e-05
1.006913296675860785e-04
1.028705350352171358e-04
1.055760019151138807e-04
1.090515236810642077e-04
1.136949157139163145e-04
1.201786557255265305e-04
1.296484990996998312e-04
1.439261798941245303e-04
1.652140596654932297e-04
1.944189698474410393e-04
2.294395929258707381e-04
2.666659612750125747e-04
3.033221502376151754e-04
3.377145065209627320e-04
3.687893301394249215e-04
3.959769396732479903e-04
4.191593048582923134e-04
4.385764988564141141e-04
4.546791963675004275e-04
4.679917335719939063e-04
4.790209264110595506e-04
4.882108240606394855e-04
4.959289235044269826e-04
5.024692795649269433e-04
5.080626379855037161e-04
5.128881858712257182e-04
5.170844448753986839e-04
5.207584414039350676e-04
5.239930476456374853e-04
5.268526982413457814e-04
5.293877754355356393e-04
5.316379437190138025e-04
5.336346789241963292e-04
5.354031813571221874e-04
5.369638287806689867e-04
5.383332770127352302e-04
5.395252995266014472e-04
5.405514290602567336e-04
5.414214473565640571e-04
5.421437632131117720e-04
5.427257004291043433e-04
5.431737250004335877e-04
5.434936203906019911e-04
5.436906194119077180e-04
5.437695071493383030e-04
5.437347117711187512e-04
5.435903667281199222e-04
5.433403558568707841e-04
5.429883581264281431e-04
5.425378788449704845e-04
5.419922756605585453e-04
5.413547789182251340e-04
5.406285076981414773e-04
5.398164829600732295e-04
5.389216382629699684e-04
5.379468284863433069e-04
5.368948369532109462e-04
5.357683812669868919e-04
5.345701181069465856e-04
5.333026471844968955e-04
5.319685145176833007e-04
5.305702151303620488e-04
5.291101952712554991e-04
5.275908542422750973e-04
5.260145458935398940e-04
5.243835798297464016e-04
5.227002223771221078e-04
5.209666973585289811e-04
5.191851867175885718e-04
5.173578310078315312e-04
5.154867297483585334e-04
5.135739416664076348e-04
5.116214848553242650e-04
5.096313368676407430e-04
5.076054347564301324e-04
5.055456750760607383e-04
5.034539138527119881e-04
5.013319665342507890e-04
4.991816079282136460e-04
4.970045721357388511e-04
4.948025524884500873e-04
4.925772014944492828e-04
4.903301307988653128e-04
4.880629111636613300e-04
4.857770724707623634e-04
4.834741037519665581e-04
4.811554532485027864e-04
4.788225285025987307e-04
4.764766964829022589e-04
4.741192837451611614e-04
4.717515766291249454e-04
4.693748214922581117e-04
4.669902249804862532e-04
4.645989543358786458e-04
4.622021377408720298e-04
4.598008646983743814e-04
4.573961864468550215e-04
4.549891164093177224e-04
4.525806306748513257e-04
4.501716685113396252e-04
4.477631329077184160e-04
4.453558911440914968e-04
4.429507753879139299e-04
4.405485833143771312e-04
4.381500787490750755e-04
4.357559923309878530e-04
4.333670221937990308e-04
4.309838346635658192e-04
4.286070649707342619e-04
4.262373179745386183e-04
4.238751688978396057e-04
4.215211640704839293e-04
4.191758216793289448e-04
4.168396325231121325e-04
4.145130607704235041e-04
4.121965447190829184e-04
4.098904975553125914e-04
4.075953081111565054e-04
4.053113416186836953e-04
4.030389404595948431e-04
4.007784249089129769e-04
3.985300938715569791e-04
3.962942256106471322e-04
3.940710784664953068e-04
3.918608915653106796e-04
3.896638855167290074e-04
3.874802630993690565e-04
3.853102099336809896e-04
3.831538951414498509e-04
3.810114719913687336e-04
3.788830785302027375e-04
3.767688381990959420e-04
3.746688604346763468e-04
3.725832412546608414e-04
3.705120638277241722e-04
3.684553990274654295e-04
3.664133059703490497e-04
3.643858325375618954e-04
3.623730158807635365e-04
3.603748829117728834e-04
3.583914507762531892e-04
3.564227273115229216e-04
3.544687114886414759e-04
3.525293938389523619e-04
3.506047568653159374e-04
3.486947754382731962e-04
3.467994171774170260e-04
3.449186428182846520e-04
3.430524065650828098e-04
3.412006564295964428e-04
3.393633345566542678e-04
3.375403775365203810e-04
3.357317167046227615e-04
3.339372784290213459e-04
3.321569843860546671e-04
3.303907518245919077e-04
3.286384938193527257e-04
3.269001195137465326e-04
3.251755343527131491e-04
3.234646403060356559e-04
3.217673360826320316e-04
3.200835173363105954e-04
3.184130768635140638e-04
3.167559047935645600e-04
3.151118887719453888e-04
3.134809141371594022e-04
3.118628640917163550e-04
3.102576198678154776e-04
3.086650608882951789e-04
3.070850649234357866e-04
3.055175082442030668e-04
3.039622657725487859e-04
3.024192112293581209e-04
3.008882172806654344e-04
2.993691556827437279e-04
2.978618974266699368e-04
2.963663128829546810e-04
2.948822719468159777e-04
2.934096441846328917e-04
2.919482989821051231e-04
2.904981056945604538e-04
2.890589337998277419e-04
2.876306530539886894e-04
2.862131336502417582e-04
2.848062463809849739e-04
2.834098628030773935e-04
2.820238554060905314e-04
2.806480977831236532e-04
2.792824648035484064e-04
2.779268327867538994e-04
2.765810796756431721e-04
2.752450852082760071e-04
2.739187310856469387e-04
2.726019011331192701e-04
2.712944814525699178e-04
2.699963605617704851e-04
2.687074295169939939e-04
2.674275820143179111e-04
2.661567144645817667e-04
2.648947260365295642e-04
2.636415186623521133e-04
2.623969969996503993e-04
2.611610683439267522e-04
2.599336424860277652e-04
2.587146315096631424e-04
2.575039495252299452e-04
2.563015123377815861e-04
2.551072370491044893e-04
2.539210415966056057e-04
2.527428442350392176e-04
2.515725629710740380e-04
2.504101149652593274e-04
2.492554159210540925e-04
2.481083794861518432e-04
2.469689166971123949e-04
2.458369355040026963e-04
2.447123404167930727e-04
2.435950323187728898e-04
2.424849084930635250e-04
2.413818629047848562e-04
2.402857867717335318e-04
2.391965694388555302e-04
2.381140995453557001e-04
2.370382664386758262e-04
2.359689617500462485e-04
2.349060810080244566e-04
2.338495251378911832e-04
2.327992016848231171e-04
2.317550256136648818e-04
2.307169195786133210e-04
2.296848136160840295e-04
2.286586442817910769e-04
2.276383533148342898e-04
2.266238859560879948e-04
2.256151890700229035e-04
2.246122092199775077e-04
2.236148908346322344e-04
2.226231745891815988e-04
2.216369961214691273e-04
2.206562852237465948e-04
2.196809657033126832e-04
2.187109562039872448e-04
2.177461724337664557e-04
2.167865314563861227e-04
2.158319589598303950e-04
2.148824006414226868e-04
2.139378388579917857e-04
2.129983150937293432e-04
2.120639569999621242e-04
2.111350052504016933e-04
2.102118307579549654e-04
2.092949297857729836e-04
2.083848879677844689e-04
2.074823163472254504e-04
2.065877770805046182e-04
2.057017221238605737e-04
2.048244604434410409e-04
2.039561552223169980e-04
2.030968423375210724e-04
2.022464588097809405e-04
2.014048724654603900e-04
2.005719078995006979e-04
1.997473668780526607e-04
1.989310431241560846e-04
1.981227322699968211e-04
1.973222380201436802e-04
1.965293755363162653e-04
1.957439728970561974e-04
1.949658712975273602e-04
1.941949244796395608e-04
1.934309977375431614e-04
1.926739667307864631e-04
1.919237162539938447e-04
1.911801390527621120e-04
1.904431347350746522e-04
1.897126088008969859e-04
1.889884717958600436e-04
1.882706385851184712e-04
1.875590277382292324e-04
1.868535610134082633e-04
1.861541629285657739e-04
1.854607604064578284e-04
1.847732824819681835e-04
1.840916600609241002e-04
1.834158257215002131e-04
1.827457135507947307e-04
1.820812590103523441e-04
1.814223988254079598e-04
1.807690708934265764e-04
1.801212142081944415e-04
1.794787687963666611e-04
1.788416756640369854e-04
1.782098767514450730e-04
1.775833148942363479e-04
1.769619337899157275e-04
1.763456779684633585e-04
1.757344927663931551e-04
1.751283243037048837e-04
1.745271194631683120e-04
1.739308258714039081e-04
1.733393918813573359e-04
1.727527665560199966e-04
1.721708996534413979e-04
1.715937416130242142e-04
1.710212435428601287e-04
1.704533572077506995e-04
1.698900350176140675e-04
1.693312300160945184e-04
1.687768958692881618e-04
1.682269868545925898e-04
1.676814578497842995e-04
1.671402643224208868e-04
1.666033623196380817e-04
1.660707084583335706e-04
1.655422599156944851e-04
1.650179744200103334e-04
1.644978102417322355e-04
1.639817261847306489e-04
1.634696815777406608e-04
1.629616362659758199e-04
1.624575506029038126e-04
1.619573854421770985e-04
1.614611021297176108e-04
1.609686624959542217e-04
1.604800288482081461e-04
1.599951639632197261e-04
1.595140310798276266e-04
1.590365938917793283e-04
1.585628165406846536e-04
1.580926636091017554e-04
1.576261001137556762e-04
1.571630914988841389e-04
1.567036036297115166e-04
1.562476027860427161e-04
1.557950556559804973e-04
1.553459293297579347e-04
1.549001912936859944e-04
1.544578094242138951e-04
1.540187519820988111e-04
1.535829876066832633e-04
1.531504853102760790e-04
1.527212144726397113e-04
1.522951448355720479e-04
1.518722464975920308e-04
1.514524899087174071e-04
1.510358458653386486e-04
1.506222855051826421e-04
1.502117803023690537e-04
1.498043020625532107e-04
1.493998229181538510e-04
1.489983153236673630e-04
1.485997520510630443e-04
1.482041061852603790e-04
1.478113511196806377e-04
1.474214605518852131e-04
1.470344084792811229e-04
1.466501691949009421e-04
1.462687172832620181e-04
1.458900276162895999e-04
1.455140753493130415e-04
1.451408359171293353e-04
1.447702850301334047e-04
1.444023986705141266e-04
1.440371530885125055e-04
1.436745247987449004e-04
1.433144905765867223e-04
1.429570274546141642e-04
1.426021127191098175e-04
1.422497239066215498e-04
1.418998388005777338e-04
1.415524354279630570e-04
1.412074920560423333e-04
1.408649871891426723e-04
1.405248995654837603e-04
1.401872081540621881e-04
1.398518921515857344e-04
1.395189309794546211e-04
1.391883042807932935e-04
1.388599919175286846e-04
1.385339739675164568e-04
1.382102307217088482e-04
1.378887426813710921e-04
1.375694905553402831e-04
1.372524552573258221e-04
1.369376179032543133e-04
1.366249598086549839e-04
1.363144624860849205e-04
1.360061076425945570e-04
1.356998771772330878e-04
1.353957531785924249e-04
1.350937179223842769e-04
1.347937538690624124e-04
1.344958436614735733e-04
1.341999701225499132e-04
1.339061162530304379e-04
1.336142652292231312e-04
1.333244004007948897e-04
1.330365052885991342e-04
1.327505635825344560e-04
1.324665591394331066e-04
1.321844759809859152e-04
1.319042982916921174e-04
1.316260104168424678e-04
1.313495968605332253e-04
1.310750422837076508e-04
1.308023315022265336e-04
1.305314494849662025e-04
1.302623813519475187e-04
1.299951123724862802e-04
1.297296279633764794e-04
1.294659136870966796e-04
1.292039552500432267e-04
1.289437385007877732e-04
1.286852494283609056e-04
1.284284741605603273e-04
1.281733989622839528e-04
1.279200102338840612e-04
1.276682945095473085e-04
1.274182384556969932e-04
1.271698288694189845e-04
1.269230526769072470e-04
1.266778969319331920e-04
1.264343488143370364e-04
1.261923956285385703e-04
1.259520248020695537e-04
1.257132238841273634e-04
1.254759805441474786e-04
1.252402825703964303e-04
1.250061178685841308e-04
1.247734744604937134e-04
1.245423404826361458e-04
1.243127041849137612e-04
1.240845539293119245e-04
1.238578781886013507e-04
1.236326655450618092e-04
1.234089046892218470e-04
1.231865844186176757e-04
1.229656936365652311e-04
1.227462213509510167e-04
1.225281566730422730e-04
1.223114888163057124e-04
1.220962070952498891e-04
1.218823009242783441e-04
1.216697598165591748e-04
1.214585733829111531e-04
1.212487313307019320e-04
1.210402234627641144e-04
1.208330396763228554e-04
1.206271699619406758e-04
1.204226044024727386e-04
1.202193331720377513e-04
1.200173465350032071e-04
1.198166348449815761e-04
1.196171885438430986e-04
1.194189981607382279e-04
1.192220543111340860e-04
1.190263476958634831e-04
1.188318691001873399e-04
1.186386093928666651e-04
1.184465595252491148e-04
1.182557105303654185e-04
1.180660535220401977e-04
1.178775796940097778e-04
1.176902803190563580e-04
1.175041467481495938e-04
1.173191704095998352e-04
1.171353428082250940e-04
1.169526555245231869e-04
1.167711002138601702e-04
1.167711002138026804e-04
