8.731994617926034372e-05
8.731509072791281286e-05
8.730988571178397242e-05
8.730466944236296993e-05
8.729942114933624930e-05
8.729412946564991949e-05
8.728878951276707499e-05
8.728340153987822236e-05
8.727796769462351379e-05
8.727249182260441243e-05
8.726697880180505685e-05
8.726143302804575692e-05
8.725585867257181166e-05
8.725026043376224959e-05
8.724464218578830462e-05
8.723900784903702236e-05
8.723336039331083954e-05
8.722770308029074765e-05
8.722203778055303170e-05
8.721636700016085196e-05
8.721069325543026206e-05
8.720501817244116153e-05
8.719934313770403146e-05
8.719366956062611716e-05
8.718799878872984051e-05
8.718233238696957148e-05
8.717667103706007231e-05
8.717101595170608430e-05
8.716536834846624058e-05
8.715972832780569601e-05
8.715409651929238158e-05
8.714847382506064866e-05
8.714286085660668895e-05
8.713725858730616582e-05
8.713166707646030314e-05
8.712608690069141473e-05
8.712051878781411904e-05
8.711496283233411818e-05
8.710941941613026685e-05
8.710388891465802334e-05
8.709837226449587981e-05
8.709286966612267064e-05
8.708738100582160704e-05
8.708190622877663332e-05
8.707644576736929705e-05
8.707100056727023693e-05
8.706557017900132462e-05
8.706015545999844078e-05
8.705475607882619900e-05
8.704937339257015866e-05
8.704400577640203677e-05
8.703870840804954956e-05
8.703269307073536760e-05
8.704729387991387525e-05
8.764365481151291533e-05
8.838653688944908093e-05
8.926327812822557159e-05
9.019945536651910434e-05
9.116297818502934740e-05
9.215233535525464172e-05
9.317975160905184889e-05
9.426605120187730058e-05
9.543979252996241159e-05
9.673816484462945033e-05
9.820998059414850481e-05
9.992121968899893389e-05
1.019647804510762985e-04
1.044773139150003945e-04
1.076693052677178171e-04
1.118800427749806395e-04
1.176783394915533121e-04
1.260375671194502098e-04
1.385657378013815391e-04
1.574703500663519591e-04
1.843508352738242636e-04
2.180632254158134048e-04
2.551163130981096150e-04
2.923258071192277527e-04
3.276979377791957183e-04
3.600029373350729488e-04
3.885204199197841123e-04
4.129986975244881800e-04
4.335852595563810573e-04
4.506871463068009469e-04
4.648232813401309386e-04
4.765169549246006729e-04
4.862374047823225559e-04
4.943781536920148056e-04
5.012564326071813599e-04
5.071221335874115735e-04
5.121696141927975683e-04
5.165491337675941598e-04
5.203766795018910808e-04
5.237419173880439880e-04
5.267144186180149935e-04
5.293484473459385189e-04
5.316866062920962447e-04
5.337625997260557259e-04
5.356033244092347741e-04
5.372304527417624603e-04
5.386616334837728828e-04
5.399114046386758797e-04
5.409918894545190414e-04
5.419133286639215858e-04
5.426844887415864646e-04
5.433129760188586208e-04
5.438054790963100030e-04
5.441679564823576412e-04
5.444057822683001343e-04
5.445238595652474207e-04
5.445267091092079138e-04
5.444185386907493063e-04
5.442032977407034507e-04
5.438847203967753403e-04
5.434663596087645774e-04
5.429516142538085835e-04
5.423437507838527660e-04
5.416459205826654319e-04
5.408611739444520606e-04
5.399924713817607627e-04
5.390426928127903120e-04
5.380146450565751739e-04
5.369110679705660751e-04
5.357346394925013291e-04
5.344879797923321680e-04
5.331736546965510542e-04
5.317941785136676451e-04
5.303520163635589389e-04
5.288495860932785828e-04
5.272892598462286399e-04
5.256733653394643491e-04
5.240041868943676098e-04
5.222839662585008515e-04
5.205149032505764634e-04
5.186991562558245384e-04
5.168388425952990216e-04
5.149360387896232240e-04
5.129927807352179956e-04
5.110110638089366674e-04
5.089928429152938737e-04
5.069400324889643131e-04
5.048545064638782160e-04
5.027380982190837689e-04
5.005926005104643873e-04
4.984197653964397498e-04
4.962213041648950171e-04
4.939988872677522668e-04
4.917541442688262232e-04
4.894886638099095466e-04
4.872039935993509796e-04
4.849016404267641220e-04
4.825830702069317641e-04
4.802497080554148394e-04
4.779029383978672168e-04
4.755441051146038151e-04
4.731745117215042885e-04
4.707954215879617331e-04
4.684080581922002635e-04
4.660136054139566906e-04
4.636132078642020145e-04
4.612079712513359668e-04
4.587989627830011178e-04
4.563872116024727870e-04
4.539737092583796601e-04
4.515594102063396308e-04
4.491452323409593755e-04
4.467320575565116177e-04
4.443207323345338368e-04
4.419120683564679267e-04
4.395068431394374888e-04
4.371058006932040919e-04
4.347096521963038818e-04
4.323190766893639171e-04
4.299347217836016173e-04
4.275572043825148316e-04
4.251871114147885212e-04
4.228250005764990719e-04
4.204714010807138408e-04
4.181268144126539074e-04
4.157917150886402563e-04
4.134665514170991307e-04
4.111517462599795464e-04
4.088476977930100573e-04
4.065547802632894152e-04
4.042733447427976465e-04
4.020037198764796140e-04
3.997462126236455554e-04
3.975011089915169034e-04
3.952686747598168119e-04
3.930491561953972438e-04
3.908427807559751942e-04
3.886497577821211493e-04
3.864702791767357431e-04
3.843045200713254405e-04
3.821526394784516604e-04
3.800147809298309713e-04
3.778910730996202605e-04
3.757816304125005755e-04
3.736865536362479301e-04
3.716059304585467488e-04
3.695398360478649989e-04
3.674883335982669736e-04
3.654514748581127190e-04
3.634293006426092976e-04
3.614218413302687526e-04
3.594291173433276855e-04
3.574511396122522096e-04
3.554879100244689549e-04
3.535394218575082809e-04
3.516056601967636371e-04
3.496866023381134001e-04
3.477822181756663202e-04
3.458924705749233082e-04
3.440173157316796346e-04
3.421567035169876484e-04
3.403105778085592178e-04
3.384788768089710444e-04
3.366615333510803495e-04
3.348584751910516533e-04
3.330696252894353748e-04
3.312949020807357285e-04
3.295342197319227405e-04
3.277874883903628849e-04
3.260546144216510279e-04
3.243355006378326535e-04
3.226300465165283875e-04
3.209381484114793908e-04
3.192596997550350719e-04
3.175945912531364930e-04
3.159427110733390907e-04
3.143039450264420182e-04
3.126781767423036712e-04
3.110652878404257201e-04
3.094651580959113953e-04
3.078776656014085367e-04
3.063026869256550255e-04
3.047400972692617229e-04
3.031897706183733538e-04
3.016515798968512981e-04
3.001253971176322797e-04
2.986110935339071864e-04
2.971085397907733067e-04
2.956176060779904468e-04
2.941381622844646158e-04
2.926700781550544512e-04
2.912132234502546289e-04
2.897674681092735852e-04
2.883326824169510491e-04
2.869087371748875914e-04
2.854955038770503033e-04
2.840928548900068244e-04
2.827006636377853372e-04
2.813188047911784344e-04
2.799471544610975665e-04
2.785855903953461947e-04
2.772339921778825436e-04
2.758922414293365588e-04
2.745602220071580190e-04
2.732378202033928474e-04
2.719249249376531549e-04
2.706214279423603368e-04
2.693272239369129905e-04
2.680422107869354521e-04
2.667662896443599697e-04
2.654993650637167647e-04
2.642413450897485722e-04
2.629921413113634138e-04
2.617516688770085307e-04
2.605198464668849381e-04
2.592965962180455888e-04
2.580818435993749373e-04
2.568755172347680872e-04
2.556775486744919065e-04
2.544878721167582775e-04
2.533064240838308950e-04
2.521331430595184753e-04
2.509679690975182681e-04
2.498108434125993044e-04
2.486617079689180921e-04
2.475205050816053800e-04
2.463871770489499749e-04
2.452616658328508046e-04
2.441439128044781050e-04
2.430338585701814508e-04
2.419314428894609164e-04
2.408366046923246105e-04
2.397492821976698928e-04
2.386694131277858615e-04
2.375969350070532477e-04
2.365317855261276812e-04
2.354739029470152400e-04
2.344232265202806568e-04
2.333796968838684587e-04
2.323432564140753918e-04
2.313138495031934834e-04
2.302914227448464341e-04
2.292759250163574054e-04
2.282673074564576068e-04
2.272655233452292273e-04
2.262705279002536895e-04
2.252822780078638160e-04
2.243007319108089820e-04
2.233258488737136654e-04
2.223575888458025345e-04
2.213959121371876569e-04
2.204407791211951016e-04
2.194921499714474296e-04
2.185499844391169326e-04
2.176142416733431288e-04
2.166848800861735083e-04
2.157618572630078373e-04
2.148451299207248611e-04
2.139346539160618039e-04
2.130303843092430237e-04
2.121322754906928881e-04
2.112402813818068964e-04
2.103543557242964536e-04
2.094744524762442918e-04
2.086005263364610978e-04
2.077325334214556024e-04
2.068704321205342908e-04
2.060141841529242700e-04
2.051637558445056780e-04
2.043191196283053966e-04
2.034802557493925533e-04
2.026471541183937736e-04
2.018198162070502979e-04
2.009982568158510312e-04
2.001825054756788938e-04
1.993726071887751583e-04
1.985686221937596084e-04
1.977706244829693493e-04
1.969786989276985914e-04
1.961929370740811266e-04
1.954134319208506148e-04
1.946402722125272248e-04
1.938735369052384271e-04
1.931132904430931524e-04
1.923595793261749694e-04
1.916124302090395836e-04
1.908718495144677053e-04
1.901378243446213176e-04
1.894103243540258606e-04
1.886893042168483767e-04
1.879747063538696682e-04
1.872664636539423397e-04
1.865645020053114907e-04
1.858687425269423335e-04
1.851791034502327249e-04
1.844955016449847897e-04
1.838178538115832754e-04
1.831460773770813297e-04
1.824800911396788942e-04
1.818198157068187432e-04
1.811651737692470700e-04
1.805160902485370550e-04
1.798724923499705553e-04
1.792343095470383505e-04
1.786014735185922767e-04
1.779739180550627960e-04
1.773515789462547503e-04
1.767343938600057860e-04
1.761223022183997660e-04
1.755152450762096001e-04
1.749131650046493048e-04
1.743160059823604567e-04
1.737237132946739266e-04
1.731362334415603840e-04
1.725535140542591337e-04
1.719755038202644990e-04
1.714021524161790395e-04
1.708334104478312766e-04
1.702692293970042327e-04
1.697095615741195471e-04
1.691543600762333431e-04
1.686035787497325170e-04
1.680571721571750925e-04
1.675150955477558760e-04
1.669773048309335366e-04
1.664437565528134578e-04
1.659144078749091649e-04
1.653892165549778598e-04
1.648681409296349131e-04
1.643511398985144029e-04
1.638381729097589112e-04
1.633291999466616388e-04
1.628241815153014856e-04
1.623230786330410753e-04
1.618258528177679188e-04
1.613324660777845003e-04
1.608428809022667831e-04
1.603570602522125038e-04
1.598749675518276465e-04
1.593965666802907083e-04
1.589218219638590019e-04
1.584506981682749587e-04
1.579831604914439143e-04
1.575191745563547568e-04
1.570587064042203694e-04
1.566017224878182975e-04
1.561481896650173849e-04
1.556980751924737607e-04
1.552513467194841456e-04
1.548079722819847653e-04
1.543679202966905060e-04
1.539311595553634966e-04
1.534976592192061572e-04
1.530673888133656218e-04
1.526403182215582102e-04
1.522164176807948928e-04
1.517956577762107572e-04
1.513780094359947642e-04
1.509634439264153738e-04
1.505519328469361062e-04
1.501434481254230427e-04
1.497379620134399307e-04
1.493354470816250909e-04
1.489358762151532728e-04
1.485392226092751384e-04
1.481454597649393891e-04
1.477545614844869384e-04
1.473665018674202192e-04
1.469812553062500122e-04
1.465987964824066753e-04
1.462191003622245300e-04
1.458421421929966119e-04
1.454678974990917368e-04
1.450963420781393553e-04
1.447274519972778614e-04
1.443612035894654044e-04
1.439975734498531788e-04
1.436365384322173147e-04
1.432780756454505623e-04
1.429221624501095147e-04
1.425687764550228167e-04
1.422178955139503042e-04
1.418694977222993898e-04
1.415235614138932185e-04
1.411800651577914617e-04
1.408389877551629904e-04
1.405003082362075810e-04
1.401640058571283624e-04
1.398300600971503409e-04
1.394984506555893415e-04
1.391691574489645330e-04
1.388421606081585236e-04
1.385174404756207964e-04
1.381949776026165737e-04
1.378747527465174502e-04
1.375567468681328188e-04
1.372409411290887306e-04
1.369273168892407987e-04
1.366158557041291424e-04
1.363065393224736899e-04
1.359993496837082964e-04
1.356942689155504506e-04
1.353912793316095246e-04
1.350903634290302876e-04
1.347915038861750988e-04
1.344946835603366741e-04
1.341998854854892611e-04
1.339070928700720152e-04
1.336162890948056601e-04
1.333274577105415391e-04
1.330405824361436805e-04
1.327556471564003801e-04
1.324726359199695841e-04
1.321915329373531112e-04
1.319123225788986311e-04
1.316349893728374209e-04
1.313595180033417457e-04
1.310858933086194280e-04
1.308141002790294224e-04
1.305441240552304325e-04
1.302759499263503708e-04
1.300095633281884262e-04
1.297449498414388698e-04
1.294820951899418847e-04
1.292209852389586270e-04
1.289616059934720104e-04
1.287039435965130229e-04
1.284479843275068310e-04
1.281937146006453105e-04
1.279411209632829425e-04
1.276901900943539598e-04
1.274409088028121524e-04
1.271932640260928996e-04
1.269472428285971038e-04
1.267028324001956408e-04
1.264600200547546832e-04
1.262187932286809719e-04
1.259791394794905874e-04
1.257410464843921152e-04
1.255045020388942585e-04
1.252694940554300673e-04
1.250360105619999782e-04
1.248040397008362665e-04
1.245735697270815127e-04
1.243445890074891590e-04
1.241170860191382957e-04
1.241170860190662776e-04
