8.732000473497816763e-05
8.731526300779375290e-05
8.731020807842658905e-05
8.730517062744940350e-05
8.730012392041560342e-05
8.729505218723021499e-05
8.728994730636873496e-05
8.728480716648326940e-05
8.727963194385311111e-05
8.727442416848561876e-05
8.726918764142928471e-05
8.726392589814589500e-05
8.725864241428295384e-05
8.725334138081577322e-05
8.724802618776798010e-05
8.724270052877374523e-05
8.723736695385787582e-05
8.723202862141629351e-05
8.722668715426609980e-05
8.722134473381218595e-05
8.721600364170088650e-05
8.721066566752676990e-05
8.720533193676820876e-05
8.720000349550155526e-05
8.719468183695497148e-05
8.718936807282044049e-05
8.718406332339272364e-05
8.717876804141007742e-05
8.717348392697088369e-05
8.716821090978726428e-05
8.716294948608189748e-05
8.715770006753591626e-05
8.715246357893715484e-05
8.714724061078117472e-05
8.714203165283328158e-05
8.713683662349442770e-05
8.713165649296283227e-05
8.712649145948944327e-05
8.712134135860088600e-05
8.711620691063327762e-05
8.711108825742429091e-05
8.710598645415647853e-05
8.710090116357196315e-05
8.709583244957806605e-05
8.709077987137363731e-05
8.708574426786012143e-05
8.708072631783761995e-05
8.707572524207581488e-05
8.707074230924727830e-05
8.706577681346516382e-05
8.706083037511020805e-05
8.705590137312841194e-05
8.705104538694520978e-05
8.704544754541361561e-05
8.705691045447879123e-05
8.763148323729265789e-05
8.844095058775285425e-05
8.940310023044240593e-05
9.040074555739476729e-05
9.140644515425732654e-05
9.242987513534326697e-05
9.349205238354053101e-05
9.462052958197511392e-05
9.584965540395986021e-05
9.722277109369822316e-05
9.879666906252653976e-05
1.006492448423808989e-04
1.028925097594485775e-04
1.056953422169463737e-04
1.093245385564977772e-04
1.142210306025022112e-04
1.211392308957571785e-04
1.313720719250928231e-04
1.469431184064236555e-04
1.701006977904109710e-04
2.012704906193000175e-04
2.376918803904563360e-04
2.756381136457141290e-04
3.125167054916000767e-04
3.467703834390247148e-04
3.774387546156614758e-04
4.040514094848158448e-04
4.265905832594904220e-04
4.453755570368454395e-04
4.609051810862350431e-04
4.737246858223864232e-04
4.843436878333411003e-04
4.931994394325562529e-04
5.006488048374781522e-04
5.069746011919333550e-04
5.123972592529442470e-04
5.170871295769707398e-04
5.211754449516977977e-04
5.247633468577882904e-04
5.279290139118513869e-04
5.307331627225590895e-04
5.332232394404041228e-04
5.354365933362998254e-04
5.374028736520818604e-04
5.391458396771343442e-04
5.406847296060548688e-04
5.420352980849335372e-04
5.432106048162565646e-04
5.442216157626920351e-04
5.450776629114478886e-04
5.457867969729357071e-04
5.463560587830166605e-04
5.467916887852670256e-04
5.470992892102473316e-04
5.472839500148738139e-04
5.473503469820531660e-04
5.473028183781683455e-04
5.471454250544058101e-04
5.468819977329712582e-04
5.465161743490936849e-04
5.460514296565038232e-04
5.454910987971431542e-04
5.448383961476251916e-04
5.440964304569310484e-04
5.432682170607735063e-04
5.423566877817124652e-04
5.413646989882752629e-04
5.402950381816027259e-04
5.391504293973283088e-04
5.379335376480571390e-04
5.366469725836844852e-04
5.352932915096004747e-04
5.338750018741502019e-04
5.323945633144637046e-04
5.308543893326331730e-04
5.292568486608612878e-04
5.276042663638239949e-04
5.258989247184268434e-04
5.241430639047702823e-04
5.223388825371091601e-04
5.204885380596054913e-04
5.185941470284374279e-04
5.166577852991767169e-04
5.146814881361890361e-04
5.126672502589247650e-04
5.106170258384303473e-04
5.085327284559945432e-04
5.064162310346373690e-04
5.042693657530620665e-04
5.020939239506571998e-04
4.998916560312520289e-04
4.976642713724715701e-04
4.954134382467173395e-04
4.931407837590994891e-04
4.908478938069265685e-04
4.885363130647219594e-04
4.862075449981194441e-04
4.838630519094292955e-04
4.815042550171276439e-04
4.791325345710411936e-04
4.767492300045248106e-04
4.743556401245158744e-04
4.719530233399524201e-04
4.695425979287053933e-04
4.671255423428260687e-04
4.647029955516284372e-04
4.622760574218614453e-04
4.598457891339940030e-04
4.574132136334260463e-04
4.549793161152462253e-04
4.525450445410268436e-04
4.501113101859790079e-04
4.476789882147083795e-04
4.452489182837069716e-04
4.428219051686555592e-04
4.403987194145350453e-04
4.379800980065501727e-04
4.355667450597996873e-04
4.331593325256738436e-04
4.307585009129118419e-04
4.283648600213151567e-04
4.259789896861275178e-04
4.236014405311188118e-04
4.212327347284737619e-04
4.188733667636446276e-04
4.165238042033720506e-04
4.141844884651588957e-04
4.118558355865504519e-04
4.095382369926519380e-04
4.072320602603924809e-04
4.049376498781264810e-04
4.026553279992400999e-04
4.003853951885260644e-04
3.981281311601666921e-04
3.958837955062481455e-04
3.936526284148124063e-04
3.914348513765439374e-04
3.892306678792558728e-04
3.870402640894360911e-04
3.848638095201885041e-04
3.827014576849744948e-04
3.805533467366553385e-04
3.784196000914029031e-04
3.763003270371206225e-04
3.741956233260821741e-04
3.721055717515835940e-04
3.700302427084370405e-04
3.679696947372189256e-04
3.659239750522231931e-04
3.638931200531261389e-04
3.618771558204072819e-04
3.598760985946219634e-04
3.578899552396549695e-04
3.559187236901065286e-04
3.539623933830204775e-04
3.520209456741707336e-04
3.500943542391672008e-04
3.481825854596602926e-04
3.462855987949498720e-04
3.444033471393337332e-04
3.425357771655423555e-04
3.406828296546370667e-04
3.388444398127662136e-04
3.370205375751795162e-04
3.352110478979361324e-04
3.334158910377453696e-04
3.316349828203900437e-04
3.298682348982105630e-04
3.281155549971272200e-04
3.263768471536947083e-04
3.246520119426980593e-04
3.229409466958094947e-04
3.212435457118357736e-04
3.195597004591022006e-04
3.178892997705224429e-04
3.162322300319334468e-04
3.145883753642620567e-04
3.129576178001355858e-04
3.113398374555193145e-04
3.097349126970260695e-04
3.081427203055116530e-04
3.065631356366113570e-04
3.049960327788755121e-04
3.034412847101622900e-04
3.018987634529802394e-04
3.003683402294499952e-04
2.988498856165831721e-04
2.973432697025621928e-04
2.958483622446967808e-04
2.943650328297417375e-04
2.928931510372076593e-04
2.914325866063082848e-04
2.899832096070968754e-04
2.885448906163414254e-04
2.871175008985782937e-04
2.857009125927160282e-04
2.842949989044332758e-04
2.828996343044971407e-04
2.815146947329444740e-04
2.801400578088841559e-04
2.787756030454465730e-04
2.774212120691378841e-04
2.760767688425555294e-04
2.747421598890751443e-04
2.734172745177549106e-04
2.721020050462738689e-04
2.707962470193064995e-04
2.694998994192833301e-04
2.682128648660475796e-04
2.669350498015021604e-04
2.656663646549926850e-04
2.644067239848726654e-04
2.631560465915721929e-04
2.619142555974790271e-04
2.606812784891386712e-04
2.594570471177314215e-04
2.582414976544386911e-04
2.570345704982788322e-04
2.558362101351602030e-04
2.546463649483301020e-04
2.534649869819658938e-04
2.522920316613192263e-04
2.511274574744800877e-04
2.499712256223742815e-04
2.488232996449085081e-04
2.476836450321761706e-04
2.465522288302037348e-04
2.454290192508267062e-04
2.443139852949022706e-04
2.432070963972458486e-04
2.421083221004191111e-04
2.410176317629737493e-04
2.399349943060143380e-04
2.388603780001467272e-04
2.377937502931618062e-04
2.367350776772454842e-04
2.356843255932175097e-04
2.346414583683264815e-04
2.336064391834917107e-04
2.325792300655632635e-04
2.315597919001509462e-04
2.305480844607712108e-04
2.295440664504470158e-04
2.285476955523684742e-04
2.275589284867577668e-04
2.265777210716006724e-04
2.256040282854111128e-04
2.246378043306199819e-04
2.236790026965436830e-04
2.227275762211859841e-04
2.217834771513549407e-04
2.208466572007302168e-04
2.199170676056678108e-04
2.189946591785865227e-04
2.180793823588595369e-04
2.171711872611672371e-04
2.162700237213050457e-04
2.153758413394509788e-04
2.144885895209275545e-04
2.136082175144966811e-04
2.127346744482526040e-04
2.118679093631728396e-04
2.110078712444195530e-04
2.101545090504719623e-04
2.093077717401977550e-04
2.084676082979675473e-04
2.076339677569190442e-04
2.068067992204919501e-04
2.059860518823512690e-04
2.051716750448023417e-04
2.043636181358285419e-04
2.035618307248160017e-04
2.027662625370149987e-04
2.019768634670896369e-04
2.011935835917171705e-04
2.004163731812632081e-04
1.996451827106417317e-04
1.988799628694399462e-04
1.981206645713787565e-04
1.973672389631619711e-04
1.966196374327831614e-04
1.958778116173253846e-04
1.951417134103097437e-04
1.944112949686157416e-04
1.936865087190182337e-04
1.929673073643615533e-04
1.922536438893946602e-04
1.915454715662901907e-04
1.908427439598623157e-04
1.901454149324977743e-04
1.894534386488109221e-04
1.887667695800319587e-04
1.880853625081426166e-04
1.874091725297540544e-04
1.867381550597437044e-04
1.860722658346479854e-04
1.854114609158185776e-04
1.847556966923450251e-04
1.841049298837459157e-04
1.834591175424281492e-04
1.828182170559234027e-04
1.821821861489010606e-04
1.815509828849521062e-04
1.809245656681647931e-04
1.803028932444707090e-04
1.796859247027869286e-04
1.790736194759389138e-04
1.784659373413764933e-04
1.778628384216826791e-04
1.772642831848810917e-04
1.766702324445380379e-04
1.760806473596724948e-04
1.754954894344675496e-04
1.749147205177954646e-04
1.743383028025539288e-04
1.737661988248208138e-04
1.731983714628280307e-04
1.726347839357650858e-04
1.720753998024111700e-04
1.715201829596013107e-04
1.709690976405366428e-04
1.704221084129351393e-04
1.698791801770405824e-04
1.693402781634836493e-04
1.688053679310098584e-04
1.682744153640780343e-04
1.677473866703354990e-04
1.672242483779795574e-04
1.667049673330099125e-04
1.661895106963856160e-04
1.656778459410860130e-04
1.651699408490932990e-04
1.646657635082983970e-04
1.641652823093423235e-04
1.636684659424040233e-04
1.631752833939367580e-04
1.626857039433688790e-04
1.621996971597748931e-04
1.617172328985258469e-04
1.612382812979265925e-04
1.607628127758519419e-04
1.602907980263877001e-04
1.598222080164783936e-04
1.593570139826034314e-04
1.588951874274710746e-04
1.584367001167541207e-04
1.579815240758580591e-04
1.575296315867362820e-04
1.570809951847589080e-04
1.566355876556267364e-04
1.561933820323534519e-04
1.557543515923012528e-04
1.553184698542857335e-04
1.548857105757447613e-04
1.544560477499748452e-04
1.540294556034406881e-04
1.536059085931495744e-04
1.531853814041028174e-04
1.527678489468134785e-04
1.523532863548953721e-04
1.519416689827199970e-04
1.515329724031462706e-04
1.511271724053126332e-04
1.507242449924958835e-04
1.503241663800329261e-04
1.499269129933041283e-04
1.495324614657741124e-04
1.491407886370898757e-04
1.487518715512330656e-04
1.483656874547186594e-04
1.479822137948489649e-04
1.476014282180049448e-04
1.472233085679881196e-04
1.468478328843927461e-04
1.464749794010227737e-04
1.461047265443387254e-04
1.457370529319358839e-04
1.453719373710521043e-04
1.450093588570997504e-04
1.446492965722243561e-04
1.442917298838820167e-04
1.439366383434347507e-04
1.435840016847661634e-04
1.432337998229096061e-04
1.428860128526886133e-04
1.425406210473705948e-04
1.421976048573301774e-04
1.418569449087188339e-04
1.415186220021432686e-04
1.411826171113487614e-04
1.408489113819087475e-04
1.405174861299161306e-04
1.401883228406770909e-04
1.398614031674103400e-04
1.395367089299464583e-04
1.392142221134262019e-04
1.388939248670014110e-04
1.385757995025399850e-04
1.382598284933227802e-04
1.379459944727472285e-04
1.376342802330300901e-04
1.373246687239064923e-04
1.370171430513323556e-04
1.367116864761863334e-04
1.364082824129706937e-04
1.361069144285116856e-04
1.358075662406636741e-04
1.355102217170106452e-04
1.352148648735716145e-04
1.349214798735042192e-04
1.346300510258111299e-04
1.343405627840487109e-04
1.340529997450402356e-04
1.337673466475831647e-04
1.334835883711708447e-04
1.332017099347086774e-04
1.329216964952364684e-04
1.326435333466540563e-04
1.323672059184542325e-04
1.320926997744566644e-04
1.318200006115469137e-04
1.315490942584220688e-04
1.312799666743393588e-04
1.310126039478746334e-04
1.307469922956833641e-04
1.304831180612689358e-04
1.302209677137567941e-04
1.299605278466779972e-04
1.297017851767564547e-04
1.294447265427060324e-04
1.291893389040324816e-04
1.289356093398470781e-04
1.286835250476849502e-04
1.284330733423309692e-04
1.281842416546572405e-04
1.279370175304666939e-04
1.276913886293445607e-04
1.274473427235218862e-04
1.272048676967438123e-04
1.269639515431494068e-04
1.267245823661598142e-04
1.264867483773754594e-04
1.262504378954834160e-04
1.260156393451720654e-04
1.257823412560577913e-04
1.257823412559839300e-04
