8.731771933160994753e-05
8.731143687601309949e-05
8.730498474435855567e-05
8.729868124496398111e-05
8.729247695688211503e-05
8.728633172543071158e-05
8.728021605282366686e-05
8.727411044674072027e-05
8.726800243894159152e-05
8.726188410148161647e-05
8.725575190424385470e-05
8.724960447945656562e-05
8.724344120932035849e-05
8.723726319164753118e-05
8.723107176952153794e-05
8.722486899886165636e-05
8.721865662722729970e-05
8.721243653068721277e-05
8.720621070776578840e-05
8.719998022891706831e-05
8.719374692719322230e-05
8.718751264113885284e-05
8.718127876805574917e-05
8.717504631852214265e-05
8.716881616350898542e-05
8.716258977351086133e-05
8.715636802439834057e-05
8.715015223440595292e-05
8.714394259804451480e-05
8.713774077535235750e-05
8.713154700855293153e-05
8.712536173317243153e-05
8.711918536832719147e-05
8.711301892759885891e-05
8.710686283141344337e-05
8.710071796938631192e-05
8.709458434951287281e-05
8.708846253137839534e-05
8.708235319800466099e-05
8.707625650587570774e-05
8.707017264055513621e-05
8.706410217447218961e-05
8.705804557229231057e-05
8.705200359267462583e-05
8.704597592081232032e-05
8.703996276438213822e-05
8.703396397776820613e-05
8.702798041768715852e-05
8.702201265775955997e-05
8.701606009232469303e-05
8.701012394676131071e-05
8.700420355166786710e-05
8.699830051811349621e-05
8.699241348131358349e-05
8.698658852872766126e-05
8.698012529520675654e-05
8.698654259072110227e-05
8.751473784629975423e-05
8.823983570059086177e-05
8.911425846426587348e-05
8.997445477169586307e-05
9.077402036980541987e-05
9.150199674973337287e-05
9.215834040697556441e-05
9.274897936298518689e-05
9.328267864813843751e-05
9.376875748530847396e-05
9.421590668953493976e-05
9.463173368544536051e-05
9.502262695849594235e-05
9.539382360010821072e-05
9.574949405289227334e-05
9.609293980130099078e-05
9.642679661803390926e-05
9.675311460647110975e-05
9.707344925898356812e-05
9.738899480996023527e-05
9.770073324858077988e-05
9.800940885805575872e-05
9.831558217387593014e-05
9.861967527499878596e-05
9.892200622194911614e-05
9.922281167391133045e-05
9.952226430529470525e-05
9.982048654818415079e-05
1.001175614068783190e-04
1.004135409822646570e-04
1.007084532092910310e-04
1.010023071968207763e-04
1.012950974706476538e-04
1.015868073525537341e-04
1.018774116562790657e-04
1.021668788413938346e-04
1.024551727354220429e-04
1.027422539109188880e-04
1.030280807859493313e-04
1.033126105021809705e-04
1.035957996237484003e-04
1.038776046913404656e-04
1.041579826591406077e-04
1.044368912368387790e-04
1.047142891546459472e-04
1.049901363658189963e-04
1.052643941984768939e-04
1.055370254662709812e-04
1.058079945457221293e-04
1.060772674265851432e-04
1.063448117404502041e-04
1.066105967718405055e-04
1.068745934552940691e-04
1.071367743612840239e-04
1.073971136733307329e-04
1.076555871582107494e-04
1.079121721308446319e-04
1.081668474151478400e-04
1.084195933018940032e-04
1.086703915044462003e-04
1.089192251130606575e-04
1.091660785483254551e-04
1.094109375141916836e-04
1.096537889509701215e-04
1.098946209885852626e-04
1.101334229003296885e-04
1.103701850572955665e-04
1.106048988836327157e-04
1.108375568127489537e-04
1.110681522445318019e-04
1.112966795036555995e-04
1.115231337990196841e-04
1.117475111843433484e-04
1.119698085199396500e-04
1.121900234356680738e-04
1.124081542950729597e-04
1.126242001606970696e-04
1.128381607605600623e-04
1.130500364557820341e-04
1.132598282093402010e-04
1.134675375559286741e-04
1.136731665729067613e-04
1.138767178523019530e-04
1.140781944738509780e-04
1.142775999790430005e-04
1.144749383461437896e-04
1.146702139661723741e-04
1.148634316198011941e-04
1.150545964551506235e-04
1.152437139664542706e-04
1.154307899735627452e-04
1.156158306022613783e-04
1.157988422653770096e-04
1.159798316446391766e-04
1.161588056732782093e-04
1.163357715193276220e-04
1.165107365696103388e-04
1.166837084143810513e-04
1.168546948325956651e-04
1.170237037777946621e-04
1.171907433645639362e-04
1.173558218555602139e-04
1.175189476490715008e-04
1.176801292670928099e-04
1.178393753438959597e-04
1.179966946150700117e-04
1.181520959070165710e-04
1.183055881268702837e-04
1.184571802528367937e-04
1.186068813249161727e-04
1.187547004360061878e-04
1.189006467233556173e-04
1.190447293603554712e-04
1.191869575486522879e-04
1.193273405105613752e-04
1.194658874817661724e-04
1.196026077042914681e-04
1.197375104197276655e-04
1.198706048626958348e-04
1.200019002545378057e-04
1.201314057972157143e-04
1.202591306674094166e-04
1.203850840107954247e-04
1.205092749364951955e-04
1.206317125116811433e-04
1.207524057563238160e-04
1.208713636380734309e-04
1.209885950672577587e-04
1.211041088919881164e-04
1.212179138933629924e-04
1.213300187807523766e-04
1.214404321871572807e-04
1.215491626646315589e-04
1.216562186797514331e-04
1.217616086091284281e-04
1.218653407349500745e-04
1.219674232405405892e-04
1.220678642059276267e-04
1.221666716034091390e-04
1.222638532931091631e-04
1.223594170185065579e-04
1.224533704019350772e-04
1.225457209400394919e-04
1.226364759991785186e-04
1.227256428107652438e-04
1.228132284665375633e-04
1.228992399137432672e-04
1.229836839502342961e-04
1.230665672194635818e-04
1.231478962053682638e-04
1.232276772271368413e-04
1.233059164338477667e-04
1.233826197989711039e-04
1.234577931147304872e-04
1.235314419863064073e-04
1.236035718258832639e-04
1.236741878465257645e-04
1.237432950558778127e-04
1.238108982496764852e-04
1.238770020050690369e-04
1.239416106737266452e-04
1.240047283747442678e-04
1.240663589873108397e-04
1.241265061431415424e-04
1.241851732186550681e-04
1.242423633268751714e-04
1.242980793090422791e-04
1.243523237259083487e-04
1.244050988486896086e-04
1.244564066496579597e-04
1.245062487923364540e-04
1.245546266212829115e-04
1.246015411514368482e-04
1.246469930570135321e-04
1.246909826599329170e-04
1.247335099177814205e-04
1.247745744113008272e-04
1.248141753314128011e-04
1.248523114657804707e-04
1.248889811849234583e-04
1.249241824278955694e-04
1.249579126875373933e-04
1.249901689953260688e-04
1.250209479058308603e-04
1.250502454808088070e-04
1.250780572729587661e-04
1.251043783093714191e-04
1.251292030747174974e-04
1.251525254942222303e-04
1.251743389164965158e-04
1.251946360962929289e-04
1.252134091772886724e-04
1.252306496749989301e-04
1.252463484599576659e-04
1.252604957413190655e-04
1.252730810510561575e-04
1.252840932289748621e-04
1.252935204087773859e-04
1.253013500054627621e-04
1.253075687043695243e-04
1.253121624522404980e-04
1.253151164507046585e-04
1.253164151526548658e-04
1.253160422620318098e-04
1.253139807376037293e-04
1.253102128013905815e-04
1.253047199524556354e-04
1.252974829868470669e-04
1.252884820245698735e-04
1.252776965445179193e-04
1.252651054283875109e-04
1.252506870146542404e-04
1.252344191637594210e-04
1.252162793356956759e-04
1.251962446812250140e-04
1.251742921479593663e-04
1.251503986025248268e-04
1.251245409699545182e-04
1.250966963913696694e-04
1.250668424008094667e-04
1.250349571218523916e-04
1.250010194843215097e-04
1.249650094609496768e-04
1.249269083233162233e-04
1.248866989156982349e-04
1.248443659446543934e-04
1.247998962811866746e-04
1.247532792712086600e-04
1.247045070487895696e-04
1.246535748452693272e-04
1.246004812859034848e-04
1.245452286642419139e-04
1.244878231831149102e-04
1.244282751499841181e-04
1.243665991136935192e-04
1.243028139295412687e-04
1.242369427402639271e-04
1.241690128622099237e-04
1.240990555688499422e-04
1.240271057679250412e-04
1.239532015739794562e-04
1.238773837845882767e-04
1.237996952759730374e-04
1.237201803413568531e-04
1.236388840026625456e-04
1.235558513321662402e-04
1.234711268245464947e-04
1.233847538605147400e-04
1.232967743000532804e-04
1.232072282357385374e-04
1.231161539245823815e-04
1.230235879009550410e-04
1.229295652548166693e-04
1.228341200409633586e-04
1.227372857691426573e-04
1.226390959146970181e-04
1.225395843872551264e-04
1.224387859018740646e-04
1.223367362120972692e-04
1.222334721848797041e-04
1.221290317192983668e-04
1.220234535303474805e-04
1.219167768326983231e-04
1.218090409656129129e-04
1.217002849994681886e-04
1.215905473582687830e-04
1.214798654834619776e-04
1.213682755546986953e-04
1.212558122748051876e-04
1.211425087202207203e-04
1.210283962549047506e-04
1.209135045056764515e-04
1.207978613984965070e-04
1.206814932584263241e-04
1.205644249806248622e-04
1.204466802846555713e-04
1.203282820692597313e-04
1.202092528890091861e-04
1.200896155770984452e-04
1.199693940387391134e-04
1.198486142354121618e-04
1.197273053690586672e-04
1.196055012538786727e-04
1.194832418284100202e-04
1.193605747098025975e-04
1.192375566276313541e-04
1.191142545055368286e-04
1.189907459058184725e-04
1.188671185453109633e-04
1.187434686626893840e-04
1.186198981834019728e-04
1.184965108669329160e-04
1.183734078664667154e-04
1.182506832954845666e-04
1.181284204127499329e-04
1.180066888980580326e-04
1.178855434500295798e-04
1.177650236798413670e-04
1.176451550759563650e-04
1.175259507110481595e-04
1.174074133495293102e-04
1.172895376639867458e-04
1.171723123476146330e-04
1.170557219907957994e-04
1.169397486580387471e-04
1.168243731510688736e-04
1.167095759756356453e-04
1.165953380470442053e-04
1.164816411766355871e-04
1.163684683820329687e-04
1.162558040607407497e-04
1.161436340615421242e-04
1.160319456823910122e-04
1.159207276178485832e-04
1.158099698740336125e-04
1.156996636646705196e-04
1.155898012982240701e-04
1.154803760631946489e-04
1.153713821164124360e-04
1.152628143774439616e-04
1.151546684309422993e-04
1.150469404378598795e-04
1.149396270557968727e-04
1.148327253683011919e-04
1.147262328226792528e-04
1.146201471756903736e-04
1.145144664464191092e-04
1.144091888755951721e-04
1.143043128906352985e-04
1.141998370757191196e-04
1.140957601462599269e-04
1.139920809271858398e-04
1.138887983345165543e-04
1.137859113597592070e-04
1.136834190567253037e-04
1.135813205304092577e-04
1.134796149276179697e-04
1.133783014290874443e-04
1.132773792428566346e-04
1.131768475987025575e-04
1.130767057434734808e-04
1.129769529371722704e-04
1.128775884496742931e-04
1.127786115579819729e-04
1.126800215439179340e-04
1.125818176922024124e-04
1.124839992888379976e-04
1.123865656197609259e-04
1.122895159697117484e-04
1.121928496212914653e-04
1.120965658541738392e-04
1.120006639444454414e-04
1.119051431640577505e-04
1.118100027803675179e-04
1.117152420557569997e-04
1.116208602473182498e-04
1.115268566065922206e-04
1.114332303793540098e-04
1.113399808054385336e-04
1.112471071185979550e-04
1.111546085463885060e-04
1.110624843100822606e-04
1.109707336245999691e-04
1.108793556984578909e-04
1.107883497337385891e-04
1.106977149260671730e-04
1.106074504646046300e-04
1.105175555320489641e-04
1.104280293046474068e-04
1.103388709522151062e-04
1.102500796381636545e-04
1.101616545195321646e-04
1.100735947470316949e-04
1.099858994650858529e-04
1.098985678118825248e-04
1.098115989194295092e-04
1.097249919136119927e-04
1.096387459142550278e-04
1.095528600351907528e-04
1.094673333843273067e-04
1.093821650637193837e-04
1.092973541696467155e-04
1.092128997926882856e-04
1.091288010178033049e-04
1.090450569244146961e-04
1.089616665864922781e-04
1.088786290726381209e-04
1.087959434461744734e-04
1.087136087652354472e-04
1.086316240828545107e-04
1.085499884470579211e-04
1.084687009009586701e-04
1.083877604828503081e-04
1.083071662263032891e-04
1.082269171602596081e-04
1.081470123091298911e-04
1.080674506928933185e-04
1.079882313271949315e-04
1.079093532234434006e-04
1.078308153889116257e-04
1.077526168268354393e-04
1.076747565365143559e-04
1.075972335134122538e-04
1.075200467492557529e-04
1.074431952321365632e-04
1.073666779466095648e-04
1.072904938737959151e-04
1.072146419914801123e-04
1.071391212742120187e-04
1.070639306934056723e-04
1.069890692174394804e-04
1.069145358117533237e-04
1.068403294389495362e-04
1.067664490588904694e-04
1.066928936287940788e-04
1.066196621033356219e-04
1.065467534347395577e-04
1.064741665728789142e-04
1.064019004653689630e-04
1.063299540576621009e-04
1.062583262931438694e-04
1.061870161132241768e-04
1.061160224574305533e-04
1.060453442635010126e-04
1.059749804674728617e-04
1.059049300037758612e-04
1.058351918053192730e-04
1.057657648035821064e-04
1.056966479286992178e-04
1.056278401095490086e-04
1.055593402738403650e-04
1.054911473481951519e-04
1.054232602582342313e-04
1.053556779286601050e-04
1.052883992833389621e-04
1.052214232453810316e-04
1.051547487372218707e-04
1.050883746807013217e-04
1.050222999971412493e-04
1.049565236074231423e-04
1.048910444320645094e-04
1.048258613912941904e-04
1.047609734051258110e-04
1.047609734051052383e-04
