8.731799723065913833e-05
8.731189276943889302e-05
8.730559593757174274e-05
8.729942715463039809e-05
8.729334066748573625e-05
8.728729975954917968e-05
8.728127856980999423e-05
8.727525988666696283e-05
8.726923295688725441e-05
8.726319165007541553e-05
8.725713342251204712e-05
8.725105773161260364e-05
8.724496407143949455e-05
8.723885269309052776e-05
8.723272690522922710e-05
8.722659109510232979e-05
8.722048600104121818e-05
8.721393958553832690e-05
8.721443197190351451e-05
8.756803448139258031e-05
8.829815609611072857e-05
8.919585146162069484e-05
9.007414735962790972e-05
9.090377041043189480e-05
9.167155851776413907e-05
9.237438277409114394e-05
9.301660233342619701e-05
9.360588138392486525e-05
9.415062619198130895e-05
9.465884233909697965e-05
9.513766460868722415e-05
9.559312505711195507e-05
9.603015006596101442e-05
9.645267861629231462e-05
9.686382028151697065e-05
9.726600573570357889e-05
9.766111711885255180e-05
9.805059999238476660e-05
9.843556030724904551e-05
9.881683494217332632e-05
9.919505137396366485e-05
9.957067752156647568e-05
9.994405492375016290e-05
1.003154300893321948e-04
1.006849723970508335e-04
1.010527905981958315e-04
1.014189479578713767e-04
1.017834731639005957e-04
1.021463699958326856e-04
1.025076195719532983e-04
1.028671884214212907e-04
1.032250315143417972e-04
1.035810945095455040e-04
1.039353172240923992e-04
1.042876332941381179e-04
1.046379739124691930e-04
1.049862716101198669e-04
1.053324570639724858e-04
1.056764605034594577e-04
1.060182145633702588e-04
1.063576531469162024e-04
1.066947132464578316e-04
1.070293328846277486e-04
1.073614543212943212e-04
1.076910214288990701e-04
1.080179813276730316e-04
1.083422852911332336e-04
1.086638860828504169e-04
1.089827396194498812e-04
1.092988039345885198e-04
1.096120425153095850e-04
1.099224210467643169e-04
1.102299052317723719e-04
1.105344653121847614e-04
1.108360772345705125e-04
1.111347181415970893e-04
1.114303644068359871e-04
1.117229977383902239e-04
1.120126031027762677e-04
1.122991682087034256e-04
1.125826825144392936e-04
1.128631373854709942e-04
1.131405263792780060e-04
1.134148452178738352e-04
1.136860916599252914e-04
1.139542653655920224e-04
1.142193677729656039e-04
1.144814019870769167e-04
1.147403726789089623e-04
1.149962859917861695e-04
1.152491494531769872e-04
1.154989718906169739e-04
1.157457633509601847e-04
1.159895350225209463e-04
1.162302991598577106e-04
1.164680690111104488e-04
1.167028587478401803e-04
1.169346833973844473e-04
1.171635587777325021e-04
1.173895014349417699e-04
1.176125285830926316e-04
1.178326580467931148e-04
1.180499082062102639e-04
1.182642979446095678e-04
1.184758465983718709e-04
1.186845739094407676e-04
1.188904999801572736e-04
1.190936452304242857e-04
1.192940303571356691e-04
1.194916762958141620e-04
1.196866041843803612e-04
1.198788353289875059e-04
1.200683911718469109e-04
1.202552932609678437e-04
1.204395632217425090e-04
1.206212227302908718e-04
1.208002934885023765e-04
1.209767972006878028e-04
1.211507555517764886e-04
1.213221901869784180e-04
1.214911226928469908e-04
1.216575745796671883e-04
1.218215672650989193e-04
1.219831220590138844e-04
1.221422601494599411e-04
1.222990025896841392e-04
1.224533702861610961e-04
1.226053839875629607e-04
1.227550642746117013e-04
1.229024315507673537e-04
1.230475060336904715e-04
1.231903077474300696e-04
1.233308565152934505e-04
1.234691719533422916e-04
1.236052734644784855e-04
1.237391802330717013e-04
1.238709112200871154e-04
1.240004851586799458e-04
1.241279205502129879e-04
1.242532356606629177e-04
1.243764485173838672e-04
1.244975769061938480e-04
1.246166383687535297e-04
1.247336502002056608e-04
1.248486294470537729e-04
1.249615929052439562e-04
1.250725571184321144e-04
1.251815383764082125e-04
1.252885527136580828e-04
1.253936159080354124e-04
1.254967434795266205e-04
1.255979506890920084e-04
1.256972525375565941e-04
1.257946637645346918e-04
1.258901988473767181e-04
1.259838720001123116e-04
1.260756971723832342e-04
1.261656880483393007e-04
1.262538580454932986e-04
1.263402203135167924e-04
1.264247877329596531e-04
1.265075729138823103e-04
1.265885881943890979e-04
1.266678456390483542e-04
1.267453570371866744e-04
1.268211339010462814e-04
1.268951874637903919e-04
1.269675286773498560e-04
1.270381682100950760e-04
1.271071164443238568e-04
1.271743834735499510e-04
1.272399790995882088e-04
1.273039128294179269e-04
1.273661938718148828e-04
1.274268311337421343e-04
1.274858332164854077e-04
1.275432084115245919e-04
1.275989646961303049e-04
1.276531097286645827e-04
1.277056508435898356e-04
1.277565950461567452e-04
1.278059490067749249e-04
1.278537190550441149e-04
1.278999111734382174e-04
1.279445309906297008e-04
1.279875837744433699e-04
1.280290744244245397e-04
1.280690074640186845e-04
1.281073870323443770e-04
1.281442168755494591e-04
1.281795003377480873e-04
1.282132403515207910e-04
1.282454394279797650e-04
1.282760996463847339e-04
1.283052226433095764e-04
1.283328096013551848e-04
1.283588612374150090e-04
1.283833777904828781e-04
1.284063590090195783e-04
1.284278041378890845e-04
1.284477119048680217e-04
1.284660805067598004e-04
1.284829075951322082e-04
1.284981902617122573e-04
1.285119250234821185e-04
1.285241078075210531e-04
1.285347339356601303e-04
1.285437981090181974e-04
1.285512943925084953e-04
1.285572161994165061e-04
1.285615562761713033e-04
1.285643066874508640e-04
1.285654588017788222e-04
1.285650032778133233e-04
1.285629300515282302e-04
1.285592283245458886e-04
1.285538865539016351e-04
1.285468924435553340e-04
1.285382329380206059e-04
1.285278942185164790e-04
1.285158617020993764e-04
1.285021200442989207e-04
1.284866531458185200e-04
1.284694441639467038e-04
1.284504755293803906e-04
1.284297289692268600e-04
1.284071855370350415e-04
1.283828256507622693e-04
1.283566291396625561e-04
1.283285753011371413e-04
1.282986429686478304e-04
1.282668105918334100e-04
1.282330563299923507e-04
1.281973581600995933e-04
1.281596940004846611e-04
1.281200418512461149e-04
1.280783799523410225e-04
1.280346869601327819e-04
1.279889421429139453e-04
1.279411255956144347e-04
1.278912184734614754e-04
1.278392032438437184e-04
1.277850639549693557e-04
1.277287865191172717e-04
1.276703590073780003e-04
1.276097719517068393e-04
1.275470186489400756e-04
1.274820954601420665e-04
1.274150020972963481e-04
1.273457418880397790e-04
1.272743220078721639e-04
1.272007536682708061e-04
1.271250522484795094e-04
1.270472373586296639e-04
1.269673328224935700e-04
1.268853665697088073e-04
1.268013704299621842e-04
1.267153798254426456e-04
1.266274333628725842e-04
1.265375723324957391e-04
1.264458401282373638e-04
1.263522816103947925e-04
1.262569424390831729e-04
1.261598684124448828e-04
1.260611048475579477e-04
1.259606960431302713e-04
1.258586848607664730e-04
1.257551124552555479e-04
1.256500181738618479e-04
1.255434396304044148e-04
1.254354129431184959e-04
1.253259731077977076e-04
1.252151544620013217e-04
1.251029911849461137e-04
1.249895177734691655e-04
1.248747694384635704e-04
1.247587823781838730e-04
1.246415939027838463e-04
1.245232424050333835e-04
1.244037671915466004e-04
1.242832082037872347e-04
1.241616056665757772e-04
1.240389997035509057e-04
1.239154299550694269e-04
1.237909352264339533e-04
1.236655531852948425e-04
1.235393201185724758e-04
1.234122707525831582e-04
1.232844381358068309e-04
1.231558535822779485e-04
1.230265466746453145e-04
1.228965453279454493e-04
1.227658759191189422e-04
1.226345634918082190e-04
1.225026320507054481e-04
1.223701049641505261e-04
1.222370054972829966e-04
1.221033574998727563e-04
1.219691862717095884e-04
1.218345196220627167e-04
1.216993891255493162e-04
1.215638315514258903e-04
1.214278904038496384e-04
1.212916174559505196e-04
1.211550740944152834e-04
1.210183322260292518e-04
1.208814744562095196e-04
1.207445932634426797e-04
1.206077889912808299e-04
1.204711666676264696e-04
1.203348319059102786e-04
1.201988863714246661e-04
1.200634234241112629e-04
1.199285245238036984e-04
1.197942568136157955e-04
1.196606720462091178e-04
1.195278067709529366e-04
1.193956835235303966e-04
1.192643126790874985e-04
1.191336946345352755e-04
1.190038220445038098e-04
1.188746819162431049e-04
1.187462574476043500e-04
1.186185295563717572e-04
1.184914780947754129e-04
1.183650827714769377e-04
1.182393238183652604e-04
1.181141824451209152e-04
1.179896411241686044e-04
1.178656837448790855e-04
1.177422956705655442e-04
1.176194637260170585e-04
1.174971761377465357e-04
1.173754224441792135e-04
1.172541933887443351e-04
1.171334808053671776e-04
1.170132775030641739e-04
1.168935771541893838e-04
1.167743741892156680e-04
1.166556636997295748e-04
1.165374413504322878e-04
1.164197033003221122e-04
1.163024461328390037e-04
1.161856667944716746e-04
1.160693625411943474e-04
1.159535308920091795e-04
1.158381695888640678e-04
1.157232765622126416e-04
1.156088499015348866e-04
1.154948878301835193e-04
1.153813886839710751e-04
1.152683508929935435e-04
1.151557729662239097e-04
1.150436534784813182e-04
1.149319910594255942e-04
1.148207843842773265e-04
1.147100321660050935e-04
1.145997331487548726e-04
1.144898861023394470e-04
1.143804898176176312e-04
1.142715431026268265e-04
1.141630447793444013e-04
1.140549936809700024e-04
1.139473886496346361e-04
1.138402285344650687e-04
1.137335121899360973e-04
1.136272384744626315e-04
1.135214062492042117e-04
1.134160143770420912e-04
1.133110617217131081e-04
1.132065471470752735e-04
1.131024695164939235e-04
1.129988276923240940e-04
1.128956205354787236e-04
1.127928469050679664e-04
1.126905056580973643e-04
1.125885956492160946e-04
1.124871157305027319e-04
1.123860647512908137e-04
1.122854415580186915e-04
1.121852449941039944e-04
1.120854738998396127e-04
1.119861271123068268e-04
1.118872034653044001e-04
1.117887017892903981e-04
1.116906209113357980e-04
1.115929596550902414e-04
1.114957168407555802e-04
1.113988912850693961e-04
1.113024818012945793e-04
1.112064871992187994e-04
1.111109062851578126e-04
1.110157378619678080e-04
1.109209807290597596e-04
1.108266336824221269e-04
1.107326955146462115e-04
1.106391650149582227e-04
1.105460409692521963e-04
1.104533221601307607e-04
1.103610073669463365e-04
1.102690953658477709e-04
1.101775849298275141e-04
1.100864748287774418e-04
1.099957638295372380e-04
1.099054506959591085e-04
1.098155341889617737e-04
1.097260130665951686e-04
1.096368860841033944e-04
1.095481519939913155e-04
1.094598095460918208e-04
1.093718574876365133e-04
1.092842945633247878e-04
1.091971195153979224e-04
1.091103310837120588e-04
1.090239280058147471e-04
1.089379090170177768e-04
1.088522728504770693e-04
1.087670182372697781e-04
1.086821439064726628e-04
1.085976485852429576e-04
1.085135309988956607e-04
1.084297898709863950e-04
1.083464239233921945e-04
1.082634318763919383e-04
1.081808124487480458e-04
1.080985643577911522e-04
1.080166863194977788e-04
1.079351770485758487e-04
1.078540352585449861e-04
1.077732596618204738e-04
1.076928489697929694e-04
1.076128018929128563e-04
1.075331171407701490e-04
1.074537934221783431e-04
1.073748294452523690e-04
1.072962239174917235e-04
1.072179755458605105e-04
1.071400830368668053e-04
1.070625450966441046e-04
1.069853604310286982e-04
1.069085277456382604e-04
1.068320457459522699e-04
1.067559131373854112e-04
1.066801286253684690e-04
1.066046909154224470e-04
1.065295987132339748e-04
1.064548507247308894e-04
1.063804456561561379e-04
1.063063822141419094e-04
1.062326591057798916e-04
1.061592750386962023e-04
1.060862287211208465e-04
1.060135188619578235e-04
1.059411441708552070e-04
1.058691033582726638e-04
1.057973951355514660e-04
1.057260182149791911e-04
1.056549713098569151e-04
1.055842531345642919e-04
1.055138624046229927e-04
1.054437978367611076e-04
1.053740581489755819e-04
1.053046420605944903e-04
1.052355482923352447e-04
1.051667755663675865e-04
1.050983226063693010e-04
1.050301881375881389e-04
1.049623708868957419e-04
1.048948695828443462e-04
1.048276829557240152e-04
1.047608097376138948e-04
1.046942486624383346e-04
1.046279984660181437e-04
1.045620578861223204e-04
1.044964256625197281e-04
1.044311005370272474e-04
1.043660812535615742e-04
1.043013665581832511e-04
1.042369551991470837e-04
1.041728459269464701e-04
1.041090374943606052e-04
1.040455286564981053e-04
1.039823181708389677e-04
1.039194047972805536e-04
1.038567872981782599e-04
1.037944644383847261e-04
1.037324349852925253e-04
1.036706977088732085e-04
1.036092513817142086e-04
1.035480947790585083e-04
1.034872266788412320e-04
1.034266458617241237e-04
1.033663511111332633e-04
1.033063412132912676e-04
1.032466149572525133e-04
1.031871711349362865e-04
1.031280085411588344e-04
1.030691259736627607e-04
1.030105222331508934e-04
1.029521961233154499e-04
1.029521961232969643e-04
