8.731994617508001251e-05
8.731509071666113890e-05
8.730988572151231523e-05
8.730466936318376659e-05
8.729942098427445098e-05
8.729412926857713334e-05
8.728878932137644335e-05
8.728340122388115660e-05
8.727796752436667944e-05
8.727249158769558610e-05
8.726697830477863238e-05
8.726143254802657496e-05
8.725585830328635821e-05
8.725026008451747370e-05
8.724464175981402599e-05
8.723900726881822021e-05
8.723335975168129491e-05
8.722770212823617749e-05
8.722203717637135576e-05
8.721636653646888736e-05
8.721069248085867951e-05
8.720501718090400045e-05
8.719934227348711674e-05
8.719366894475084645e-05
8.718799819188492002e-05
8.718233158501443019e-05
8.717667006685681159e-05
8.717101500541407579e-05
8.716536661285747287e-05
8.715972658288020285e-05
8.715409515042727730e-05
8.714847274187787016e-05
8.714285975911634490e-05
8.713725721293962998e-05
8.713166550404438605e-05
8.712608550647812445e-05
8.712051718969170068e-05
8.711496109825441435e-05
8.710941789054932219e-05
8.710388768493313751e-05
8.709837063731662638e-05
8.709286729259846903e-05
8.708737810203671492e-05
8.708190380283833108e-05
8.707644403046443341e-05
8.707099894860648355e-05
8.706556837426154957e-05
8.706015316241440206e-05
8.705475386188984770e-05
8.704936980706817328e-05
8.704400224815722891e-05
8.703865044665424979e-05
8.703331603869364692e-05
8.702799754523962727e-05
8.702274255557937031e-05
8.701682960030343334e-05
8.702423041421320730e-05
8.755940641328625060e-05
8.830186379555146495e-05
8.922615860966231257e-05
9.019193116690237824e-05
9.117294469604904947e-05
9.217545804825797806e-05
9.321528704120508955e-05
9.431558637697733637e-05
9.550689805278501281e-05
9.682845439147265193e-05
9.833157787113027835e-05
1.000859647050539607e-04
1.021904303052067998e-04
1.047916619486525419e-04
1.081176591166152859e-04
1.125393445138680098e-04
1.186840996057274787e-04
1.276298797643064158e-04
1.411374766092256651e-04
1.614943665675535288e-04
1.899924849019832512e-04
2.248822123131228722e-04
2.624659630550170561e-04
2.997334696439839111e-04
3.348519511017533949e-04
3.666875831232193424e-04
3.946065307616689727e-04
4.184429324648501693e-04
4.384126618849735904e-04
4.549637999987197362e-04
4.686315679197738233e-04
4.799391352274064485e-04
4.893471935091075033e-04
4.972377220918511396e-04
5.039163842159988379e-04
5.096228015884267598e-04
5.145427601370861906e-04
5.188196066875460201e-04
5.225638612561362643e-04
5.258609120634198620e-04
5.287770014547518152e-04
5.313638089324556084e-04
5.336619308246618679e-04
5.357035123086025538e-04
5.375142365198831099e-04
5.391148291321035124e-04
5.405221986729604475e-04
5.417503030048530016e-04
5.428108096518103470e-04
5.437136005642350918e-04
5.444671591671002659e-04
5.450788680601146219e-04
5.455552386934225343e-04
5.459020890973812932e-04
5.461246818298165018e-04
5.462278313720522966e-04
5.462159880013932236e-04
5.460933035053948522e-04
5.458636828449517538e-04
5.455308249173801893e-04
5.450982548424724737e-04
5.445693496380963174e-04
5.439473587258174172e-04
5.432354203800200589e-04
5.424365749825812771e-04
5.415537757516560111e-04
5.405898974639645376e-04
5.395477435749427512e-04
5.384300520523384662e-04
5.372395001702770598e-04
5.359787084578765621e-04
5.346502439555750460e-04
5.332566229007056980e-04
5.318003129394183268e-04
5.302837349430462996e-04
5.287092644923891815e-04
5.270792330819110442e-04
5.253959290869735952e-04
5.236615985302339737e-04
5.218784456778173845e-04
5.200486334915120201e-04
5.181742839597080043e-04
5.162574783269392557e-04
5.143002572395449648e-04
5.123046208229577051e-04
5.102725287044917362e-04
5.082058999939973679e-04
5.061066132335075756e-04
5.039765063258351552e-04
5.018173764510386325e-04
4.996309799787543261e-04
4.974190323834886069e-04
4.951832081691741241e-04
4.929251408085162829e-04
4.906464227019845985e-04
4.883486051605897106e-04
4.860331984160137352e-04
4.837016716610682983e-04
4.813554531228904343e-04
4.789959301708133295e-04
4.766244494603630072e-04
4.742423171144108927e-04
4.718507989421020414e-04
4.694511206958180472e-04
4.670444683661047528e-04
4.646319885141861057e-04
4.622147886414207396e-04
4.597939375948056212e-04
4.573704660074236423e-04
4.549453667725386662e-04
4.525195955498794538e-04
4.500940713025081185e-04
4.476696768625603980e-04
4.452472595240382879e-04
4.428276316607697178e-04
4.404115713675746000e-04
4.379998231226578213e-04
4.355930984692018290e-04
4.331920767141337930e-04
4.307974056420477453e-04
4.284097022422602569e-04
4.260295534470247779e-04
4.236575168789512335e-04
4.212941216057236550e-04
4.189398689002747102e-04
4.165952330046079769e-04
4.142606618955572517e-04
4.119365780508168562e-04
4.096233792136611419e-04
4.073214391548492979e-04
4.050311084302888687e-04
4.027527151331168772e-04
4.004865656389363249e-04
3.982329453430284586e-04
3.959921193884496059e-04
3.937643333840057380e-04
3.915498141111678444e-04
3.893487702190913868e-04
3.871613929069742241e-04
3.849878565930597678e-04
3.828283195696984909e-04
3.806829246439213509e-04
3.785517997630943746e-04
3.764350586252548209e-04
3.743328012738478434e-04
3.722451146765976427e-04
3.701720732883562789e-04
3.681137395977992274e-04
3.660701646579046309e-04
3.640413886002013947e-04
3.620274411328168614e-04
3.600283420223963828e-04
3.580441015600007684e-04
3.560747210111308517e-04
3.541201930500614283e-04
3.521805021786890465e-04
3.502556251301422582e-04
3.483455312574090085e-04
3.464501829072836572e-04
3.445695357799405693e-04
3.427035392744776955e-04
3.408521368207738898e-04
3.390152661980519021e-04
3.371928598405173560e-04
3.353848451304973087e-04
3.335911446794896868e-04
3.318116765975609624e-04
3.300463547515332884e-04
3.282950890124238289e-04
3.265577854926031420e-04
3.248343467731476595e-04
3.231246721218830977e-04
3.214286577026091848e-04
3.197461967760180986e-04
3.180771798928282244e-04
3.164214950796566308e-04
3.147790280181734504e-04
3.131496622180873659e-04
3.115332791845149300e-04
3.099297585803184271e-04
3.083389783839739500e-04
3.067608150435786321e-04
3.051951436275813123e-04
3.036418379728604284e-04
3.021007708307549364e-04
3.005718140116749254e-04
2.990548385289145848e-04
2.975497147423017278e-04
2.960563125022948740e-04
2.945745012951470239e-04
2.931041503897293472e-04
2.916451289865937485e-04
2.901973063698040515e-04
2.887605520620391969e-04
2.873347359833982868e-04
2.859197286142706271e-04
2.845154011625306532e-04
2.831216257352155434e-04
2.817382755146881769e-04
2.803652249391282809e-04
2.790023498869899691e-04
2.776495278648337503e-04
2.763066381976688455e-04
2.749735622206347647e-04
2.736501834705081112e-04
2.723363878751357400e-04
2.710320639384880114e-04
2.697371029185824387e-04
2.684513989950913153e-04
2.671748494230025443e-04
2.659073546682796225e-04
2.646488185211410887e-04
2.633991481822923813e-04
2.621582543173518113e-04
2.609260510747576250e-04
2.597024560627300086e-04
2.584873902814620490e-04
2.572807780075493113e-04
2.560825466289192993e-04
2.548926264300748032e-04
2.537109503293475321e-04
2.525374535720415229e-04
2.513720733857221731e-04
2.502147486063902699e-04
2.490654192866969706e-04
2.479240262996062170e-04
2.467905109527230439e-04
2.456648146297623942e-04
2.445468784760706409e-04
2.434366431446094870e-04
2.423340486171441115e-04
2.412390341125512428e-04
2.401515380900224618e-04
2.390714983497503165e-04
2.379988522275162661e-04
2.369335368729848332e-04
2.358754895949034922e-04
2.348246482505424789e-04
2.337809516523256287e-04
2.327443399623611929e-04
2.317147550459751760e-04
2.306921407585705230e-04
2.296764431458899662e-04
2.286676105454327581e-04
2.276655935853979802e-04
2.266703450859709713e-04
2.256818198750519739e-04
2.246999745358194177e-04
2.237247671064991053e-04
2.227561567532864643e-04
2.217941034360044832e-04
2.208385675832371395e-04
2.198895097901109989e-04
2.189468905481857053e-04
2.180106700135580439e-04
2.170808078166786774e-04
2.161572629156143530e-04
2.152399934936876985e-04
2.143289569033234368e-04
2.134241096585065404e-04
2.125254074801347602e-04
2.116328054013183739e-04
2.107462579427023990e-04
2.098657193713415455e-04
2.089911440602566491e-04
2.081224869693759671e-04
2.072597042715532145e-04
2.064027541491080507e-04
2.055515977856512994e-04
2.047062005731824133e-04
2.038665335432479696e-04
2.030325750105367881e-04
2.022043123847018097e-04
2.013817440594130293e-04
2.005648812274181847e-04
1.997537494025852583e-04
1.989483893684115161e-04
1.981488572397941382e-04
1.973552233488110410e-04
1.965675697690195934e-04
1.957859864798388390e-04
1.950105664139299645e-04
1.942413998648913332e-04
1.934785688866144584e-04
1.927221423353598501e-04
1.919721720829869907e-04
1.912286907060195800e-04
1.904917107004051998e-04
1.897612250536316700e-04
1.890372088658012273e-04
1.883196216581753738e-04
1.876084100252942046e-04
1.869035103479688641e-04
1.862048513627809275e-04
1.855123564601014892e-04
1.848259456464227735e-04
1.841455371542466532e-04
1.834710487144628486e-04
1.828023985248345275e-04
1.821395059571002983e-04
1.814822920474406013e-04
1.808306798130646076e-04
1.801845944333814323e-04
1.795439633288162381e-04
1.789087161647812888e-04
1.782787848030141368e-04
1.776541032177633467e-04
1.770346073902545603e-04
1.764202351915024444e-04
1.758109262607961847e-04
1.752066218850289493e-04
1.746072648823776595e-04
1.740127994925506135e-04
1.734231712748892599e-04
1.728383270149135486e-04
1.722582146394246723e-04
1.716827831399456205e-04
1.711119825040611500e-04
1.705457636541003513e-04
1.699840783925416214e-04
1.694268793534824732e-04
1.688741199595498717e-04
1.683257543836304726e-04
1.677817375148624255e-04
1.672420249283638257e-04
1.667065728582233408e-04
1.661753381733395516e-04
1.656482783557238164e-04
1.651253514809467395e-04
1.646065162004336374e-04
1.640917317253598538e-04
1.635809578119306554e-04
1.630741547478493589e-04
1.625712833398236350e-04
1.620723049019602091e-04
1.615771812449327328e-04
1.610858746658252213e-04
1.605983479385577359e-04
1.601145643048235102e-04
1.596344874654742597e-04
1.591580815722968602e-04
1.586853112201437751e-04
1.582161414393693085e-04
1.577505376885409208e-04
1.572884658474034880e-04
1.568298922100651457e-04
1.563747834783886970e-04
1.559231067555689619e-04
1.554748295398811859e-04
1.550299197185918355e-04
1.545883455620132671e-04
1.541500757176989629e-04
1.537150792047695482e-04
1.532833254083614872e-04
1.528547840741928713e-04
1.524294253032376829e-04
1.520072195465119484e-04
1.515881375999591227e-04
1.511721505994326729e-04
1.507592300157761041e-04
1.503493476499923509e-04
1.499424756285036727e-04
1.495385863984977158e-04
1.491376527233552972e-04
1.487396476781628922e-04
1.483445446452993617e-04
1.479523173101086582e-04
1.475629396566376366e-04
1.471763859634554793e-04
1.467926307995412905e-04
1.464116490202424341e-04
1.460334157633035078e-04
1.456579064449612098e-04
1.452850967561030370e-04
1.449149626584958614e-04
1.445474803810727809e-04
1.441826264162839933e-04
1.438203775165057020e-04
1.434607106905145613e-04
1.431036032000118868e-04
1.427490325562117530e-04
1.423969765164809958e-04
1.420474130810365436e-04
1.417003204896925665e-04
1.413556772186651972e-04
1.410134619774258777e-04
1.406736537056050413e-04
1.403362315699463979e-04
1.400011749613107423e-04
1.396684634917237796e-04
1.393380769914772126e-04
1.390099955062691042e-04
1.386841992943922165e-04
1.383606688239673972e-04
1.380393847702194405e-04
1.377203280127936602e-04
1.374034796331184585e-04
1.370888209118051662e-04
1.367763333260894063e-04
1.364659985473109204e-04
1.361577984384335646e-04
1.358517150516044185e-04
1.355477306257458798e-04
1.352458275841900170e-04
1.349459885323429811e-04
1.346481962553904813e-04
1.343524337160337809e-04
1.340586840522608222e-04
1.337669305751533456e-04
1.334771567667229850e-04
1.331893462777814614e-04
1.329034829258425967e-04
1.326195506930561503e-04
1.323375337241697628e-04
1.320574163245243743e-04
1.317791829580752848e-04
1.315028182454475289e-04
1.312283069620119862e-04
1.309556340359984360e-04
1.306847845466285610e-04
1.304157437222811520e-04
1.301484969386807041e-04
1.298830297171142570e-04
1.296193277226712461e-04
1.293573767625130625e-04
1.290971627841636994e-04
1.288386718738242513e-04
1.285818902547156573e-04
1.283268042854396578e-04
1.280734004583689717e-04
1.278216653980528410e-04
1.275715858596525548e-04
1.273231487273942652e-04
1.270763410130449516e-04
1.268311498544102316e-04
1.265875625138501964e-04
1.263455663768217553e-04
1.261051489504357796e-04
1.258662978620352254e-04
1.256290008577957539e-04
1.253932458013432656e-04
1.251590206723904341e-04
1.249263135653934614e-04
1.249263135653197899e-04
