8.731991905143027786e-05
8.731501815397685697e-05
8.730976069185062891e-05
8.730448902014546634e-05
8.729918525733564136e-05
8.729383937495756654e-05
8.728844772678339098e-05
8.728301047565579509e-05
8.727752996995466516e-05
8.727200975492583094e-05
8.726645421102998117e-05
8.726086813180617600e-05
8.725525509098906675e-05
8.724961786471627668e-05
8.724396077685076943e-05
8.723829089172054942e-05
8.723262096274111423e-05
8.722686785382035071e-05
8.722181354480237718e-05
8.733867240003689099e-05
8.807088243034909010e-05
8.895788131168264469e-05
8.989054963254792510e-05
9.086005194989312536e-05
9.184993230671657685e-05
9.286681267937931905e-05
9.393001599330276865e-05
9.506612238346313286e-05
9.630897469555680984e-05
9.770211076342637886e-05
9.930332322490024912e-05
1.011923645329823075e-04
1.034842076886125379e-04
1.063523203300296874e-04
1.100706424918862400e-04
1.150906128453971759e-04
1.221796356887217786e-04
1.326361338700004480e-04
1.484425937448754899e-04
1.716950993474974073e-04
2.026299067758239843e-04
2.385129962471778213e-04
2.758003290549544901e-04
3.120209040086831080e-04
3.456711608897032845e-04
3.758210571116229722e-04
4.020160090429299735e-04
4.242377160018757335e-04
4.427920980761463374e-04
4.581589313607042305e-04
4.708645718760455252e-04
4.814029792600740950e-04
4.901997060392983968e-04
4.976034510658639129e-04
5.038916068273402394e-04
5.092811440617475488e-04
5.139402941223553253e-04
5.179990554878966110e-04
5.215579036301463706e-04
5.246947070176139708e-04
5.274700873009603415e-04
5.299315206493657214e-04
5.321164540130553537e-04
5.340546662520320124e-04
5.357700550682566783e-04
5.372819952712504189e-04
5.386063665946543315e-04
5.397563403328745806e-04
5.407429797342608226e-04
5.415756993706744146e-04
5.422626177441400817e-04
5.428108293672470955e-04
5.432266197885277439e-04
5.435156262678208627e-04
5.436829626901687690e-04
5.437333177751850922e-04
5.436710459217123075e-04
5.435002128585886489e-04
5.432246489525414728e-04
5.428479877001797299e-04
5.423736959336332777e-04
5.418050983296544441e-04
5.411453964163973583e-04
5.403976838956970957e-04
5.395649591800495953e-04
5.386501355810764235e-04
5.376560496050553778e-04
5.365854677346640561e-04
5.354410919894973982e-04
5.342255644994251115e-04
5.329414712838794269e-04
5.315913453764851016e-04
5.301776693960838678e-04
5.287028776639545683e-04
5.271693579465621142e-04
5.255794528738853963e-04
5.239354610818299472e-04
5.222396381293612812e-04
5.204941972374612074e-04
5.187013098827379523e-04
5.168631062511323511e-04
5.149816755604675602e-04
5.130590662796735441e-04
5.110972862702727482e-04
5.090983028664855092e-04
5.070640429061779551e-04
5.049963927236798171e-04
5.028971981147277275e-04
5.007682642829801170e-04
4.986113557766401775e-04
4.964281964228208638e-04
4.942204692664352479e-04
4.919898165196018996e-04
4.897378395267998211e-04
4.874660987503368851e-04
4.851761137800322484e-04
4.828693633704131600e-04
4.805472855081819347e-04
4.782112775121731053e-04
4.758626961675383490e-04
4.735028578954462997e-04
4.711330389591745268e-04
4.687544757070807606e-04
4.663683648525996750e-04
4.639758637910931663e-04
4.615780909530842885e-04
4.591761261931634995e-04
4.567710112136112244e-04
4.543637500215891604e-04
4.519553094185585159e-04
4.495466195204619441e-04
4.471385743070357120e-04
4.447320321985379272e-04
4.423278166580801992e-04
4.399267168176775782e-04
4.375294881261016368e-04
4.351368530165468048e-04
4.327495015921379012e-04
4.303680923272860991e-04
4.279932527828980140e-04
4.256255803334853195e-04
4.232656429042285320e-04
4.209139797160932729e-04
4.185711020371553240e-04
4.162374939383346978e-04
4.139136130517992321e-04
4.115998913303698238e-04
4.092967358063289178e-04
4.070045293481059116e-04
4.047236314133990584e-04
4.024543787973625694e-04
4.001970863745794491e-04
3.979520478336193092e-04
3.957195364030703416e-04
3.934998055680003892e-04
3.912930897759100903e-04
3.890996051313152918e-04
3.869195500781588584e-04
3.847531060693566338e-04
3.826004382228512116e-04
3.804616959636165593e-04
3.783370136511298885e-04
3.762265111919078269e-04
3.741302946367640672e-04
3.720484567625041619e-04
3.699810776378476690e-04
3.679282251734155088e-04
3.658899556556769275e-04
3.638663142648136239e-04
3.618573355764868340e-04
3.598630440475597417e-04
3.578834544858576147e-04
3.559185725040930589e-04
3.539683949581182631e-04
3.520329103697017762e-04
3.501120993340607504e-04
3.482059349124015418e-04
3.463143830097599940e-04
3.444374027384478521e-04
3.425749467674365882e-04
3.407269616580269902e-04
3.388933881861887557e-04
3.370741616519439790e-04
3.352692121762035999e-04
3.334784649854857785e-04
3.317018406849310129e-04
3.299392555200705564e-04
3.281906216278031741e-04
3.264558472770446576e-04
3.247348370995298554e-04
3.230274923112541369e-04
3.213337109250562185e-04
3.196533879548449906e-04
3.179864156119926576e-04
3.163326834944251808e-04
3.146920787689419323e-04
3.130644863473271535e-04
3.114497890568079493e-04
3.098478678054370785e-04
3.082586017429847611e-04
3.066818684179417782e-04
3.051175439312383067e-04
3.035655030872959955e-04
3.020256195430357795e-04
3.004977659554731941e-04
2.989818141285169100e-04
2.974776351596056679e-04
2.959850995867841514e-04
2.945040775368124313e-04
2.930344388748831719e-04
2.915760533564758553e-04
2.901287907818295153e-04
2.886925211534670677e-04
2.872671148371166625e-04
2.858524427262865261e-04
2.844483764106304460e-04
2.830547883481001562e-04
2.816715520407171692e-04
2.802985422135883240e-04
2.789356349965579516e-04
2.775827081076205670e-04
2.762396410368962631e-04
2.749063152296254975e-04
2.735826142662417916e-04
2.722684240371512471e-04
2.709636329093771841e-04
2.696681318817515391e-04
2.683818147248374442e-04
2.671045781012866180e-04
2.658363216619112797e-04
2.645769481123886571e-04
2.633263632452828443e-04
2.620844759320090198e-04
2.608511980695506021e-04
2.596264444771696940e-04
2.584101327391697951e-04
2.572021829909552286e-04
2.560025176472681147e-04
2.548110610735382321e-04
2.536277392038525100e-04
2.524524791119697850e-04
2.512852085451468265e-04
2.501258554341138115e-04
2.489743473962288136e-04
2.478306112524910503e-04
2.466945725823888849e-04
2.455661553432657166e-04
2.444452815825459984e-04
2.433318712713023163e-04
2.422258422857021692e-04
2.411271105582228386e-04
2.400355904126254345e-04
2.389511950852067743e-04
2.378738374199369332e-04
2.368034307076062747e-04
2.357398896207642898e-04
2.346831311796805240e-04
2.336330756728917444e-04
2.325896474522401555e-04
2.315527755286388341e-04
2.305223939113722296e-04
2.294984416585737444e-04
2.284808626357194832e-04
2.274696050076161901e-04
2.264646205127785080e-04
2.254658635841288192e-04
2.244732903854888926e-04
2.234868578304872620e-04
2.225065226419066413e-04
2.215322404986200754e-04
2.205639653075197181e-04
2.196016486321335866e-04
2.186452393113962522e-04
2.176946833106333293e-04
2.167499238649887915e-04
2.158109020043635711e-04
2.148775575877367615e-04
2.139498310229280239e-04
2.130276659012732418e-04
2.121110128245801455e-04
2.111998347206431868e-04
2.102941138892158778e-04
2.093938608212699438e-04
2.084991243986285617e-04
2.076100023378622166e-04
2.067266497435227507e-04
2.058492827033744910e-04
2.049781736522436550e-04
2.041136364930017663e-04
2.032560023373806892e-04
2.024055901606669830e-04
2.015626787694156392e-04
2.007274859596631532e-04
1.999001579838131047e-04
1.990807691204509735e-04
1.982693288210805481e-04
1.974657931320720301e-04
1.966700774885660728e-04
1.958820688839437211e-04
1.951016363290828922e-04
1.943286392014311923e-04
1.935629335115820961e-04
1.928043763369335190e-04
1.920528287569220403e-04
1.913081576292885878e-04
1.905702365113709127e-04
1.898389459789735746e-04
1.891141735417959161e-04
1.883958133056788545e-04
1.876837654909255964e-04
1.869779358832324655e-04
1.862782352686893309e-04
1.855845788857639811e-04
1.848968859138599985e-04
1.842150790087856494e-04
1.835390838892111487e-04
1.828688289740773554e-04
1.822042450683422393e-04
1.815452650930013130e-04
1.808918238546355808e-04
1.802438578496642040e-04
1.796013050986730141e-04
1.789641050065692387e-04
1.783321982447276944e-04
1.777055266517068980e-04
1.770840331495422075e-04
1.764676616730158874e-04
1.758563571096975037e-04
1.752500652489053228e-04
1.746487327380279804e-04
1.740523070449124783e-04
1.734607364252423298e-04
1.728739698940375707e-04
1.722919572005625810e-04
1.717146488060495788e-04
1.711419958637339588e-04
1.705739502008149576e-04
1.700104643020338389e-04
1.694514912946558512e-04
1.688969849346704205e-04
1.683468995940115781e-04
1.678011902485935191e-04
1.672598124669658895e-04
1.667227223994334658e-04
1.661898767675388242e-04
1.656612328538586163e-04
1.651367484920972402e-04
1.646163820574950403e-04
1.641000924575520626e-04
1.635878391230672052e-04
1.630795819994717297e-04
1.625752815384294049e-04
1.620748986896731417e-04
1.615783948930559486e-04
1.610857320707859022e-04
1.605968726198373018e-04
1.601117794045182733e-04
1.596304157491896202e-04
1.591527454311303120e-04
1.586787326735341892e-04
1.582083421386486710e-04
1.577415389210378750e-04
1.572782885409808567e-04
1.568185569379823335e-04
1.563623104644170107e-04
1.559095158792871789e-04
1.554601403420957791e-04
1.550141514068362095e-04
1.545715170160898741e-04
1.541322054952361372e-04
1.536961855467645715e-04
1.532634262446930240e-04
1.528338970290889535e-04
1.524075677006841707e-04
1.519844084155933645e-04
1.515643896801262215e-04
1.511474823456870680e-04
1.507336576037722801e-04
1.503228869810530467e-04
1.499151423345464152e-04
1.495103958468691147e-04
1.491086200215803383e-04
1.487097876785989294e-04
1.483138719497059481e-04
1.479208462741244063e-04
1.475306843941734055e-04
1.471433603509993897e-04
1.467588484803799295e-04
1.463771234085990117e-04
1.459981600483968112e-04
1.456219335949794213e-04
1.452484195221074312e-04
1.448775935782409643e-04
1.445094317827560018e-04
1.441439104222208534e-04
1.437810060467352403e-04
1.434206954663332914e-04
1.430629557474413739e-04
1.427077642093976145e-04
1.423550984210296964e-04
1.420049361972856199e-04
1.416572555959224678e-04
1.413120349142469949e-04
1.409692526859104562e-04
1.406288876777557733e-04
1.402909188867159848e-04
1.399553255367570130e-04
1.396220870758797903e-04
1.392911831731601709e-04
1.389625937158417239e-04
1.386362988064736290e-04
1.383122787600916698e-04
1.379905141014473654e-04
1.376709855622773528e-04
1.373536740786166800e-04
1.370385607881550332e-04
1.367256270276322931e-04
1.364148543302764300e-04
1.361062244232782883e-04
1.357997192253093059e-04
1.354953208440722739e-04
1.351930115738948963e-04
1.348927738933559830e-04
1.345945904629500245e-04
1.342984441227856472e-04
1.340043178903209593e-04
1.337121949581314764e-04
1.334220586917120646e-04
1.331338926273115716e-04
1.328476804697991168e-04
1.325634060905648865e-04
1.322810535254490905e-04
1.320006069727040418e-04
1.317220507909851028e-04
1.314453694973693326e-04
1.311705477654071493e-04
1.308975704232018277e-04
1.306264224515132574e-04
1.303570889818930333e-04
1.300895552948457305e-04
1.298238068180181234e-04
1.295598291244098464e-04
1.292976079306177987e-04
1.290371290950971116e-04
1.287783786164531233e-04
1.285213426317557430e-04
1.282660074148777750e-04
1.280123593748579364e-04
1.277603850542843931e-04
1.275100711277047771e-04
1.272614044000563971e-04
1.270143718051204649e-04
1.267689604039929361e-04
1.265251573835857906e-04
1.262829500551405101e-04
1.260423258527672784e-04
1.258032723320030464e-04
1.255657771683887881e-04
1.253298281560685215e-04
1.250954132064070051e-04
1.248625203466243751e-04
1.246311377184529271e-04
1.244012535768089685e-04
1.241728562884865448e-04
1.239459343308662090e-04
1.237204762906412192e-04
1.234964708625635780e-04
1.232739068482056291e-04
1.230527731547362378e-04
1.228330587937184097e-04
1.226147528799188921e-04
1.223978446301351476e-04
1.221823233620386465e-04
1.219681784930338249e-04
1.217553995391304066e-04
1.215439761138321630e-04
1.213338979270407443e-04
1.211251547839744321e-04
1.209177365840985598e-04
1.207116333200738506e-04
1.205068350767148918e-04
1.203033320299648999e-04
1.201011144458839839e-04
1.199001726796484807e-04
1.197004971745657133e-04
1.195020784611004050e-04
1.193049071559145092e-04
1.191089739609181808e-04
1.189142696623340278e-04
1.187207851297740084e-04
1.185285113153274273e-04
1.183374392526608985e-04
1.181475600561297199e-04
1.179588649199008214e-04
1.177713451170863383e-04
1.175849919988908185e-04
1.173997969937655314e-04
1.172157516065767084e-04
1.170328474177809668e-04
1.168510760826165353e-04
1.168510760825589777e-04
