8.731994596429289558e-05
8.731509104900614382e-05
8.730988698715165552e-05
8.730467150539787994e-05
8.729942393164338951e-05
8.729413271686836001e-05
8.728879340134446910e-05
8.728340591861774014e-05
8.727797268265639549e-05
8.727249750774081541e-05
8.726698485201358167e-05
8.726143934969866130e-05
8.725586548683830215e-05
8.725026776036430250e-05
8.724465033833810686e-05
8.723901664631184775e-05
8.723336938647966582e-05
8.722771102609398340e-05
8.722204433203229368e-05
8.721637234100420655e-05
8.721069961581660076e-05
8.720503277541470926e-05
8.719937086936384123e-05
8.719352868683037487e-05
8.718814467532421709e-05
8.719456298980526637e-05
8.742793583181778861e-05
8.817000058770526336e-05
8.914086018826349056e-05
9.022727088622858427e-05
9.137008180190438970e-05
9.251119221674749225e-05
9.367914573193611687e-05
9.489948329306638819e-05
9.622006395535164522e-05
9.769769558929335520e-05
9.940511846621936584e-05
1.014411877851845850e-04
1.039494062824679180e-04
1.071513473020387086e-04
1.114082043181326587e-04
1.173366306548723621e-04
1.260162013881217086e-04
1.392694214892739005e-04
1.595984129525892506e-04
1.886089235947979389e-04
2.245469699715229163e-04
2.633658736611592562e-04
3.018106474654779457e-04
3.379648227566500870e-04
3.706595320937996476e-04
3.992452300967465643e-04
4.235651044320548966e-04
4.438651146867225684e-04
4.606320677777990427e-04
4.744376660517928999e-04
4.858340182029196241e-04
4.953023799494888453e-04
5.032382376448031776e-04
5.099555651304332055e-04
5.156987622594579003e-04
5.206561202235238280e-04
5.249720908586113935e-04
5.287574740592295135e-04
5.320974792193289716e-04
5.350579363081719693e-04
5.376900150836398055e-04
5.400337837949369243e-04
5.421208847306181874e-04
5.439765458570889646e-04
5.456210935022400618e-04
5.470710946122890259e-04
5.483402215975693127e-04
5.494399065807777701e-04
5.503798416031285877e-04
5.511683599527479388e-04
5.518127284462573563e-04
5.523193709896796321e-04
5.526940425429730007e-04
5.529419633489449310e-04
5.530679229975388276e-04
5.530763614228838103e-04
5.529714315504169041e-04
5.527570491029482362e-04
5.524369319987869646e-04
5.520146308566016352e-04
5.514935533978525132e-04
5.508769850932487833e-04
5.501681029112149993e-04
5.493699890050071947e-04
5.484856419407992687e-04
5.475179826516970690e-04
5.464698624044651712e-04
5.453440688862551140e-04
5.441433305021987129e-04
5.428703195642012574e-04
5.415276562701436779e-04
5.401179097824826457e-04
5.386436006514518614e-04
5.371072044730551250e-04
5.355111516389488100e-04
5.338578293336923184e-04
5.321495807939365889e-04
5.303887067347988482e-04
5.285774651869115789e-04
5.267180749219822680e-04
5.248127141605578826e-04
5.228635187234060644e-04
5.208725836871715359e-04
5.188419631280313500e-04
5.167736704376633874e-04
5.146696782006907446e-04
5.125319179264633445e-04
5.103622798885382259e-04
5.081626129977015807e-04
5.059347246903197820e-04
5.036803808252131092e-04
5.014013055720073194e-04
4.990991812982193028e-04
4.967756484851056477e-04
4.944323056820969838e-04
4.920707094869407111e-04
4.896923745478383959e-04
4.872987735970086588e-04
4.848913375254311508e-04
4.824714554995425939e-04
4.800404751188139122e-04
4.775997026211974898e-04
4.751504031346081365e-04
4.726938009622238960e-04
4.702310799004806455e-04
4.677633835952479599e-04
4.652918159379855262e-04
4.628174415005217673e-04
4.603412860064214161e-04
4.578643368369894454e-04
4.553875435700824683e-04
4.529118185498743265e-04
4.504380374856584569e-04
4.479670400776954641e-04
4.454996306680498184e-04
4.430365789143089110e-04
4.405786204840576978e-04
4.381264577679599851e-04
4.356807606093079347e-04
4.332421670479199541e-04
4.308112840762828616e-04
4.283886884058916772e-04
4.259749272417652738e-04
4.235705190631975465e-04
4.211759544088391019e-04
4.187916966642949465e-04
4.164181828504887614e-04
4.140558244111223552e-04
4.117050079976409096e-04
4.093660962502051093e-04
4.070394285732503920e-04
4.047253219043067435e-04
4.024240714748429930e-04
4.001359515619779526e-04
3.978612162300112229e-04
3.956001000607859580e-04
3.933528188720107513e-04
3.911195704227325340e-04
3.889005351052505490e-04
3.866958766228319384e-04
3.845057426526677074e-04
3.823302654936018823e-04
3.801695626982092881e-04
3.780237376888948963e-04
3.758928803577370257e-04
3.737770676498757146e-04
3.716763641302822251e-04
3.695908225338410502e-04
3.675204842986792082e-04
3.654653800827836990e-04
3.634255302639465327e-04
3.614009454231491129e-04
3.593916268115291963e-04
3.573975668011113833e-04
3.554187493195192253e-04
3.534551502689114327e-04
3.515067379294334522e-04
3.495734733474735174e-04
3.476553107090658346e-04
3.457521976987868719e-04
3.438640758445194530e-04
3.419908808484782201e-04
3.401325429049039100e-04
3.382889870048537266e-04
3.364601332285236594e-04
3.346458970255640226e-04
3.328461894838444994e-04
3.310609175871500253e-04
3.292899844623055914e-04
3.275332896162083175e-04
3.257907291633014169e-04
3.240621960439880249e-04
3.223475802345341485e-04
3.206467689489838659e-04
3.189596468336503422e-04
3.172860961547351185e-04
3.156259969796466132e-04
3.139792273526034695e-04
3.123456634651114688e-04
3.107251798219076667e-04
3.091176494029938653e-04
3.075229438223672264e-04
3.059409334840794111e-04
3.043714877362555210e-04
3.028144750237006500e-04
3.012697630397359475e-04
2.997372188778849532e-04
2.982167091840409929e-04
2.967081003097043557e-04
2.952112584668836141e-04
2.937260498851987952e-04
2.922523409716885532e-04
2.907899984737691702e-04
2.893388896457043682e-04
2.878988824188735674e-04
2.864698455759920629e-04
2.850516489293100056e-04
2.836441635026501094e-04
2.822472617169455972e-04
2.808608175787168765e-04
2.794847068706631681e-04
2.781188073432386992e-04
2.767629989057560753e-04
2.754171638151933668e-04
2.740811868604721034e-04
2.727549555395633249e-04
2.714383602263387607e-04
2.701312943236759516e-04
2.688336543989118554e-04
2.675453402974181747e-04
2.662662552298246626e-04
2.649963058282961002e-04
2.637354021673401962e-04
2.624834577448952521e-04
2.612403894199871821e-04
2.600061173040945153e-04
2.587805646044845972e-04
2.575636574192972645e-04
2.563553244859113878e-04
2.551554968861918251e-04
2.539641077144605841e-04
2.527810917163751539e-04
2.516063849091936325e-04
2.504399241960482826e-04
2.492816469885904837e-04
2.481314908536159589e-04
2.469893931998077587e-04
2.458552910203536590e-04
2.447291207058362845e-04
2.436108179392779203e-04
2.425003176815696752e-04
2.413975542507673720e-04
2.403024614930824817e-04
2.392149730371913655e-04
2.381350226171522605e-04
2.370625444434647190e-04
2.359974735972477874e-04
2.349397464198410914e-04
2.338893008698793947e-04
2.328460768222405852e-04
2.318100162881489622e-04
2.307810635425778275e-04
2.297591651531018947e-04
2.287442699125144486e-04
2.277363286848300614e-04
2.267352941799453676e-04
2.257411206757427877e-04
2.247537637076807079e-04
2.237731797451744198e-04
2.227993258717746389e-04
2.218321594829277183e-04
2.208716380115481950e-04
2.199177186882609236e-04
2.189703583404101054e-04
2.180295132319405441e-04
2.170951389452183350e-04
2.161671903058497927e-04
2.152456213524347854e-04
2.143303853545148075e-04
2.134214348843529367e-04
2.125187219509533387e-04
2.116221982079793409e-04
2.107318152507052945e-04
2.098475250207159336e-04
2.089692803403367307e-04
2.080970356011990687e-04
2.072307476319775192e-04
2.063703767678383547e-04
2.055158881365275647e-04
2.046672531607835258e-04
2.038244512510391042e-04
2.029874716237639815e-04
2.021563151285853566e-04
2.013309959048782845e-04
2.005115426255135377e-04
1.996979990396923182e-04
1.988904235226569015e-04
1.980888874019011393e-04
1.972934719694183507e-04
1.965042642943126596e-04
1.957213521760509003e-04
1.949448187620503553e-04
1.941747374352913267e-04
1.934111675307364304e-04
1.926541512799396952e-04
1.919037121626540664e-04
1.911598546251072183e-04
1.904225649563267436e-04
1.896918130197344050e-04
1.889675545148012726e-04
1.882497334743531462e-04
1.875382847635596894e-04
1.868331364161681480e-04
1.861342117082064843e-04
1.854414309220064677e-04
1.847547127918515572e-04
1.840739756479244137e-04
1.833991382898950216e-04
1.827301206282667414e-04
1.820668441329889738e-04
1.814092321268679633e-04
1.807572099574626342e-04
1.801107050765049478e-04
1.794696470510697328e-04
1.788339675261611719e-04
1.782036001543044418e-04
1.775784805042046350e-04
1.769585459575981768e-04
1.763437356010107973e-04
1.757339901172314954e-04
1.751292516798112927e-04
1.745294638527587565e-04
1.739345714967398704e-04
1.733445206824631006e-04
1.727592586114851765e-04
1.721787335443549145e-04
1.716028947357962507e-04
1.710316923765060459e-04
1.704650775410502291e-04
1.699030021413097831e-04
1.693454188849104539e-04
1.687922812381096975e-04
1.682435433926276558e-04
1.676991602359561987e-04
1.671590873247320570e-04
1.666232808607931665e-04
1.660916976695895730e-04
1.655642951806396315e-04
1.650410314097826194e-04
1.645218649429740069e-04
1.640067549214350583e-04
1.634956610279644817e-04
1.629885434742649186e-04
1.624853629891438158e-04
1.619860808074798791e-04
1.614906586598582091e-04
1.609990587627839671e-04
1.605112438094036373e-04
1.600271769606792689e-04
1.595468218369563377e-04
1.590701425098875509e-04
1.585971034946722909e-04
1.581276697425811225e-04
1.576618066337377982e-04
1.571994799701298949e-04
1.567406559688313845e-04
1.562853012554247796e-04
1.558333828576060481e-04
1.553848681989719181e-04
1.549397250929753964e-04
1.544979217370394723e-04
1.540594267068174056e-04
1.536242089505801913e-04
1.531922377837191941e-04
1.527634828833487456e-04
1.523379142830005471e-04
1.519155023674020704e-04
1.514962178673381985e-04
1.510800318545961333e-04
1.506669157369944364e-04
1.502568412535029273e-04
1.498497804694522986e-04
1.494457057718414717e-04
1.490445898647311477e-04
1.486464057647330110e-04
1.482511267965838262e-04
1.478587265888066512e-04
1.474691790694473742e-04
1.470824584618916182e-04
1.466985392807544219e-04
1.463173963278380089e-04
1.459390046881622524e-04
1.455633397260568584e-04
1.451903770813209316e-04
1.448200926654451813e-04
1.444524626578957917e-04
1.440874635024576246e-04
1.437250719036417968e-04
1.433652648231453536e-04
1.430080194763720365e-04
1.426533133290097015e-04
1.423011240936633559e-04
1.419514297265400205e-04
1.416042084241887506e-04
1.412594386202951381e-04
1.409170989825240335e-04
1.405771684094155288e-04
1.402396260273265866e-04
1.399044511874262002e-04
1.395716234627353866e-04
1.392411226452151005e-04
1.389129287428997664e-04
1.385870219770746399e-04
1.382633827795005477e-04
1.379419917896787442e-04
1.376228298521616020e-04
1.373058780139016293e-04
1.369911175216437737e-04
1.366785298193578960e-04
1.363680965457117391e-04
1.360597995315789162e-04
1.357536207975879906e-04
1.354495425517100173e-04
1.351475471868811859e-04
1.348476172786599410e-04
1.345497355829232422e-04
1.342538850335931280e-04
1.339600487404025270e-04
1.336682099866905063e-04
1.333783522272322943e-04
1.330904590861020208e-04
1.328045143545641602e-04
1.325205019890011331e-04
1.322384061088680951e-04
1.319582109946788949e-04
1.316799010860213073e-04
1.314034609796009697e-04
1.311288754273170858e-04
1.308561293343612770e-04
1.305852077573464666e-04
1.303160959024648471e-04
1.300487791236686432e-04
1.297832429208799860e-04
1.295194729382256416e-04
1.292574549622969480e-04
1.289971749204352040e-04
1.287386188790403947e-04
1.284817730419045019e-04
1.282266237485705097e-04
1.279731574727114684e-04
1.277213608205346029e-04
1.274712205292061293e-04
1.272227234653006025e-04
1.269758566232699680e-04
1.267306071239357619e-04
1.264869622130013150e-04
1.262449092595835799e-04
1.260044357547685672e-04
1.257655293101832348e-04
1.255281776565898464e-04
1.252923686424976509e-04
1.250580902327952154e-04
1.248253305074023285e-04
1.245940776599367022e-04
1.243643199964037142e-04
1.241360459338994033e-04
1.239092439993344725e-04
1.236839028281744453e-04
1.234600111631962494e-04
1.232375578532631487e-04
1.230165318521148012e-04
1.227969222171748534e-04
1.225787181083726836e-04
1.223619087869827905e-04
1.221464836144792252e-04
1.219324320514039690e-04
1.217197436562527524e-04
1.215084080843741569e-04
1.212984150868830273e-04
1.210897545095884938e-04
1.208824162919378237e-04
1.206763904659726870e-04
1.204716671552983378e-04
1.202682365740661446e-04
1.200660890259736712e-04
1.198652149032720493e-04
1.196656046857901825e-04
1.194672489399699832e-04
1.192701383179149032e-04
1.190742635564502155e-04
1.188796154761962109e-04
1.186861849806512614e-04
1.184939630552904818e-04
1.183029407666703827e-04
1.183029407666098977e-04
