8.731994615902221939e-05
8.731509067202136416e-05
8.730988564238798607e-05
8.730466924241281964e-05
8.729942079647884400e-05
8.729412900631558026e-05
8.728878896712540458e-05
8.728340075348119250e-05
8.727796694582779435e-05
8.727249090234942422e-05
8.726697751451364352e-05
8.726143167264591508e-05
8.725585736348836835e-05
8.725025910019842924e-05
8.724464073466449692e-05
8.723900622030086817e-05
8.723335868187009022e-05
8.722770104160323728e-05
8.722203606568398090e-05
8.721636540143487180e-05
8.721069132000648985e-05
8.720501600032170295e-05
8.719934106492432588e-05
8.719366770095260985e-05
8.718799692460861062e-05
8.718233028896553644e-05
8.717666875062458638e-05
8.717101365992247300e-05
8.716536524184585158e-05
8.715972519545424856e-05
8.715409372608654297e-05
8.714847126801252887e-05
8.714285824242555989e-05
8.713725566281286313e-05
8.713166392127696740e-05
8.712608388767518661e-05
8.712051553106585442e-05
8.711495941707710869e-05
8.710941617649710931e-05
8.710388592674882756e-05
8.709836885636163136e-05
8.709286547598785926e-05
8.708737627577495754e-05
8.708190195692757773e-05
8.707644214989385080e-05
8.707099701950468066e-05
8.706556642411822854e-05
8.706015119503442135e-05
8.705475187460406418e-05
8.704936780473580490e-05
8.704400025077935275e-05
8.703864844268884254e-05
8.703331407709135248e-05
8.702799567917205120e-05
8.702274210079453314e-05
8.701681861303836693e-05
8.702492904136467124e-05
8.758115643566803600e-05
8.838286282669895893e-05
8.944323471839768979e-05
9.061366089871742053e-05
9.185067149835222618e-05
9.315658702740742432e-05
9.455707195672022791e-05
9.609945243010195733e-05
9.785571376681548598e-05
9.993160242314347687e-05
1.024869831645197074e-04
1.057769342204241224e-04
1.102345442919414216e-04
1.166408534488257110e-04
1.264596628071184246e-04
1.423234845857420294e-04
1.677763081480973311e-04
2.039981479289044986e-04
2.467994621686613803e-04
2.908089479266031362e-04
3.328830333780512631e-04
3.713121823355820155e-04
4.050707528421615454e-04
4.337528183217696982e-04
4.575327679271049041e-04
4.769733937290001431e-04
4.927957789549386111e-04
5.057126713920126904e-04
5.163445809655648963e-04
5.251949450413502833e-04
5.326561320744153732e-04
5.390272054768529544e-04
5.445335611117088940e-04
5.493443526364792662e-04
5.535865631842822043e-04
5.573558392190739461e-04
5.607246229551351427e-04
5.637481773859404468e-04
5.664690231569836009e-04
5.689202001778213618e-04
5.711276673147510329e-04
5.731120721359525636e-04
5.748900603043853932e-04
5.764752479226667838e-04
5.778789463560566556e-04
5.791107046150221213e-04
5.801787167415681018e-04
5.810901289140530789e-04
5.818512717763527076e-04
5.824678368111685682e-04
5.829450107018717582e-04
5.832875780554736466e-04
5.835000002302558443e-04
5.835864760674611476e-04
5.835509888826639685e-04
5.833973429959885297e-04
5.831291922749826584e-04
5.827500625596282024e-04
5.822633693843359088e-04
5.816724320691357697e-04
5.809804849936274366e-04
5.801906866718412005e-04
5.793061270984257776e-04
5.783298337249739721e-04
5.772647763408244930e-04
5.761138710690161301e-04
5.748799836399386349e-04
5.735659320689640581e-04
5.721744888370548744e-04
5.707083826527693457e-04
5.691702998586071561e-04
5.675628855330084373e-04
5.658887443304612668e-04
5.641504410955918260e-04
5.623505012818993259e-04
5.604914112019501867e-04
5.585756181327013398e-04
5.566055302971949920e-04
5.545835167418098092e-04
5.525119071265825049e-04
5.503929914446310627e-04
5.482290196854045774e-04
5.460222014553086636e-04
5.437747055681372427e-04
5.414886596167235635e-04
5.391661495362122915e-04
5.368092191684250159e-04
5.344198698358707108e-04
5.320000599330776273e-04
5.295517045420853296e-04
5.270766750781016212e-04
5.245767989705944507e-04
5.220538593842988283e-04
5.195095949839565559e-04
5.169456997459197277e-04
5.143638228191331355e-04
5.117655684374126631e-04
5.091524958844045228e-04
5.065261195120961644e-04
5.038879088132780602e-04
5.012392885479403188e-04
4.985816389231815084e-04
4.959162958258780084e-04
4.932445511070083317e-04
4.905676529162987390e-04
4.878868060855477413e-04
4.852031725588151333e-04
4.825178718674481533e-04
4.798319816477877495e-04
4.771465381992206654e-04
4.744625370801885760e-04
4.717809337396391424e-04
4.691026441813826568e-04
4.664285456587296944e-04
4.637594773968124599e-04
4.610962413399564063e-04
4.584396029214927266e-04
4.557902918534094665e-04
4.531490029333108422e-04
4.505163968661689776e-04
4.478931010984297471e-04
4.452797106621024384e-04
4.426767890265292547e-04
4.400848689556267294e-04
4.375044533684622561e-04
4.349360162011450511e-04
4.323800032680770564e-04
4.298368331207325132e-04
4.273068979022311554e-04
4.247905641960497193e-04
4.222881738673627200e-04
4.198000448955611311e-04
4.173264721966333927e-04
4.148677284341890773e-04
4.124240648180032263e-04
4.099957118890772763e-04
4.075828802902979327e-04
4.051857615218912995e-04
4.028045286809493210e-04
4.004393371844140086e-04
3.980903254749861876e-04
3.957576157094989553e-04
3.934413144293873827e-04
3.911415132129514262e-04
3.888582893091793789e-04
3.865917062529588785e-04
3.843418144615733372e-04
3.821086518124213469e-04
3.798922442019669714e-04
3.776926060859798540e-04
3.755097410011532856e-04
3.733436420682567907e-04
3.711942924770158972e-04
3.690616659529449796e-04
3.669457272064093794e-04
3.648464323642299184e-04
3.627637293841631436e-04
3.606975584526434420e-04
3.586478523662032505e-04
3.566145368969962062e-04
3.545975311429257096e-04
3.525967478628578471e-04
3.506120937974652207e-04
3.486434699762796705e-04
3.466907720115462461e-04
3.447538903795195142e-04
3.428327106898816190e-04
3.409271139439949564e-04
3.390369767827517127e-04
3.371621717248318999e-04
3.353025673962251063e-04
3.334580287519449621e-04
3.316284172909106918e-04
3.298135912650566447e-04
3.280134058837975378e-04
3.262277135150644749e-04
3.244563638842147915e-04
3.226992042722229108e-04
3.209560797146623424e-04
3.192268332030843633e-04
3.175113058905463755e-04
3.158093373031241368e-04
3.141207655593846381e-04
3.124454275998947905e-04
3.107831594289524844e-04
3.091337963708001521e-04
3.074971733426393964e-04
3.058731251467967515e-04
3.042614867843178306e-04
3.026620937921775125e-04
3.010747826060611440e-04
2.994993909503304856e-04
2.979357582562628857e-04
2.963837261089594696e-04
2.948431387223447372e-04
2.933138434404598512e-04
2.917956912617013839e-04
2.902885373807628094e-04
2.887922417408215429e-04
2.873066695859896038e-04
2.858316920012630492e-04
2.843671864243536526e-04
2.829130371110443604e-04
2.814691355333242130e-04
2.800353806879540179e-04
2.786116792925990649e-04
2.771979458477404307e-04
2.757941025455412274e-04
2.744000790119663510e-04
2.730158118757954749e-04
2.716412441675408241e-04
2.702763245620860410e-04
2.689210064903966354e-04
2.675752471567089839e-04
2.662390065070162088e-04
2.649122462011153359e-04
2.635949286428912334e-04
2.622870161211002683e-04
2.609884701054154539e-04
2.596992507302595880e-04
2.584193164829554773e-04
2.571486240945893335e-04
2.558871286137582050e-04
2.546347836273438431e-04
2.533915415807306204e-04
2.521573541440620355e-04
2.509321725719274943e-04
2.497159480109936713e-04
2.485086317220474347e-04
2.473101751977256732e-04
2.461205301722726828e-04
2.449396485328852254e-04
2.437674821519110469e-04
2.426039826646587180e-04
2.414491012189149484e-04
2.403027882202646564e-04
2.391649930930314909e-04
2.380356640713287089e-04
2.369147480293451328e-04
2.358021903553576598e-04
2.346979348704872500e-04
2.336019237910595464e-04
2.325140977324607590e-04
2.314343957528806959e-04
2.303627554370695765e-04
2.292991130214458006e-04
2.282434035649139525e-04
2.271955611728472817e-04
2.261555192850441833e-04
2.251232110420376114e-04
2.240985697477179933e-04
2.230815294495729973e-04
2.220720256604943161e-04
2.210699962473481608e-04
2.200753825101485245e-04
2.190881304701400496e-04
2.181081923730717430e-04
2.171355283928687395e-04
2.161701084880426720e-04
2.152119143168903029e-04
2.142609410588635103e-04
2.133171989244472583e-04
2.123807140779197832e-04
2.114515286678408197e-04
2.105296996851076393e-04
2.096152964693919960e-04
2.087083968644863098e-04
2.078090822542447451e-04
2.069174319364737414e-04
2.060335174440923456e-04
2.051573974503374538e-04
2.042891137877812758e-04
2.034286889044215638e-04
2.025761248371086339e-04
2.017314035667024867e-04
2.008944884727922083e-04
2.000653265409667141e-04
1.992438509809208380e-04
1.984299839651327006e-04
1.976236392705134934e-04
1.968247246798833061e-04
1.960331440648186666e-04
1.952487991212737361e-04
1.944715907641044535e-04
1.937014202081967240e-04
1.929381897752947643e-04
1.921818034697730633e-04
1.914321673659952010e-04
1.906891898464931978e-04
1.899527817253542485e-04
1.892228562858934676e-04
1.884993292564652039e-04
1.877821187434707841e-04
1.870711451364492168e-04
1.863663309965884389e-04
1.856676009370903280e-04
1.849748815014799861e-04
1.842881010441186371e-04
1.836071896157522097e-04
1.829320788558642106e-04
1.822627018928026522e-04
1.815989932520811062e-04
1.809408887728492204e-04
1.802883255322580702e-04
1.796412417772733018e-04
1.789995768633902791e-04
1.783632711996535950e-04
1.777322661993720329e-04
1.771065042359387914e-04
1.764859286031837833e-04
1.758704834797467521e-04
1.752601138969762679e-04
1.746547657099238777e-04
1.740543855710497084e-04
1.734589209062872134e-04
1.728683198931659241e-04
1.722825314407235692e-04
1.717015051709751077e-04
1.711251914017378824e-04
1.705535411306376592e-04
1.699865060201432763e-04
1.694240383835006112e-04
1.688660911714513757e-04
1.683126179596495132e-04
1.677635729366823360e-04
1.672189108926333859e-04
1.666785872081247006e-04
1.661425578437856056e-04
1.656107793301095691e-04
1.650832087576539634e-04
1.645598037675551387e-04
1.640405225423330880e-04
1.635253237969570784e-04
1.630141667701541725e-04
1.625070112159461620e-04
1.620038173953940197e-04
1.615045460685405145e-04
1.610091584865388234e-04
1.605176163839576496e-04
1.600298819712530111e-04
1.595459179273966954e-04
1.590656873926611929e-04
1.585891539615497765e-04
1.581162816758632187e-04
1.576470350179103822e-04
1.571813789038391837e-04
1.567192786771062546e-04
1.562607001020597380e-04
1.558056093576476908e-04
1.553539730312408415e-04
1.549057581125669401e-04
1.544609319877611442e-04
1.540194624335174535e-04
1.535813176113480754e-04
1.531464660619445716e-04
1.527148766996418671e-04
1.522865188069746608e-04
1.518613620293351551e-04
1.514393763697223733e-04
1.510205321835807061e-04
1.506048001737305352e-04
1.501921513853878422e-04
1.497825572012655658e-04
1.493759893367625096e-04
1.489724198352334282e-04
1.485718210633400500e-04
1.481741657064795383e-04
1.477794267642937808e-04
1.473875775462494761e-04
1.469985916672994822e-04
1.466124430436071570e-04
1.462291058883536667e-04
1.458485547076062273e-04
1.454707642962583907e-04
1.450957097340377410e-04
1.447233663815795110e-04
1.443537098765632987e-04
1.439867161299148628e-04
1.436223613220692576e-04
1.432606218992944118e-04
1.429014745700762359e-04
1.425448963015602975e-04
1.421908643160516917e-04
1.418393560875737562e-04
1.414903493384757653e-04
1.411438220361021525e-04
1.407997523895110098e-04
1.404581188462467707e-04
1.401189000891593769e-04
1.397820750332809641e-04
1.394476228227478382e-04
1.391155228277704829e-04
1.387857546416508114e-04
1.384582980778515944e-04
1.381331331671039719e-04
1.378102401545633739e-04
1.374895994970114384e-04
1.371711918600988583e-04
1.368549981156314606e-04
1.365409993388983531e-04
1.362291768060395895e-04
1.359195119914568509e-04
1.356119865652621014e-04
1.353065823907646781e-04
1.350032815219985517e-04
1.347020662012832779e-04
1.344029188568263112e-04
1.341058221003589297e-04
1.338107587248075039e-04
1.335177117020015477e-04
1.332266641804133738e-04
1.329375994829351266e-04
1.326505011046854958e-04
1.323653527108499582e-04
1.320821381345553081e-04
1.318008413747710479e-04
1.315214465942462065e-04
1.312439381174744805e-04
1.309683004286887051e-04
1.306945181698871447e-04
1.304225761388839891e-04
1.301524592873932703e-04
1.298841527191380680e-04
1.296176416879874979e-04
1.293529115961202631e-04
1.290899479922161231e-04
1.288287365696704574e-04
1.285692631648381829e-04
1.283115137553009005e-04
1.280554744581580303e-04
1.278011315283436686e-04
1.275484713569684095e-04
1.272974804696809525e-04
1.270481455250564631e-04
1.268004533130074306e-04
1.265543907532132556e-04
1.263099448935778367e-04
1.260671029087039356e-04
1.258258520983913129e-04
1.255861798861547323e-04
1.253480738177638657e-04
1.251115215598011684e-04
1.248765108982439597e-04
1.248765108981695563e-04
