8.731992214362142672e-05
8.731505189260312962e-05
8.730983394007635107e-05
8.730460618480619800e-05
8.729934765623999704e-05
8.729404674958031647e-05
8.728869833441187153e-05
8.728330230505536227e-05
8.727786105712811678e-05
8.727237786901172959e-05
8.726685753945431019e-05
8.726130487424465501e-05
8.725572382274757925e-05
8.725011887349132505e-05
8.724449385632888530e-05
8.723885271211879089e-05
8.723319855018651524e-05
8.722753429234800509e-05
8.722186269233385360e-05
8.721618539556481246e-05
8.721050467544836390e-05
8.720482270795033635e-05
8.719914110565641870e-05
8.719346105799610661e-05
8.718778358264457488e-05
8.718211023252421922e-05
8.717644196498868859e-05
8.717078012545659185e-05
8.716512494210455102e-05
8.715947811537225480e-05
8.715383984766000131e-05
8.714821057287459372e-05
8.714259070999667812e-05
8.713698128156400829e-05
8.713138267857230528e-05
8.712579576590297778e-05
8.712022050863142079e-05
8.711465748444208678e-05
8.710910731851928763e-05
8.710357012425143440e-05
8.709804609894279041e-05
8.709253574777391560e-05
8.708703957158982158e-05
8.708155825977465924e-05
8.707609144507794129e-05
8.707063928723101319e-05
8.706520165542736293e-05
8.705977938500433723e-05
8.705437300722470044e-05
8.704898186910697236e-05
8.704360724034314615e-05
8.703824835395281630e-05
8.703290690915187829e-05
8.702758142576286064e-05
8.702232117812984911e-05
8.701638849728875029e-05
8.702458897293898139e-05
8.734496925463726717e-05
8.775517482478841045e-05
8.826102466593044532e-05
8.879113454781806128e-05
8.932150317822652339e-05
8.984553172739009614e-05
9.036209356292177364e-05
9.087327185093146400e-05
9.138304722758493659e-05
9.189628557401709999e-05
9.241819045851310508e-05
9.295409281466414874e-05
9.350940479236617318e-05
9.408968611277710717e-05
9.470072755402371195e-05
9.534872970596748056e-05
9.604053053677348464e-05
9.678382165611639388e-05
9.758743711337633715e-05
9.846176495631974151e-05
9.941924575321080910e-05
1.004749947362662722e-04
1.016476605757715842e-04
1.029605763917292439e-04
1.044433369879257939e-04
1.061339824644576296e-04
1.080820414843787979e-04
1.103527894823506857e-04
1.130331823504879268e-04
1.162399738500129696e-04
1.201303241978120457e-04
1.249142720585035232e-04
1.308657535442574031e-04
1.383229170879218741e-04
1.476592427169957434e-04
1.592022548711791998e-04
1.730986265294407432e-04
1.891865814243755652e-04
2.069791803158369534e-04
2.257890299473554706e-04
2.448996153555308818e-04
2.636803555329914712e-04
2.816304860270540510e-04
2.983860965191987603e-04
3.137146360007394175e-04
3.275022246453641287e-04
3.397336545521966182e-04
3.504673609765391641e-04
3.598097615099727525e-04
3.678928889082894583e-04
3.748573527464871095e-04
3.808408501431888304e-04
3.859713661787307105e-04
3.903638356721133933e-04
3.941191046093026778e-04
3.973242760774673170e-04
4.000537966832288682e-04
4.023708667375094938e-04
4.043289240729353268e-04
4.059730634438360789e-04
4.073413241893023310e-04
4.084658209965890178e-04
4.093737162117545478e-04
4.100880442813683614e-04
4.106284042518106416e-04
4.110115377579473561e-04
4.112518094030115845e-04
4.113616049287876250e-04
4.113516607033454540e-04
4.112313361394817211e-04
4.110088388649460727e-04
4.106914108667772075e-04
4.102854824469641935e-04
4.097967996488548681e-04
4.092305298246728604e-04
4.085913491907178772e-04
4.078835155346411247e-04
4.071109286763523140e-04
4.062771808209122526e-04
4.053855985611787803e-04
4.044392779755535809e-04
4.034411140098463655e-04
4.023938251219947313e-04
4.012999739958880469e-04
4.001619849889636086e-04
3.989821588620835182e-04
3.977626852447579270e-04
3.965056532103816310e-04
3.952130602716951314e-04
3.938868200536454621e-04
3.925287688571659286e-04
3.911406712914066298e-04
3.897242251222874407e-04
3.882810654607563678e-04
3.868127683938768426e-04
3.853208541451453228e-04
3.838067898365595367e-04
3.822719919134442848e-04
3.807178282835024211e-04
3.791456202135652415e-04
3.775566440209189795e-04
3.759521325904932533e-04
3.743332767445517765e-04
3.727012264876125407e-04
3.710570921459969908e-04
3.694019454186143765e-04
3.677368203531948977e-04
3.660627142601594335e-04
3.643805885745744180e-04
3.626913696751348512e-04
3.609959496678599440e-04
3.592951871410653749e-04
3.575899078972136344e-04
3.558809056664370154e-04
3.541689428057937503e-04
3.524547509876663513e-04
3.507390318802113926e-04
3.490224578222385007e-04
3.473056724945039410e-04
3.455892915890069420e-04
3.438739034775690367e-04
3.421600698806729073e-04
3.404483265372808612e-04
3.387391838761390434e-04
3.370331276888548612e-04
3.353306198048731728e-04
3.336320987683187664e-04
3.319379805165333401e-04
3.302486590600163595e-04
3.285645071633709721e-04
3.268858770267703924e-04
3.252131009673702388e-04
3.235464921000273078e-04
3.218863450166215695e-04
3.202329364632120899e-04
3.185865260142302087e-04
3.169473567428495483e-04
3.153156558866461955e-04
3.136916355076207054e-04
3.120754931456359090e-04
3.104674124642848752e-04
3.088675638881867368e-04
3.072761052306854294e-04
3.056931823109200518e-04
3.041189295591947318e-04
3.025534706095876509e-04
3.009969188787164863e-04
2.994493781295562841e-04
2.979109430192139582e-04
2.963816996295214924e-04
2.948617259793201656e-04
2.933510925172590081e-04
2.918498625939206664e-04
2.903580929120470346e-04
2.888758339535805238e-04
2.874031303822085419e-04
2.859400214200364700e-04
2.844865411969644945e-04
2.830427190713120478e-04
2.816085799202164806e-04
2.801841443983703220e-04
2.787694291637410034e-04
2.773644470690719713e-04
2.759692073182548350e-04
2.745837155870364680e-04
2.732079741080495144e-04
2.718419817208392666e-04
2.704857338883724324e-04
2.691392226824790095e-04
2.678024367417429583e-04
2.664753612064840065e-04
2.651579776366290637e-04
2.638502639193713727e-04
2.625521941744739067e-04
2.612637386658603800e-04
2.599848637286111992e-04
2.587155317206207318e-04
2.574557010079073422e-04
2.562053259917798122e-04
2.549643571848750410e-04
2.537327413412777564e-04
2.525104216437116514e-04
2.512973379481092109e-04
2.500934270828517286e-04
2.488986231967763030e-04
2.477128581468597546e-04
2.465360619135892177e-04
2.453681630296650033e-04
2.442090890061276694e-04
2.430587667395492282e-04
2.419171228846286284e-04
2.407840841785013994e-04
2.396595777060934703e-04
2.385435310996913212e-04
2.374358726701592860e-04
2.363365314714597999e-04
2.352454373039187727e-04
2.341625206646764381e-04
2.330877126557898626e-04
2.320209448614098341e-04
2.309621492054644463e-04
2.299112578004763483e-04
2.288682027967911244e-04
2.278329162398247301e-04
2.268053299412283721e-04
2.257853753682714803e-04
2.247729835544296688e-04
2.237680850332111611e-04
2.227706097966892823e-04
2.217804872798801363e-04
2.207976463729215296e-04
2.198220154634620508e-04
2.188535225122689124e-04
2.178920951668273200e-04
2.169376609193644572e-04
2.159901473177646195e-04
2.150494822401592980e-04
2.141155942464843690e-04
2.131884130228849691e-04
2.122678699372886068e-04
2.113538987263127516e-04
2.104464363342958540e-04
2.095454239236197325e-04
2.086508080701999764e-04
2.077625421471898876e-04
2.068805878813849820e-04
2.060049170383522932e-04
2.051355131526747650e-04
2.042723731697770873e-04
2.034155088105200871e-04
2.025649474198103499e-04
2.017207320329443662e-04
2.008829204093372798e-04
2.000515828609880978e-04
1.992267988476649856e-04
1.984086525046800231e-04
1.975972274698051571e-04
1.967926015273088617e-04
1.959948416410903520e-04
1.952039998864748811e-04
1.944201106304863514e-04
1.936431891011845157e-04
1.928732312840325698e-04
1.921102149304095724e-04
1.913541013799351792e-04
1.906048378810365322e-04
1.898623601257838005e-04
1.891265947736642304e-04
1.883974618057991191e-04
1.876748766132127434e-04
1.869587517734984145e-04
1.862489985075488298e-04
1.855455278328468070e-04
1.848482514443546389e-04
1.841570823609094934e-04
1.834719353765827405e-04
1.827927273546384678e-04
1.821193773980148394e-04
1.814518069256475111e-04
1.807899396791805974e-04
1.801337016800274953e-04
1.794830211526580782e-04
1.788378284264237285e-04
1.781980558252457293e-04
1.775636375520781821e-04
1.769345095730866452e-04
1.763106095049658101e-04
1.756918765076472607e-04
1.750782511837621646e-04
1.744696754855669624e-04
1.738660926295773537e-04
1.732674470188240901e-04
1.726736841724235271e-04
1.720847506620292280e-04
1.715005940546346613e-04
1.709211628611815030e-04
1.703464064904099476e-04
1.697762752074105533e-04
1.692107200963586145e-04
1.686496930269647720e-04
1.680931466241952798e-04
1.675410342408694721e-04
1.669933099327881117e-04
1.664499284360690921e-04
1.659108451464208532e-04
1.653760161001079109e-04
1.648453979563925282e-04
1.643189479812757212e-04
1.637966240323657002e-04
1.632783845447454026e-04
1.627641885177088512e-04
1.622539955022720402e-04
1.617477655893635605e-04
1.612454593986134348e-04
1.607470380676850018e-04
1.602524632420851229e-04
1.597616970654029483e-04
1.592747021699400241e-04
1.587914416676936881e-04
1.583118791416561033e-04
1.578359786374120975e-04
1.573637046550051537e-04
1.568950221410514922e-04
1.564298964810872841e-04
1.559682934921331114e-04
1.555101794154581916e-04
1.550555209095369664e-04
1.546042850431840964e-04
1.541564392888604613e-04
1.537119515161407875e-04
1.532707899853366694e-04
1.528329233412655506e-04
1.523983206071597850e-04
1.519669511787151797e-04
1.515387848182667423e-04
1.511137916490899518e-04
1.506919421498249237e-04
1.502732071490188340e-04
1.498575578197761137e-04
1.494449656745276342e-04
1.490354025598963320e-04
1.486288406516727721e-04
1.482252524498896718e-04
1.478246107739907770e-04
1.474268887580995125e-04
1.470320598463750999e-04
1.466400977884615650e-04
1.462509766350215024e-04
1.458646707333556818e-04
1.454811547231075748e-04
1.451004035320454556e-04
1.447223923719238121e-04
1.443470967344239841e-04
1.439744923871659260e-04
1.436045553697941823e-04
1.432372619901388095e-04
1.428725888204384492e-04
1.425105126936382924e-04
1.421510106997506573e-04
1.417940601822810249e-04
1.414396387347164978e-04
1.410877241970783088e-04
1.407382946525314660e-04
1.403913284240564964e-04
1.400468040711758599e-04
1.397047003867392628e-04
1.393649963937636964e-04
1.390276713423240808e-04
1.386927047065010727e-04
1.383600761813785849e-04
1.380297656800909072e-04
1.377017533309186979e-04
1.373760194744364752e-04
1.370525446607034491e-04
1.367313096465042543e-04
1.364122953926305570e-04
1.360954830612110444e-04
1.357808540130829664e-04
1.354683898052072349e-04
1.351580721881224460e-04
1.348498831034420536e-04
1.345438046813918209e-04
1.342398192383859512e-04
1.339379092746395116e-04
1.336380574718214068e-04
1.333402466907427785e-04
1.330444599690806687e-04
1.327506805191393322e-04
1.324588917256455114e-04
1.321690771435742040e-04
1.318812204960147910e-04
1.315953056720637812e-04
1.313113167247518978e-04
1.310292378690028510e-04
1.307490534796240135e-04
1.304707480893249052e-04
1.301943063867669304e-04
1.299197132146440962e-04
1.296469535677877453e-04
1.293760125913035993e-04
1.291068755787359054e-04
1.288395279702570092e-04
1.285739553508841941e-04
1.283101434487237888e-04
1.280480781332390191e-04
1.277877454135456416e-04
1.275291314367296420e-04
1.272722224861925794e-04
1.270170049800155526e-04
1.267634654693523041e-04
1.265115906368432218e-04
1.262613672950508898e-04
1.260127823849197350e-04
1.257658229742557050e-04
1.255204762562294179e-04
1.252767295478994253e-04
1.250345702887568065e-04
1.247939860392888168e-04
1.245549644795653323e-04
1.243174934078416930e-04
1.240815607391841777e-04
1.238471545041125834e-04
1.236142628472622384e-04
1.233828740260639318e-04
1.231529764094440639e-04
1.229245584765396220e-04
1.226976088154326731e-04
1.224721161219018508e-04
1.222480691981920567e-04
1.220254569517974030e-04
1.218042683942653913e-04
1.215844926400122734e-04
1.213661189051584412e-04
1.211491365063775737e-04
1.209335348597625207e-04
1.207193034797045630e-04
1.205064319777878650e-04
1.202949100617015186e-04
1.200847275341623881e-04
1.198758742918543948e-04
1.196683403243809337e-04
1.194621157132313169e-04
1.192571906307612038e-04
1.190535553391870168e-04
1.188512001895914707e-04
1.186501156209436028e-04
1.184502921591326267e-04
1.182517204160108532e-04
1.180543910884539443e-04
1.178582949574276997e-04
1.176634228870723802e-04
1.174697658237967217e-04
1.172773147953807708e-04
1.170860609100945782e-04
1.168959953558263099e-04
1.167071093992221633e-04
1.165193943848339677e-04
1.163328417342844703e-04
1.161474429454358752e-04
1.159631895915742660e-04
1.157800733206018070e-04
1.155980858542379850e-04
1.154172189872353918e-04
1.154172189871781188e-04
