8.731827559491474799e-05
8.731234827046634671e-05
8.730620527076092703e-05
8.730016997715743846e-05
8.729420029497691504e-05
8.728826341199076881e-05
8.728233609782956235e-05
8.727640385017748420e-05
8.727045803241536388e-05
8.726449360090247117e-05
8.725850917845803377e-05
8.725250499451500652e-05
8.724648161129706469e-05
8.724044100347398494e-05
8.723438516350212450e-05
8.722831663268227134e-05
8.722223751850691003e-05
8.721614996762338883e-05
8.721005618144424905e-05
8.720395737982934291e-05
8.719785551146197770e-05
8.719175250308372949e-05
8.718564981640387836e-05
8.717954850996945961e-05
8.717344948994850394e-05
8.716735425499141758e-05
8.716126370061749566e-05
8.715517916033710736e-05
8.714910083572059403e-05
8.714303039728786570e-05
8.713696808797733644e-05
8.713091434366389385e-05
8.712486958156714153e-05
8.711883481626506815e-05
8.711281046492629272e-05
8.710679741541110289e-05
8.710079566874627879e-05
8.709480578155538819e-05
8.708882843232576738e-05
8.708286377068734504e-05
8.707691197636643150e-05
8.707097361622326552e-05
8.706504915122538783e-05
8.705913933562521253e-05
8.705324384520071290e-05
8.704736288021647141e-05
8.704149628715794433e-05
8.703564492022759617e-05
8.702980934847101069e-05
8.702398895519254207e-05
8.701818496662986182e-05
8.701239670176848034e-05
8.700662577592825468e-05
8.700087080744973598e-05
8.699517822245257323e-05
8.698884269855571309e-05
8.699548933037946907e-05
8.752534494786161552e-05
8.825461448515584584e-05
8.914086243233131004e-05
9.002523681167930831e-05
9.086424449975047250e-05
9.164797754889439667e-05
9.237600839140119207e-05
9.305305595877470131e-05
9.368634745143010532e-05
9.428363776211478491e-05
9.485217166907017339e-05
9.539827964419112839e-05
9.592724383046287841e-05
9.644334847230716043e-05
9.694993880774074445e-05
9.744959592176795425e-05
9.794432318093274916e-05
9.843560859823122049e-05
9.892450149985422092e-05
9.941173856645025403e-05
9.989788304123549303e-05
1.003832941373816647e-04
1.008681750734937040e-04
1.013526140671630729e-04
1.018366157193190011e-04
1.023201209891603641e-04
1.028030224145992140e-04
1.032851761049191923e-04
1.037664111673034472e-04
1.042465371329408995e-04
1.047253498307710928e-04
1.052026360545918492e-04
1.056781772888837557e-04
1.061517526969018980e-04
1.066231415273235237e-04
1.070921250597040313e-04
1.075584881815231357e-04
1.080220206686209388e-04
1.084825182248029231e-04
1.089397833241116111e-04
1.093936258898410276e-04
1.098438638371248768e-04
1.102903235003583536e-04
1.107328399624167288e-04
1.111712572993087274e-04
1.116054287513607355e-04
1.120352168300466685e-04
1.124604933680539752e-04
1.128811395190122750e-04
1.132970457123968090e-04
1.137081115684242342e-04
1.141142457772122609e-04
1.145153659460533779e-04
1.149113984183212412e-04
1.153022780672514094e-04
1.156879480676304431e-04
1.160683596482343715e-04
1.164434718276967959e-04
1.168132511363459528e-04
1.171776713264079903e-04
1.175367130728516144e-04
1.178903636670094004e-04
1.182386167050042180e-04
1.185814717728613860e-04
1.189189341300741576e-04
1.192510143932596424e-04
1.195777282214072722e-04
1.198990960041036453e-04
1.202151425539833477e-04
1.205258968045322355e-04
1.208313915142481004e-04
1.211316629780361475e-04
1.214267507466151695e-04
1.217166973545820506e-04
1.220015480576850091e-04
1.222813505797573804e-04
1.225561548696620269e-04
1.228260128685118992e-04
1.230909782873446220e-04
1.233511063953681070e-04
1.236064538187984130e-04
1.238570783502811819e-04
1.241030387688017819e-04
1.243443946699587159e-04
1.245812063064216993e-04
1.248135344383568906e-04
1.250414401935760051e-04
1.252649849371301313e-04
1.254842301500476540e-04
1.256992373168964170e-04
1.259100678218432400e-04
1.261167828528573110e-04
1.263194433137099411e-04
1.265181097434145755e-04
1.267128422427434193e-04
1.269037004074661168e-04
1.270907432679528322e-04
1.272740292347891516e-04
1.274536160500592738e-04
1.276295607439597907e-04
1.278019195964118552e-04
1.279707481033564263e-04
1.281361009474195529e-04
1.282980319726514658e-04
1.284565941630514600e-04
1.286118396246069750e-04
1.287638195705782329e-04
1.289125843097807512e-04
1.290581832376279890e-04
1.292006648297056612e-04
1.293400766376607408e-04
1.294764652872066907e-04
1.296098764780467556e-04
1.297403549855394593e-04
1.298679446639332952e-04
1.299926884510126405e-04
1.301146283739998280e-04
1.302338055565837032e-04
1.303502602269297913e-04
1.304640317265637350e-04
1.305751585200018287e-04
1.306836782050291193e-04
1.307896275235280925e-04
1.308930423727621003e-04
1.309939578170307240e-04
1.310924080996176821e-04
1.311884266549626261e-04
1.312820461209854024e-04
1.313732983515038797e-04
1.314622144286900236e-04
1.315488246755060198e-04
1.316331586680789248e-04
1.317152452479700391e-04
1.317951125342933609e-04
1.318727879356521092e-04
1.319482981618531761e-04
1.320216692353780676e-04
1.320929265025727909e-04
1.321620946445359280e-04
1.322291976876842671e-04
1.322942590139679928e-04
1.323573013707217199e-04
1.324183468801338342e-04
1.324774170483156263e-04
1.325345327739611671e-04
1.325897143565799529e-04
1.326429815042970352e-04
1.326943533412075981e-04
1.327438484142780132e-04
1.327914846997879520e-04
1.328372796093052889e-04
1.328812499951881560e-04
1.329234121556123070e-04
1.329637818391163644e-04
1.330023742486627521e-04
1.330392040452101424e-04
1.330742853507913155e-04
1.331076317510989824e-04
1.331392562975657718e-04
1.331691715089386278e-04
1.331973893723360693e-04
1.332239213437806148e-04
1.332487783481938490e-04
1.332719707788406610e-04
1.332935084962033005e-04
1.333134008262721324e-04
1.333316565582375339e-04
1.333482839415597290e-04
1.333632906824074287e-04
1.333766839394605861e-04
1.333884703190661540e-04
1.333986558697478205e-04
1.334072460760819747e-04
1.334142458519494421e-04
1.334196595331721533e-04
1.334234908695612523e-04
1.334257430163916357e-04
1.334264185253302706e-04
1.334255193348385924e-04
1.334230467600771197e-04
1.334190014823495802e-04
1.334133835381105912e-04
1.334061923075839499e-04
1.333974265030396966e-04
1.333870841567880400e-04
1.333751626089512907e-04
1.333616584951017074e-04
1.333465677338547541e-04
1.333298855145308528e-04
1.333116062850159234e-04
1.332917237399698456e-04
1.332702308095535203e-04
1.332471196488826731e-04
1.332223816284260239e-04
1.331960073256199047e-04
1.331679865179884008e-04
1.331383081781039787e-04
1.331069604707715154e-04
1.330739307528561535e-04
1.330392055762247966e-04
1.330027706943380582e-04
1.329646110730727405e-04
1.329247109064174773e-04
1.328830536377528576e-04
1.328396219874900972e-04
1.327943979878986485e-04
1.327473630260307398e-04
1.326984978956970249e-04
1.326477828595130340e-04
1.325951977220730894e-04
1.325407219153432886e-04
1.324843345973798737e-04
1.324260147654626111e-04
1.323657413847026095e-04
1.323034935330859101e-04
1.322392505638090188e-04
1.321729922855537814e-04
1.321046991611066353e-04
1.320343525243914903e-04
1.319619348155441662e-04
1.318874298331349794e-04
1.318108230019813978e-04
1.317321016542205689e-04
1.316512553204125346e-04
1.315682760263968193e-04
1.314831585904897003e-04
1.313959009143768981e-04
1.313065042597630480e-04
1.312149735015988262e-04
1.311213173475438533e-04
1.310255485124211118e-04
1.309276838358644013e-04
1.308277443313849656e-04
1.307257551558058269e-04
1.306217454896485097e-04
1.305157483217297433e-04
1.304078001350255647e-04
1.302979404957675311e-04
1.301862115536172519e-04
1.300726574673366335e-04
1.299573237771643839e-04
1.298402567515986774e-04
1.297215027416675646e-04
1.296011075793474161e-04
1.294791160577220517e-04
1.293555715281132445e-04
1.292305156432426035e-04
1.291039882654148295e-04
1.289760275451165442e-04
1.288466701593600592e-04
1.287159516823256947e-04
1.285839070457266804e-04
1.284505710353943224e-04
1.283159787662004872e-04
1.281801660808638604e-04
1.280431698293099240e-04
1.279050280022428205e-04
1.277657797123568889e-04
1.276254650355758825e-04
1.274841247396454533e-04
1.273417999363473047e-04
1.271985316960093208e-04
1.270543606598309731e-04
1.269093266785757928e-04
1.267634684975697107e-04
1.266168234995532118e-04
1.264694275101626447e-04
1.263213146663237445e-04
1.261725173459023620e-04
1.260230661577720057e-04
1.258729899931526858e-04
1.257223161426964807e-04
1.255710704882775626e-04
1.254192777831447257e-04
1.252669620387380231e-04
1.251141470404266911e-04
1.249608570168694139e-04
1.248071174873604703e-04
1.246529563065136581e-04
1.244984049133088147e-04
1.243434997685757652e-04
1.241882839281197959e-04
1.240328086460383626e-04
1.238771348367649291e-04
1.237213341551043606e-04
1.235654894020365698e-04
1.234096939609854071e-04
1.232540500462736262e-04
1.230986657166490490e-04
1.229436508488966195e-04
1.227891125135905596e-04
1.226351503598847338e-04
1.224818526332312934e-04
1.223292933106527440e-04
1.221775305957261348e-04
1.220266067546644698e-04
1.218765490708050004e-04
1.217273715851099804e-04
1.215790772727027181e-04
1.214316603526500944e-04
1.212851085065781140e-04
1.211394048641699605e-04
1.209945296840303345e-04
1.208504617105913463e-04
1.207071792218632970e-04
1.205646608021309024e-04
1.204228858821819085e-04
1.202818350910667957e-04
1.201414904605511877e-04
1.200018355184353949e-04
1.198628553011091920e-04
1.197245363099396355e-04
1.195868664307869696e-04
1.194498348313783036e-04
1.193134318474301311e-04
1.191776488653480901e-04
1.190424782068964479e-04
1.189079130193934522e-04
1.187739471735783215e-04
1.186405751703072722e-04
1.185077920564918006e-04
1.183755933502238575e-04
1.182439749746874366e-04
1.181129332002744985e-04
1.179824645942107960e-04
1.178525659769499677e-04
1.177232343846032220e-04
1.175944670366950022e-04
1.174662613085802052e-04
1.173386147079155309e-04
1.172115248546449069e-04
1.170849894639959185e-04
1.169590063320729981e-04
1.168335733236564240e-04
1.167086883618896869e-04
1.165843494195623834e-04
1.164605545117548249e-04
1.163373016896225917e-04
1.162145890351598499e-04
1.160924146567703449e-04
1.159707766855322842e-04
1.158496732720387012e-04
1.157291025837284612e-04
1.156090628026244668e-04
1.154895521234165984e-04
1.153705687518313046e-04
1.152521109032459377e-04
1.151341768015076375e-04
1.150167646779218922e-04
1.148998727703844319e-04
1.147834993226378044e-04
1.146676425836302727e-04
1.145523008069573563e-04
1.144374722503824785e-04
1.143231551754142624e-04
1.142093478469413046e-04
1.140960485329105598e-04
1.139832555040450008e-04
1.138709670335945237e-04
1.137591813971157998e-04
1.136478968722781229e-04
1.135371117386896518e-04
1.134268242777441044e-04
1.133170327724837280e-04
1.132077355074798743e-04
1.130989307687239019e-04
1.129906168435313324e-04
1.128827920204578388e-04
1.127754545892264000e-04
1.126686028406590238e-04
1.125622350666205713e-04
1.124563495599708489e-04
1.123509446145220533e-04
1.122460185250019220e-04
1.121415695870254088e-04
1.120375960970716039e-04
1.119340963524652615e-04
1.118310686513642637e-04
1.117285112927508117e-04
1.116264225764279563e-04
1.115248008030208577e-04
1.114236442739805540e-04
1.113229512915924580e-04
1.112227201589896118e-04
1.111229491801661172e-04
1.110236366599963128e-04
1.109247809042572573e-04
1.108263802196515931e-04
1.107284329138365616e-04
1.106309372954500110e-04
1.105338916741460529e-04
1.104372943606263686e-04
1.103411436666776411e-04
1.102454379052101799e-04
1.101501753902942688e-04
1.100553544372068546e-04
1.099609733624699545e-04
1.098670304838981175e-04
1.097735241206434050e-04
1.096804525932413204e-04
1.095878142236596524e-04
1.094956073353480229e-04
1.094038302532893326e-04
1.093124813040465714e-04
1.092215588158186004e-04
1.091310611184907032e-04
1.090409865436870607e-04
1.089513334248258698e-04
1.088621000971718865e-04
1.087732848978907032e-04
1.086848861661031222e-04
1.085969022429421978e-04
1.085093314716040718e-04
1.084221721974069951e-04
1.083354227678450904e-04
1.082490815326418574e-04
1.081631468438065246e-04
1.080776170556899395e-04
1.079924905250387925e-04
1.079077656110493934e-04
1.078234406754230060e-04
1.077395140824194219e-04
1.076559841989114814e-04
1.075728493944376176e-04
1.074901080412568518e-04
1.074077585143983421e-04
1.073257991917177072e-04
1.072442284539459786e-04
1.071630446847416420e-04
1.070822462707420150e-04
1.070018316016127817e-04
1.069217990700987872e-04
1.068421470720726783e-04
1.067628740065834343e-04
1.066839782759034492e-04
1.066054582855780521e-04
1.065273124444706375e-04
1.064495391648085672e-04
1.063721368622294123e-04
1.062951039558262178e-04
1.062184388681892451e-04
1.061421400254521991e-04
1.060662058573317885e-04
1.060662058573077192e-04
