8.731994617505705453e-05
8.731509071659557177e-05
8.730988572139359509e-05
8.730466936300476481e-05
8.729942098403222666e-05
8.729412926826962649e-05
8.728878932100404700e-05
8.728340122344355905e-05
8.727796752386549344e-05
8.727249158713392871e-05
8.726697830415956650e-05
8.726143254735019544e-05
8.725585830255574147e-05
8.725026008373283658e-05
8.724464175897810611e-05
8.723900726793299624e-05
8.723335975074656356e-05
8.722770212725368703e-05
8.722203717534010331e-05
8.721636653539100066e-05
8.721069247973426699e-05
8.720501717973448512e-05
8.719934227227111624e-05
8.719366894348833368e-05
8.718799819057672167e-05
8.718233158365989576e-05
8.717667006545893617e-05
8.717101500397046059e-05
8.716536661136998815e-05
8.715972658134699190e-05
8.715409514884606330e-05
8.714847274024999481e-05
8.714285975744365134e-05
8.713725721122032928e-05
8.713166550228112095e-05
8.712608550467000048e-05
8.712051718783963943e-05
8.711496109635699279e-05
8.710941788860515796e-05
8.710388768294385691e-05
8.709837063528156535e-05
8.709286729051747848e-05
8.708737809991157024e-05
8.708190380066492585e-05
8.707644402824204935e-05
8.707099894633750590e-05
8.706556837194729293e-05
8.706015316005563892e-05
8.705475385948663227e-05
8.704936980462428672e-05
8.704400224566445838e-05
8.703865044410728270e-05
8.703331603609348616e-05
8.702799754258789915e-05
8.702274255287337787e-05
8.701682959748194626e-05
8.702423041655408110e-05
8.755940651378876977e-05
8.830186383416600295e-05
8.922615845149412916e-05
9.019193069305268611e-05
9.117294375536960324e-05
9.217545644700191726e-05
9.321528452711366969e-05
9.431558261481219640e-05
9.550689258342473726e-05
9.682844657048397645e-05
9.833156677150200890e-05
1.000859489536908562e-04
1.021904077982297912e-04
1.047916293350236220e-04
1.081176108319763441e-04
1.125392709052399194e-04
1.186839832928714172e-04
1.276296892282233837e-04
1.411371590555216568e-04
1.614938568764720604e-04
1.899917566797828822e-04
2.248813157850063700e-04
2.624649748584162272e-04
2.997324479194024517e-04
3.348509371288398953e-04
3.666866078905665167e-04
3.946056149466791027e-04
4.184420858069000946e-04
4.384118849843494079e-04
4.549630876042129609e-04
4.686309120609290506e-04
4.799385273928297776e-04
4.893466258478267831e-04
4.972371879215772622e-04
5.039158781313041787e-04
5.096223193746642413e-04
5.145422986099884013e-04
5.188191635196980067e-04
5.225634348174403856e-04
5.258605012849340912e-04
5.287766057169272522e-04
5.313634279753265931e-04
5.336615646765040678e-04
5.357031612295575949e-04
5.375139009574958797e-04
5.391145096862280531e-04
5.405218960679890935e-04
5.417500180676611049e-04
5.428105432941569657e-04
5.437133537686386544e-04
5.444669329754275606e-04
5.450786635643043625e-04
5.455550570278703583e-04
5.459019314326467266e-04
5.461245493673594830e-04
5.462277253398003076e-04
5.462159096499510274e-04
5.460932541047862484e-04
5.458636636817693196e-04
5.455308372922840253e-04
5.450983000679547955e-04
5.445694290364796932e-04
5.439474736274445841e-04
5.432355721215993217e-04
5.424367649056789252e-04
5.415540052013057210e-04
5.405901677873910498e-04
5.395480561203874629e-04
5.384304081679799989e-04
5.372399012032437688e-04
5.359791557533453467e-04
5.346507388559568977e-04
5.332571667449226456e-04
5.318009070622568184e-04
5.302843806746028498e-04
5.287099631575990690e-04
5.270799860001638536e-04
5.253967375718230845e-04
5.236624638891879558e-04
5.218793692122193325e-04
5.200496164965160220e-04
5.181753277243372020e-04
5.162585841342419695e-04
5.143014263668389645e-04
5.123058545421644693e-04
5.102738282825587494e-04
5.082072666934152848e-04
5.061080483129148802e-04
5.039780110407080394e-04
5.018189520544733559e-04
4.996326277223318672e-04
4.974207535182254003e-04
4.951850039465533534e-04
4.929270124816062353e-04
4.906483715266313954e-04
4.883506323966843067e-04
4.860353053288456529e-04
4.837038595227401865e-04
4.813577232138091175e-04
4.789982837812448786e-04
4.766268878920610491e-04
4.742448416823013516e-04
4.718534109760287045e-04
4.694538215423502006e-04
4.670472593903958296e-04
4.646348711018900130e-04
4.622177642006552946e-04
4.597970075581667821e-04
4.573736318340418600e-04
4.549486299501818575e-04
4.525229575970987454e-04
4.500975337708159555e-04
4.476732413386543506e-04
4.452509276320554873e-04
4.428314050645767996e-04
4.404154517730901196e-04
4.380038122802049180e-04
4.355971981758909777e-04
4.331962888162764003e-04
4.308017320375920269e-04
4.284141448832619716e-04
4.260341143421385616e-04
4.236621980959531038e-04
4.212989252740585071e-04
4.189447972136300501e-04
4.166002882235175786e-04
4.142658463500297514e-04
4.119418941429974683e-04
4.096288294205206976e-04
4.073270260309060260e-04
4.050368346103649800e-04
4.027585833351351010e-04
4.004925786667485926e-04
3.982391060892889311e-04
3.959984308375405016e-04
3.937707986150047941e-04
3.915564363008725902e-04
3.893555526451064099e-04
3.871683389508543262e-04
3.849949697435276603e-04
3.828356034259287888e-04
3.806903829189017623e-04
3.785594362870579052e-04
3.764428773491987150e-04
3.743408062731197992e-04
3.722533101545651862e-04
3.701804635801500803e-04
3.681223291741253186e-04
3.660789581289333847e-04
3.640503907195215554e-04
3.620366568014575016e-04
3.600377762929045334e-04
3.580537596405825290e-04
3.560846082698458431e-04
3.541303150190676071e-04
3.521908645585332723e-04
3.502662337940843631e-04
3.483563922557832170e-04
3.464613024718763779e-04
3.445809203283808713e-04
3.427151954146242076e-04
3.408640713550841893e-04
3.390274861279153661e-04
3.372053723705327726e-04
3.353976576726725887e-04
3.336042648573313654e-04
3.318251122500261705e-04
3.300601139368107453e-04
3.283091800115075891e-04
3.265722168126058088e-04
3.248491271503183161e-04
3.231398105242622469e-04
3.214441633322726141e-04
3.197620790708348057e-04
3.180934485276690855e-04
3.164381599669638780e-04
3.147960993078136537e-04
3.131671502963835662e-04
3.115511946723614279e-04
3.099481123302627616e-04
3.083577814761463156e-04
3.067800787803377088e-04
3.052148795267404960e-04
3.036620577593422384e-04
3.021214864265164466e-04
3.005930375237428885e-04
2.990765822353559644e-04
2.975719910759464632e-04
2.960791340320338802e-04
2.945978807046093504e-04
2.931281004531609562e-04
2.916696625417401008e-04
2.902224362876288819e-04
2.887862912131039473e-04
2.873610972007499737e-04
2.859467246527149257e-04
2.845430446541871434e-04
2.831499291412995531e-04
2.817672510735038261e-04
2.803948846103323589e-04
2.790327052922507304e-04
2.776805902250975133e-04
2.763384182673569978e-04
2.750060702192040976e-04
2.736834290119552894e-04
2.723703798961679863e-04
2.710668106262529545e-04
2.697726116390327072e-04
2.684876762232346137e-04
2.672119006764838616e-04
2.659451844459139618e-04
2.646874302481771416e-04
2.634385441643135521e-04
2.621984357047903885e-04
2.609670178400153506e-04
2.597442069918166029e-04
2.585299229818718305e-04
2.573240889338131317e-04
2.561266311268138086e-04
2.549374787999059751e-04
2.537565639080251482e-04
2.525838208328401381e-04
2.514191860537096155e-04
2.502625977865451557e-04
2.491139956007812047e-04
2.479733200269682155e-04
2.468405121694616420e-04
2.457155133401259153e-04
2.445982647297622052e-04
2.434887071337664291e-04
2.423867807473557704e-04
2.412924250432968844e-04
2.402055787414532069e-04
2.391261798746918698e-04
2.380541659498945271e-04
2.369894741963854228e-04
2.359320418874587288e-04
2.348818067145367141e-04
2.338387071885158564e-04
2.328026830397633652e-04
2.317736755876457816e-04
2.307516280525955671e-04
2.297364857885654044e-04
2.287281964207179164e-04
2.277267098815166147e-04
2.267319783469635367e-04
2.257439560824895286e-04
2.247625992140804140e-04
2.237878654440460485e-04
2.228197137323026389e-04
2.218581039633519679e-04
2.209029966167860121e-04
2.199543524558264485e-04
2.190121322446723082e-04
2.180762965019465748e-04
2.171468052946157244e-04
2.162236180746960853e-04
2.153066935598130032e-04
2.143959896590234696e-04
2.134914634461492205e-04
2.125930711839656118e-04
2.117007684052728375e-04
2.108145100597391599e-04
2.099342507387266560e-04
2.090599449938677088e-04
2.081915477687945289e-04
2.073290149667026479e-04
2.064723041787545291e-04
2.056213755987298952e-04
2.047761931463401683e-04
2.039367258131294001e-04
2.031029492283076179e-04
2.022748474141251266e-04
2.014524146590597150e-04
2.006356573815248185e-04
1.998245957906517076e-04
1.990192650846482289e-04
1.982197158806217846e-04
1.974260135692530109e-04
1.966382363598692413e-04
1.958564719389396455e-04
1.950808128918492745e-04
1.943113512834727594e-04
1.935481729851788724e-04
1.927913524093986374e-04
1.920409482407748930e-04
1.912970005593854321e-04
1.905595294994688236e-04
1.898285353486237883e-04
1.891039998206483466e-04
1.883858881506731569e-04
1.876741516555576112e-04
1.869687304509138422e-04
1.862695560908435408e-04
1.855765539752643023e-04
1.848896454389188757e-04
1.842087494897335634e-04
1.835337842014846664e-04
1.828646677888084385e-04
1.822013194047327779e-04
1.815436597052456924e-04
1.808916112247600685e-04
1.802450986026766892e-04
1.796040486961586339e-04
1.789683906086417839e-04
1.783380556581789112e-04
1.777129773047564723e-04
1.770930910514148006e-04
1.764783343303947356e-04
1.758686463825605989e-04
1.752639681360059528e-04
1.746642420878996604e-04
1.740694121922182406e-04
1.734794237549553439e-04
1.728942233376267281e-04
1.723137586693432787e-04
1.717379785673218051e-04
1.711668328654844995e-04
1.706002723506052298e-04
1.700382487054134827e-04
1.694807144579980364e-04
1.689276229368772157e-04
1.683789282311087365e-04
1.678345851548597944e-04
1.672945492158912863e-04
1.667587765874785192e-04
1.662272240833177306e-04
1.656998491350321183e-04
1.651766097719297322e-04
1.646574646027142846e-04
1.641423727988774225e-04
1.636312940795512305e-04
1.631241886976166739e-04
1.626210174268977887e-04
1.621217415502961728e-04
1.616263228487391983e-04
1.611347235908336059e-04
1.606469065231335433e-04
1.601628348609444169e-04
1.596824722795920823e-04
1.592057829061074208e-04
1.587327313112739597e-04
1.582632825019932466e-04
1.577974019139411681e-04
1.573350554044817401e-04
1.568762092458093394e-04
1.564208301183071250e-04
1.559688851040911021e-04
1.555203416807358441e-04
1.550751677151557706e-04
1.546333314576491100e-04
1.541948015360693094e-04
1.537595469501401569e-04
1.533275370658884838e-04
1.528987416102014162e-04
1.524731306654890644e-04
1.520506746644617309e-04
1.516313443850064052e-04
1.512151109451634649e-04
1.508019457981978929e-04
1.503918207277642237e-04
1.499847078431599601e-04
1.495805795746649679e-04
1.491794086689667931e-04
1.487811681846661288e-04
1.483858314878617004e-04
1.479933722478143779e-04
1.476037644326859638e-04
1.472169823053513804e-04
1.468330004192830386e-04
1.464517936145061405e-04
1.460733370136242919e-04
1.456976060179108730e-04
1.453245763034649715e-04
1.449542238174354595e-04
1.445865247743057577e-04
1.442214556522404534e-04
1.438589931894961309e-04
1.434991143808860318e-04
1.431417964743062442e-04
1.427870169673201137e-04
1.424347536037940992e-04
1.420849843705946703e-04
1.417376874943336400e-04
1.413928414381675463e-04
1.410504248986498878e-04
1.407104168026332598e-04
1.403727963042218792e-04
1.400375427817715426e-04
1.397046358349374520e-04
1.393740552817701258e-04
1.390457811558562214e-04
1.387197937035047869e-04
1.383960733809778563e-04
1.380746008517643321e-04
1.377553569838977764e-04
1.374383228473110945e-04
1.371234797112403031e-04
1.368108090416608540e-04
1.365002924987677307e-04
1.361919119344939268e-04
1.358856493900655429e-04
1.355814870935954269e-04
1.352794074577127017e-04
1.349793930772283422e-04
1.346814267268386998e-04
1.343854913588589503e-04
1.340915701009946250e-04
1.337996462541451255e-04
1.335097032902400897e-04
1.332217248501078779e-04
1.329356947413760687e-04
1.326515969364038591e-04
1.323694155702454715e-04
1.320891349386390677e-04
1.318107394960315486e-04
1.315342138536287799e-04
1.312595427774749005e-04
1.309867111865613114e-04
1.307157041509587035e-04
1.304465068899819918e-04
1.301791047703780709e-04
1.299134833045396465e-04
1.296496281487479602e-04
1.293875251014382560e-04
1.291271601014886382e-04
1.288685192265369016e-04
1.286115886913198592e-04
1.283563548460352210e-04
1.281028041747274610e-04
1.278509232936966150e-04
1.276006989499303614e-04
1.273521180195575427e-04
1.271051675063215544e-04
1.268598345400780202e-04
1.266161063753114952e-04
1.263739703896743949e-04
1.261334140825441121e-04
1.258944250736011123e-04
1.256569911014282536e-04
1.254211000221284013e-04
1.251867398079585503e-04
1.249538985459867696e-04
1.249538985459130709e-04
