8.732050367279299140e-05
8.731600774813220263e-05
8.731111909432045625e-05
8.730618067422782412e-05
8.730117879672779952e-05
8.729610913487818977e-05
8.729097275117852985e-05
8.728577445976280162e-05
8.728052043412653062e-05
8.727521676046188180e-05
8.726987035516315164e-05
8.726448758823104489e-05
8.725907354721161439e-05
8.725363356126506896e-05
8.724817209860572713e-05
8.724269354476383079e-05
8.723720136735312221e-05
8.723169873006650116e-05
8.722618859113181436e-05
8.722067272080458059e-05
8.721515349052582895e-05
8.720963314562616277e-05
8.720411337448647599e-05
8.719859539922501400e-05
8.719308024255507646e-05
8.718756949279465505e-05
8.718206410402253893e-05
8.717656544859133131e-05
8.717107373788588332e-05
8.716559066873730646e-05
8.716011646769369686e-05
8.715465155178076212e-05
8.714919631301760170e-05
8.714375176189713380e-05
8.713831828983316136e-05
8.713289676402908820e-05
8.712748713814614057e-05
8.712208995254896006e-05
8.711670585839515488e-05
8.711133495728757387e-05
8.710597739459688459e-05
8.710063370708033049e-05
8.709530434110353942e-05
8.708999002788954977e-05
8.708469038230902805e-05
8.707940555136851315e-05
8.707413533970781113e-05
8.706888060416288647e-05
8.706364188395714955e-05
8.705841849148670945e-05
8.705321168858584473e-05
8.704802071111604706e-05
8.704284720277135419e-05
8.703768964288210823e-05
8.703259604708780148e-05
8.702683909030043254e-05
8.703451632312429102e-05
8.757158474388661783e-05
8.831867105080437813e-05
8.925659458139613607e-05
9.025291744634180010e-05
9.129110938227937466e-05
9.239020731230412507e-05
9.358418810675981389e-05
9.492399035691050590e-05
9.648539395532746180e-05
9.838558293640449752e-05
1.008186895082508247e-04
1.041363138368040994e-04
1.090491633634483849e-04
1.171978975629604618e-04
1.328907925227903238e-04
1.666816465094571472e-04
2.271634847042998428e-04
2.994088199815986024e-04
3.696636986818954891e-04
4.333114757847540688e-04
4.877543370586292365e-04
5.319395247696920466e-04
5.665941609190266017e-04
5.934846229887251945e-04
6.145479369174119359e-04
6.314248169927449451e-04
6.453437703500385786e-04
6.571686901600686014e-04
6.674885298181171571e-04
6.766995117919480211e-04
6.850674067448530007e-04
6.927710798272370633e-04
6.999318245711923497e-04
7.066327931913630751e-04
7.129317885033683742e-04
7.188696829541289237e-04
7.244759759831569546e-04
7.297724784608776395e-04
7.347757670588522111e-04
7.394988278277506849e-04
7.439521624189080569e-04
7.481445361002321982e-04
7.520834857837709183e-04
7.557756665751956277e-04
7.592270893053778853e-04
7.624432842923221237e-04
7.654294151272447331e-04
7.681903586029564411e-04
7.707307617263127377e-04
7.730550832458271465e-04
7.751676247334620112e-04
7.770725546243071637e-04
7.787739274977935940e-04
7.802757001171219163e-04
7.815817452195471466e-04
7.826958636941152778e-04
7.836217955436763699e-04
7.843632298687851917e-04
7.849238140076118374e-04
7.853071619008736293e-04
7.855168617119216452e-04
7.855564827108550913e-04
7.854295814220561486e-04
7.851397070324902996e-04
7.846904060607647622e-04
7.840852262920756932e-04
7.833277199906291859e-04
7.824214464078185294e-04
7.813699736109436765e-04
7.801768796630327834e-04
7.788457531893804540e-04
7.773801933704375423e-04
7.757838094038480318e-04
7.740602194806352979e-04
7.722130493219264268e-04
7.702459303231623880e-04
7.681624973527285223e-04
7.659663862512235827e-04
7.636612310764465030e-04
7.612506611376025547e-04
7.587382978603180199e-04
7.561277515218974401e-04
7.534226178938683519e-04
7.506264748264084496e-04
7.477428788066042267e-04
7.447753615199292649e-04
7.417274264416456354e-04
7.386025454822617775e-04
7.354041557086361380e-04
7.321356561598162289e-04
7.288004047743561111e-04
7.254017154435518167e-04
7.219428552029066946e-04
7.184270415720843145e-04
7.148574400517159356e-04
7.112371617836368148e-04
7.075692613795113656e-04
7.038567349212695567e-04
7.001025181353930701e-04
6.963094847418491900e-04
6.924804449773162623e-04
6.886181442913106698e-04
6.847252622129468454e-04
6.808044113852108588e-04
6.768581367629572043e-04
6.728889149701907171e-04
6.688991538117033172e-04
6.648911919336528099e-04
6.608672986273180644e-04
6.568296737699679281e-04
6.527804478965253641e-04
6.487216823955434990e-04
6.446553698228777796e-04
6.405834343263674220e-04
6.365077321747841495e-04
6.324300523843468750e-04
6.283521174361108479e-04
6.242755840776180671e-04
6.202020442023096006e-04
6.161330258003036705e-04
6.120699939743054485e-04
6.080143520145587068e-04
6.039674425269484209e-04
5.999305486085463246e-04
5.959048950650733473e-04
5.918916496649974596e-04
5.878919244251938365e-04
5.839067769232779122e-04
5.799372116320243922e-04
5.759841812714304628e-04
5.720485881742640904e-04
5.681312856611599139e-04
5.642330794215170281e-04
5.603547288967306202e-04
5.564969486624547637e-04
5.526604098068604951e-04
5.488457413020213487e-04
5.450535313657972700e-04
5.412843288117733312e-04
5.375386443850048305e-04
5.338169520815257054e-04
5.301196904497412288e-04
5.264472638720293527e-04
5.228000438250177476e-04
5.191783701172119660e-04
5.155825521027682318e-04
5.120128698703821628e-04
5.084695754064145730e-04
5.049528937314864139e-04
5.014630240099321240e-04
4.980001406315906444e-04
4.945643942655663381e-04
4.911559128856278315e-04
4.877748027670904415e-04
4.844211494550471498e-04
4.810950187039362007e-04
4.777964573884876573e-04
4.745254943861804326e-04
4.712821414313940536e-04
4.680663939415062071e-04
4.648782318152375821e-04
4.617176202036067851e-04
4.585845102539048827e-04
4.554788398271276463e-04
4.524005341893600016e-04
4.493495066776386848e-04
4.463256593408394335e-04
4.433288835561754841e-04
4.403590606219247197e-04
4.374160623269925129e-04
4.344997514979842589e-04
4.316099825244324264e-04
4.287466018628745116e-04
4.259094485204612001e-04
4.230983545188066793e-04
4.203131453387822544e-04
4.175536403469947539e-04
4.148196532046395484e-04
4.121109922595007306e-04
4.094274609218082842e-04
4.067688580246966545e-04
4.041349781700194336e-04
4.015256120602539490e-04
3.989405468172551846e-04
3.963795662886039346e-04
3.938424513423060733e-04
3.913289801505955381e-04
3.888389284636020824e-04
3.863720698736303259e-04
3.839281760708074167e-04
3.815070170908566212e-04
3.791083615557389779e-04
3.767319769079102471e-04
3.743776296389270532e-04
3.720450855131254364e-04
3.697341097870790396e-04
3.674444674255255053e-04
3.651759233144272199e-04
3.629282424717886787e-04
3.607011902568205532e-04
3.584945325779844262e-04
3.563080361003865735e-04
3.541414684529197213e-04
3.519945984354442702e-04
3.498671962262009947e-04
3.477590335895094855e-04
3.456698840836481949e-04
3.435995232686424880e-04
3.415477289134755188e-04
3.395142812019909619e-04
3.374989629365230401e-04
3.355015597379668989e-04
3.335218602407163686e-04
3.315596562805390155e-04
3.296147430731287365e-04
3.276869193807119621e-04
3.257759876637552417e-04
3.238817542145059378e-04
3.220040292688513693e-04
3.201426270927910911e-04
3.182973660397701008e-04
3.164680685751766580e-04
3.146545612645675234e-04
3.128566747226373818e-04
3.110742435206249401e-04
3.093071060507833199e-04
3.075551043477254393e-04
3.058180838678609169e-04
3.040958932297899869e-04
3.023883839202948665e-04
3.006954099724616527e-04
2.990168276243421446e-04
2.973524949683516464e-04
2.957022716031454737e-04
2.940660183009031646e-04
2.924435967036599854e-04
2.908348690623824566e-04
2.892396980318175147e-04
2.876579465326162570e-04
2.860894776898108890e-04
2.845341548533926652e-04
2.829918417025862796e-04
2.814624024305869112e-04
2.799457020013493345e-04
2.784416064648098893e-04
2.769499833122316280e-04
2.754707018496576460e-04
2.740036335652865367e-04
2.725486524662932945e-04
2.711056353624743845e-04
2.696744620779682484e-04
2.682550155778689769e-04
2.668471820031967086e-04
2.654508506146388666e-04
2.640659136519478401e-04
2.626922661211909728e-04
2.613298055256937599e-04
2.599784315583776942e-04
2.586380457732605069e-04
2.573085512525220744e-04
2.559898522831635095e-04
2.546818540543797720e-04
2.533844623837932532e-04
2.520975834780354819e-04
2.508211237310583610e-04
2.495549895621115366e-04
2.482990872945424195e-04
2.470533230773791478e-04
2.458176028521468458e-04
2.445918323686421141e-04
2.433759172558523480e-04
2.421697631567750570e-04
2.409732759389622298e-04
2.397863619959125997e-04
2.386089286578811880e-04
2.374408847339188071e-04
2.362821412095079119e-04
2.351326121252409688e-04
2.339922156603348917e-04
2.328608754386768626e-04
2.317385220621911350e-04
2.306250948539042536e-04
2.295205437584554018e-04
2.284248312994526897e-04
2.273379344323603281e-04
2.262598460652063420e-04
2.251905759614702528e-04
2.241301507121357074e-04
2.230786124932085846e-04
2.220360164318357910e-04
2.210024265900091761e-04
2.199779108111418920e-04
2.189625349035467577e-04
2.179563567871842407e-04
2.169594212548290550e-04
2.159717558866689271e-04
2.149933684446594863e-04
2.140242458243786982e-04
2.130643544223873856e-04
2.121136416287039373e-04
2.111720380889944458e-04
2.102394603873086298e-04
2.093158138530705047e-04
2.084009952701903969e-04
2.074948953420852375e-04
2.065974008321929724e-04
2.057083963504137284e-04
2.048277657912693278e-04
2.039553934516763988e-04
2.030911648678866742e-04
2.022349674154996530e-04
2.013866907159103160e-04
2.005462268891612817e-04
1.997134706882925856e-04
1.988883195448982294e-04
1.980706735503054070e-04
1.972604353919322161e-04
1.964575102601239279e-04
1.956618057371465138e-04
1.948732316770582099e-04
1.940917000827878250e-04
1.933171249848575661e-04
1.925494223247353797e-04
1.917885098446950006e-04
1.910343069852525404e-04
1.902867347906396164e-04
1.895457158223650079e-04
1.888111740806299485e-04
1.880830349331782524e-04
1.873612250510551679e-04
1.866456723506879415e-04
1.859363059416992646e-04
1.852330560798578054e-04
1.845358541246093585e-04
1.838446325006637524e-04
1.831593246631564793e-04
1.824798650659548356e-04
1.818061891327067432e-04
1.811382332302983685e-04
1.804759346444101073e-04
1.798192315568978498e-04
1.791680630247728494e-04
1.785223689605725124e-04
1.778820901139450896e-04
1.772471680542992963e-04
1.766175451543862667e-04
1.759931645746979658e-04
1.753739702485937241e-04
1.747599068680622512e-04
1.741509198700556468e-04
1.735469554233332035e-04
1.729479604157571594e-04
1.723538824420077660e-04
1.717646697916689637e-04
1.711802714376592664e-04
1.706006370249727832e-04
1.700257168597171483e-04
1.694554618984178934e-04
1.688898237375746538e-04
1.683287546034570098e-04
1.677722073421248391e-04
1.672201354096556985e-04
1.666724928625812113e-04
1.661292343485113484e-04
1.655903150969469258e-04
1.650556909102697490e-04
1.645253181549020558e-04
1.639991537526376152e-04
1.634771551721268909e-04
1.629592804205235357e-04
1.624454880352822653e-04
1.619357370761019901e-04
1.614299871170164790e-04
1.609281982386220119e-04
1.604303310204453011e-04
1.599363465334458542e-04
1.594462063326443477e-04
1.589598724498877459e-04
1.584773073867336822e-04
1.579984741074601197e-04
1.575233360321957648e-04
1.570518570301681987e-04
1.565840014130677460e-04
1.561197339285257015e-04
1.556590197537011653e-04
1.552018244889816656e-04
1.547481141517865642e-04
1.542978551704766044e-04
1.538510143783670557e-04
1.534075590078417693e-04
1.529674566845649756e-04
1.525306754217938573e-04
1.520971836147809496e-04
1.516669500352743074e-04
1.512399438261095592e-04
1.508161344958881551e-04
1.503954919137497504e-04
1.499779863042251184e-04
1.495635882421810848e-04
1.491522686478409228e-04
1.487439987818953331e-04
1.483387502406864449e-04
1.479364949514776586e-04
1.475372051677946938e-04
1.471408534648458377e-04
1.467474127350185760e-04
1.463568561834456398e-04
1.459691573236467836e-04
1.455842899732394922e-04
1.452022282497171242e-04
1.448229465663002666e-04
1.444464196278495639e-04
1.440726224268481257e-04
1.437015302394464920e-04
1.433331186215704026e-04
1.429673634050940235e-04
1.426042406940710979e-04
1.422437268610243994e-04
1.418857985432999129e-04
1.415304326394738155e-04
1.411776063058179504e-04
1.408272969528210012e-04
1.404794822417638773e-04
1.401341400813508264e-04
1.397912486243917487e-04
1.394507862645356314e-04
1.391127316330551845e-04
1.387770635956853073e-04
1.384437612495044889e-04
1.381128039198696881e-04
1.377841711573972634e-04
1.374578427349891149e-04
1.371337986449051762e-04
1.368120190958821197e-04
1.364924845102952948e-04
1.361751755213647932e-04
1.358600729704035270e-04
1.355471579041066417e-04
1.352364115718853550e-04
1.349278154232373325e-04
1.346213511051579928e-04
1.343170004595939057e-04
1.340147455209316993e-04
1.340147455208360726e-04
