8.731996020858248133e-05
8.731513028065025447e-05
8.730995680375655901e-05
8.730477568829735644e-05
8.729956456383671231e-05
8.729431101904559559e-05
8.728900942261025872e-05
8.728365946452634663e-05
8.727826327545223418e-05
8.727282422704715575e-05
8.726734708992538061e-05
8.726183667335720036e-05
8.725629696304308366e-05
8.725073263901987901e-05
8.724514749070420220e-05
8.723954570218314425e-05
8.723393022358613084e-05
8.722830432486280777e-05
8.722267059652533041e-05
8.721703074686799851e-05
8.721138722908491339e-05
8.720574235331796673e-05
8.720009748708427424e-05
8.719445397034438134e-05
8.718881300860483493e-05
8.718317595121718728e-05
8.717754404061587063e-05
8.717191831501761164e-05
8.716629931862510052e-05
8.716068871599550122e-05
8.715508654063837228e-05
8.714949337524619086e-05
8.714390957580523420e-05
8.713833625230740212e-05
8.713277383438650797e-05
8.712722308694684562e-05
8.712168394103266900e-05
8.711615722113251329e-05
8.711064331486846894e-05
8.710514231024189238e-05
8.709965464957757639e-05
8.709418058852787248e-05
8.708872099197038105e-05
8.708327612228003564e-05
8.707784577259924746e-05
8.707242999244216091e-05
8.706702891357210997e-05
8.706164333186756736e-05
8.705627350571779033e-05
8.705091914603313094e-05
8.704558114407240344e-05
8.704025917922682037e-05
8.703495465400564823e-05
8.702966800146837265e-05
8.702441919404675598e-05
8.701877271848468384e-05
8.706757274452533481e-05
8.775942073376091182e-05
8.859507317044164440e-05
8.952109838237796752e-05
9.049127411165740198e-05
9.147987358916024887e-05
9.249298653144202224e-05
9.354932941419403744e-05
9.467472126952377047e-05
9.590230445735630307e-05
9.727465268167327888e-05
9.884804860866601493e-05
1.006999037706757217e-04
1.029415701772150559e-04
1.057407530112374172e-04
1.093619483465453618e-04
1.142413560166981296e-04
1.211233379808320817e-04
1.312801737830593168e-04
1.467008393937429232e-04
1.696083936983275395e-04
2.004738987008849267e-04
2.366302177299202641e-04
2.743881902887727246e-04
3.111467373108954895e-04
3.453375307752256686e-04
3.759910931385378424e-04
4.026251270513466450e-04
4.252079947570006589e-04
4.440465192608054391e-04
4.596306270226867448e-04
4.725003258395244626e-04
4.831628376510998298e-04
4.920548052953767305e-04
4.995334496859847682e-04
5.058823807407939604e-04
5.113229553949970915e-04
5.160264288770562060e-04
5.201248482715587450e-04
5.237200563239554621e-04
5.268908201197809163e-04
5.296983422855182843e-04
5.321904663600925643e-04
5.344048644250643399e-04
5.363714468020427430e-04
5.381141832714448053e-04
5.396524813134765449e-04
5.410022314201568634e-04
5.421766020599512719e-04
5.431866460566839262e-04
5.440417645489381473e-04
5.447500630817033677e-04
5.453186257494956621e-04
5.457537268913167277e-04
5.460609950557472310e-04
5.462455403815166593e-04
5.463120538602581283e-04
5.462648849327626744e-04
5.461081023480855289e-04
5.458455420615383313e-04
5.454808450706946166e-04
5.450174874198801360e-04
5.444588040923346514e-04
5.438080081174270948e-04
5.430682059194332639e-04
5.422424097030217969e-04
5.413335474923794107e-04
5.403444713035758127e-04
5.392779638237830530e-04
5.381367438892003868e-04
5.369234709903498255e-04
5.356407489846514141e-04
5.342911291584834937e-04
5.328771127517635065e-04
5.314011530355787060e-04
5.298656570158932115e-04
5.282729868228180003e-04
5.266254608343764847e-04
5.249253545754708518e-04
5.231749014262716824e-04
5.213762931691470976e-04
5.195316803991749865e-04
5.176431728199806879e-04
5.157128394439712419e-04
5.137427087138043058e-04
5.117347685600639150e-04
5.096909664085003512e-04
5.076132091488171549e-04
5.055033630757237032e-04
5.033632538118870334e-04
5.011946662214155452e-04
4.989993443215533361e-04
4.967789911994464338e-04
4.945352689400276313e-04
4.922697985703341399e-04
4.899841600248723171e-04
4.876798921360099548e-04
4.853584926527481562e-04
4.830214182906753537e-04
4.806700848153663093e-04
4.783058671609997405e-04
4.759300995855148073e-04
4.735440758631924690e-04
4.711490495151737790e-04
4.687462340780655526e-04
4.663368034104587410e-04
4.639218920368961240e-04
4.615025955285562923e-04
4.590799709197015575e-04
4.566550371587051876e-04
4.542287755923202826e-04
4.518021304816741395e-04
4.493760095483509084e-04
4.469512845488068367e-04
4.445287918752781559e-04
4.421093331812663138e-04
4.396936760296347307e-04
4.372825545613151553e-04
4.348766701825917697e-04
4.324766922689473507e-04
4.300832588834344332e-04
4.276969775075687916e-04
4.253184257827792017e-04
4.229481522604594253e-04
4.205866771587462053e-04
4.182344931241809417e-04
4.158920659964823762e-04
4.135598355747232115e-04
4.112382163832749272e-04
4.089275984359591089e-04
4.066283479969280104e-04
4.043408083368652114e-04
4.020653004831914500e-04
3.998021239630449529e-04
3.975515575378685230e-04
3.953138599285502437e-04
3.930892705301244016e-04
3.908780101151278046e-04
3.886802815247937374e-04
3.864962703473485191e-04
3.843261455827468595e-04
3.821700602932621722e-04
3.800281522394527347e-04
3.779005445010501208e-04
3.757873460824404143e-04
3.736886525024431943e-04
3.716045463681777396e-04
3.695350979328516526e-04
3.674803656373796384e-04
3.654403966357816979e-04
3.634152273043592162e-04
3.614048837346990921e-04
3.594093822105825608e-04
3.574287296689341816e-04
3.554629241449608259e-04
3.535119552016760406e-04
3.515758043440400161e-04
3.496544454179553642e-04
3.477478449944089466e-04
3.458559627390568798e-04
3.439787517675931558e-04
3.421161589872362472e-04
3.402681254247114312e-04
3.384345865411205021e-04
3.366154725341026824e-04
3.348107086277039889e-04
3.330202153504006586e-04
3.312439088017171489e-04
3.294817009079175469e-04
3.277334996672281401e-04
3.259992093850989881e-04
3.242787308999924944e-04
3.225719618002140829e-04
3.208787966323124979e-04
3.191991271015776261e-04
3.175328422651942030e-04
3.158798287185952958e-04
3.142399707755979404e-04
3.126131506428970249e-04
3.109992485895137285e-04
3.093981431118058884e-04
3.078097110946533552e-04
3.062338279694515656e-04
3.046703678695503008e-04
3.031192037837852253e-04
3.015802077087535943e-04
3.000532508004916978e-04
2.985382035262201762e-04
2.970349358167992718e-04
2.955433172205437775e-04
2.940632170590299363e-04
2.925945045854841517e-04
2.911370491463340982e-04
2.896907203464298575e-04
2.882553882183916893e-04
2.868309233964660239e-04
2.854171972951564441e-04
2.840140822927836664e-04
2.826214519199728419e-04
2.812391810528975231e-04
2.798671461108887372e-04
2.785052252577637942e-04
2.771532986059730449e-04
2.758112484223084870e-04
2.744789593335787595e-04
2.731563185302524521e-04
2.718432159656422533e-04
2.705395445477672091e-04
2.692452003205636187e-04
2.679600826306810816e-04
2.666840942756997651e-04
2.654171416292653326e-04
2.641591347384114846e-04
2.629099873882691555e-04
2.616696171294744400e-04
2.604379452639435898e-04
2.592148967853280875e-04
2.580004002714189658e-04
2.567943877270186990e-04
2.555967943774288239e-04
2.544075584145561375e-04
2.532266206997352666e-04
2.520539244296114939e-04
2.508894147736204141e-04
2.497330384936884639e-04
2.485847435585259932e-04
2.474444787661504068e-04
2.463121933889030318e-04
2.451878368550573740e-04
2.440713584800847566e-04
2.429627072586750425e-04
2.418618317257718127e-04
2.407686798912446317e-04
2.396831992486056810e-04
2.386053368536462645e-04
2.375350394643928082e-04
2.364722537297400673e-04
2.354169264109358492e-04
2.343690046181018047e-04
2.333284360434581626e-04
2.322951691739494643e-04
2.312691534684718287e-04
2.302503394885904373e-04
2.292386789760756565e-04
2.282341248752904844e-04
2.272366313028561732e-04
2.262461534707210374e-04
2.252626475714145137e-04
2.242860706357509108e-04
2.233163803736447329e-04
2.223535350080663902e-04
2.213974931108922558e-04
2.204482134476663758e-04
2.195056548364186983e-04
2.185697760238935290e-04
2.176405355809876371e-04
2.167178918179890645e-04
2.158018027193713364e-04
2.148922258974311880e-04
2.139891185637553717e-04
2.130924375180490648e-04
2.122021391541968854e-04
2.113181794834757962e-04
2.104405141757775821e-04
2.095690986203692754e-04
2.087038880084052229e-04
2.078448374401125872e-04
2.069919020602115859e-04
2.061450372257056442e-04
2.053041987105949466e-04
2.044693429523033936e-04
2.036404273445115794e-04
2.028174105805427563e-04
2.020002530502699783e-04
2.011889172914427672e-04
2.003833684931337887e-04
1.995835750443758895e-04
1.987895091147742885e-04
1.980011472458832961e-04
1.972184709225880154e-04
1.964414670833172533e-04
1.956701285178592256e-04
1.949044540937818122e-04
1.941444487495774449e-04
1.933901231973967727e-04
1.926414932929832716e-04
1.918985790560067827e-04
1.911614033589126716e-04
1.904299903422043097e-04
1.897043636519137695e-04
1.889845446232329106e-04
1.882705505463922325e-04
1.875623931438275287e-04
1.868600773626583088e-04
1.861636005487320676e-04
1.854729520254494706e-04
1.847881130600516027e-04
1.841090571679013081e-04
1.834357506848053275e-04
1.827681535288710221e-04
1.821062200750604373e-04
1.814499000744868430e-04
1.807991395634670536e-04
1.801538817216635985e-04
1.795140676523005396e-04
1.788796370692482727e-04
1.782505288851791644e-04
1.776266817019376664e-04
1.770080342090033431e-04
1.763945254987792761e-04
1.757860953088988081e-04
1.751826842021167474e-04
1.745842336940391982e-04
1.739906863381879222e-04
1.734019857768720799e-04
1.728180767652485745e-04
1.722389051748278736e-04
1.716644179816517604e-04
1.710945632433939268e-04
1.705292900688209796e-04
1.699685485823137945e-04
1.694122898855479360e-04
1.688604660179254542e-04
1.683130299169421462e-04
1.677699353793426790e-04
1.672311370236569865e-04
1.666965902545054876e-04
1.661662512289067994e-04
1.656400768247014599e-04
1.651180246111220193e-04
1.646000528214725542e-04
1.640861203278415499e-04
1.635761866177429268e-04
1.630702117725604751e-04
1.625681564476674356e-04
1.620699818540819348e-04
1.615756497415279794e-04
1.610851223827769474e-04
1.605983625591452999e-04
1.601153335470339675e-04
1.596359991054078749e-04
1.591603234641207100e-04
1.586882713129950833e-04
1.582198077915826994e-04
1.577548984795291878e-04
1.572935093874861033e-04
1.568356069485098690e-04
1.563811580098994143e-04
1.559301298254257525e-04
1.554824900479174197e-04
1.550382067221648058e-04
1.545972482781135331e-04
1.541595835243197781e-04
1.537251816416404862e-04
1.532940121771474737e-04
1.528660450382311026e-04
1.524412504868946129e-04
1.520195991342114094e-04
1.516010619349378785e-04
1.511856101822754445e-04
1.507732155027598036e-04
1.503638498512827005e-04
1.499574855062273311e-04
1.495540950647158225e-04
1.491536514379660568e-04
1.487561278467429003e-04
1.483614978169064697e-04
1.479697351750521484e-04
1.475808140442370952e-04
1.471947088397873094e-04
1.468113942651885046e-04
1.464308453080521717e-04
1.460530372361562351e-04
1.456779455935551797e-04
1.453055461967660983e-04
1.449358151310163221e-04
1.445687287465592208e-04
1.442042636550531023e-04
1.438423967260037833e-04
1.434831050832654890e-04
1.431263661016024145e-04
1.427721574033069898e-04
1.424204568548752010e-04
1.420712425637357418e-04
1.417244928750343246e-04
1.413801863684685685e-04
1.410383018551778303e-04
1.406988183746783543e-04
1.403617151918511966e-04
1.400269717939782053e-04
1.396945678878241080e-04
1.393644833967664655e-04
1.390366984579679643e-04
1.387111934195965764e-04
1.383879488380886265e-04
1.380669454754525707e-04
1.377481642966180955e-04
1.374315864668227024e-04
1.371171933490429346e-04
1.368049665014598381e-04
1.364948876749703922e-04
1.361869388107296499e-04
1.358811020377360848e-04
1.355773596704502220e-04
1.352756942064508910e-04
1.349760883241287758e-04
1.346785248804094001e-04
1.343829869085167437e-04
1.340894576157666471e-04
1.337979203813923358e-04
1.335083587544059396e-04
1.332207564514881475e-04
1.329350973549123943e-04
1.326513655104982119e-04
1.323695451255933937e-04
1.320896205670877362e-04
1.318115763594551867e-04
1.315353971828260235e-04
1.312610678710837285e-04
1.309885734099931938e-04
1.307178989353539184e-04
1.304490297311807986e-04
1.301819512279105053e-04
1.299166490006338818e-04
1.296531087673557451e-04
1.293913163872736883e-04
1.291312578590887846e-04
1.288729193193369194e-04
1.286162870407413174e-04
1.283613474305944527e-04
1.281080870291556790e-04
1.278564925080780254e-04
1.276065506688535043e-04
1.273582484412793994e-04
1.271115728819488121e-04
1.268665111727597752e-04
1.266230506194489778e-04
1.263811786501394224e-04
1.261408828139154307e-04
1.259021507794109583e-04
1.256649703334219786e-04
1.254293293795350752e-04
1.251952159367770144e-04
1.249626181382809318e-04
1.249626181382073144e-04
