8.731994597658543074e-05
8.731509108299319853e-05
8.730988704824971410e-05
8.730467160747051359e-05
8.729942409547953794e-05
8.729413294833025013e-05
8.728879377026793455e-05
8.728340641758807134e-05
8.727797322860253698e-05
8.727249792220353683e-05
8.726698529489841909e-05
8.726144024260242709e-05
8.725586626273827630e-05
8.725026656123203766e-05
8.724464667195996556e-05
8.723901264394889931e-05
8.723340716666821645e-05
8.722734915076875927e-05
8.722847502507245819e-05
8.758575215156062127e-05
8.832664832098661187e-05
8.926031631201151854e-05
9.022045031723482261e-05
9.119702887265893065e-05
9.219392720325959498e-05
9.322394171436005489e-05
9.430857582311764139e-05
9.547665588669164351e-05
9.676498266393763125e-05
9.822129267445363571e-05
9.990974657685442362e-05
1.019201660913181891e-04
1.043840312983899141e-04
1.075028218411952242e-04
1.115995195306591751e-04
1.172130798638570818e-04
1.252636534876887362e-04
1.372789721411646964e-04
1.554117975151595636e-04
1.813950336598859074e-04
2.144114356177329300e-04
2.511211096613965915e-04
2.882588180669281674e-04
3.237396662464226403e-04
3.562811893950292952e-04
3.851169935742814604e-04
4.099476935264666938e-04
4.308805377991596652e-04
4.482967868322478401e-04
4.627037776819218078e-04
4.746231709273792646e-04
4.845279967583875839e-04
4.928177405456423809e-04
4.998159052901418120e-04
5.057780882046881499e-04
5.109034787989917168e-04
5.153462717275579573e-04
5.192255901930674898e-04
5.226335689222126124e-04
5.256417099818537757e-04
5.283057843199699373e-04
5.306695696082561762e-04
5.327676881202288378e-04
5.346277542101080795e-04
5.362720039101391035e-04
5.377185289422214748e-04
5.389822165068754948e-04
5.400754668450024297e-04
5.410087403906005486e-04
5.417909793418017751e-04
5.424299288523766124e-04
5.429323895534455841e-04
5.433044121815322740e-04
5.435514443554929128e-04
5.436784449933468799e-04
5.436899847220328427e-04
5.435903132080835377e-04
5.433834112662887499e-04
5.430730389772358635e-04
5.426627703126515184e-04
5.421560216548293150e-04
5.415560740682026381e-04
5.408660909200338528e-04
5.400891322708938893e-04
5.392281665707991407e-04
5.382860801579005157e-04
5.372656850044786906e-04
5.361697250559514447e-04
5.350008814334303612e-04
5.337617767221129522e-04
5.324549785182325010e-04
5.310830023533092900e-04
5.296483141007355148e-04
5.281533319609391618e-04
5.266004280878005660e-04
5.249919299059147915e-04
5.233301211717941888e-04
5.216172428296872833e-04
5.198554937045424739e-04
5.180470310480880325e-04
5.161939709415403529e-04
5.142983885779294374e-04
5.123623184533516181e-04
5.103877544871669204e-04
5.083766500848484193e-04
5.063309181552259333e-04
5.042524310930405606e-04
5.021430207368798035e-04
5.000044783116680156e-04
4.978385543639349785e-04
4.956469586972170761e-04
4.934313603140924858e-04
4.911933873705744309e-04
4.889346271478644613e-04
4.866566260457985595e-04
4.843608896016771853e-04
4.820488825375997526e-04
4.797220288388628017e-04
4.773817118654803834e-04
4.750292744984029795e-04
4.726660193215871403e-04
4.702932088406485420e-04
4.679120657384793457e-04
4.655237731678438435e-04
4.631294750807008029e-04
4.607302765936808087e-04
4.583272443889271366e-04
4.559214071492779163e-04
4.535137560265763102e-04
4.511052451417033081e-04
4.486967921148459935e-04
4.462892786243049387e-04
4.438835509921098535e-04
4.414804207945957366e-04
4.390806654960532885e-04
4.366850291034913970e-04
4.342942228405483138e-04
4.319089258385655885e-04
4.295297858428160590e-04
4.271574199319241980e-04
4.247924152485114740e-04
4.224353297391441686e-04
4.200866929016996835e-04
4.177470065383157840e-04
4.154167455121525487e-04
4.130963585062407567e-04
4.107862687827833095e-04
4.084868749413313595e-04
4.061985516743281031e-04
4.039216505186223787e-04
4.016565006015924240e-04
3.994034093806449952e-04
3.971626633749023223e-04
3.949345288880044607e-04
3.927192527210119559e-04
3.905170628744944038e-04
3.883281692389650860e-04
3.861527642729115171e-04
3.839910236677273681e-04
3.818431069989611064e-04
3.797091583633425060e-04
3.775893070011412033e-04
3.754836679034580411e-04
3.733923424041463287e-04
3.713154187560925102e-04
3.692529726916712754e-04
3.672050679672271209e-04
3.651717568915035920e-04
3.631530808379943498e-04
3.611490707412128628e-04
3.591597475769552636e-04
3.571851228266563873e-04
3.552251989259725112e-04
3.532799696977767913e-04
3.513494207697714965e-04
3.494335299769636954e-04
3.475322677492687800e-04
3.456455974845462696e-04
3.437734759073792228e-04
3.419158534139515762e-04
3.400726744033759916e-04
3.382438775958572660e-04
3.364293963380968503e-04
3.346291588963487399e-04
3.328430887375491941e-04
3.310711047989797176e-04
3.293131217469050069e-04
3.275690502246667588e-04
3.258387970907004167e-04
3.241222656469748878e-04
3.224193558583558620e-04
3.207299645634072941e-04
3.190539856771514135e-04
3.173913103863271385e-04
3.157418273376895934e-04
3.141054228199234035e-04
3.124819809397248803e-04
3.108713837926566710e-04
3.092735116293633246e-04
3.076882430177680446e-04
3.061154550018706320e-04
3.045550232577877588e-04
3.030068222476769882e-04
3.014707253722070414e-04
2.999466051222170280e-04
2.984343332302335909e-04
2.969337808224911212e-04
2.954448185720970539e-04
2.939673168539580690e-04
2.925011459020642715e-04
2.910461759696838027e-04
2.896022774929705740e-04
2.881693212584248223e-04
2.867471785745634590e-04
2.853357214480482795e-04
2.839348227644163938e-04
2.825443564733696187e-04
2.811641977784468658e-04
2.797942233306436222e-04
2.784343114253306573e-04
2.770843422015273469e-04
2.757441978422473265e-04
2.744137627742985748e-04
2.730929238654913860e-04
2.717815706168046400e-04
2.704795953465739702e-04
2.691868933633372258e-04
2.679033631234892308e-04
2.666289063694891556e-04
2.653634282440199576e-04
2.641068373752229899e-04
2.628590459280657652e-04
2.616199696169688453e-04
2.603895276751862372e-04
2.591676427770535688e-04
2.579542409102048343e-04
2.567492511961783509e-04
2.555526056595183422e-04
2.543642389475081348e-04
2.531840880049762927e-04
2.520120917111298730e-04
2.508481904879379990e-04
2.496923258921114001e-04
2.485444402049596805e-04
2.474044760362188581e-04
2.462723759590613169e-04
2.451480821938047052e-04
2.440315363570388018e-04
2.429226792909634748e-04
2.418214509844729388e-04
2.407277905930536573e-04
2.396416365589055402e-04
2.385629268262157610e-04
2.374915991396050010e-04
2.364275914070591400e-04
2.353708421028991764e-04
2.343212906822626112e-04
2.332788779768757296e-04
2.322435465430060621e-04
2.312152409364428630e-04
2.301939078958387054e-04
2.291794964239434926e-04
2.281719577651741035e-04
2.271712452863830262e-04
2.261773142747149892e-04
2.251901216712580336e-04
2.242096257615791989e-04
2.232357858442937041e-04
2.222685618969250597e-04
2.213079142551778445e-04
2.203538033179629945e-04
2.194061892867841970e-04
2.184650319448216960e-04
2.175302904786307722e-04
2.166019233437777068e-04
2.156798881753292695e-04
2.147641417451865711e-04
2.138546399688122401e-04
2.129513379662157106e-04
2.120541901848488125e-04
2.111631505951652688e-04
2.102781729730775608e-04
2.093992112871401060e-04
2.085262202116913591e-04
2.076591557899134524e-04
2.067979762720282720e-04
2.059426431523573816e-04
2.050931224230227246e-04
2.042493860492082417e-04
2.034114136483026981e-04
2.025791943200929888e-04
2.017527285259096859e-04
2.009320298527272441e-04
2.001171264311161818e-04
1.993080617189142234e-04
1.985048943394007227e-04
1.977076967010615708e-04
1.969165522460878043e-04
1.961315513743215762e-04
1.953527863329884782e-04
1.945803455852281830e-04
1.938143083005924644e-04
1.930547396020914697e-04
1.923016870588951292e-04
1.915551786797037282e-04
1.908152224106029777e-04
1.900818069365079409e-04
1.893549034623569053e-04
1.886344681122044051e-04
1.879204446121778341e-04
1.872127669892549541e-04
1.865113620967680057e-04
1.858161518519548634e-04
1.851270551316220778e-04
1.844439893162825239e-04
1.837668715021109850e-04
1.830956194166233071e-04
1.824301520814277733e-04
1.817703902666271368e-04
1.811162567789416345e-04
1.804676766210210038e-04
1.798245770539548907e-04
1.791868875894621490e-04
1.785545399330408349e-04
1.779274678947705688e-04
1.773056072805272404e-04
1.766888957731312213e-04
1.760772728103229042e-04
1.754706794643897804e-04
1.748690583266794465e-04
1.742723533990106857e-04
1.736805099931172940e-04
1.730934746386116486e-04
1.725111949994965056e-04
1.719336197989595062e-04
1.713606987519817985e-04
1.707923825051828695e-04
1.702286225832655648e-04
1.696693713414107506e-04
1.691145819229888209e-04
1.685642082219853159e-04
1.680182048495815553e-04
1.674765271043796282e-04
1.669391309458114674e-04
1.664059729703280886e-04
1.658770103899976571e-04
1.653522010131991263e-04
1.648315032271349787e-04
1.643148759819104481e-04
1.638022787759738780e-04
1.632936716427257396e-04
1.627890151381338184e-04
1.622882703292052712e-04
1.617913987832078409e-04
1.612983625575172789e-04
1.608091241900299890e-04
1.603236466900494954e-04
1.598418935296151016e-04
1.593638286352062536e-04
1.588894163797985629e-04
1.584186215752302648e-04
1.579514094648493214e-04
1.574877457164162618e-04
1.570275964152370346e-04
1.565709280575060616e-04
1.561177075438376972e-04
1.556679021729711070e-04
1.552214796356376949e-04
1.547784080085755755e-04
1.543386557486799236e-04
1.539021916872864641e-04
1.534689850245773415e-04
1.530390053240992848e-04
1.526122225073977558e-04
1.521886068487541502e-04
1.517681289700250767e-04
1.513507598355830360e-04
1.509364707473476847e-04
1.505252333399134852e-04
1.501170195757637390e-04
1.497118017405723591e-04
1.493095524385907799e-04
1.489102445881169403e-04
1.485138514170411376e-04
1.481203464584768010e-04
1.477297035464604372e-04
1.473418968117297476e-04
1.469569006775752265e-04
1.465746898557602812e-04
1.461952393425133975e-04
1.458185244145863058e-04
1.454445206253811838e-04
1.450732038011407431e-04
1.447045500372032322e-04
1.443385356943201604e-04
1.439751373950351986e-04
1.436143320201228185e-04
1.432560967050862659e-04
1.429004088367112613e-04
1.425472460496812288e-04
1.421965862232391195e-04
1.418484074779129307e-04
1.415026881722883888e-04
1.411594068998355705e-04
1.408185424857880542e-04
1.404800739840678244e-04
1.401439806742656061e-04
1.398102420586630761e-04
1.394788378593077945e-04
1.391497480151314490e-04
1.388229526791142602e-04
1.384984322154929706e-04
1.381761671970150760e-04
1.378561384022357469e-04
1.375383268128526422e-04
1.372227136110875073e-04
1.369092801771061249e-04
1.365980080864785445e-04
1.362888791076772319e-04
1.359818751996144388e-04
1.356769785092188220e-04
1.353741713690450482e-04
1.350734362949259271e-04
1.347747559836520834e-04
1.344781133106950780e-04
1.341834913279591249e-04
1.338908732615692919e-04
1.336002425096886762e-04
1.333115826403784873e-04
1.330248773894769957e-04
1.327401106585177830e-04
1.324572665126780519e-04
1.321763291787556407e-04
1.318972830431771812e-04
1.316201126500339579e-04
1.313448026991484777e-04
1.310713380441683878e-04
1.307997036906866052e-04
1.305298847943928055e-04
1.302618666592471395e-04
1.299956347356825710e-04
1.297311746188343747e-04
1.294684720467922945e-04
1.292075128988803205e-04
1.289482831939589374e-04
1.286907690887520916e-04
1.284349568762009662e-04
1.281808329838354007e-04
1.279283839721741776e-04
1.276775965331445272e-04
1.274284574885234508e-04
1.271809537884038463e-04
1.269350725096789559e-04
1.266908008545503681e-04
1.264481261490568915e-04
1.262070358416216692e-04
1.259675175016211136e-04
1.257295588179721633e-04
1.254931475977425263e-04
1.252582717647762907e-04
1.250249193583397023e-04
1.247930785317856439e-04
1.245627375512394202e-04
1.243338847942943265e-04
1.241065087487347571e-04
1.238805980112693149e-04
1.236561412862855782e-04
1.234331273846182029e-04
1.232115452223374080e-04
1.229913838195504175e-04
1.227726322992214411e-04
1.225552798860051005e-04
1.223393159050989096e-04
1.221247297811070846e-04
1.219115110369220679e-04
1.216996492926196850e-04
1.214891342643718391e-04
1.212799557633677434e-04
1.210721036947541405e-04
1.208655680565905790e-04
1.206603389388134578e-04
1.204564065222169986e-04
1.202537610774471333e-04
1.200523929640073307e-04
1.198522926292806064e-04
1.196534506075599063e-04
1.194558575190937249e-04
1.192595040691433772e-04
1.190643810470532556e-04
1.188704793253316151e-04
1.186777898587451841e-04
1.184863036834217157e-04
1.182960119159698456e-04
1.181069057526047380e-04
1.179189764682884615e-04
1.177322154158785117e-04
1.175466140252898987e-04
1.173621638026663556e-04
1.171788563295610619e-04
1.169966832621310127e-04
1.169966832620733196e-04
