-8.145711308722313504e+01
-8.145804464587745031e+01
-8.145895845609284436e+01
-8.145945269895685215e+01
-8.145998179156391927e+01
-8.146017154596287924e+01
-8.146029893734664995e+01
-8.146082998378982154e+01
-8.146109203123737075e+01
-8.146002233963712058e+01
-8.146284661368329694e+01
-8.147103166600514612e+01
-8.146249202325667227e+01
-8.130959833840584849e+01
-8.439927397141276799e+01
-2.220601681012765027e+01
3.362307175949386817e+01
2.772696504491318947e+01
2.432435928975533912e+01
2.233353012098084278e+01
2.130347392113395699e+01
2.089601276369075578e+01
2.087159802343891357e+01
2.107066407779856831e+01
2.138858106200466125e+01
2.175871146401378553e+01
2.214099078158702483e+01
2.251135278565212872e+01
2.285433698880739328e+01
2.315926592405338980e+01
2.341767029824493562e+01
2.362109205064783879e+01
2.375987085401578014e+01
2.382140946394816083e+01
2.378957012427335371e+01
2.364724111045299892e+01
2.338700184085753619e+01
2.303031784463908593e+01
2.262903672224443952e+01
2.223304370253056206e+01
2.186665325987777209e+01
2.153409213834815006e+01
2.123226140880124646e+01
2.095711817890899198e+01
2.070545564660282878e+01
2.047485324366949300e+01
2.026324746473650507e+01
2.006884220227159332e+01
1.988996954367145165e+01
1.972487491890658973e+01
1.957191078410220086e+01
1.942957414198434662e+01
1.929639744831283110e+01
1.917107165048929218e+01
1.905243781552101723e+01
1.893944702157045867e+01
1.883134361755641706e+01
1.872714134181729051e+01
1.862621500289445819e+01
1.852830631760841129e+01
1.843236455009687091e+01
1.833829899668783980e+01
1.824593423749326959e+01
1.815461813447049622e+01
1.806403837323647110e+01
1.797390934820857566e+01
1.788401668353108320e+01
1.779419133439731127e+01
1.770426399089172875e+01
1.761407127047516141e+01
1.752346499568924898e+01
1.743231296221112814e+01
1.734049717050550399e+01
1.724791198229755906e+01
1.715446240638222974e+01
1.706006268563894324e+01
1.696463504447431347e+01
1.686810871514031973e+01
1.677041958733322247e+01
1.667150976411459240e+01
1.657132674231608860e+01
1.646982279372045355e+01
1.636695412445622466e+01
1.626268007342908462e+01
1.615696350518953750e+01
1.604977207011981122e+01
1.594107829678847388e+01
1.583085843130644399e+01
1.571909151455650466e+01
1.560575908361111175e+01
1.549084514747859131e+01
1.537433618573180283e+01
1.525622110267303100e+01
1.513649114396319106e+01
1.501513979488974293e+01
1.489216267366782454e+01
1.476755742619269718e+01
1.464132362434689938e+01
1.451346266801120777e+01
1.438397769030519946e+01
1.425287346553199797e+01
1.412015631942381511e+01
1.398583404141970377e+01
1.384991579880238710e+01
1.371241205258278839e+01
1.357333447504929502e+01
1.343269586891666378e+01
1.329051008801279643e+01
1.314679195944616374e+01
1.300155720719517660e+01
1.285482237706411546e+01
1.270660476295033803e+01
1.255692233437087602e+01
1.240579366520010218e+01
1.225323786357338740e+01
1.209927450291760920e+01
1.194392355407351225e+01
1.178720531847965169e+01
1.162914036239482840e+01
1.146974945213921515e+01
1.130905349034117258e+01
1.114707345318043252e+01
1.098383032862470365e+01
1.081934505565953764e+01
1.065363846451616858e+01
1.048673121790596596e+01
1.031864375327151784e+01
1.014939622606893543e+01
9.979008454096135239e+00
9.807499862882620434e+00
9.634889432160365530e+00
9.461195643429851643e+00
9.286436428639104790e+00
9.110629119989521740e+00
8.933790400881672866e+00
8.755936258010445172e+00
8.577081934616685999e+00
8.397241884897557185e+00
8.216429729574615592e+00
8.034658212612946215e+00
7.851939159080304265e+00
7.668283434128767340e+00
7.483700903076645261e+00
7.298200392561636107e+00
7.111789652730251099e+00
6.924475320422420310e+00
6.736262883303861138e+00
6.547156644892369926e+00
6.357159690418304976e+00
6.166273853453343001e+00
5.974499683236257574e+00
5.781836412618286403e+00
5.588281926546548206e+00
5.393832730998222580e+00
5.198483922274679259e+00
5.002229156560511036e+00
4.805060619649418108e+00
4.606968996735956168e+00
4.407943442169995230e+00
4.207971549069382533e+00
4.007039318685238882e+00
3.805131129413711566e+00
3.602229705348967581e+00
3.398316084272306803e+00
3.193369584974584008e+00
2.987367773810589711e+00
2.780286430387517438e+00
2.572099512292320700e+00
2.362779118767671438e+00
2.152295453250389290e+00
1.940616784692470675e+00
1.727709407591329294e+00
1.513537600663702687e+00
1.298063584106889712e+00
1.081247475401422076e+00
8.630472436211604759e-01
6.434186622300761549e-01
4.223152603593506305e-01
1.996882725736268405e-01
-2.451341284887966973e-02
-2.503433070822527196e-01
-4.778573753046008177e-01
-7.071140925610525096e-01
-9.381745008315656165e-01
-1.171102267166293398e+00
-1.405963742695883756e+00
-1.642828022247019737e+00
-1.881767004184424552e+00
-2.122855449956627893e+00
-2.366171042646794564e+00
-2.611794443632172502e+00
-2.859809346253959550e+00
-3.110302525214838187e+00
-3.363363880272253859e+00
-3.619086472692759848e+00
-3.877566552872377059e+00
-4.138903577496266806e+00
-4.403200214583122829e+00
-4.670562334710867347e+00
-4.941098986628510659e+00
-5.214922355314729252e+00
-5.492147700348974482e+00
-5.772893272184414393e+00
-6.057280203687875009e+00
-6.345432373986647612e+00
-6.637476241417184397e+00
-6.933540642147191235e+00
-7.233756550888413628e+00
-7.538256800056772455e+00
-7.847175753797909437e+00
-8.160648933515265213e+00
-8.478812591954849154e+00
-8.801803233567087048e+00
-9.129757079838471512e+00
-9.462809479633087051e+00
-9.801094266377479158e+00
-1.014474306624028799e+01
-1.049388456437169026e+01
-1.084864373984155073e+01
-1.120914108418843647e+01
-1.157549182346799199e+01
-1.194780516931808023e+01
-1.232618363071184042e+01
-1.271072242452866519e+01
-1.310150902949366802e+01
-1.349862293394943791e+01
-1.390213563271787933e+01
-1.431211093123794775e+01
-1.472860561537757818e+01
-1.515167054190216867e+01
-1.558135219663494375e+01
-1.601769475407304455e+01
-1.646074265304718054e+01
-1.691054367769601896e+01
-1.736715250178921011e+01
-1.783063461806861127e+01
-1.830107053422307928e+01
-1.877856007551071826e+01
-1.926322659373774826e+01
-1.975522084681907131e+01
-2.025472428659513824e+01
-2.076195147951711917e+01
-2.127715139000396505e+01
-2.180060728431906014e+01
-2.233263506756428640e+01
-2.287357995015249301e+01
-2.342381145258767461e+01
-2.398371689441930243e+01
-2.455369366577573231e+01
-2.513414073372179658e+01
-2.572544997009829970e+01
-2.632799798374066214e+01
-2.694213917113667023e+01
-2.756820065710487455e+01
-2.820647967174140192e+01
-2.885724371444466740e+01
-2.952073361361312109e+01
-3.019716933606803977e+01
-3.088675817055037243e+01
-3.158970473658249389e+01
-3.230622217318980915e+01
-3.303654384570001667e+01
-3.378093496285305974e+01
-3.453970360029963871e+01
-3.531321075534950182e+01
-3.610187918759735481e+01
-3.690620091153878946e+01
-3.772674328747056194e+01
-3.856415369874031995e+01
-3.941916280428681318e+01
-4.029258632394248707e+01
-4.118532530764482402e+01
-4.209836441925849471e+01
-4.303276793679191314e+01
-4.398967292117337280e+01
-4.497027859728046195e+01
-4.597583073908595708e+01
-4.700759945817361540e+01
-4.806684833341824259e+01
-4.915479229832112651e+01
-5.027254115233350262e+01
-5.142102505386705502e+01
-5.260089801913976970e+01
-5.381241551998074613e+01
-5.505528309821510646e+01
-5.632847499014779658e+01
-5.763002569196367375e+01
-5.895680379412368666e+01
-6.030428657052494401e+01
-6.166636523781662760e+01
-6.303522258550662372e+01
-6.440133296582320099e+01
-6.575363384382497145e+01
-6.707990259042391301e+01
-6.836733951870006365e+01
-6.960331274852224226e+01
-7.077617482302287044e+01
-7.187603193523202094e+01
-7.289534745428667861e+01
-7.382929431679390575e+01
-7.467582477629510151e+01
-7.543548224901365984e+01
-7.611102133297491434e+01
-7.670691991684013544e+01
-7.722886305137313911e+01
-7.768325980207488612e+01
-7.807683088293451590e+01
-7.841628347525235654e+01
-7.870807377866940158e+01
-7.895824814821470738e+01
-7.917234911517205376e+01
-7.935537159308819355e+01
-7.951175566297075648e+01
-7.964540441241457813e+01
-7.975971766145548258e+01
-7.985763464377728837e+01
-7.994168063813783931e+01
-8.001401410345482645e+01
-8.007647207412802004e+01
-8.013061246491257350e+01
-8.017775257292318258e+01
-8.021900350338049179e+01
-8.025530053457318047e+01
-8.028742961690967661e+01
-8.031605030300794112e+01
-8.034171545481515864e+01
-8.036488808760331892e+01
-8.038595570215055375e+01
-8.040524243454538578e+01
-8.042301932413073473e+01
-8.043951296834637787e+01
-8.045491280140156221e+01
-8.046937720347267486e+01
-8.048303861939184856e+01
-8.049600784103370188e+01
-8.050837758587375959e+01
-8.052022548528935886e+01
-8.053161657966394671e+01
-8.054260540267759438e+01
-8.055323772392871717e+01
-8.056355200709576536e+01
-8.057358063039379203e+01
-8.058335090736814266e+01
-8.059288593920486221e+01
-8.060220532458083653e+01
-8.061132574922621075e+01
-8.062026147438982093e+01
-8.062902474086737925e+01
-8.063762610296839739e+01
-8.064607470466394545e+01
-8.065437850818219090e+01
-8.066254448355198292e+01
-8.067057876606133959e+01
-8.067848678730690892e+01
-8.068627338445382691e+01
-8.069394289146370625e+01
-8.070149921536295778e+01
-8.070894590006983549e+01
-8.071628617985336973e+01
-8.072352302414132907e+01
-8.073065917510152190e+01
-8.073769717917912203e+01
-8.074463941358426666e+01
-8.075148810855195336e+01
-8.075824536606764070e+01
-8.076491317563639427e+01
-8.077149342757948602e+01
-8.077798792426347063e+01
-8.078439838959960184e+01
-8.079072647709881494e+01
-8.079697377671652703e+01
-8.080314182068629236e+01
-8.080923208850711603e+01
-8.081524601122222862e+01
-8.082118497510487032e+01
-8.082705032484490459e+01
-8.083284336631939482e+01
-8.083856536901012646e+01
-8.084421756812767512e+01
-8.084980116648485193e+01
-8.085531733615964356e+01
-8.086076721998148287e+01
-8.086615193286385761e+01
-8.087147256300991671e+01
-8.087673017300664924e+01
-8.088192580082655070e+01
-8.088706046074489109e+01
-8.089213514419022033e+01
-8.089715082053125172e+01
-8.090210843781206052e+01
-8.090700892344000295e+01
-8.091185318483105959e+01
-8.091664211002247953e+01
-8.092137656824809255e+01
-8.092605741048743084e+01
-8.093068546998806312e+01
-8.093526156276288930e+01
-8.093978648806717047e+01
-8.094426102885361729e+01
-8.094868595221107910e+01
-8.095306200978492939e+01
-8.095738993818181939e+01
-8.096167045935960971e+01
-8.096590428100365955e+01
-8.097009209688981457e+01
-8.097423458723501710e+01
-8.097833241903641976e+01
-8.098238624639947147e+01
-8.098639671085528846e+01
-8.099036444166738136e+01
-8.099429005613102106e+01
-8.099817415986059643e+01
-8.100201734707029289e+01
-8.100582020084522128e+01
-8.100958329340485875e+01
-8.101330718635877304e+01
-8.101699243095568193e+01
-8.102063956832323299e+01
-8.102424912970279536e+01
-8.102782163667671966e+01
-8.103135760138987109e+01
-8.103485752676419906e+01
-8.103832190670732416e+01
-8.104175122631554018e+01
-8.104514596207209820e+01
-8.104850658203841363e+01
-8.105183354604103840e+01
-8.105512730585394365e+01
-8.105838830537490480e+01
-8.106161698079820610e+01
-8.106481376078076551e+01
-8.106797906660780484e+01
-8.107111331234926865e+01
-8.107421690501548994e+01
-8.107729024470827994e+01
-8.108033372476694467e+01
-8.108334773191144507e+01
-8.108633264638153548e+01
-8.108928884207313104e+01
-8.109221668666985749e+01
-8.109511654177197215e+01
-8.109798876302254200e+01
-8.110083370022992710e+01
-8.110365169748665437e+01
-8.110644309328620238e+01
-8.110920822063722824e+01
-8.111194740717303375e+01
-8.111466097526120222e+01
-8.111734924210817610e+01
-8.112001251986207251e+01
-8.112265111571362297e+01
-8.112526533199401513e+01
-8.112785546627020494e+01
-8.113042181143845255e+01
-8.113296465581626649e+01
-8.113548428322999939e+01
-8.113798097310308322e+01
-8.114045500053960325e+01
-8.114290663640881007e+01
-8.114533614742479983e+01
-8.114774379622571132e+01
-8.115012984145202779e+01
-8.115249453782097078e+01
-8.115483813620058129e+01
-8.115716088368257886e+01
-8.115946302365136944e+01
-8.116174479585437496e+01
-8.116400643646881008e+01
-8.116624817816726534e+01
-8.116847025018235229e+01
-8.117067287836987077e+01
-8.117285628526973085e+01
-8.117502069016678945e+01
-8.117716630914964071e+01
-8.117929335516785727e+01
-8.118140203808862054e+01
-8.118349256475171671e+01
-8.118556513902352378e+01
-8.118761996185011753e+01
-8.118965723130840217e+01
-8.119167714265677205e+01
-8.119367988838489225e+01
-8.119566565826229976e+01
-8.119763463938477344e+01
-8.119958701622222463e+01
-8.120152297066290714e+01
-8.120344268205870719e+01
-8.120534632726847235e+01
-8.120723408070030302e+01
-8.120910611435412818e+01
-8.121096259786246208e+01
-8.121280369852965464e+01
-8.121462958137260557e+01
-8.121644040915789731e+01
-8.121823634244069012e+01
-8.122001753960091719e+01
-8.122178415687966435e+01
-8.122353634841498149e+01
-8.122527426627623015e+01
-8.122699806049843119e+01
-8.122699819805586685e+01
