-8.124777146636269265e+01
-8.104968946116044037e+01
-8.086124315957012243e+01
-8.068155039564688025e+01
-8.051034740196952555e+01
-8.034685886355730133e+01
-8.019070968418421330e+01
-8.004171742801769085e+01
-7.989984761230925869e+01
-7.976410563327515035e+01
-7.963308177680313804e+01
-7.950963973407002072e+01
-7.939637750037192632e+01
-7.928631863542295832e+01
-7.917228072598649646e+01
-7.892190795539568171e+01
-8.027973117337700160e+01
-5.922617404935527929e+01
1.620393313061970630e+01
2.126641058858918143e+01
2.058315788928535994e+01
2.015012223498970911e+01
2.011209099690196211e+01
2.024822914315875266e+01
2.048095189894325330e+01
2.078066222805941621e+01
2.112370581658641555e+01
2.148766110539180474e+01
2.185224043463844978e+01
2.220176014025851785e+01
2.252430814344043597e+01
2.281003548352977717e+01
2.304936172887331125e+01
2.323174181733579147e+01
2.334438282216330762e+01
2.337114219458893771e+01
2.329287756637903684e+01
2.309451699791465273e+01
2.278326987901392187e+01
2.240244115395696411e+01
2.200902266785398709e+01
2.163891296693886446e+01
2.130258863266003644e+01
2.099877654678011396e+01
2.072343468934426625e+01
2.047293853561650323e+01
2.024456303171927729e+01
2.003614988967627397e+01
1.984572878512432936e+01
1.967147748990847234e+01
1.951156516210902225e+01
1.936433789014529694e+01
1.922817188251969966e+01
1.910152735422920856e+01
1.898298312383757036e+01
1.887135259009623311e+01
1.876556398350647470e+01
1.866461156561619816e+01
1.856766928068772771e+01
1.847398465707999904e+01
1.838298649136765306e+01
1.829405623284123550e+01
1.820681815634453571e+01
1.812076832085044487e+01
1.803558289566790052e+01
1.795098404072368226e+01
1.786675945043113600e+01
1.778266713322251036e+01
1.769832609212819108e+01
1.761382543838714554e+01
1.752905364798412080e+01
1.744365810458486976e+01
1.735738593987741396e+01
1.727055724507793855e+01
1.718294207392010620e+01
1.709434665420896238e+01
1.700465677881977555e+01
1.691382056337912587e+01
1.682179930758131547e+01
1.672853670895062095e+01
1.663397238488052565e+01
1.653805080456807985e+01
1.644072285584267235e+01
1.634194544441222874e+01
1.624168062008354596e+01
1.613989453336703406e+01
1.603655704444480534e+01
1.593164221119141821e+01
1.582512797757213718e+01
1.571699527254350670e+01
1.560722793724010060e+01
1.549581251109082736e+01
1.538273728976010091e+01
1.526799162766929996e+01
1.515156622344584036e+01
1.503345464747937399e+01
1.491365458446311543e+01
1.479216707143967469e+01
1.466899502936528776e+01
1.454414256782411918e+01
1.441761494561518475e+01
1.428941869817087706e+01
1.415956171484146431e+01
1.402805323972771667e+01
1.389490382406231106e+01
1.376012525721548485e+01
1.362373049160596139e+01
1.348573356778683419e+01
1.334614954134408826e+01
1.320499441149474862e+01
1.306228505089128866e+01
1.291803913624143796e+01
1.277227507953914198e+01
1.262501195984812696e+01
1.247626945565743561e+01
1.232606777786479491e+01
1.217442760344719765e+01
1.202137000987344351e+01
1.186691641030091304e+01
1.171108848959009840e+01
1.155390814116030818e+01
1.139539740470594431e+01
1.123557840478857095e+01
1.107447329031847083e+01
1.091210417494055918e+01
1.074849307833884282e+01
1.058366186847695189e+01
1.041763220479211149e+01
1.025042548236308626e+01
1.008206277707230747e+01
9.912564791786410368e+00
9.741951803575920721e+00
9.570243611997952371e+00
9.397459488463971056e+00
9.223618126713580168e+00
9.048737594413379881e+00
8.872835285898041491e+00
8.695927876066980033e+00
8.518031275446912076e+00
8.339160586426707766e+00
8.159330060665494599e+00
7.978553057671128101e+00
7.796842004540128990e+00
7.614208356844296866e+00
7.430662560644248238e+00
7.246214015602868486e+00
7.060871039166690899e+00
6.874640831775766792e+00
6.687529443057367295e+00
6.499541738952156145e+00
6.310681369715510414e+00
6.120950738731160357e+00
5.930350972068356263e+00
5.738881888708800005e+00
5.546541971364676193e+00
5.353328337804640569e+00
5.159236712600373309e+00
4.964261399203243386e+00
4.768395252257228378e+00
4.571629650051937332e+00
4.373954467017893144e+00
4.175358046164796555e+00
3.975827171363101264e+00
3.775347039369287838e+00
3.573901231496158015e+00
3.371471684830908089e+00
3.168038662906297986e+00
2.963580725733336863e+00
2.758074699108040928e+00
2.551495643109892963e+00
2.343816819715644151e+00
2.135009659459369491e+00
1.925043727078045830e+00
1.713886686091666833e+00
1.501504262278134716e+00
1.287860206015741582e+00
1.072916253480742821e+00
8.566320867034125097e-01
6.389652925042791365e-01
4.198713203523213866e-01
1.993034392091710683e-01
-2.278730655169144623e-02
-2.464521420342064006e-01
-4.717446073694601671e-01
-6.987206037440174544e-01
-9.274384396712065382e-01
-1.157958877250121921e+00
-1.390345178051249908e+00
-1.624663148230805598e+00
-1.860981182367087650e+00
-2.099370305405936499e+00
-2.339904211972445136e+00
-2.582659302157169545e+00
-2.827714712719271439e+00
-3.075152342471109357e+00
-3.325056870423894306e+00
-3.577515765087586175e+00
-3.832619283133521293e+00
-4.090460455445228405e+00
-4.351135058399725253e+00
-4.614741568030925833e+00
-4.881381094522287079e+00
-5.151157294248267959e+00
-5.424176256328474111e+00
-5.700546360372407584e+00
-5.980378101770227772e+00
-6.263783880543654980e+00
-6.550877749407914230e+00
-6.841775116331079154e+00
-7.136592396529190196e+00
-7.435446608524872936e+00
-7.738454908651759112e+00
-8.045734058239634834e+00
-8.357399817703708322e+00
-8.673566261929892107e+00
-8.994345011751983421e+00
-9.319844377011843761e+00
-9.650168407751380073e+00
-9.985415851573197443e+00
-1.032567901720160997e+01
-1.067104254684197429e+01
-1.102158210313462128e+01
-1.137736298035975402e+01
-1.173843865407369691e+01
-1.210484928848876152e+01
-1.247662022653697989e+01
-1.285376049347803651e+01
-1.323626135084242605e+01
-1.362409494305183166e+01
-1.401721308376322916e+01
-1.441554623229252385e+01
-1.481900271181514483e+01
-1.522746821985217025e+01
-1.564080567735570781e+01
-1.605885545519081958e+01
-1.648143600588825919e+01
-1.690834491443078136e+01
-1.733936036509178180e+01
-1.777424300287121994e+01
-1.821273814907623745e+01
-1.865457831250537168e+01
-1.909948592203456741e+01
-1.954717619462182654e+01
-1.999736004605268036e+01
-2.044974695093292993e+01
-2.090404766376293821e+01
-2.135997672403398440e+01
-2.181725468422256142e+01
-2.227561001884355463e+01
-2.273478069353086894e+01
-2.319451539350028213e+01
-2.365457442887486650e+01
-2.411473034874956767e+01
-2.457476830558318781e+01
-2.503448621621696546e+01
-2.549369476580674032e+01
-2.595221729702558022e+01
-2.640988962018588992e+01
-2.686655977171648857e+01
-2.732208773993529149e+01
-2.777634516928204889e+01
-2.822921504782187085e+01
-2.868059137825217064e+01
-2.913037882990880689e+01
-2.957849236817995475e+01
-3.002485685796737158e+01
-3.046940663897697732e+01
-3.091208507227327473e+01
-3.135284405934886109e+01
-3.179164353666305232e+01
-3.222845095002618621e+01
-3.266324071423397157e+01
-3.309599366397103637e+01
-3.352669650222097175e+01
-3.395534125229391975e+01
-3.438192471918537763e+01
-3.480644796538030050e+01
-3.522891580549381274e+01
-3.564933632335426239e+01
-3.606772041433296749e+01
-3.648408135495438387e+01
-3.689843440110120554e+01
-3.731079641548679149e+01
-3.772118552450398710e+01
-3.812962080409118215e+01
-3.853612199386260073e+01
-3.894070923843434429e+01
-3.934340285466155507e+01
-3.974422312305929950e+01
-4.014319010755660599e+01
-4.054032351261361811e+01
-4.093564251118492336e+01
-4.132916561312335801e+01
-4.172091055852089170e+01
-4.211089422317934350e+01
-4.249913253664528412e+01
-4.288564041162251783e+01
-4.327043168355758240e+01
-4.365351905922751996e+01
-4.403491407321910600e+01
-4.441462705127216992e+01
-4.479266707953795645e+01
-4.516904197889689243e+01
-4.554375828356397449e+01
-4.591682122329964244e+01
-4.628823470862265310e+01
-4.665800131849836418e+01
-4.702612229005518429e+01
-4.739259750994230558e+01
-4.775742550701375677e+01
-4.812060344607763795e+01
-4.848212712250964529e+01
-4.884199095757660558e+01
-4.920018799436954993e+01
-4.955670989428214313e+01
-4.991154693401911402e+01
-5.026468800315317509e+01
-5.061612060228516441e+01
-5.096583084189746415e+01
-5.131380344201886601e+01
-5.166002173285311727e+01
-5.200446765654569248e+01
-5.234712177029374658e+01
-5.268796325102569256e+01
-5.302696990189866710e+01
-5.336411816088257609e+01
-5.369938311171596723e+01
-5.403273849753275471e+01
-5.436415673747019639e+01
-5.469360894657538097e+01
-5.502106495933076502e+01
-5.534649335711787899e+01
-5.566986149992956001e+01
-5.599113556263471025e+01
-5.631028057607716164e+01
-5.662726047326868439e+01
-5.694203814091047633e+01
-5.725457547643786427e+01
-5.756483345074691726e+01
-5.787277217671394425e+01
-5.817835098357046775e+01
-5.848152849713704882e+01
-5.878226272586613277e+01
-5.908051115257904229e+01
-5.937623083171868643e+01
-5.966937849187529253e+01
-5.995991064328032394e+01
-6.024778368989530719e+01
-6.053295404566306814e+01
-6.081537825443315626e+01
-6.109501311301528403e+01
-6.137181579676671817e+01
-6.164574398708123226e+01
-6.191675600010663061e+01
-6.218481091599129940e+01
-6.244986870794416234e+01
-6.271189037037454028e+01
-6.297083804538025475e+01
-6.322667514685515755e+01
-6.347936648149751448e+01
-6.372887836602944844e+01
-6.397517873995465720e+01
-6.421823727322487230e+01
-6.445802546821930434e+01
-6.469451675549068170e+01
-6.492768658277799432e+01
-6.515751249684026902e+01
-6.538397421772043572e+01
-6.560705370510770251e+01
-6.582673521652158399e+01
-6.604300535710802933e+01
-6.625585312088730916e+01
-6.646526992336207229e+01
-6.667124962544997402e+01
-6.687378854875348111e+01
-6.707288548225086799e+01
-6.726854168052895488e+01
-6.746076085373871933e+01
-6.764954914949748854e+01
-6.783491512700778969e+01
-6.801686972370079332e+01
-6.819542621475056876e+01
-6.837060016583959055e+01
-6.854240937958137181e+01
-6.871087383603318699e+01
-6.887601562775155628e+01
-6.903785888985574104e+01
-6.919642972558641247e+01
-6.935175612783561405e+01
-6.950386789715247460e+01
-6.965279655670282466e+01
-6.979857526467726814e+01
-6.994123872462245117e+01
-7.008082309416572286e+01
-7.021736589258402716e+01
-7.035090590766074570e+01
-7.048148310224196678e+01
-7.060913852089797160e+01
-7.073391419706193517e+01
-7.085585306099930847e+01
-7.097499884893710487e+01
-7.109139601365437500e+01
-7.120508963681282921e+01
-7.131612534327413755e+01
-7.142454921763504672e+01
-7.153040772317328333e+01
-7.163374762338392543e+01
-7.173461590625072404e+01
-7.183305971138285884e+01
-7.192912626011748500e+01
-7.202286278867055103e+01
-7.211431648439746311e+01
-7.220353442520418241e+01
-7.229056352213500247e+01
-7.237545046513929492e+01
-7.245824167201523380e+01
-7.253898324050247481e+01
-7.261772090349076336e+01
-7.269449998729912465e+01
-7.276936537296512597e+01
-7.284236146048095861e+01
-7.291353213590026883e+01
-7.298292074123629902e+01
-7.305057004706335988e+01
-7.311652222772995913e+01
-7.318081883908966745e+01
-7.324350079864971974e+01
-7.330460836803631253e+01
-7.336418113767651050e+01
-7.342225801359150239e+01
-7.347887720619837637e+01
-7.353407622101752850e+01
-7.358789185118547493e+01
-7.364036017166800718e+01
-7.369151653507714173e+01
-7.374139556899608294e+01
-7.379003117471140172e+01
-7.383745652726609876e+01
-7.388370407674037210e+01
-7.392880555067202408e+01
-7.397279195753624492e+01
-7.401569359119901037e+01
-7.405754003627058069e+01
-7.409836017428229127e+01
-7.413818219061553805e+01
-7.417703358211467446e+01
-7.421494116532143437e+01
-7.425193108526481467e+01
-7.428802882475365266e+01
-7.432325921411175784e+01
-7.435764644130607337e+01
-7.439121406241839907e+01
-7.442398501241426345e+01
-7.445598161616467792e+01
-7.448722559968190637e+01
-7.451773810152957367e+01
-7.454753968437312039e+01
-7.457665034663543224e+01
-7.460508953422933587e+01
-7.463287615233677741e+01
-7.466002857720967256e+01
-7.468656466796703342e+01
-7.471250177836644468e+01
-7.473785676852934046e+01
-7.476264601660209053e+01
-7.478688543033410951e+01
-7.481059045855968748e+01
-7.483377610256611945e+01
-7.485645692733960743e+01
-7.487864707267490871e+01
-7.490036026413832815e+01
-7.492160982387599688e+01
-7.494240868126030364e+01
-7.496276938336460205e+01
-7.498270410526406238e+01
-7.500222466015391376e+01
-7.502134250928274639e+01
-7.504006877169746303e+01
-7.505841423379494870e+01
-7.507638935868162378e+01
-7.509400429533438626e+01
-7.511126888756724895e+01
-7.512819268279856999e+01
-7.514478494062151981e+01
-7.516105464117671886e+01
-7.517701049332714547e+01
-7.519266094263963396e+01
-7.520801417916806031e+01
-7.522307814504725343e+01
-7.523786054189321248e+01
-7.525236883801581200e+01
-7.526661027544362526e+01
-7.528059187676521447e+01
-7.529432045178768362e+01
-7.530780260401914461e+01
-7.532104473697027913e+01
-7.533405306028866733e+01
-7.534683359571842232e+01
-7.535939218289610153e+01
-7.537173448498154471e+01
-7.537173466261464228e+01
