-8.145723340241799804e+01
-8.145826392891891032e+01
-8.145913825923507545e+01
-8.145987675885577062e+01
-8.146047145485698593e+01
-8.146093721399402909e+01
-8.146111379897884319e+01
-8.146127376133686937e+01
-8.146167858402129980e+01
-8.146237631284731151e+01
-8.146193611899786902e+01
-8.146132699392524046e+01
-8.146398647960103290e+01
-8.146954775701865969e+01
-8.146927549853558048e+01
-8.146975955012581494e+01
-8.130176134190975290e+01
-8.378385313391186173e+01
-5.363524007990660891e+01
1.355156293154483294e+01
1.898868917628555053e+01
1.769453374163694903e+01
1.647259176057985641e+01
1.603294645627178383e+01
1.602805525342717630e+01
1.625747381709443573e+01
1.662506087264848276e+01
1.706731530653373596e+01
1.753809737416420234e+01
1.800343415341072273e+01
1.843796864667123003e+01
1.882109550374058671e+01
1.913275964341767121e+01
1.934893275875813501e+01
1.943971595393804463e+01
1.937700025839805917e+01
1.916426978272489379e+01
1.886140996154700744e+01
1.854405314410585248e+01
1.825378392321612964e+01
1.800134355350933291e+01
1.778532399751007986e+01
1.760188885135666581e+01
1.744724408578960251e+01
1.731811760952835400e+01
1.721136102409327506e+01
1.712395422679704282e+01
1.705289331552036458e+01
1.699539086298495150e+01
1.694894300974175394e+01
1.691119227005950876e+01
1.688018189656903090e+01
1.685410377280228644e+01
1.683158140564737337e+01
1.681140692443706186e+01
1.679252261729400075e+01
1.677402766536512502e+01
1.675530211367296474e+01
1.673580354449076069e+01
1.671503388766772957e+01
1.669265736481480289e+01
1.666835412969496844e+01
1.664196158744048759e+01
1.661321370128098707e+01
1.658210254203983069e+01
1.654838871356301411e+01
1.651204254072713695e+01
1.647306332864692280e+01
1.643139641394790473e+01
1.638707157782554802e+01
1.633988917190084678e+01
1.629005194638756748e+01
1.623770955441236907e+01
1.618270476346009090e+01
1.612462055810506101e+01
1.606435869947587136e+01
1.600152343367990682e+01
1.593607963564984864e+01
1.586800025651902146e+01
1.579729509663637721e+01
1.572405172098578774e+01
1.564830602394676085e+01
1.557006916228236193e+01
1.548935524008311404e+01
1.540618262676528971e+01
1.532057056603034439e+01
1.523253901435850644e+01
1.514211039235791212e+01
1.504930813710467064e+01
1.495415551027809542e+01
1.485667658098687660e+01
1.475689558420170222e+01
1.465483512776030040e+01
1.455051596557279758e+01
1.444395962807514167e+01
1.433519073891869766e+01
1.422423591669623733e+01
1.411112202439514007e+01
1.399587559704835904e+01
1.387852294392152963e+01
1.375909035741227626e+01
1.363760425288253231e+01
1.351409123540091706e+01
1.338857812291738369e+01
1.326109194829273363e+01
1.313165995148385434e+01
1.300030956633274393e+01
1.286706840338792723e+01
1.273196422919195570e+01
1.259502494227338509e+01
1.245627854610080654e+01
1.231575311929327654e+01
1.217347678338967043e+01
1.202947766846042299e+01
1.188378387681733983e+01
1.173642344504467516e+01
1.158742430454570105e+01
1.143681424077542630e+01
1.128462085130935755e+01
1.113087150288389893e+01
1.097559328753152386e+01
1.081881297792459762e+01
1.066055698203471636e+01
1.050085129720817356e+01
1.033972146375356793e+01
1.017719251813282355e+01
1.001328894584329809e+01
9.848034634073945526e+00
9.681452824215696751e+00
9.513566064299313396e+00
9.344396161433925485e+00
9.173964134309063212e+00
9.002290165821371204e+00
8.829393555879645916e+00
8.655292674435800748e+00
8.480004914782341530e+00
8.303546647149220306e+00
8.125933172625284584e+00
7.947178677420888349e+00
7.767296187479699299e+00
7.586297523437588453e+00
7.404193255918149141e+00
7.220992661143161406e+00
7.036703676827089637e+00
6.851332858313641694e+00
6.664885334902038494e+00
6.477364766300227394e+00
6.288773299131012351e+00
6.099111523406719471e+00
5.908378428877244737e+00
5.716571361145632579e+00
5.523685977434907635e+00
5.329716201879651116e+00
5.134654180205702190e+00
4.938490233651648964e+00
4.741212811975899832e+00
4.542808445384536320e+00
4.343261695205634432e+00
4.142555103127812721e+00
3.940669138812287198e+00
3.737582145680379941e+00
3.533270284671253147e+00
3.327707475758021616e+00
3.120865337004457007e+00
2.912713120939344869e+00
2.703217648020968422e+00
2.492343236960739894e+00
2.280051631672387114e+00
2.066301924611977814e+00
1.851050476274121559e+00
1.634250830611521765e+00
1.415853626148891431e+00
1.195806502568144580e+00
9.740540025504215160e-01
7.505374686721362210e-01
5.251949351672090538e-01
2.979610143870958794e-01
6.876677781412555979e-02
-1.624603684859539654e-01
-3.957968143053598453e-01
-6.313228801160667425e-01
-8.691229600930475696e-01
-1.109285668158056737e+00
-1.351903990543219525e+00
-1.597075443198634259e+00
-1.844902233750052467e+00
-2.095491427385385741e+00
-2.348955115816987682e+00
-2.605410588206553246e+00
-2.864980502635891213e+00
-3.127793056357364598e+00
-3.393982152661484175e+00
-3.663687561753976141e+00
-3.937055072536762790e+00
-4.214236631630335239e+00
-4.495390465348391373e+00
-4.780681179625839938e+00
-5.070279832094326089e+00
-5.364363969577492064e+00
-5.663117623235484288e+00
-5.966731252404502861e+00
-6.275401626872141314e+00
-6.589331635898458828e+00
-6.908730010770915975e+00
-7.233810946115581508e+00
-7.564793603646593034e+00
-7.901901480625862284e+00
-8.245361624167321324e+00
-8.595403671850570859e+00
-8.952258699157264132e+00
-9.316157855333168314e+00
-9.687330771802121987e+00
-1.006600373167921525e+01
-1.045239759577540006e+01
-1.084672549030240063e+01
-1.124919027479712774e+01
-1.165998182600098332e+01
-1.207927419472193264e+01
-1.250722271786379913e+01
-1.294396119604092377e+01
-1.338959927696398289e+01
-1.384422021362994570e+01
-1.430787919083131854e+01
-1.478060242925870504e+01
-1.526238727849886523e+01
-1.575320349339205528e+01
-1.625299584801104302e+01
-1.676168817505257280e+01
-1.727918882541457890e+01
-1.780539742642528012e+01
-1.834021268499270008e+01
-1.888354084546219269e+01
-1.943530428644988106e+01
-1.999544964396126190e+01
-2.056395479776347202e+01
-2.114083407037142948e+01
-2.172614107461375355e+01
-2.231996881068504734e+01
-2.292244685111503344e+01
-2.353373574473539875e+01
-2.415401908881690218e+01
-2.478349402174030658e+01
-2.542236113042208601e+01
-2.607081490226293141e+01
-2.672903584747678707e+01
-2.739718526205495763e+01
-2.807540331108524256e+01
-2.876381073011588896e+01
-2.946251403257187462e+01
-3.017161374204600577e+01
-3.089121489635884643e+01
-3.162143892811971568e+01
-3.236243601751862542e+01
-3.311439711511101791e+01
-3.387756500733011933e+01
-3.465224400281790906e+01
-3.543880801595233976e+01
-3.623770698838140447e+01
-3.704947170519971422e+01
-3.787471712515892364e+01
-3.871414435658564912e+01
-3.956854137766088542e+01
-4.043878254388694415e+01
-4.132582682548745368e+01
-4.223071445688239578e+01
-4.315456172001297830e+01
-4.409855327465962205e+01
-4.506393118986211732e+01
-4.605197955841462232e+01
-4.706400322685453119e+01
-4.810129876817220662e+01
-4.916511537182706348e+01
-5.025660285360344659e+01
-5.137674355786185743e+01
-5.252626465116979659e+01
-5.370552738076187183e+01
-5.491439058768424530e+01
-5.615204753248405467e+01
-5.741683841399522947e+01
-5.870604633761185198e+01
-6.001569218758421442e+01
-6.134035352972002642e+01
-6.267304283419504429e+01
-6.400518791010378550e+01
-6.532675795637338467e+01
-6.662656727514180943e+01
-6.789276298979937962e+01
-6.911346588039972971e+01
-7.027749405247962500e+01
-7.137507101755042527e+01
-7.239841452884893158e+01
-7.334212393719383272e+01
-7.420332532074790777e+01
-7.498158128114457099e+01
-7.567861148238478108e+01
-7.629789159120896613e+01
-7.684420094237286492e+01
-7.732317780971989407e+01
-7.774092285312751471e+01
-7.810367252563511897e+01
-7.841754889896922975e+01
-7.868838193286912031e+01
-7.892159439393982723e+01
-7.912213733962214235e+01
-7.929446409521625583e+01
-7.944253193642782662e+01
-7.956982251595511002e+01
-7.967937398577844021e+01
-7.977381952047068125e+01
-7.985542843235388943e+01
-7.992614726082234711e+01
-7.998763913425545979e+01
-8.004132038243261604e+01
-8.008839386478922506e+01
-8.012987881750740371e+01
-8.016663724688498860e+01
-8.019939703733120950e+01
-8.022877202308984579e+01
-8.025527931153831673e+01
-8.027935415656483542e+01
-8.030136267352703783e+01
-8.032161267003728256e+01
-8.034036284422612084e+01
-8.035783057728755807e+01
-8.037419852180762803e+01
-8.038962016281976730e+01
-8.040422450542261856e+01
-8.041812002165097795e+01
-8.043139797032716842e+01
-8.044413518687662190e+01
-8.045639642551053328e+01
-8.046823632361827094e+01
-8.047970104746445941e+01
-8.049082966912096992e+01
-8.050165531679806463e+01
-8.051220613425590500e+01
-8.052250607978371022e+01
-8.053257559117565734e+01
-8.054243213991131256e+01
-8.055209069485242424e+01
-8.056156411277905249e+01
-8.057086346984570469e+01
-8.057999834470815870e+01
-8.058897706102672487e+01
-8.059780689466752790e+01
-8.060649424939282426e+01
-8.061504480413165652e+01
-8.062346363482132006e+01
-8.063175531397669715e+01
-8.063992399130893318e+01
-8.064797345869588696e+01
-8.065590720257181090e+01
-8.066372844640643791e+01
-8.067144018547043061e+01
-8.067904521561241893e+01
-8.068654615736383562e+01
-8.069394547634438197e+01
-8.070124550069586178e+01
-8.070844843607403618e+01
-8.071555637860879528e+01
-8.072257132613809461e+01
-8.072949518796919222e+01
-8.073632979336858284e+01
-8.074307689895144335e+01
-8.074973819511737361e+01
-8.075631531166038712e+01
-8.076280982266129627e+01
-8.076922325076175468e+01
-8.077555707090408532e+01
-8.078181271360956828e+01
-8.078799156786141111e+01
-8.079409498364734077e+01
-8.080012427421017662e+01
-8.080608071804634562e+01
-8.081196556069187409e+01
-8.081778001632150676e+01
-8.082352526919073910e+01
-8.082920247494142529e+01
-8.083481276178919472e+01
-8.084035723161011333e+01
-8.084583696093908145e+01
-8.085125300189189090e+01
-8.085660638302124426e+01
-8.086189811011290374e+01
-8.086712916693251429e+01
-8.087230051592587188e+01
-8.087741309887904606e+01
-8.088246783754290448e+01
-8.088746563422530755e+01
-8.089240737235404310e+01
-8.089729391701338557e+01
-8.090212611545744892e+01
-8.090690479760024800e+01
-8.091163077648616309e+01
-8.091630484874224294e+01
-8.092092779501228961e+01
-8.092550038037467175e+01
-8.093002335474616871e+01
-8.093449745326962841e+01
-8.093892339669099556e+01
-8.094330189171984102e+01
-8.094763363138153522e+01
-8.095191929535661757e+01
-8.095615955030804400e+01
-8.096035505020007861e+01
-8.096450643660614332e+01
-8.096861433900792804e+01
-8.097267937508406987e+01
-8.097670215099203972e+01
-8.098068326164023745e+01
-8.098462329095269752e+01
-8.098852281212556647e+01
-8.099238238787700084e+01
-8.099620257068859530e+01
-8.099998390304219242e+01
-8.100372691764636102e+01
-8.100743213766118345e+01
-8.101110007691146109e+01
-8.101473124009912397e+01
-8.101832612300620440e+01
-8.102188521269428634e+01
-8.102540898769670719e+01
-8.102889791820740584e+01
-8.103235246626339006e+01
-8.103577308592318218e+01
-8.103916022343962311e+01
-8.104251431742899570e+01
-8.104583579903493273e+01
-8.104912509208836013e+01
-8.105238261326378790e+01
-8.105560877223058469e+01
-8.105880397180061436e+01
-8.106196860807237670e+01
-8.106510307057189380e+01
-8.106820774238835270e+01
-8.107128300030851165e+01
-8.107432921494586253e+01
-8.107734675086800280e+01
-8.108033596671907617e+01
-8.108329721534099122e+01
-8.108623084389110147e+01
-8.108913719395641806e+01
-8.109201660166451120e+01
-8.109486939779459647e+01
-8.109769590788151561e+01
-8.110049645232167848e+01
-8.110327134647293690e+01
-8.110602090075414594e+01
-8.110874542074161297e+01
-8.111144520726328722e+01
-8.111412055649024921e+01
-8.111677176002798717e+01
-8.111939910500261419e+01
-8.112200287414765398e+01
-8.112458334588670539e+01
-8.112714079441649062e+01
-8.112967548978551235e+01
-8.113218769797319396e+01
-8.113467768096532495e+01
-8.113714569682922217e+01
-8.113959199978654624e+01
-8.114201684028371631e+01
-8.114442046506283646e+01
-8.114680311722862882e+01
-8.114916503631569356e+01
-8.115150645835358034e+01
-8.115382761592974248e+01
-8.115612873825267570e+01
-8.115841005121262697e+01
-8.116067177744039896e+01
-8.116291413636639618e+01
-8.116513734427785209e+01
-8.116734161437359774e+01
-8.116952715681981090e+01
-8.117169417880255367e+01
-8.117384288458053732e+01
-8.117597347553616771e+01
-8.117808615022588015e+01
-8.118018110442865520e+01
-8.118225853119417934e+01
-8.118431862089057915e+01
-8.118636156124998138e+01
-8.118838753741310654e+01
-8.119039673197386264e+01
-8.119238932502342720e+01
-8.119436549419094717e+01
-8.119632541468631359e+01
-8.119826925934030726e+01
-8.120019719864491492e+01
-8.120210940079164175e+01
-8.120400603171046328e+01
-8.120588725510678785e+01
-8.120775323249840483e+01
-8.120960412325202071e+01
-8.121144008461735098e+01
-8.121326127176297405e+01
-8.121506783780930050e+01
-8.121685993386256541e+01
-8.121863770904724333e+01
-8.122040131053756795e+01
-8.122040144911856885e+01
