-8.145717019166953321e+01
-8.145814883561331499e+01
-8.145898061335429929e+01
-8.145968554852274224e+01
-8.146023642827280753e+01
-8.146066147575291438e+01
-8.146080816359972232e+01
-8.146092041921184546e+01
-8.146127630793651520e+01
-8.146193255449946946e+01
-8.146147138641784125e+01
-8.146083126818095366e+01
-8.146344149249445366e+01
-8.146896843684369571e+01
-8.146891809836210996e+01
-8.146961203179822064e+01
-8.130161690877315550e+01
-8.376727241969646798e+01
-5.389508073705474800e+01
1.424434801618557245e+01
2.135154550303283827e+01
2.153478158671942211e+01
2.129653838923451303e+01
2.138768664710553224e+01
2.160217357105533509e+01
2.186436397467354809e+01
2.216234931674335229e+01
2.248487005969925789e+01
2.281733709263636101e+01
2.314533916074747921e+01
2.345672260148198873e+01
2.374213109007090239e+01
2.399417125096637804e+01
2.420578296834248988e+01
2.436948020813527194e+01
2.447636180235325298e+01
2.451528073859119772e+01
2.447209856593002897e+01
2.433078497196865797e+01
2.408048298755470285e+01
2.373104019273668186e+01
2.332249435266089677e+01
2.290526061110062983e+01
2.251136105014423094e+01
2.215063030395726074e+01
2.182182247963483945e+01
2.152104231824004543e+01
2.124466897263930321e+01
2.099006393162644457e+01
2.075518597367061702e+01
2.053823073805863331e+01
2.033756274849719503e+01
2.015152175547545710e+01
1.997863344599039337e+01
1.981740639009427696e+01
1.966641297819533207e+01
1.952430078160839955e+01
1.938993875816822410e+01
1.926229458972493802e+01
1.914036351575931505e+01
1.902333409590233515e+01
1.891044852194000825e+01
1.880110695477450378e+01
1.869466080655310947e+01
1.859072697273202479e+01
1.848874133135114306e+01
1.838834798361224543e+01
1.828928905226906920e+01
1.819122234737415411e+01
1.809394932791836652e+01
1.799707560532675643e+01
1.790053171830527745e+01
1.780428701123473090e+01
1.770800329564114506e+01
1.761113034113223463e+01
1.751444660234523454e+01
1.741732724800578325e+01
1.731964908302390782e+01
1.722127554269230387e+01
1.712210786264898843e+01
1.702208605028421573e+01
1.692114751969829101e+01
1.681922008570348481e+01
1.671623257617045155e+01
1.661211995491377280e+01
1.650682394124458341e+01
1.640029245352096154e+01
1.629247894278068642e+01
1.618334162817820499e+01
1.607284286803723106e+01
1.596094919063271078e+01
1.584763145925281158e+01
1.573286427615258454e+01
1.561662546008485286e+01
1.549889598493066778e+01
1.537965951297559641e+01
1.525890162455218402e+01
1.513660944738052549e+01
1.501277207779130407e+01
1.488738182129267429e+01
1.476043492009367242e+01
1.463193074077024214e+01
1.450187056089374593e+01
1.437025700583230936e+01
1.423709400717879880e+01
1.410238689327151285e+01
1.396614243522346932e+01
1.382836882625412045e+01
1.368907561845996845e+01
1.354827364101959475e+01
1.340597491374118455e+01
1.326219256182329964e+01
1.311694073340376576e+01
1.297023451976363617e+01
1.282208987763921471e+01
1.267252355316806423e+01
1.252155300717651798e+01
1.236919634166660309e+01
1.221547222745471650e+01
1.206039983296304818e+01
1.190399875418074593e+01
1.174628894581738336e+01
1.158729065366468447e+01
1.142702434817927859e+01
1.126551065929302453e+01
1.110277031245536428e+01
1.093882406590983969e+01
1.077369264920743319e+01
1.060739670295992454e+01
1.043995671983696916e+01
1.027139298681485258e+01
1.010172552868312401e+01
9.930974052819163234e+00
9.759157895240822000e+00
9.586295967947922492e+00
9.412406707564141328e+00
9.237508025288954983e+00
9.061617258169372136e+00
8.884751121699038023e+00
8.706925663749723654e+00
8.528156219837615737e+00
8.348457369723467636e+00
8.167842895341374643e+00
7.986325740047478305e+00
7.803917969174115399e+00
7.620630731871063546e+00
7.436474224209573158e+00
7.251457653519898017e+00
7.065589203927509665e+00
6.878876003047349030e+00
6.691324089790433582e+00
6.502938383231485986e+00
6.313722652480810105e+00
6.123679487498779217e+00
5.932810270786465168e+00
5.741115149881220958e+00
5.548593010582175467e+00
5.355241450826372152e+00
5.161056755133275331e+00
4.966033869532513023e+00
4.770166376886957771e+00
4.573446472521723649e+00
4.375864940068320053e+00
4.177411127432277382e+00
3.978072922792457167e+00
3.777836730540959032e+00
3.576687447073161330e+00
3.374608436339721518e+00
3.171581505074231533e+00
2.967586877613679786e+00
2.762603170232690530e+00
2.556607364916815950e+00
2.349574782505937875e+00
2.141479055144809962e+00
1.932292097985105483e+00
1.721984080091364167e+00
1.510523394512421014e+00
1.297876627490127222e+00
1.084008526788445614e+00
8.688819691384892518e-01
6.524579268086916350e-01
4.346954333241190294e-01
2.155515483749445016e-01
-5.018678028433955218e-03
-2.270622420772370476e-01
-4.506282232660677733e-01
-6.757678219536176201e-01
-9.025343972352245503e-01
-1.130983504948125606e+00
-1.361172935592683375e+00
-1.593162751906831431e+00
-1.827015325774886456e+00
-2.062795374084636979e+00
-2.300569993066502672e+00
-2.540408690557162341e+00
-2.782383415528237869e+00
-3.026568584112530047e+00
-3.273041101250395268e+00
-3.521880376971913140e+00
-3.773168336231242925e+00
-4.026989421121027313e+00
-4.283430584217095216e+00
-4.542581271735846471e+00
-4.804533395124992445e+00
-5.069381289649208533e+00
-5.337221658470623353e+00
-5.608153500661138935e+00
-5.882278021511878840e+00
-6.159698523444279594e+00
-6.440520275761522306e+00
-6.724850361441101931e+00
-7.012797499157066738e+00
-7.304471838758617608e+00
-7.599984728535777556e+00
-7.899448452795951425e+00
-8.202975938582277138e+00
-8.510680430812849195e+00
-8.822675135739929786e+00
-9.139072833453775857e+00
-9.459985461222856884e+00
-9.785523670806789198e+00
-1.011579636453663866e+01
-1.045091021696166678e+01
-1.079096919123242948e+01
-1.113607406214010176e+01
-1.148632196084345480e+01
-1.184180595974951089e+01
-1.220261471968509781e+01
-1.256883222527553379e+01
-1.294053763814154756e+01
-1.331780530088133929e+01
-1.370070492749759872e+01
-1.408930201756620093e+01
-1.448365853158256833e+01
-1.488383386307065415e+01
-1.528988613871120705e+01
-1.570187387047128169e+01
-1.611985797310532575e+01
-1.654390414619380678e+01
-1.697408560200413419e+01
-1.741048609906801659e+01
-1.785320321691488488e+01
-1.830235178066937962e+01
-1.875806731636350122e+01
-1.922050939038776107e+01
-1.968986466148366787e+01
-2.016634945348080876e+01
-2.065021164443811585e+01
-2.114173166616962973e+01
-2.164122242075635683e+01
-2.214902795096392296e+01
-2.266552075238374186e+01
-2.319109768828121787e+01
-2.372617456312735129e+01
-2.427117952404247703e+01
-2.482654558324289695e+01
-2.539270267705195749e+01
-2.597006978221563145e+01
-2.655904767997149207e+01
-2.716001297628518074e+01
-2.777331394060721337e+01
-2.839926861344852682e+01
-2.903816546367655249e+01
-2.969026666993688224e+01
-3.035581388512634149e+01
-3.103503614856824200e+01
-3.172815946340200455e+01
-3.243541747281826559e+01
-3.315706265197248825e+01
-3.389337747476114515e+01
-3.464468509967400678e+01
-3.541135922620127729e+01
-3.619383288258265452e+01
-3.699260600026593693e+01
-3.780825169833557453e+01
-3.864142123528267803e+01
-3.949284758168197129e+01
-4.036334753689502719e+01
-4.125382224793563779e+01
-4.216525572791665155e+01
-4.309871100327531224e+01
-4.405532322430737935e+01
-4.503628876682738991e+01
-4.604284904176196846e+01
-4.707626732097950395e+01
-4.813779640824385808e+01
-4.922863444670306166e+01
-5.034986559662498706e+01
-5.150238182068519421e+01
-5.268678172962648887e+01
-5.390324262009958289e+01
-5.515136286262530518e+01
-5.642997419863912256e+01
-5.773692791032372185e+01
-5.906886581002417103e+01
-6.042099674461623238e+01
-6.178691108205554627e+01
-6.315847711986155844e+01
-6.452587022026465036e+01
-6.587778193464598075e+01
-6.720183720071759126e+01
-6.848521175019408247e+01
-6.971539543507215342e+01
-7.088100413296564284e+01
-7.197251982025919403e+01
-7.298284640484784802e+01
-7.390760702241549041e+01
-7.474516353313771333e+01
-7.549639215340052090e+01
-7.616428519698440880e+01
-7.675346163918692355e+01
-7.726966173104692359e+01
-7.771928142934937966e+01
-7.810897965162601508e+01
-7.844537142121397721e+01
-7.873480563225368201e+01
-7.898321767168721408e+01
-7.919604335064356349e+01
-7.937817999742571828e+01
-7.953398178971100663e+01
-7.966727846134347146e+01
-7.978140877941505948e+01
-7.987926230176984177e+01
-7.996332473396813612e+01
-8.003572366250399739e+01
-8.009827256379048777e+01
-8.015251182094364424e+01
-8.019974607655875332e+01
-8.024107766173236200e+01
-8.027743611489140108e+01
-8.030960397546007812e+01
-8.033823913576968323e+01
-8.036389408195638850e+01
-8.038703236774914274e+01
-8.040804265669521556e+01
-8.042725064768177390e+01
-8.044492917174416391e+01
-8.046130671888454344e+01
-8.047657462413755525e+01
-8.049089311363120203e+01
-8.050439638468689907e+01
-8.051719686959648925e+01
-8.052938881087297318e+01
-8.054105125655739528e+01
-8.055225056746516543e+01
-8.056304251391109972e+01
-8.057347402724573726e+01
-8.058358466120516539e+01
-8.059340780933871429e+01
-8.060297171745162359e+01
-8.061230032405356383e+01
-8.062141395718049353e+01
-8.063032991243106551e+01
-8.063906293410961723e+01
-8.064762561841607180e+01
-8.065602875431221719e+01
-8.066428161411509734e+01
-8.067239220238967334e+01
-8.068036746888071775e+01
-8.068821348933083470e+01
-8.069593561713901408e+01
-8.070353860868875984e+01
-8.071102672542646417e+01
-8.071840381605778703e+01
-8.072567338230413725e+01
-8.073283863148061812e+01
-8.073990251876186619e+01
-8.074686778149556687e+01
-8.075373696741480956e+01
-8.076051245814549873e+01
-8.076719648903359428e+01
-8.077379116603957243e+01
-8.078029848024439730e+01
-8.078672032037056283e+01
-8.079305848362569975e+01
-8.079931468511048820e+01
-8.080549056598998447e+01
-8.081158770059157348e+01
-8.081760760257280651e+01
-8.082355173028304307e+01
-8.082942149142411381e+01
-8.083521824710770431e+01
-8.084094331539094469e+01
-8.084659797436452777e+01
-8.085218346485201835e+01
-8.085770099278410328e+01
-8.086315173128518552e+01
-8.086853682252157682e+01
-8.087385737933990981e+01
-8.087911448673185077e+01
-8.088430920314453942e+01
-8.088944256166367097e+01
-8.089451557108324664e+01
-8.089952921688292520e+01
-8.090448446211867406e+01
-8.090938224824617464e+01
-8.091422349588023621e+01
-8.091900910550049275e+01
-8.092373995811125553e+01
-8.092841691585805108e+01
-8.093304082260954146e+01
-8.093761250450553746e+01
-8.094213277047727217e+01
-8.094660241273979295e+01
-8.095102220726352016e+01
-8.095539291422191752e+01
-8.095971527842139892e+01
-8.096399002971240577e+01
-8.096821788338512249e+01
-8.097239954054936106e+01
-8.097653568849921157e+01
-8.098062700106726197e+01
-8.098467413896280220e+01
-8.098867775010219816e+01
-8.099263846992550953e+01
-8.099655692170276211e+01
-8.100043371683285898e+01
-8.100426945513029864e+01
-8.100806472510372203e+01
-8.101182010422688506e+01
-8.101553615920086315e+01
-8.101921344620735965e+01
-8.102285251115642950e+01
-8.102645388992550579e+01
-8.103001810859196041e+01
-8.103354568365905664e+01
-8.103703712227552103e+01
-8.104049292244835101e+01
-8.104391357325066281e+01
-8.104729955502283190e+01
-8.105065133956820489e+01
-8.105396939034389447e+01
-8.105725416264644423e+01
-8.106050610379121224e+01
-8.106372565328888413e+01
-8.106691324301507962e+01
-8.107006929737744372e+01
-8.107319423347705367e+01
-8.107628846126542044e+01
-8.107935238369908859e+01
-8.108238639688768501e+01
-8.108539089024023383e+01
-8.108836624660658288e+01
-8.109131284241509263e+01
-8.109423104780849201e+01
-8.109712122677315449e+01
-8.109998373726848797e+01
-8.110281893135055498e+01
-8.110562715529401601e+01
-8.110840874971050596e+01
-8.111116404966354310e+01
-8.111389338478252853e+01
-8.111659707937016606e+01
-8.111927545251303684e+01
-8.112192881818286594e+01
-8.112455748534036104e+01
-8.112716175803436158e+01
-8.112974193549888469e+01
-8.113229831224826683e+01
-8.113483117816895174e+01
-8.113734081861061043e+01
-8.113982751447453268e+01
-8.114229154229850849e+01
-8.114473317434290323e+01
-8.114715267867060788e+01
-8.114955031922930573e+01
-8.115192635592892145e+01
-8.115428104471813242e+01
-8.115661463765906092e+01
-8.115892738300146902e+01
-8.116121952525301708e+01
-8.116349130524984901e+01
-8.116574296022474755e+01
-8.116797472387351320e+01
-8.117018682642056149e+01
-8.117237949468285763e+01
-8.117455295213204636e+01
-8.117670741895551600e+01
-8.117884311211606985e+01
-8.118096024541029010e+01
-8.118305902952583608e+01
-8.118513967209661075e+01
-8.118720237775866622e+01
-8.118924734820220124e+01
-8.119127478222522143e+01
-8.119328487578327724e+01
-8.119527782204119148e+01
-8.119725381142112042e+01
-8.119921303165043014e+01
-8.120115566780951610e+01
-8.120308190237683732e+01
-8.120499191527464689e+01
-8.120688588391276141e+01
-8.120876398323260048e+01
-8.121062638574778703e+01
-8.121247326158703572e+01
-8.121430477853471075e+01
-8.121612110206947932e+01
-8.121792239540445735e+01
-8.121970881952485399e+01
-8.121970895815812241e+01
