-8.145720377997709249e+01
-8.145821004243589414e+01
-8.145906572501205289e+01
-8.145983096269218038e+01
-8.146040958497752626e+01
-8.146089895588038132e+01
-8.146114856684725680e+01
-8.146129685247291263e+01
-8.146145544710036290e+01
-8.146179270928463723e+01
-8.146237869961667855e+01
-8.146207957907665786e+01
-8.146135668175512023e+01
-8.146255345449593221e+01
-8.146695440916865039e+01
-8.147104895726857876e+01
-8.146712178690651740e+01
-8.144952302579436321e+01
-8.136584575439233902e+01
-8.309372171026201670e+01
-6.339572205996294940e+01
1.521006293311836544e+01
1.673909376646366098e+01
1.535036772405757866e+01
1.722344682455261378e+01
1.839666635005300321e+01
1.914629804993603912e+01
1.977756180877416270e+01
2.031154766559538061e+01
2.077662462173984537e+01
2.119915841803391032e+01
2.158837097858619458e+01
2.194517668243157260e+01
2.226478000867258444e+01
2.254058037146543469e+01
2.276408039793938443e+01
2.292428563932045193e+01
2.300641220848219604e+01
2.299149078026418280e+01
2.285999014413060237e+01
2.260585528099381847e+01
2.225724687665102408e+01
2.187120432256074309e+01
2.149586163056577348e+01
2.115166557001615288e+01
2.084112302164219344e+01
2.056070597151855850e+01
2.030662051777413168e+01
2.007586005016084840e+01
1.986602875147004710e+01
1.967517151456404534e+01
1.950134459280103272e+01
1.934276539278389606e+01
1.919752336312472352e+01
1.906390481036573092e+01
1.894033371937647559e+01
1.882529441967102102e+01
1.871744354014736444e+01
1.861566753665379892e+01
1.851890646145754715e+01
1.842632189633954098e+01
1.833715511686285993e+01
1.825071612443614555e+01
1.816639421936830345e+01
1.808372330731549482e+01
1.800233070299529459e+01
1.792182592463650792e+01
1.784188598631460110e+01
1.776220673384644044e+01
1.768255454020821560e+01
1.760277824652087375e+01
1.752261864776949096e+01
1.744198767331335631e+01
1.736068718486757945e+01
1.727856486308482431e+01
1.719554956225150733e+01
1.711157463815076696e+01
1.702657429811909040e+01
1.694045175945824511e+01
1.685299095202995545e+01
1.676427697302569442e+01
1.667437179647668088e+01
1.658313321739519708e+01
1.649043421907981966e+01
1.639598829071106678e+01
1.630042044920128319e+01
1.620334983210020852e+01
1.610470112497586825e+01
1.600441832108834461e+01
1.590249602060225875e+01
1.579894006575317533e+01
1.569373605733047761e+01
1.558686290791946227e+01
1.547830194312059504e+01
1.536803864613976778e+01
1.525606190965123510e+01
1.514236315978900649e+01
1.502693689023903900e+01
1.490978117478407583e+01
1.479089653309832464e+01
1.467028507667392034e+01
1.454795095212267064e+01
1.442390027346051973e+01
1.429814016760570361e+01
1.417067810135634964e+01
1.404152184572914486e+01
1.391068013645865697e+01
1.377816418542362165e+01
1.364398838319937646e+01
1.350816920889230488e+01
1.337072394729466929e+01
1.323167023188924496e+01
1.309102610148826784e+01
1.294881014268107400e+01
1.280504156331539356e+01
1.265974019271738094e+01
1.251292643970551666e+01
1.236462123341366670e+01
1.221484595990576594e+01
1.206362239940839842e+01
1.191097266511294706e+01
1.175691914319864750e+01
1.160148443356221293e+01
1.144469129092249204e+01
1.128656256617799158e+01
1.112712114803499297e+01
1.096638990499620547e+01
1.080439162782397666e+01
1.064114897259132420e+01
1.047668440442079252e+01
1.031102014199885097e+01
1.014417810293505262e+01
9.976179850026664298e+00
9.807046538477912634e+00
9.636798864116681074e+00
9.465457012644639789e+00
9.293040609952473829e+00
9.119568673527062685e+00
8.945059564974169319e+00
8.769530943675114543e+00
8.592999721592610385e+00
8.415482019236128153e+00
8.236993122792503286e+00
8.057547442422661632e+00
7.877158471719272193e+00
7.695838748315599886e+00
7.513599815628871248e+00
7.330452185715990332e+00
7.146405303212786109e+00
6.961467510321766916e+00
6.775646012806971541e+00
6.588946846947798086e+00
6.401374847397706347e+00
6.212933615887440197e+00
6.023625490705974528e+00
5.833451516887306454e+00
5.642411417025265941e+00
5.450503562633510768e+00
5.257724945963165197e+00
5.064071152186373936e+00
4.869536331849774413e+00
4.674113173499065077e+00
4.477792876372626907e+00
4.280565123059997923e+00
4.082418052019240129e+00
3.883338229846290179e+00
3.683310623188786881e+00
3.482318570197095120e+00
3.280343751406207708e+00
3.077366159943805357e+00
2.873364070962287187e+00
2.668314010195595998e+00
2.462190721545976846e+00
2.254967133610843444e+00
2.046614325065749362e+00
1.837101488826867968e+00
1.626395894924294483e+00
1.414462852027254414e+00
1.201265667572844364e+00
9.867656064623426815e-01
7.709218483028081881e-01
5.536914431870713083e-01
3.350292660233264441e-01
1.148879694455629819e-01
-1.067820646516481897e-01
-3.300327748607018163e-01
-5.549184711995668318e-01
-7.814958871007920971e-01
-1.009824232275604805e+00
-1.239965246236752527e+00
-1.471983252213467042e+00
-1.705945211133675032e+00
-1.941920775280883582e+00
-2.179982341154834025e+00
-2.420205100975085344e+00
-2.662667092164909377e+00
-2.907449244039305825e+00
-3.154635420796433110e+00
-3.404312459777662170e+00
-3.656570203818975795e+00
-3.911501526368175607e+00
-4.169202347888178117e+00
-4.429771641909289848e+00
-4.693311428930769580e+00
-4.959926756205851994e+00
-5.229725661272595083e+00
-5.502819116920319331e+00
-5.779320955092566159e+00
-6.059347767060053513e+00
-6.343018777011705467e+00
-6.630455686053150721e+00
-6.921782483467818992e+00
-7.217125222002526819e+00
-7.516611753913385208e+00
-7.820371424575950137e+00
-8.128534720659112978e+00
-8.441232870226663465e+00
-8.758597392712951901e+00
-9.080759597572962250e+00
-9.407850031595014428e+00
-9.739997876452539671e+00
-1.007733030012853881e+01
-1.041997176843583439e+01
-1.076804332603825287e+01
-1.112166186018603042e+01
-1.148093936482075428e+01
-1.184598222774249798e+01
-1.221689056905759507e+01
-1.259375766496094329e+01
-1.297666949676151482e+01
-1.336570447054229227e+01
-1.376093335743628820e+01
-1.416241950756361057e+01
-1.457021939148335044e+01
-1.498438352076954061e+01
-1.540495779323107506e+01
-1.583198529763288853e+01
-1.626550859698074092e+01
-1.670557248820836094e+01
-1.715222720952687396e+01
-1.760553203529466870e+01
-1.806555916311004495e+01
-1.853239776056911126e+01
-1.900615800201855166e+01
-1.948697489150841378e+01
-1.997501164038432009e+01
-2.047046235037905859e+01
-2.097355374978699771e+01
-2.148454574549134222e+01
-2.200373059109503870e+01
-2.253143053405729646e+01
-2.306799389369438558e+01
-2.361378963550734866e+01
-2.416920064004504098e+01
-2.473461600620654721e+01
-2.531042286444554534e+01
-2.589699828632503653e+01
-2.649470194227166076e+01
-2.710387016328630949e+01
-2.772481199296454690e+01
-2.835780767561062987e+01
-2.900310982800945681e+01
-2.966094731240372084e+01
-3.033153159896601636e+01
-3.101506521014323781e+01
-3.171175170208592675e+01
-3.242180657321643622e+01
-3.314546849626227498e+01
-3.388301033529510420e+01
-3.463474951337776275e+01
-3.540105741677020745e+01
-3.618236763765269615e+01
-3.697918295303026071e+01
-3.779208100254950864e+01
-3.862171865706468310e+01
-3.946883506061190872e+01
-4.033425329216250077e+01
-4.121888051254168062e+01
-4.212370625706807914e+01
-4.304979849958127858e+01
-4.399829684885042269e+01
-4.497040195715842259e+01
-4.596735991357316209e+01
-4.699044000574703972e+01
-4.804090377803699852e+01
-4.911996280276037652e+01
-5.022872205063422513e+01
-5.136810527120477587e+01
-5.253875851351932624e+01
-5.374092806390452637e+01
-5.497431000625210373e+01
-5.623787080984317299e+01
-5.752964240642985061e+01
-5.884650167605025928e+01
-6.018395332141705723e+01
-6.153594614055355549e+01
-6.289476363875846943e+01
-6.425103685653576235e+01
-6.559392489869523502e+01
-6.691149197086781442e+01
-6.819127734929057283e+01
-6.942101185148233355e+01
-7.058939330171925519e+01
-7.168680941437227716e+01
-7.270590034690580694e+01
-7.364188530770377383e+01
-7.449262718627849722e+01
-7.525845946233621930e+01
-7.594183599060356471e+01
-7.654687973036399740e+01
-7.707890265581390565e+01
-7.754395282723773164e+01
-7.794842388292501312e+01
-7.829874307574353054e+01
-7.860113955368191796e+01
-7.886148552777559928e+01
-7.908519848613620695e+01
-7.927719137255552084e+01
-7.944185837363433222e+01
-7.958308566576344845e+01
-7.970427851026929034e+01
-7.980839807212586834e+01
-7.989800308632158021e+01
-7.997529293706813291e+01
-8.004214984685685863e+01
-8.010017872690244189e+01
-8.015074386308150167e+01
-8.019500204930456277e+01
-8.023393207665317561e+01
-8.026836067837585631e+01
-8.029898514759055672e+01
-8.032639290889193262e+01
-8.035107835347419325e+01
-8.037345725145308961e+01
-8.039387904305193899e+01
-8.041263728840490899e+01
-8.042997852876446530e+01
-8.044610978358316800e+01
-8.046120488066677012e+01
-8.047540979158651453e+01
-8.048884712205979497e+01
-8.050161988687865744e+01
-8.051381468086186999e+01
-8.052550434105101829e+01
-8.053675018095525218e+01
-8.054760386509489933e+01
-8.055810898134670595e+01
-8.056830235942057072e+01
-8.057821517597840000e+01
-8.058787388027471366e+01
-8.059730096870450211e+01
-8.060651563211484927e+01
-8.061553429594819420e+01
-8.062437106992497604e+01
-8.063303812103974622e+01
-8.064154598128146745e+01
-8.064990379998498327e+01
-8.065811955007349354e+01
-8.066620019728539148e+01
-8.067415184116700289e+01
-8.068197983563348430e+01
-8.068968889517594789e+01
-8.069728319060497768e+01
-8.070476643607372580e+01
-8.071214196746046809e+01
-8.071941281130845880e+01
-8.072658174341783877e+01
-8.073365133669452121e+01
-8.074062399866021167e+01
-8.074750199976426757e+01
-8.075428749412321849e+01
-8.076098253446764375e+01
-8.076758908294452510e+01
-8.077410901913846430e+01
-8.078054414633336933e+01
-8.078689619670677757e+01
-8.079316683589829040e+01
-8.079935766719671619e+01
-8.080547023546995433e+01
-8.081150603088597961e+01
-8.081746649243432046e+01
-8.082335301123944760e+01
-8.082916693365449134e+01
-8.083490956412902051e+01
-8.084058216784640649e+01
-8.084618597313455268e+01
-8.085172217365999359e+01
-8.085719193041722974e+01
-8.086259637352809193e+01
-8.086793660386862825e+01
-8.087321369453894704e+01
-8.087842869219282704e+01
-8.088358261824649276e+01
-8.088867646997243810e+01
-8.089371122150100746e+01
-8.089868782473497788e+01
-8.090360721019098378e+01
-8.090847028777474748e+01
-8.091327794749989266e+01
-8.091803106015629510e+01
-8.092273047793473495e+01
-8.092737703501165925e+01
-8.093197154810000882e+01
-8.093651481696909400e+01
-8.094100762493700074e+01
-8.094545073933815615e+01
-8.094984491196899512e+01
-8.095419087951270853e+01
-8.095848936394672535e+01
-8.096274107293184841e+01
-8.096694670018601414e+01
-8.097110692584645619e+01
-8.097522241681367916e+01
-8.097929382708690582e+01
-8.098332179808630826e+01
-8.098730695896360032e+01
-8.099124992690475722e+01
-8.099515130741917801e+01
-8.099901169462314954e+01
-8.100283167151226849e+01
-8.100661181022583435e+01
-8.101035267230442116e+01
-8.101405480893724587e+01
-8.101771876120548654e+01
-8.102134506031508465e+01
-8.102493422782528398e+01
-8.102848677586979420e+01
-8.103200320737103368e+01
-8.103548401624910014e+01
-8.103892968762468740e+01
-8.104234069801682949e+01
-8.104571751553407921e+01
-8.104906060006122459e+01
-8.105237040344152888e+01
-8.105564736965145300e+01
-8.105889193497489487e+01
-8.106210452816905843e+01
-8.106528557062733853e+01
-8.106843547653824089e+01
-8.107155465303958408e+01
-8.107464350036903511e+01
-8.107770241200981332e+01
-8.108073177483431948e+01
-8.108373196924266324e+01
-8.108670336929792199e+01
-8.108964634285851503e+01
-8.109256125170645646e+01
-8.109544845167324922e+01
-8.109830829276162945e+01
-8.110114111926490921e+01
-8.110394726988354819e+01
-8.110672707783808733e+01
-8.110948087097999348e+01
-8.111220897189969037e+01
-8.111491169803134937e+01
-8.111758936175571932e+01
-8.112024227050058300e+01
-8.112287072683884048e+01
-8.112547502858282655e+01
-8.112805546887861396e+01
-8.113061233629670710e+01
-8.113314591492029137e+01
-8.113565648443304212e+01
-8.113814432020318179e+01
-8.114060969336590290e+01
-8.114305287090493835e+01
-8.114547411573086322e+01
-8.114787368675865764e+01
-8.115025183898312378e+01
-8.115260882355198646e+01
-8.115494488783862437e+01
-8.115726027551154687e+01
-8.115955522660387089e+01
-8.116182997758052409e+01
-8.116408476140358630e+01
-8.116631980759659371e+01
-8.116853534230756395e+01
-8.117073158837037283e+01
-8.117290876536510780e+01
-8.117506708967619034e+01
-8.117720677455065470e+01
-8.117932803015396814e+01
-8.118143106362528272e+01
-8.118351607913038492e+01
-8.118558327791676277e+01
-8.118763285836168109e+01
-8.118966501602623964e+01
-8.119167994370216945e+01
-8.119367783146145712e+01
-8.119565886670352484e+01
-8.119762323420103201e+01
-8.119957111614621681e+01
-8.120150269219452355e+01
-8.120341813950832943e+01
-8.120531763280020243e+01
-8.120720134437335958e+01
-8.120906944416380213e+01
-8.121092209977976495e+01
-8.121275947654132210e+01
-8.121458173751827303e+01
-8.121458187696526920e+01
