-8.145763614554168441e+01
-8.145912400033674317e+01
-8.146044226421867052e+01
-8.146158809130292866e+01
-8.146253226342656717e+01
-8.146330239137000717e+01
-8.146374862705252440e+01
-8.146412647227039372e+01
-8.146471534163055139e+01
-8.146557582810179099e+01
-8.146529068368657533e+01
-8.146480530278525123e+01
-8.146755753320540805e+01
-8.147321259534506055e+01
-8.147324078966487093e+01
-8.147398161823272744e+01
-8.130612106782761828e+01
-8.377225020263709609e+01
-5.389509581300384866e+01
1.412065978490813656e+01
2.086936291281168110e+01
2.070404101678561659e+01
2.021911271854546754e+01
2.016408690985113594e+01
2.030906139188131476e+01
2.055475639050438375e+01
2.087185935684897586e+01
2.123769860589696279e+01
2.163089828085978894e+01
2.203348298627523505e+01
2.243210885751056338e+01
2.281795819899712541e+01
2.318566915199094680e+01
2.353169926175717563e+01
2.385387392779788485e+01
2.415084808665527660e+01
2.442212798100228710e+01
2.466765219125118236e+01
2.488768319889407010e+01
2.508282079266376385e+01
2.525381513437241310e+01
2.540148172197897125e+01
2.552675977302125787e+01
2.563060729644274716e+01
2.571419254156352352e+01
2.577863722683507319e+01
2.582508008389018173e+01
2.585454986188022630e+01
2.586811355916683652e+01
2.586692654388968293e+01
2.585192289888900774e+01
2.582419190191831149e+01
2.578459970108083965e+01
2.573420587221107070e+01
2.567392502037829516e+01
2.560454876062388863e+01
2.552679143756543922e+01
2.544147361715614153e+01
2.534930853992810995e+01
2.525085922866558263e+01
2.514674210637211260e+01
2.503746640898489417e+01
2.492358423111541299e+01
2.480543992485148763e+01
2.468358376421809197e+01
2.455821951435687112e+01
2.442971239819188156e+01
2.429846412685555634e+01
2.416467820030229419e+01
2.402866808870735937e+01
2.389045310801876809e+01
2.375035937808672060e+01
2.360872056891862059e+01
2.346545183790791000e+01
2.332052188960112815e+01
2.317434734231816407e+01
2.302704434804389422e+01
2.287854366013770502e+01
2.272884380435835894e+01
2.257799881883730819e+01
2.242609587720781761e+01
2.227318581951106680e+01
2.211929238012962529e+01
2.196443139642401832e+01
2.180861690301646050e+01
2.165186203334701176e+01
2.149417894698168041e+01
2.133557878853051548e+01
2.117607178434367299e+01
2.101566742459082349e+01
2.085437467874215400e+01
2.069220221224059486e+01
2.052915858693757301e+01
2.036525243676050678e+01
2.020049261519532635e+01
2.003488831409421422e+01
1.986844915498072695e+01
1.970118525493406025e+01
1.953310726957993992e+01
1.936422641587819626e+01
1.919455447738624088e+01
1.902410379455792722e+01
1.885288724246764858e+01
1.868091819814281607e+01
1.850821049947811758e+01
1.833477839749190252e+01
1.816063650348319314e+01
1.798579973245635344e+01
1.781028324400498875e+01
1.763410238168247801e+01
1.745727261174323885e+01
1.727980946200192847e+01
1.710172846144265080e+01
1.692304508110128936e+01
1.674377467664988828e+01
1.656393243302965246e+01
1.638353331140306679e+01
1.620259199863106758e+01
1.602112285942497039e+01
1.583913989127136723e+01
1.565665668218606399e+01
1.547368637131511626e+01
1.529024161236823609e+01
1.510633453984326202e+01
1.492197673797597801e+01
1.473717921233070172e+01
1.455195236392999902e+01
1.436630596580932284e+01
1.418024914187099128e+01
1.399379034790287157e+01
1.380693735462404526e+01
1.361969723261004894e+01
1.343207633895153563e+01
1.324408030549638227e+01
1.305571402852568852e+01
1.286698165971428409e+01
1.267788659822755015e+01
1.248843148380899493e+01
1.229861819071509821e+01
1.210844782235754380e+01
1.191792070651607638e+01
1.172703639098930672e+01
1.153579363955491743e+01
1.134419042811383349e+01
1.115222394089901492e+01
1.095989056663159644e+01
1.076718589451298769e+01
1.057410470994437546e+01
1.038064098987001671e+01
1.018678789764368808e+01
9.992537777321921055e+00
9.797882147290309263e+00
9.602811693133514126e+00
9.407316259660673197e+00
9.211384842002882323e+00
9.015005575699257534e+00
8.818165725692503898e+00
8.620851674154693001e+00
8.423048907067098412e+00
8.224741999477586774e+00
8.025914599361250623e+00
7.826549410009561392e+00
7.626628170874147905e+00
7.426131636791090784e+00
7.225039555511204803e+00
7.023330643461697775e+00
6.820982559663022471e+00
6.617971877724654561e+00
6.414274055841318045e+00
6.209863404710673329e+00
6.004713053290866576e+00
5.798794912315935690e+00
5.592079635483866440e+00
5.384536578231423398e+00
5.176133754007135934e+00
4.966837787952949945e+00
4.756613867902334647e+00
4.545425692602241163e+00
4.333235417064200234e+00
4.120003594949634973e+00
3.905689117893688778e+00
3.690249151672200245e+00
3.473639069117324230e+00
3.255812379688929781e+00
3.036720655611647057e+00
2.816313454491373047e+00
2.594538238330106328e+00
2.371340288865275703e+00
2.146662619168000052e+00
1.920445881446358305e+00
1.692628271012627028e+00
1.463145426390829007e+00
1.231930325560289141e+00
9.989131783553596433e-01
7.640213150699413092e-01
5.271790713494706182e-01
2.883076694930095107e-01
4.732509633522843928e-02
-1.958540220670112464e-01
-4.413185486536194690e-01
-6.891609661207007687e-01
-9.394775097692381616e-01
-1.192368301878012682e+00
-1.447937486926703210e+00
-1.706293366835284209e+00
-1.967548535217504613e+00
-2.231820009437177621e+00
-2.499229359010715079e+00
-2.769902828613084456e+00
-3.043971453614825240e+00
-3.321571165707218665e+00
-3.602842885763917202e+00
-3.887932600648584813e+00
-4.176991420215902195e+00
-4.470175610275723521e+00
-4.767646596802181058e+00
-5.069570936172775433e+00
-5.376120245716107249e+00
-5.687471088335553482e+00
-6.003804804453805488e+00
-6.325307284011845610e+00
-6.652168670776135606e+00
-6.984582990798139157e+00
-7.322747696593469691e+00
-7.666863118545279576e+00
-8.017131815295064357e+00
-8.373757815597516085e+00
-8.736945745446451639e+00
-9.106899836422035932e+00
-9.483822814384433642e+00
-9.867914672096167905e+00
-1.025937133535097168e+01
-1.065838323997096992e+01
-1.106513384681608692e+01
-1.147979813383934733e+01
-1.190254111818038929e+01
-1.233351647703034359e+01
-1.277286535290974712e+01
-1.322071544603305249e+01
-1.367718051204187191e+01
-1.414236039548148938e+01
-1.461634173535503045e+01
-1.509919947590550571e+01
-1.559099930025410252e+01
-1.609180107366216461e+01
-1.660166333462986898e+01
-1.712064880464431482e+01
-1.764883080177210317e+01
-1.818630034241817839e+01
-1.873317360517373587e+01
-1.928959931954927498e+01
-1.985576554243330705e+01
-2.043190521108288138e+01
-2.101829983021585591e+01
-2.161528067998937175e+01
-2.222322703741384231e+01
-2.284256109720096006e+01
-2.347373956061534983e+01
-2.411724221910776578e+01
-2.477355826038586528e+01
-2.544317141450519060e+01
-2.612654536660127746e+01
-2.682411101804818543e+01
-2.753625712115401569e+01
-2.826332552320970137e+01
-2.900561176361014404e+01
-2.976337115331768146e+01
-3.053682984211132734e+01
-3.132619986063956574e+01
-3.213169679600672879e+01
-3.295355865547739427e+01
-3.379206457348237080e+01
-3.464755226351061879e+01
-3.552043343243755658e+01
-3.641120668818360429e+01
-3.732046772799777301e+01
-3.824891676221455583e+01
-3.919736319486236198e+01
-4.016672755215761725e+01
-4.115804056221637808e+01
-4.217243894302870189e+01
-4.321115726782311128e+01
-4.427551494290741374e+01
-4.536689674923034232e+01
-4.648672486074016774e+01
-4.763641957251525128e+01
-4.881734519861934274e+01
-5.003073678474971331e+01
-5.127760253648337141e+01
-5.255859640969677571e+01
-5.387385552577674019e+01
-5.522279855584834252e+01
-5.660388479782705673e+01
-5.801434034075528956e+01
-5.944986834506731554e+01
-6.090437520894851531e+01
-6.236976167790944459e+01
-6.383584341459601319e+01
-6.529047154367431460e+01
-6.671991085546829936e+01
-6.810949514385598036e+01
-6.944451830758042377e+01
-7.071125235114980967e+01
-7.189793472556155507e+01
-7.299556033433739799e+01
-7.399835460807229026e+01
-7.490387868111842806e+01
-7.571279768873679927e+01
-7.642840185219075977e+01
-7.705599413511212958e+01
-7.760225043587725224e+01
-7.807463092785216929e+01
-7.848088818808150791e+01
-7.882868903536744654e+01
-7.912534689470150795e+01
-7.937765017094172038e+01
-7.959176758777805105e+01
-7.977321129477478223e+01
-7.992684072083494584e+01
-8.005689325104519583e+01
-8.016703099398966970e+01
-8.026039576754342875e+01
-8.033966679835755542e+01
-8.040711748239480983e+01
-8.046466894050816165e+01
-8.051393910175214330e+01
-8.055628673998734257e+01
-8.059285035099061645e+01
-8.062458204968821462e+01
-8.065227683874680054e+01
-8.067659768706266732e+01
-8.069809688696723526e+01
-8.071723415271873137e+01
-8.073439189531708848e+01
-8.074988807060545071e+01
-8.076398695577358922e+01
-8.077690816750769898e+01
-8.078883419493388374e+01
-8.079991668307668817e+01
-8.081028166836328808e+01
-8.082003393715194761e+01
-8.082926065148502914e+01
-8.083803436313532131e+01
-8.084641551722765485e+01
-8.085445452997301174e+01
-8.086219351105597752e+01
-8.086966768948465756e+01
-8.087690659185133768e+01
-8.088393501369637306e+01
-8.089077381810132295e+01
-8.089744059087557559e+01
-8.090395017837336411e+01
-8.091031513131135000e+01
-8.091654607494884033e+01
-8.092265202216320574e+01
-8.092864064153356196e+01
-8.093451848825121431e+01
-8.094029120230763397e+01
-8.094596367644233226e+01
-8.095154019573234905e+01
-8.095702455108610707e+01
-8.096242012963477919e+01
-8.096772998562029500e+01
-8.097295689557104481e+01
-8.097810340131300677e+01
-8.098317184385383882e+01
-8.098816439053052818e+01
-8.099308305719827672e+01
-8.099792972672830160e+01
-8.100270616468513651e+01
-8.100741403278072994e+01
-8.101205490051374625e+01
-8.101663025528782214e+01
-8.102114151122192709e+01
-8.102559001682440964e+01
-8.102997706167150227e+01
-8.103430388221349290e+01
-8.103857166681346769e+01
-8.104278156011913836e+01
-8.104693466685152714e+01
-8.105103205509055897e+01
-8.105507475912523319e+01
-8.105906378192997863e+01
-8.106300009732159140e+01
-8.106688465184255676e+01
-8.107071836641118523e+01
-8.107450213777404713e+01
-8.107823683978922702e+01
-8.108192332456660267e+01
-8.108556242348642229e+01
-8.108915494811452618e+01
-8.109270169102782688e+01
-8.109620342656614866e+01
-8.109966091151829914e+01
-8.110307488575223545e+01
-8.110644607279851925e+01
-8.110977518039142353e+01
-8.111306290097404315e+01
-8.111630991217174369e+01
-8.111951687723792759e+01
-8.112268444547522961e+01
-8.112581325263487031e+01
-8.112890392129632744e+01
-8.113195706122860429e+01
-8.113497326973724455e+01
-8.113795313199490522e+01
-8.114089722136036187e+01
-8.114380609968294777e+01
-8.114668031759788391e+01
-8.114952041480971445e+01
-8.115232692036551043e+01
-8.115510035292041380e+01
-8.115784122099218223e+01
-8.116055002320915435e+01
-8.116322724854988735e+01
-8.116587337657472290e+01
-8.116848887765122811e+01
-8.117107421317183480e+01
-8.117362983576590807e+01
-8.117615618950456735e+01
-8.117865371010076103e+01
-8.118112282510264777e+01
-8.118356395408223136e+01
-8.118597750881680497e+01
-8.118836389346827787e+01
-8.119072350475566680e+01
-8.119305673212203089e+01
-8.119536395789941707e+01
-8.119764555746621681e+01
-8.119990189940399716e+01
-8.120213334564569152e+01
-8.120434025162404623e+01
-8.120652296641311807e+01
-8.120868183286746955e+01
-8.121081718775747049e+01
-8.121292936190064893e+01
-8.121501868029088200e+01
-8.121708546222201619e+01
-8.121913002141084803e+01
-8.122115266611538686e+01
-8.122315369924957906e+01
-8.122513341849762014e+01
-8.122709211642224147e+01
-8.122903008057286911e+01
-8.123094759358964723e+01
-8.123284493330480416e+01
-8.123472237284286734e+01
-8.123658018071722609e+01
-8.123841862092402266e+01
-8.124023795303490658e+01
-8.124203843228636401e+01
-8.124382030966837931e+01
-8.124558383200952960e+01
-8.124732924206054463e+01
-8.124905677857574915e+01
-8.125076667639275740e+01
-8.125245916651091704e+01
-8.125413447616610085e+01
-8.125579282890588217e+01
-8.125743444466068865e+01
-8.125905953981597918e+01
-8.126066832728028544e+01
-8.126226101655305456e+01
-8.126383781379026061e+01
-8.126539892186916347e+01
-8.126694454045160398e+01
-8.126847486604415849e+01
-8.126999009205952973e+01
-8.127149040887493925e+01
-8.127297600388936871e+01
-8.127444706157955068e+01
-8.127590376355593094e+01
-8.127734628861456656e+01
-8.127877481279097083e+01
-8.128018950941114440e+01
-8.128159054914176807e+01
-8.128297810003859070e+01
-8.128435232759539986e+01
-8.128571339479104552e+01
-8.128706146213431794e+01
-8.128839668771018978e+01
-8.128971922722310239e+01
-8.129102923403978309e+01
-8.129232685923219037e+01
-8.129361225161876803e+01
-8.129488555780334025e+01
-8.129614692221643679e+01
-8.129739648715322176e+01
-8.129863439281112392e+01
-8.129986077732768024e+01
-8.130107577681609143e+01
-8.130227952540073488e+01
-8.130347215525294757e+01
-8.130465379662449266e+01
-8.130582457788058548e+01
-8.130698462553334593e+01
-8.130813406427304812e+01
-8.130927301700157273e+01
-8.131040160485957813e+01
-8.131151994726050702e+01
-8.131152008463293157e+01
