-8.150506590455796641e+01
-8.154392461915304580e+01
-8.157468801161343208e+01
-8.159904352932291260e+01
-8.161826321410843832e+01
-8.163344788167501065e+01
-8.164523626290427671e+01
-8.165451871743985635e+01
-8.166209337000454127e+01
-8.166848062501809125e+01
-8.167270060628098349e+01
-8.167547089278522776e+01
-8.168038081423613050e+01
-8.168810242182422598e+01
-8.169171911657424801e+01
-8.169017091579449641e+01
-8.153816065760975107e+01
-8.303459096364787229e+01
-6.234322252542069265e+01
1.859588008763893185e+01
2.292297500174585423e+01
2.081191085702053201e+01
2.017774994472621941e+01
2.014658680950378411e+01
2.027092697942117638e+01
2.048688880391370404e+01
2.077647811109985909e+01
2.111401077907096990e+01
2.147491518252077114e+01
2.183888193991298010e+01
2.218916887972669727e+01
2.251307985851303783e+01
2.280053479682514705e+01
2.304200870789133404e+01
2.322699035780339827e+01
2.334270611270202167e+01
2.337306306607363737e+01
2.329896430832333465e+01
2.310500199576874181e+01
2.279753160599698347e+01
2.241888353055480110e+01
2.202602778985480469e+01
2.165552911168014560e+01
2.131864467528748364e+01
2.101417034474665613e+01
2.073820703009909394e+01
2.048715121642266723e+01
2.025825701598850870e+01
2.004934072752179475e+01
1.985848538297420163e+01
1.968381684158519818e+01
1.952354270956351101e+01
1.937595636351799300e+01
1.923942263732242353e+01
1.911246123980434319e+01
1.899372893682160779e+01
1.888186012443746620e+01
1.877581969775369686e+01
1.867471347279158422e+01
1.857762344679139233e+01
1.848385339079732503e+01
1.839274109016619008e+01
1.830381183719170224e+01
1.821648489891225964e+01
1.813044261434260562e+01
1.804529756167143262e+01
1.796068839941678874e+01
1.787641910696613579e+01
1.779229909417200162e+01
1.770810195996726222e+01
1.762353121946038925e+01
1.753858286244678766e+01
1.745319424236990713e+01
1.736720540323794637e+01
1.728015194552168410e+01
1.719238808089864889e+01
1.710388964175369608e+01
1.701433377548748993e+01
1.692362986948153036e+01
1.683169050132401523e+01
1.673848073888092358e+01
1.664397291458396566e+01
1.654812046280245141e+01
1.645087274257226184e+01
1.635218348447697423e+01
1.625201218965804628e+01
1.615032371331938776e+01
1.604708737299719346e+01
1.594227600390483168e+01
1.583586586275403185e+01
1.572783714541328415e+01
1.561817346437643472e+01
1.550686105997007580e+01
1.539388884707191174e+01
1.527924810014272694e+01
1.516293151083257307e+01
1.504493262385634722e+01
1.492524633390253186e+01
1.480387051064965220e+01
1.468080690066124383e+01
1.455606010633055369e+01
1.442963625677899486e+01
1.430154249554501256e+01
1.417178700247286649e+01
1.404037911558169505e+01
1.390732939113957123e+01
1.377264959354688578e+01
1.363635264386343238e+01
1.349845255109283038e+01
1.335896433907695346e+01
1.321790397399510475e+01
1.307528829362020417e+01
1.293113493810849235e+01
1.278546228185281208e+01
1.263828936605488806e+01
1.248963583184891490e+01
1.233952185393703083e+01
1.218796807476738486e+01
1.203499553931402311e+01
1.188062563052126741e+01
1.172488000547002862e+01
1.156778053231225556e+01
1.140934922801171503e+01
1.124960819692095093e+01
1.108857957021968232e+01
1.092628544623642917e+01
1.076274783167461457e+01
1.059798858376248809e+01
1.043202935334858772e+01
1.026489152896216694e+01
1.009659618186321417e+01
9.927164012102243973e+00
9.756615295613428884e+00
9.584969832363684716e+00
9.412246895579135852e+00
9.238465182069495185e+00
9.063642763669076174e+00
8.887797039809980149e+00
8.710944691241220283e+00
8.533101634902424237e+00
8.354282979958030708e+00
8.174502984992111365e+00
7.993775016359885299e+00
7.812111507685910894e+00
7.629523920493459066e+00
7.446022705943607711e+00
7.261617267656371943e+00
7.076315925579713451e+00
6.890125880866087016e+00
6.703053181709679009e+00
6.515102690091126192e+00
6.326278049370270828e+00
6.136581652661479147e+00
5.946014611919998138e+00
5.754576727662830571e+00
5.562266459241414829e+00
5.369080895579385171e+00
5.175015726283725748e+00
4.980065213033862292e+00
4.784222161149097374e+00
4.587477891232643046e+00
4.389822210786914702e+00
4.191243385693650403e+00
3.991728111450276284e+00
3.791261484053542574e+00
3.589826970420998631e+00
3.387406378241359484e+00
3.183979825145883513e+00
2.979525707094712317e+00
2.774020665874423752e+00
2.567439555606753299e+00
2.359755408172135915e+00
2.150939397457205082e+00
1.940960802341058278e+00
1.729786968342487574e+00
1.517383267858326779e+00
1.303713058932717272e+00
1.088737642507551007e+00
8.724162181165485697e-01
6.547058379987104049e-01
4.355613596218814720e-01
2.149353966236421110e-01
-7.221731805006225205e-03
-2.309620530471024058e-01
-4.563399946295566001e-01
-6.834124391397762288e-01
-9.122387803626906821e-01
-1.142880980474824559e+00
-1.375403628087090269e+00
-1.609873996873230517e+00
-1.846362104453935782e+00
-2.084940771126064796e+00
-2.325685677931049966e+00
-2.568675423446941330e+00
-2.813991578566112484e+00
-3.061718738389008987e+00
-3.311944570227543849e+00
-3.564759856574396313e+00
-3.820258531760440501e+00
-4.078537710893891166e+00
-4.339697709551182392e+00
-4.603842052569515175e+00
-4.871077470169942636e+00
-5.141513879513841978e+00
-5.415264349664016486e+00
-5.692445047775152922e+00
-5.973175164195103193e+00
-6.257576814005771482e+00
-6.545774912393159006e+00
-6.837897021124886621e+00
-7.134073163342813828e+00
-7.434435603881982324e+00
-7.739118592428757104e+00
-8.048258067071468957e+00
-8.361991316214734127e+00
-8.680456597477475000e+00
-9.003792713127470648e+00
-9.332138542889083510e+00
-9.665632536663396834e+00
-1.000441217189554521e+01
-1.034861338308609469e+01
-1.069836997433561088e+01
-1.105381302988452674e+01
-1.141507034238290430e+01
-1.178226588407383879e+01
-1.215551935210947221e+01
-1.253494582567133797e+01
-1.292065557916012786e+01
-1.331275410205503107e+01
-1.371134238158487584e+01
-1.411651750842902331e+01
-1.452837366746996395e+01
-1.494700357425350212e+01
-1.537250041231252595e+01
-1.580496031594879547e+01
-1.624448542660392647e+01
-1.669118752796386218e+01
-1.714519223511670987e+01
-1.760664367653592421e+01
-1.807570956501869830e+01
-1.855258650622998573e+01
-1.903750534314795217e+01
-1.953073628426186303e+01
-2.003259351654486053e+01
-2.054343896580724760e+01
-2.106368484299227717e+01
-2.159379461250764365e+01
-2.213428204600205618e+01
-2.268570809068419436e+01
-2.324867539297079944e+01
-2.382382048047174194e+01
-2.441180381635560792e+01
-2.501329818891663237e+01
-2.562897616224091024e+01
-2.625949755538220387e+01
-2.690549809230887846e+01
-2.756758042728292324e+01
-2.824630866575315125e+01
-2.894220725893105950e+01
-2.965576477320058402e+01
-3.038744257779911351e+01
-3.113768803138783170e+01
-3.190695135800800131e+01
-3.269570514527008243e+01
-3.350446529984289157e+01
-3.433381234861166575e+01
-3.518441214006804074e+01
-3.605703522510830794e+01
-3.695257442274455428e+01
-3.787206025555570932e+01
-3.881667403585051801e+01
-3.978775837130682191e+01
-4.078682474998975493e+01
-4.181555753775896278e+01
-4.287581319921014966e+01
-4.396961311943352513e+01
-4.509912734997318040e+01
-4.626664543127014184e+01
-4.747452889469103354e+01
-4.872513808168304195e+01
-5.002072357558509452e+01
-5.136327000236865103e+01
-5.275427770670917482e+01
-5.419446687906128091e+01
-5.568339097392571091e+01
-5.721895469373440335e+01
-5.879685036106953788e+01
-6.040995893116984661e+01
-6.204780878848183789e+01
-6.369623904388504343e+01
-6.533745278086250607e+01
-6.695063491342921225e+01
-6.851321627585517149e+01
-7.000268955313899255e+01
-7.139867960422071747e+01
-7.268483908871468202e+01
-7.385016094644902296e+01
-7.488947311746653668e+01
-7.580312312509897765e+01
-7.659605922687113377e+01
-7.727660275636716847e+01
-7.785518439994837081e+01
-7.834323209460352189e+01
-7.875230185615806988e+01
-7.909346742077033809e+01
-7.937693965951950759e+01
-7.961186775987280839e+01
-7.980627198667831124e+01
-7.996706419002620692e+01
-8.010012157972778368e+01
-8.021038859884026806e+01
-8.030198966249284354e+01
-8.037834170730982919e+01
-8.044226001280563310e+01
-8.049605388554557805e+01
-8.054161085559610456e+01
-8.058046931215672259e+01
-8.061388023925999846e+01
-8.064285908655324420e+01
-8.066822895844444474e+01
-8.069065631904916813e+01
-8.071068034813352199e+01
-8.072873697849396990e+01
-8.074517851885894970e+01
-8.076028963442108477e+01
-8.077430033256054287e+01
-8.078739649251237154e+01
-8.079972838681575809e+01
-8.081141756710547952e+01
-8.082256242334830176e+01
-8.083324267090586090e+01
-8.084352297247231434e+01
-8.085345586209933799e+01
-8.086308410617083098e+01
-8.087244261004016721e+01
-8.088155995744216398e+01
-8.089045965207490951e+01
-8.089916111711413294e+01
-8.090768049817334884e+01
-8.091603130660608656e+01
-8.092422493167821074e+01
-8.093227104279924333e+01
-8.094017789890406789e+01
-8.094795258229422075e+01
-8.095560117675509559e+01
-8.096312891069234752e+01
-8.097054028283525895e+01
-8.097783918132401482e+01
-8.098502899930103638e+01
-8.099211274404574112e+01
-8.099909313377622766e+01
-8.100597267669812140e+01
-8.101275372973971400e+01
-8.101943853789074979e+01
-8.102602925770523257e+01
-8.103252796962260618e+01
-8.103893668350349344e+01
-8.104525734078470123e+01
-8.105149181547157866e+01
-8.105764191519016038e+01
-8.106370938280991822e+01
-8.106969589873071413e+01
-8.107560308371112967e+01
-8.108143250204295782e+01
-8.108718566487729618e+01
-8.109286403354019512e+01
-8.109846902272281000e+01
-8.110400200347011435e+01
-8.110946430593347145e+01
-8.111485722186786518e+01
-8.112018200688312675e+01
-8.112543988245994342e+01
-8.113063203775378440e+01
-8.113575963120837287e+01
-8.114082379200344519e+01
-8.114582562135663579e+01
-8.115076619370046274e+01
-8.115564655775295932e+01
-8.116046773749643251e+01
-8.116523073307668312e+01
-8.116993652163645834e+01
-8.117458605808779737e+01
-8.117918027583804985e+01
-8.118372008746806046e+01
-8.118820638537467005e+01
-8.119264004237778920e+01
-8.119702191229768573e+01
-8.120135283050598218e+01
-8.120563361445030637e+01
-8.120986506415837880e+01
-8.121404796272106807e+01
-8.121818307675567894e+01
-8.122227115685420529e+01
-8.122631293801099162e+01
-8.123030914004060321e+01
-8.123426046797582956e+01
-8.123816761245578277e+01
-8.124203125009982784e+01
-8.124585204386802673e+01
-8.124963064341221752e+01
-8.125336768541377808e+01
-8.125706379391218093e+01
-8.126071958062189537e+01
-8.126433564524060671e+01
-8.126791257574761573e+01
-8.127145094869285913e+01
-8.127495132947731804e+01
-8.127841427262509910e+01
-8.128184032204734422e+01
-8.128523001129903491e+01
-8.128858386382596279e+01
-8.129190239320782041e+01
-8.129518610339117402e+01
-8.129843548891786043e+01
-8.130165103514499947e+01
-8.130483321846075739e+01
-8.130798250649233694e+01
-8.131109935830802726e+01
-8.131418422461545958e+01
-8.131723754795200421e+01
-8.132025976287130220e+01
-8.132325129612405590e+01
-8.132621256683418665e+01
-8.132914398666962086e+01
-8.133204596000975073e+01
-8.133491888410574688e+01
-8.133776314923962047e+01
-8.134057913887680513e+01
-8.134336722981579726e+01
-8.134612779233367519e+01
-8.134886119032631768e+01
-8.135156778144744294e+01
-8.135424791724229010e+01
-8.135690194327820279e+01
-8.135953019927156049e+01
-8.136213301921213770e+01
-8.136471073148342725e+01
-8.136726365898113045e+01
-8.136979211922661648e+01
-8.137229642447950084e+01
-8.137477688184650049e+01
-8.137723379338724783e+01
-8.137966745621822895e+01
-8.138207816261349592e+01
-8.138446620010324750e+01
-8.138683185156995137e+01
-8.138917539534179468e+01
-8.139149710528386095e+01
-8.139379725088828366e+01
-8.139607609736030724e+01
-8.139833390570346694e+01
-8.140057093280196909e+01
-8.140278743150332730e+01
-8.140498365069488784e+01
-8.140715983538298417e+01
-8.140931622676701807e+01
-8.141145306231305767e+01
-8.141357057582639811e+01
-8.141566899752157838e+01
-8.141774855408939970e+01
-8.141980946876587666e+01
-8.142185196139642755e+01
-8.142387624849997962e+01
-8.142588254333169573e+01
-8.142787105594354102e+01
-8.142984199324460803e+01
-8.143179555905867062e+01
-8.143373195418128319e+01
-8.143565137643585672e+01
-8.143755402072868321e+01
-8.143944007910012317e+01
-8.144130974077963003e+01
-8.144316319223463552e+01
-8.144500061722025919e+01
-8.144682219682977120e+01
-8.144862810954093391e+01
-8.145041853126318188e+01
-8.145219363538313928e+01
-8.145395359280921355e+01
-8.145569857201574848e+01
-8.145742873908520210e+01
-8.145914425775134760e+01
-8.146084528943819691e+01
-8.146253199330192274e+01
-8.146420452626959730e+01
-8.146586304307778903e+01
-8.146750769630997979e+01
-8.146913863643391096e+01
-8.147075601183738058e+01
-8.147235996886364262e+01
-8.147395065184649354e+01
-8.147552820314407995e+01
-8.147709276317179672e+01
-8.147864447043581038e+01
-8.148018346156409564e+01
-8.148170987133808296e+01
-8.148322383272345348e+01
-8.148472547690029444e+01
-8.148621493329270038e+01
-8.148769232959696751e+01
-8.148769246530268617e+01
