-8.130292015912857551e+01
-8.116247145662609341e+01
-8.103357797371629090e+01
-8.091495919231721246e+01
-8.080589851440255700e+01
-8.070529671998434651e+01
-8.061249180205061293e+01
-8.052696576192803946e+01
-8.044847568058509069e+01
-8.037610073420312062e+01
-8.030789219528442402e+01
-8.024615728465185782e+01
-8.019362657485822865e+01
-8.014592546382796456e+01
-8.009384339167804967e+01
-7.999485362382338849e+01
-8.047841474491276870e+01
-7.466025546037411686e+01
2.400757254967106746e+01
2.307961839578385721e+01
2.032810549579769699e+01
2.004943739285297255e+01
2.009141183242146056e+01
2.020830249400945888e+01
2.041355490399003259e+01
2.069576595546224240e+01
2.102892650012846332e+01
2.138869137550604194e+01
2.175451512441109969e+01
2.210925985123531134e+01
2.243989823457046739e+01
2.273621005616338309e+01
2.298869721790730480e+01
2.318718649141726829e+01
2.331954935821906005e+01
2.337054596304322374e+01
2.332152499366777931e+01
2.315504976616512067e+01
2.287048757991994208e+01
2.250236915340516930e+01
2.210801731250053237e+01
2.173042993002550460e+01
2.138553688674377184e+01
2.107393104441412746e+01
2.079177718610862513e+01
2.053534732459930723e+01
2.030163326678512092e+01
2.008837490665136727e+01
1.989362446929843031e+01
1.971548334890339405e+01
1.955217486823403306e+01
1.940190074768414519e+01
1.926309137421104722e+01
1.913419260242908138e+01
1.901376614082407812e+01
1.890051018730851595e+01
1.879333961201501779e+01
1.869128171391270854e+01
1.859343242099381044e+01
1.849903796233984821e+01
1.840742824453200654e+01
1.831809503167781372e+01
1.823047654593759148e+01
1.814424744190343475e+01
1.805893950134945669e+01
1.797427071100821649e+01
1.788998340151239574e+01
1.780589559358168827e+01
1.772179672419781937e+01
1.763729166431124895e+01
1.755251755939298519e+01
1.746738358820381620e+01
1.738153504406687944e+01
1.729469467699753338e+01
1.720725066037437045e+01
1.711897391538175128e+01
1.702965739001852086e+01
1.693919129312489247e+01
1.684751712613758912e+01
1.675460563947974180e+01
1.666041084045457055e+01
1.656487778731348470e+01
1.646795444167659994e+01
1.636959465729643881e+01
1.626975811515255188e+01
1.616840955388186529e+01
1.606551774827851986e+01
1.596105495737405455e+01
1.585499738076916465e+01
1.574732510608100355e+01
1.563802117398370939e+01
1.552707136013991551e+01
1.541446413233225954e+01
1.530018982399091421e+01
1.518423981681169721e+01
1.506660657509020496e+01
1.494728494921058548e+01
1.482627366887625620e+01
1.470357497866459973e+01
1.457919316708603219e+01
1.445313370345681925e+01
1.432540311421418266e+01
1.419600910230526836e+01
1.406496063942649499e+01
1.393226798076925022e+01
1.379794262560633555e+01
1.366199725224189088e+01
1.352444564469487176e+01
1.338530261873839855e+01
1.324458394956633356e+01
1.310230630118950401e+01
1.295848715709833776e+01
1.281314475177369694e+01
1.266629800280998808e+01
1.251796644356809196e+01
1.236817015636886197e+01
1.221692970627817409e+01
1.206426607554638863e+01
1.191020059876087522e+01
1.175475489875985069e+01
1.159795082334587057e+01
1.143981038282886686e+01
1.128035568842233971e+01
1.111960889151265164e+01
1.095759212381951642e+01
1.079432743846528275e+01
1.062983675197136613e+01
1.046414178720053023e+01
1.029726401726588136e+01
1.012922461042671429e+01
9.960044375995783739e+00
9.789743711278580562e+00
9.618342549568524191e+00
9.445860309220462270e+00
9.272315843823285775e+00
9.097727393491705783e+00
8.922112537294090373e+00
8.745488146831091214e+00
8.567870340975963117e+00
8.389274441783454606e+00
8.209714931569923380e+00
8.029205411162681827e+00
7.847758559310451076e+00
7.665386093242228860e+00
7.482098730355285277e+00
7.297906151007341968e+00
7.112816962381603325e+00
6.926838663387056449e+00
6.739977610550486276e+00
6.552238984849687142e+00
6.363626759432329472e+00
6.174143668157975107e+00
5.983791174895777942e+00
5.792569443504713256e+00
5.600477308418048139e+00
5.407512245749384050e+00
5.213670344833055914e+00
5.018946280108133706e+00
4.823333283251939108e+00
4.626823115466176972e+00
4.429406039816837115e+00
4.231070793527298868e+00
4.031804560123250170e+00
3.831592941327842450e+00
3.630419928605675306e+00
3.428267874255829906e+00
3.225117461955547604e+00
3.020947676659303305e+00
2.815735773761286698e+00
2.609457247433980775e+00
2.402085798060815680e+00
2.193593298687533277e+00
1.983949760424333020e+00
1.773123296740057642e+00
1.561080086599692107e+00
1.347784336408352157e+00
1.133198240738080065e+00
9.172819418290315552e-01
6.999934878732250176e-01
4.812887901078636843e-01
2.611215787661493870e-01
3.944335795661926131e-02
-1.837966404320944824e-01
-4.086515036749657215e-01
-6.351766858436037611e-01
-8.634300559302292566e-01
-1.093471946220065494e+00
-1.325365200612750094e+00
-1.559175222528640159e+00
-1.794970021954296113e+00
-2.032820261084479885e+00
-2.272799297902774907e+00
-2.514983226909180303e+00
-2.759450916052589964e+00
-3.006284038762197852e+00
-3.255567099798301278e+00
-3.507387453465104610e+00
-3.761835312549546284e+00
-4.019003746172563396e+00
-4.278988664561978794e+00
-4.541888788575314528e+00
-4.807805601611097046e+00
-5.076843281340922331e+00
-5.349108608467931347e+00
-5.624710849463817830e+00
-5.903761609957580703e+00
-6.186374655149286639e+00
-6.472665693304429091e+00
-6.762752118067386853e+00
-7.056752705026835493e+00
-7.354787257697617875e+00
-7.656976197875192014e+00
-7.963440095203099922e+00
-8.274299130806731739e+00
-8.589672490033013474e+00
-8.909677679743298384e+00
-9.234429766296134545e+00
-9.564040531389430555e+00
-9.898617544378438993e+00
-1.023826315161565503e+01
-1.058307338584018531e+01
-1.093313680172940039e+01
-1.128853324745164599e+01
-1.164933258642438396e+01
-1.201559338843644476e+01
-1.238736161472532871e+01
-1.276466932731339909e+01
-1.314753345861223366e+01
-1.353595468261639390e+01
-1.392991643343655817e+01
-1.432938411990426353e+01
-1.473430458589978365e+01
-1.514460586429973787e+01
-1.556019726747395282e+01
-1.598096984869379433e+01
-1.640679725650554488e+01
-1.683753698824348177e+01
-1.727303202997682163e+01
-1.771311284926545682e+01
-1.815759968551887127e+01
-1.860630506219309410e+01
-1.905903642741623827e+01
-1.951559881680238107e+01
-1.997579742591276997e+01
-2.043943998133740791e+01
-2.090633880934478839e+01
-2.137631251933762400e+01
-2.184918724489510922e+01
-2.232479741606211832e+01
-2.280298607008086265e+01
-2.328360474081135223e+01
-2.376651299637176962e+01
-2.425157771708364862e+01
-2.473867221935828198e+01
-2.522767533448818256e+01
-2.571847054441729696e+01
-2.621094526068954167e+01
-2.670499031018941594e+01
-2.720049966492132398e+01
-2.769737042608851141e+01
-2.819550304803339458e+01
-2.869480176747697442e+01
-2.919517518937283640e+01
-2.969653697307094475e+01
-3.019880656102906258e+01
-3.070190989604150289e+01
-3.120578008052016372e+01
-3.171035794127313068e+01
-3.221559247410071691e+01
-3.272144115318504021e+01
-3.322787009986014084e+01
-3.373485411334845452e+01
-3.424237657221392794e+01
-3.475042921958897324e+01
-3.525901184782159703e+01
-3.576813189931795023e+01
-3.627780400030164287e+01
-3.678804944328404503e+01
-3.729889563250559092e+01
-3.781037550470260555e+01
-3.832252693546158895e+01
-3.883539213928554545e+01
-3.934901706948240019e+01
-3.986345082184470812e+01
-4.037874506119909768e+01
-4.089495345256533909e+01
-4.141213105240180425e+01
-4.193033374067573504e+01
-4.244961765675272147e+01
-4.297003863285662817e+01
-4.349165162231256687e+01
-4.401451011831762372e+01
-4.453866555850328979e+01
-4.506416671023594489e+01
-4.559105903141447413e+01
-4.611938400144214967e+01
-4.664917841707696056e+01
-4.718047364799711829e+01
-4.771329484716362401e+01
-4.824766011142792621e+01
-4.878357958833068864e+01
-4.932105452570849735e+01
-4.986007626156457917e+01
-5.040062515272710897e+01
-5.094266944212168369e+01
-5.148616406607853691e+01
-5.203104940499347464e+01
-5.257724998291228502e+01
-5.312467312422827348e+01
-5.367320757867782532e+01
-5.422272212920130841e+01
-5.477306420096800821e+01
-5.532405849390353580e+01
-5.587550566531683671e+01
-5.642718109358344236e+01
-5.697883375814187445e+01
-5.753018527510779734e+01
-5.808092913134063906e+01
-5.863073016256781500e+01
-5.917922432284529322e+01
-5.972601879291689642e+01
-6.027069247359860782e+01
-6.081279690689603967e+01
-6.135185766191168000e+01
-6.188737621460182226e+01
-6.241883234005691605e+01
-6.294568702335630661e+01
-6.346738588045501217e+01
-6.398336306449265010e+01
-6.449304561596751739e+01
-6.499585819818774723e+01
-6.549122814311836294e+01
-6.597859071810762543e+01
-6.645739451181451329e+01
-6.692710682877682871e+01
-6.738721897703005936e+01
-6.783725133244556105e+01
-6.827675806716725049e+01
-6.870533143762337147e+01
-6.912260553974172694e+01
-6.952825945463503388e+01
-6.992201972640036445e+01
-7.030366213385296703e+01
-7.067301273901867376e+01
-7.102994821601514275e+01
-7.137439548360258357e+01
-7.170633068237196994e+01
-7.202577755256905334e+01
-7.233280528049193947e+01
-7.262752588999073566e+01
-7.291009126080525959e+01
-7.318068985744083932e+01
-7.343954325131107908e+01
-7.368690251536254721e+01
-7.392304456483327613e+01
-7.414826851067968505e+01
-7.436289208403495365e+01
-7.456724818131712595e+01
-7.476168157068363485e+01
-7.494654579178410359e+01
-7.512220027248234544e+01
-7.528900767858745269e+01
-7.544733150580314884e+01
-7.559753391714828297e+01
-7.573997382404861867e+01
-7.587500520513265201e+01
-7.600297565345283601e+01
-7.612422514030667742e+01
-7.623908498201102191e+01
-7.634787699475333511e+01
-7.645091282196011662e+01
-7.654849341837008581e+01
-7.664090867511349359e+01
-7.672843717049073575e+01
-7.681134603176423070e+01
-7.688989089404810784e+01
-7.696431594326523395e+01
-7.703485403110040863e+01
-7.710172685086189404e+01
-7.716514516415789160e+01
-7.722530906927545402e+01
-7.728240830309493958e+01
-7.733662256927489409e+01
-7.738812188629495381e+01
-7.743706694973153049e+01
-7.748360950387899493e+01
-7.752789271849231056e+01
-7.757005156704127558e+01
-7.761021320341164653e+01
-7.764849733448309621e+01
-7.768501658645413954e+01
-7.771987686316803945e+01
-7.775317769504441401e+01
-7.778501257751469211e+01
-7.781546929812191138e+01
-7.784463025167723060e+01
-7.787257274305058274e+01
-7.789936927734966332e+01
-7.792508783737383737e+01
-7.794979214835365156e+01
-7.797354193008344225e+01
-7.799639313663490725e+01
-7.801839818390945425e+01
-7.803960616533558436e+01
-7.806006305606314299e+01
-7.807981190603435095e+01
-7.809889302233594321e+01
-7.811734414125585602e+01
-7.813520059046983590e+01
-7.815249544179624763e+01
-7.816925965494951356e+01
-7.818552221272798874e+01
-7.820131024805554887e+01
-7.821664916329683592e+01
-7.823156274224874096e+01
-7.824607325520044299e+01
-7.826020155744505757e+01
-7.827396718160501621e+01
-7.828738842412361976e+01
-7.830048242626025967e+01
-7.831326524990817006e+01
-7.832575194854425149e+01
-7.833795663359826733e+01
-7.834989253652474872e+01
-7.836157206683272136e+01
-7.837300686632900693e+01
-7.838420785980667915e+01
-7.839518530240080452e+01
-7.840594882382571029e+01
-7.841650746968556973e+01
-7.842686974005118827e+01
-7.843704362547320841e+01
-7.844703664060092763e+01
-7.845685585555928299e+01
-7.846650792523097095e+01
-7.847599911658116412e+01
-7.848533533415179875e+01
-7.849452214384692184e+01
-7.850356479512129226e+01
-7.851246824167863281e+01
-7.852123716077856841e+01
-7.852987597124320018e+01
-7.853838885025278671e+01
-7.854677974901009918e+01
-7.855505240734817107e+01
-7.856321036735494090e+01
-7.857125698607930531e+01
-7.857919544738028605e+01
-7.858702877297824330e+01
-7.859475983276186639e+01
-7.860239135440058078e+01
-7.860992593230962200e+01
-7.861736603601259787e+01
-7.862471401794158510e+01
-7.863197212071331421e+01
-7.863914248391672857e+01
-7.864622715044629331e+01
-7.865322807240997349e+01
-7.866014711664269043e+01
-7.866698606985326592e+01
-7.867374664342398205e+01
-7.868043047789518596e+01
-7.868703914714976122e+01
-7.869357416231905233e+01
-7.870003697543307908e+01
-7.870642898282652311e+01
-7.871275152832355104e+01
-7.871900590621081051e+01
-7.872519336401677492e+01
-7.873131510510928877e+01
-7.873737229112430214e+01
-7.874336604423569952e+01
-7.874929744928017783e+01
-7.875516755574243177e+01
-7.876097737961606526e+01
-7.876672790514270162e+01
-7.877242008644110172e+01
-7.877805484903403510e+01
-7.878363309127674086e+01
-7.878915568569800598e+01
-7.879462348025506913e+01
-7.880003729951198466e+01
-7.880539794574495716e+01
-7.881070619997865379e+01
-7.881596282296051470e+01
-7.882116855607536365e+01
-7.882632412220492313e+01
-7.883143022653483456e+01
-7.883648755731594804e+01
-7.884149678657823301e+01
-7.884645857080433018e+01
-7.885137355156392402e+01
-7.885624235611044242e+01
-7.886106559794502857e+01
-7.886584387734778545e+01
-7.887057778187950419e+01
-7.887526788685514134e+01
-7.887991475579252665e+01
-7.888451894083429750e+01
-7.888908098314948347e+01
-7.888908113886577667e+01
