-8.145712662263555615e+01
-8.145807038469753536e+01
-8.145887427735799236e+01
-8.145955363998102428e+01
-8.146007327644684892e+01
-8.146046124282729295e+01
-8.146057625822805903e+01
-8.146063843599404208e+01
-8.146093718766196901e+01
-8.146152790624338991e+01
-8.146100932183156829e+01
-8.146034595934837341e+01
-8.146291216785078859e+01
-8.146835747580925613e+01
-8.146822314185475022e+01
-8.146910629675085147e+01
-8.130081855215298958e+01
-8.378474807384556300e+01
-5.359437227653747016e+01
1.461036722821231315e+01
2.310534816708197070e+01
2.478940673654780014e+01
2.572424653076908641e+01
2.664066945961987543e+01
2.738161906350685015e+01
2.793624446174754539e+01
2.835316381396296492e+01
2.867124602653886711e+01
2.891476421048675860e+01
2.909882963197916084e+01
2.923333086784407087e+01
2.932571392754346107e+01
2.938183014150787287e+01
2.940579335024029461e+01
2.940044785676602856e+01
2.936760927175526703e+01
2.930824583567530794e+01
2.922261433843967993e+01
2.911002682580674161e+01
2.896897686440341602e+01
2.879689173426182336e+01
2.858982197219945931e+01
2.834256153591326921e+01
2.804881978729756398e+01
2.770250971565062059e+01
2.730064119074147655e+01
2.684835026233954380e+01
2.636254167779462065e+01
2.586837385127184419e+01
2.538841650994717369e+01
2.493544856909657881e+01
2.451296786698495112e+01
2.411953799885876393e+01
2.375230829806669064e+01
2.340841999103885129e+01
2.308554320091077727e+01
2.278178537177923246e+01
2.249562777636645805e+01
2.222573529591535291e+01
2.197075841262453721e+01
2.172948817244204989e+01
2.150073357259347162e+01
2.128338898453279882e+01
2.107631497407258436e+01
2.087859683380942855e+01
2.068919073656513774e+01
2.050724484660915081e+01
2.033206881960520818e+01
2.016288833239543266e+01
1.999913021455441964e+01
1.984005135296366262e+01
1.968522631771281084e+01
1.953432715529370256e+01
1.938673718287449432e+01
1.924193951395593416e+01
1.909982282512008211e+01
1.896010028116332080e+01
1.882234816588481507e+01
1.868626699633010446e+01
1.855161484695219798e+01
1.841817453884425504e+01
1.828574038294831894e+01
1.815411894943864368e+01
1.802313117632315809e+01
1.789261251341493164e+01
1.776241199641818369e+01
1.763239105609623891e+01
1.750242232639103790e+01
1.737238856303130774e+01
1.724218177098556026e+01
1.711170250290425088e+01
1.698085921580600655e+01
1.684956766786268290e+01
1.671775038116672363e+01
1.658533615735860778e+01
1.645225965624325326e+01
1.631846107656007305e+01
1.618388589530958299e+01
1.604848454078022968e+01
1.591221202062335749e+01
1.577502760303218032e+01
1.563689449306861334e+01
1.549777946182634381e+01
1.535765253228778171e+01
1.521648679534787085e+01
1.507425835314249873e+01
1.493094640543422713e+01
1.478653342597629994e+01
1.464100520190087451e+01
1.449435053412231511e+01
1.434656071266709176e+01
1.419762907138420971e+01
1.404755076207703191e+01
1.389632267938995369e+01
1.374394342779630129e+01
1.359041327345533290e+01
1.343573406975248652e+01
1.327990916432642621e+01
1.312294329783144420e+01
1.296484250152160733e+01
1.280561399723102589e+01
1.264526610100400994e+01
1.248380813045930182e+01
1.232125031554475036e+01
1.215760371227275805e+01
1.199288011910057072e+01
1.182709199571794301e+01
1.166025238408651177e+01
1.149237483163275186e+01
1.132347331652805700e+01
1.115356217501449798e+01
1.098265603073902419e+01
1.081076972606871678e+01
1.063791825536113400e+01
1.046411670016667550e+01
1.028938016634083397e+01
1.011372372304764156e+01
9.937162343635943529e+00
9.759710848373204684e+00
9.581383849022268251e+00
9.402195695248465768e+00
9.222160422845400163e+00
9.041291703767589283e+00
8.859602797959198028e+00
8.677106506967017907e+00
8.493815129324946867e+00
8.309740417696536596e+00
8.124893537759705353e+00
7.939285028815631584e+00
7.752924766102172072e+00
7.565821924788470376e+00
7.377984945625018831e+00
7.189421502220419313e+00
7.000138469912705830e+00
6.810141896200081923e+00
6.619436972692774646e+00
6.428028008544876215e+00
6.235918405321759117e+00
6.043110633256761233e+00
5.849606208847654365e+00
5.655405673742197159e+00
5.460508574859779252e+00
5.264913445695277083e+00
5.068617788750413133e+00
4.871618059037446713e+00
4.673909648600224287e+00
4.475486871998501925e+00
4.276342952702524514e+00
4.076470010346628037e+00
3.875859048793169226e+00
3.674499944960796238e+00
3.472381438374843921e+00
3.269491121401541633e+00
3.065815430132271757e+00
2.861339635889530886e+00
2.656047837331634742e+00
2.449922953139672455e+00
2.242946715276545877e+00
2.035099662815263333e+00
1.826361136340941105e+00
1.616709272938903430e+00
1.406121001789242042e+00
1.194572040396745471e+00
9.820368914933479410e-01
7.684888406591101617e-01
5.538999547161350678e-01
3.382410809583490385e-01
1.214818472882907424e-01
-9.640933666009894598e-02
-3.154652773261380494e-01
-5.357199938609041867e-01
-7.572087134988507717e-01
-9.799678655547258144e-01
-1.204035073929957012e+00
-1.429449148002716052e+00
-1.656250071763267551e+00
-1.884478991038976092e+00
-2.114178198631039951e+00
-2.345391117156264027e+00
-2.578162279352894437e+00
-2.812537305571136681e+00
-3.048562878129876808e+00
-3.286286712186396120e+00
-3.525757522741748584e+00
-3.767024987396800917e+00
-4.010139704488381085e+00
-4.255153146274238019e+00
-4.502117606899881608e+00
-4.751086144967436198e+00
-5.002112520631025738e+00
-5.255251127259715993e+00
-5.510556917831644697e+00
-5.768085326349140729e+00
-6.027892184687819288e+00
-6.290033635422600966e+00
-6.554566041304298984e+00
-6.821545892201902106e+00
-7.091029710480961867e+00
-7.363073955965087514e+00
-7.637734931827101725e+00
-7.915068692985481213e+00
-8.195130958840772806e+00
-8.477977032477513220e+00
-8.763661728779755578e+00
-9.052239314261958825e+00
-9.343763461798063830e+00
-9.638287223840130480e+00
-9.935863028145808684e+00
-1.023654270048053760e+01
-1.054037751921567434e+01
-1.084741830720153466e+01
-1.115771556674536669e+01
-1.147131966395458669e+01
-1.178828106910442663e+01
-1.210865066003544932e+01
-1.243248009586458203e+01
-1.275982226847568413e+01
-1.309073183932012974e+01
-1.342526586896772756e+01
-1.376348454657317255e+01
-1.410545202591926994e+01
-1.445123737392118457e+01
-1.480091563637552809e+01
-1.515456902425502506e+01
-1.551228822192335777e+01
-1.587417381620319468e+01
-1.624033784219912135e+01
-1.661090543807464215e+01
-1.698601659652221940e+01
-1.736582799536373045e+01
-1.775051488349936690e+01
-1.814027299121934078e+01
-1.853532042568376426e+01
-1.893589950318420989e+01
-1.934227845974772819e+01
-1.975475297098601501e+01
-2.017364740126280864e+01
-2.059931569195948597e+01
-2.103214178987483152e+01
-2.147253951100560343e+01
-2.192095173393994045e+01
-2.237784882305846423e+01
-2.284372619714709884e+01
-2.331910098634457995e+01
-2.380450776162549076e+01
-2.430049337722192604e+01
-2.480761103672289636e+01
-2.532641377479434297e+01
-2.585744763201817875e+01
-2.640124488096731170e+01
-2.695831772528833170e+01
-2.752915292779746537e+01
-2.811420781743036557e+01
-2.871390807197598249e+01
-2.932864757431427094e+01
-2.995879050287764045e+01
-3.060467565803053702e+01
-3.126662286538383029e+01
-3.194494115560739189e+01
-3.263993831518843791e+01
-3.335193134380639890e+01
-3.408125734294314668e+01
-3.482828439041040269e+01
-3.559342201424455254e+01
-3.637713095158450471e+01
-3.717993194838800264e+01
-3.800241341069454393e+01
-3.884523774717321487e+01
-3.970914623744659622e+01
-4.059496223760829992e+01
-4.150359242868328380e+01
-4.243602556814168736e+01
-4.339332823391598737e+01
-4.437663664780983908e+01
-4.538714334684520679e+01
-4.642607707491722380e+01
-4.749467376756815185e+01
-4.859413592320988329e+01
-4.972557702099989996e+01
-5.088994702547734050e+01
-5.208793454405417833e+01
-5.331984111056806341e+01
-5.458542373347209065e+01
-5.588370381940143972e+01
-5.721274456629860339e+01
-5.856940565458729253e+01
-5.994909401733000465e+01
-6.134554227589237740e+01
-6.275066012236900548e+01
-6.415451428546839452e+01
-6.554549335640770380e+01
-6.691069792152663354e+01
-6.823656076665923820e+01
-6.950965078460255597e+01
-7.071756166317740622e+01
-7.184975218657899632e+01
-7.289820507477793399e+01
-7.385780855647686849e+01
-7.472642637391811604e+01
-7.550468557560914462e+01
-7.619555733264995467e+01
-7.680382468235482918e+01
-7.733552485623106065e+01
-7.779743217264568500e+01
-7.819662100577973263e+01
-7.854012479867766672e+01
-7.883469010281544342e+01
-7.908661459523437998e+01
-7.930165360139879738e+01
-7.948497899478742568e+01
-7.964117581539190383e+01
-7.977426436508488905e+01
-7.988773815959100943e+01
-7.998461054474357468e+01
-8.006746484232679961e+01
-8.013850453353931869e+01
-8.019960124116730071e+01
-8.025233919112611147e+01
-8.029805548503438217e+01
-8.033787595948253113e+01
-8.037274669737668376e+01
-8.040346143444246252e+01
-8.043068520216763773e+01
-8.045497459182320199e+01
-8.047679503140575719e+01
-8.049653545238251695e+01
-8.051452069599255879e+01
-8.053102197617234026e+01
-8.054626568184055202e+01
-8.056044076742456639e+01
-8.057370494828391827e+01
-8.058618988780499137e+01
-8.059800553586221383e+01
-8.060924375433113198e+01
-8.061998134435650343e+01
-8.063028257197443338e+01
-8.064020127322466180e+01
-8.064978260682842404e+01
-8.065906451151928991e+01
-8.066807891588535995e+01
-8.067685274087580183e+01
-8.068540872890355331e+01
-8.069376612871488419e+01
-8.070194126160977532e+01
-8.070994799159090860e+01
-8.071779811887813594e+01
-8.072550171262017216e+01
-8.073306739468212356e+01
-8.074050258266122171e+01
-8.074781369736125214e+01
-8.075500633818604967e+01
-8.076208542925812139e+01
-8.076905533915832791e+01
-8.077591997757679110e+01
-8.078268287247699675e+01
-8.078934723138600305e+01
-8.079591599015516579e+01
-8.080239185204932539e+01
-8.080877731946092979e+01
-8.081507472000788539e+01
-8.082128622831658049e+01
-8.082741388442575214e+01
-8.083345960949267806e+01
-8.083942521928672420e+01
-8.084531243583769822e+01
-8.085112289751779713e+01
-8.085685816777657919e+01
-8.086251974271344523e+01
-8.086810905764269819e+01
-8.087362749278403840e+01
-8.087907637819422746e+01
-8.088445699804711353e+01
-8.088977059434435546e+01
-8.089501837014428531e+01
-8.090020149237118119e+01
-8.090532109426851548e+01
-8.091037827754774980e+01
-8.091537411427555071e+01
-8.092030964853960029e+01
-8.092518589792587136e+01
-8.093000385483325942e+01
-8.093476448765115094e+01
-8.093946874182029205e+01
-8.094411754079132493e+01
-8.094871178689903957e+01
-8.095325236216064013e+01
-8.095774012901171091e+01
-8.096217593098607779e+01
-8.096656059334715394e+01
-8.097089492367761920e+01
-8.097517971243320289e+01
-8.097941573346169264e+01
-8.098360374449610788e+01
-8.098774448761912481e+01
-8.099183868970612821e+01
-8.099588706284733064e+01
-8.099989030475151708e+01
-8.100384909913027798e+01
-8.100776411606925365e+01
-8.101163601238339140e+01
-8.101546543195875927e+01
-8.101925300608183989e+01
-8.102299935375795314e+01
-8.102670508201694588e+01
-8.103037078621061085e+01
-8.103399705029850963e+01
-8.103758444712562437e+01
-8.104113353869112757e+01
-8.104464487640791504e+01
-8.104811900135536007e+01
-8.105155644452374020e+01
-8.105495772705127422e+01
-8.105832336045452280e+01
-8.106165384685181152e+01
-8.106494967918033012e+01
-8.106821134140731999e+01
-8.107143930873409943e+01
-8.107463404779572613e+01
-8.107779601685467696e+01
-8.108092566598898543e+01
-8.108402343727421169e+01
-8.108708976496293985e+01
-8.109012507565708461e+01
-8.109312978847603404e+01
-8.109610431522132501e+01
-8.109904906053590423e+01
-8.110196442205975131e+01
-8.110485079058032909e+01
-8.110770855018043335e+01
-8.111053807838176510e+01
-8.111333974628446697e+01
-8.111611391870273735e+01
-8.111886095429788668e+01
-8.112158120570803987e+01
-8.112427501967258081e+01
-8.112694273715634097e+01
-8.112958469346864376e+01
-8.113220121837967724e+01
-8.113479263623455040e+01
-8.113735926606412363e+01
-8.113990142169301123e+01
-8.114241941184560858e+01
-8.114491354024779923e+01
-8.114738410572857674e+01
-8.114983140231743164e+01
-8.115225571934050208e+01
-8.115465734151217703e+01
-8.115703654902833364e+01
-8.115939361765389037e+01
-8.116172881880980583e+01
-8.116404241965796018e+01
-8.116633468318391920e+01
-8.116860586827753821e+01
-8.117085622981171866e+01
-8.117308601871945939e+01
-8.117529548206995571e+01
-8.117748486314110323e+01
-8.117965440149207268e+01
-8.118180433303271570e+01
-8.118393489009308439e+01
-8.118604630148996648e+01
-8.118813879259292321e+01
-8.119021258538738550e+01
-8.119226789853857440e+01
-8.119430494745151350e+01
-8.119632394433222089e+01
-8.119832509824472311e+01
-8.120030861517027176e+01
-8.120227469806141585e+01
-8.120422354689786459e+01
-8.120615535874020452e+01
-8.120807032778142798e+01
-8.120996864539951332e+01
-8.121185050020693552e+01
-8.121371607809948046e+01
-8.121556556230503077e+01
-8.121739913342995010e+01
-8.121921696950596470e+01
-8.122101924603447287e+01
-8.122280613603149391e+01
-8.122280627482982140e+01
