-8.145713400843993668e+01
-8.145808280838856774e+01
-8.145898868334828080e+01
-8.145954023207330863e+01
-8.146006942261799111e+01
-8.146033212582119631e+01
-8.146038074572030041e+01
-8.146082517317685756e+01
-8.146151813286645904e+01
-8.146043055347993800e+01
-8.146117830478441135e+01
-8.146769151237944584e+01
-8.146900097252016337e+01
-8.147518080415476049e+01
-8.117529862908737925e+01
-8.047717191920006030e+01
3.477027840209655096e+01
3.064238378940708785e+01
2.560286368599918916e+01
2.300302308051992739e+01
2.161903645022411169e+01
2.097988607929059413e+01
2.080010234607767572e+01
2.089865609130907131e+01
2.115779925468953948e+01
2.149939618775181316e+01
2.187276609652267823e+01
2.224690157611688335e+01
2.260258389836737791e+01
2.292682783780556832e+01
2.320981575733390656e+01
2.344289016684809468e+01
2.361679316268779871e+01
2.372004136922575057e+01
2.373803089965363000e+01
2.365305733353675066e+01
2.345072448129017673e+01
2.313666682096374316e+01
2.275104913161633391e+01
2.234984335085398754e+01
2.197017997676605816e+01
2.162397404810587531e+01
2.131034108542006322e+01
2.102522313797877374e+01
2.076493775499600147e+01
2.052675153188352652e+01
2.030852230492864763e+01
2.010837825448989946e+01
1.992448762573305032e+01
1.975513373525068062e+01
1.959871077578994658e+01
1.945355461320252388e+01
1.931817368793936041e+01
1.919124001125411993e+01
1.907145517456930151e+01
1.895781535818286656e+01
1.884924650216795783e+01
1.874498345497021035e+01
1.864424318104021339e+01
1.854652915068112051e+01
1.845095801154431214e+01
1.835754085818042469e+01
1.826575041161989077e+01
1.817473755598972218e+01
1.808495752587667482e+01
1.799585627960823686e+01
1.790708658192534131e+01
1.781840468547793677e+01
1.772960519638983712e+01
1.764054905727914857e+01
1.755111502948878410e+01
1.746117382793276107e+01
1.737060090395588929e+01
1.727928326898339506e+01
1.718711987798894825e+01
1.709402039072810453e+01
1.699990367150372350e+01
1.690469656137749510e+01
1.680833279861970908e+01
1.671075209298509989e+01
1.661189985217716369e+01
1.651172704437774286e+01
1.641018947421379437e+01
1.630724723077079474e+01
1.620286413116713220e+01
1.609700678777799610e+01
1.598964430593707320e+01
1.588074938342969666e+01
1.577029942722767331e+01
1.565827597781285263e+01
1.554466345682378936e+01
1.542944851405501439e+01
1.531261991267519917e+01
1.519416856537316640e+01
1.507408754389367012e+01
1.495237203548290772e+01
1.482901926473881815e+01
1.470402840057706761e+01
1.457740045986830602e+01
1.444913821265642007e+01
1.431924609029727691e+01
1.418773009642557525e+01
1.405459772029258758e+01
1.391985785205826431e+01
1.378352069975596272e+01
1.364559770776500613e+01
1.350610147670098371e+01
1.336504568467318954e+01
1.322244500987562610e+01
1.307831505448237763e+01
1.293267226981698670e+01
1.278553388276336200e+01
1.263691782338316472e+01
1.248684265370429181e+01
1.233532749764530045e+01
1.218239197204187896e+01
1.202805611874537561e+01
1.187234033776621089e+01
1.171526532143898791e+01
1.155685198959187687e+01
1.139712142570587439e+01
1.123609481405568111e+01
1.107379337782786699e+01
1.091023831821626366e+01
1.074545075449924525e+01
1.057945166510622492e+01
1.041226182968471470e+01
1.024390177218156417e+01
1.007439170495426950e+01
9.903751473928362969e+00
9.732000504821364473e+00
9.559157750448857627e+00
9.385241639131796987e+00
9.210270024221218321e+00
9.034260134755129457e+00
8.857228527259994877e+00
8.679191038705953432e+00
8.500162740621792778e+00
8.320157894371252638e+00
8.139189907587605077e+00
7.957271291758841514e+00
7.774413620950098469e+00
7.590627491644498903e+00
7.405922483677294998e+00
7.220307122232747510e+00
7.033788840866142422e+00
6.846373945507708392e+00
6.658067579398676550e+00
6.468873688903338248e+00
6.278794990135287080e+00
6.087832936329756528e+00
5.895987685888544938e+00
5.703258071018772135e+00
5.509641566881402497e+00
5.315134261161380103e+00
5.119730823966627931e+00
4.923424477959925660e+00
4.726206968624205196e+00
4.528068534559499980e+00
4.328997877707688957e+00
4.128982133399566656e+00
3.928006840118354770e+00
3.726055908873104450e+00
3.523111592076152654e+00
3.319154451819767981e+00
3.114163327448727703e+00
2.908115302327955121e+00
2.700985669707349768e+00
2.492747897589703054e+00
2.283373592512129679e+00
2.072832462156755096e+00
1.861092276712950966e+00
1.648118828920719814e+00
1.433875892733622370e+00
1.218325180549583164e+00
1.001426298969414708e+00
7.831367030555579367e-01
5.634116490777467678e-01
3.422041457479207405e-01
1.194649039600095969e-01
-1.048577149227708089e-01
-3.308177521856770498e-01
-5.584717062133540688e-01
-7.878785881642309530e-01
-1.019099978746143886e+00
-1.252200085919357608e+00
-1.487245803296868951e+00
-1.724306768931758826e+00
-1.963455424074955991e+00
-2.204767071351968699e+00
-2.448319931646591563e+00
-2.694195198802046498e+00
-2.942477091068004924e+00
-3.193252898051109678e+00
-3.446613021780124075e+00
-3.702651010381876606e+00
-3.961463582779391146e+00
-4.223150642758029427e+00
-4.487815280683644659e+00
-4.755563761078732021e+00
-5.026505494154146270e+00
-5.300752989244247537e+00
-5.578421787902696494e+00
-5.859630374185679003e+00
-6.144500059400531455e+00
-6.433154838344349535e+00
-6.725721213819152666e+00
-7.022327986016525969e+00
-7.323106003237557893e+00
-7.628187870382703295e+00
-7.937707611742844449e+00
-8.251800284885073111e+00
-8.570601542897804848e+00
-8.894247142993783939e+00
-9.222872400524321890e+00
-9.556611588903960453e+00
-9.895597287852508472e+00
-1.023995968480798524e+01
-1.058982583741589423e+01
-1.094531890871883562e+01
-1.130655739107964486e+01
-1.167365433996799418e+01
-1.204671664445128343e+01
-1.242584436740779275e+01
-1.281113019487825078e+01
-1.320265904021765735e+01
-1.360050785430845011e+01
-1.400474569740393171e+01
-1.441543413043262944e+01
-1.483262798294721740e+01
-1.525637655044594077e+01
-1.568672526466818162e+01
-1.612371786592562017e+01
-1.656739908609334933e+01
-1.701781782441396373e+01
-1.747503076612323270e+01
-1.793910635700990497e+01
-1.841012900696125953e+01
-1.888820335458641964e+01
-1.937345838610952953e+01
-1.986605116848574326e+01
-2.036616993326407510e+01
-2.087403623864597080e+01
-2.138990594713953897e+01
-2.191406878959244509e+01
-2.244684634672788448e+01
-2.298858836839599462e+01
-2.353966746756501038e+01
-2.410047236557682027e+01
-2.467140001733517707e+01
-2.525284709447487330e+01
-2.584520143135139847e+01
-2.644883412074493734e+01
-2.706409296368591555e+01
-2.769129791775523941e+01
-2.833073904918089880e+01
-2.898267728914597541e+01
-2.964734805015648433e+01
-3.032496750910024375e+01
-3.101574114592390075e+01
-3.171987396998983755e+01
-3.243758178654817925e+01
-3.316910285455931273e+01
-3.391470935184387514e+01
-3.467471817279593438e+01
-3.544950071296359084e+01
-3.623949142076953933e+01
-3.704519500165855561e+01
-3.786719223233896514e+01
-3.870614437654266027e+01
-3.956279618666991382e+01
-4.043797744572562181e+01
-4.133260295376055637e+01
-4.224767047858716040e+01
-4.318425639313620223e+01
-4.414350834116699929e+01
-4.512663395573284930e+01
-4.613488436606425580e+01
-4.716953082518588758e+01
-4.823183232017955646e+01
-4.932299150027052548e+01
-5.044409571115448188e+01
-5.159603943595393361e+01
-5.277942416009909010e+01
-5.399443184392355732e+01
-5.524066917641248864e+01
-5.651698211108747927e+01
-5.782124446623308955e+01
-5.915013117678080334e+01
-6.049889632212845925e+01
-6.186118764821296878e+01
-6.322894075571540640e+01
-6.459240328543008047e+01
-6.594033658911521911e+01
-6.726042419648686632e+01
-6.853988137583206708e+01
-6.976621398111957717e+01
-7.092803105078422732e+01
-7.201579094877298814e+01
-7.302236697312720537e+01
-7.394335523684974021e+01
-7.477710263365510457e+01
-7.552448696949679174e+01
-7.618851889820534495e+01
-7.677384929093339849e+01
-7.728625878430288765e+01
-7.773218675882162643e+01
-7.811833383101711092e+01
-7.845135148616290621e+01
-7.873761771332971193e+01
-7.898308873370508820e+01
-7.919321299524575863e+01
-7.937289297798794507e+01
-7.952648161199407184e+01
-7.965780222626624152e+01
-7.977018327003381160e+01
-7.986650121763297250e+01
-7.994922692101987138e+01
-8.002047216425087584e+01
-8.008203431981937115e+01
-8.013543785405379083e+01
-8.018197203298511511e+01
-8.022272459445545678e+01
-8.025861142372988866e+01
-8.029040243729481574e+01
-8.031874397368359553e+01
-8.034417803435209748e+01
-8.036715872885082490e+01
-8.038806626889240192e+01
-8.040721883383297097e+01
-8.042488260140467560e+01
-8.044128020622939346e+01
-8.045659785727116287e+01
-8.047099131558168494e+01
-8.048459090632307777e+01
-8.049750571456658577e+01
-8.050982709285140970e+01
-8.052163158992172498e+01
-8.053298339418721241e+01
-8.054393637191623156e+01
-8.055453576836815444e+01
-8.056481962948926423e+01
-8.057481999206984824e+01
-8.058456388142947446e+01
-8.059407414802473113e+01
-8.060337016815590516e+01
-8.061246842929884338e+01
-8.062138301728734291e+01
-8.063012602026317666e+01
-8.063870786254614131e+01
-8.064713758003345845e+01
-8.065542304724891665e+01
-8.066357116468928723e+01
-8.067158801370536025e+01
-8.067947898487446423e+01
-8.068724888469888867e+01
-8.069490202453374650e+01
-8.070244229488497467e+01
-8.070987322761494909e+01
-8.071719804811222332e+01
-8.072441971910323844e+01
-8.073154097748458469e+01
-8.073856436531592351e+01
-8.074549225591964330e+01
-8.075232687587551084e+01
-8.075907032357400794e+01
-8.076572458487693495e+01
-8.077229154635487873e+01
-8.077877300648844994e+01
-8.078517068516468669e+01
-8.079148623173794874e+01
-8.079772123189353294e+01
-8.080387721350200536e+01
-8.080995565162861283e+01
-8.081595797283668503e+01
-8.082188555889229065e+01
-8.082773974997228095e+01
-8.083352184745133684e+01
-8.083923311633543562e+01
-8.084487478739791300e+01
-8.085044805906501608e+01
-8.085595409908670206e+01
-8.086139404603127900e+01
-8.086676901062332945e+01
-8.087208007695339518e+01
-8.087732830357707314e+01
-8.088251472451665336e+01
-8.088764035018334653e+01
-8.089270616822554416e+01
-8.089771314431794735e+01
-8.090266222289575637e+01
-8.090755432784244761e+01
-8.091239036313525901e+01
-8.091717121345403996e+01
-8.092189774475836828e+01
-8.092657080483367338e+01
-8.093119122381172303e+01
-8.093575981466730696e+01
-8.094027737369269460e+01
-8.094474468095116038e+01
-8.094916250071442221e+01
-8.095353158188054010e+01
-8.095785265837712075e+01
-8.096212644954974280e+01
-8.096635366053612870e+01
-8.097053498262717142e+01
-8.097467109361656412e+01
-8.097876265813782481e+01
-8.098281032799035017e+01
-8.098681474245529444e+01
-8.099077652860276544e+01
-8.099469630158573352e+01
-8.099857466492933611e+01
-8.100241221080824516e+01
-8.100620952031744082e+01
-8.100996716373379058e+01
-8.101368570077057996e+01
-8.101736568082472445e+01
-8.102100764321610882e+01
-8.102461211742092928e+01
-8.102817962329820034e+01
-8.103171067130854510e+01
-8.103520576272950393e+01
-8.103866538986204660e+01
-8.104209003623329011e+01
-8.104548017679275063e+01
-8.104883627810363578e+01
-8.105215879852798366e+01
-8.105544818840886023e+01
-8.105870489024496806e+01
-8.106192933886306662e+01
-8.106512196158378458e+01
-8.106828317838457565e+01
-8.107141340205791380e+01
-8.107451303836430156e+01
-8.107758248618330299e+01
-8.108062213765877857e+01
-8.108363237834116433e+01
-8.108661358732707924e+01
-8.108956613739292152e+01
-8.109249039512732793e+01
-8.109538672105963997e+01
-8.109825546978427724e+01
-8.110109699008354767e+01
-8.110391162504561180e+01
-8.110669971218162289e+01
-8.110946158353726787e+01
-8.111219756580432261e+01
-8.111490798042794381e+01
-8.111759314371171570e+01
-8.112025336691924338e+01
-8.112288895637540520e+01
-8.112550021356297236e+01
-8.112808743521870269e+01
-8.113065091342505752e+01
-8.113319093570235907e+01
-8.113570778509614456e+01
-8.113820174026453458e+01
-8.114067307556253184e+01
-8.114312206112441572e+01
-8.114554896294403363e+01
-8.114795404295510650e+01
-8.115033755910583579e+01
-8.115269976543609687e+01
-8.115504091214975801e+01
-8.115736124568628895e+01
-8.115966100879278144e+01
-8.116194044059002977e+01
-8.116419977664152441e+01
-8.116643924901789831e+01
-8.116865908636189886e+01
-8.117085951394997778e+01
-8.117304075375463412e+01
-8.117520302450405723e+01
-8.117734654174036280e+01
-8.117947151787717530e+01
-8.118157816225601664e+01
-8.118366668120128793e+01
-8.118573727807341811e+01
-8.118779015332157201e+01
-8.118982550453551994e+01
-8.119184352649611469e+01
-8.119384441122338103e+01
-8.119582834802643845e+01
-8.119779552354953012e+01
-8.119974612181825080e+01
-8.120168032428588845e+01
-8.120359830987668204e+01
-8.120550025502986102e+01
-8.120738633374145365e+01
-8.120925671760704745e+01
-8.121111157586150853e+01
-8.121295107541952518e+01
-8.121477538091491510e+01
-8.121658465473804256e+01
-8.121837905707479877e+01
-8.122015874594221430e+01
-8.122192387722502360e+01
-8.122367460471106426e+01
-8.122541108012609357e+01
-8.122541121788663077e+01
