-8.145721443642003123e+01
-8.145822939766318882e+01
-8.145909096287736872e+01
-8.145981936406660395e+01
-8.146040107086321314e+01
-8.146085542394823165e+01
-8.146102434875834319e+01
-8.146117251565118522e+01
-8.146156532837612474e+01
-8.146225411564674346e+01
-8.146181014205384940e+01
-8.146119291728416556e+01
-8.146384066996554907e+01
-8.146939580702294847e+01
-8.146918904637108483e+01
-8.146972441623110228e+01
-8.130172367421747026e+01
-8.377912316918796876e+01
-5.371140939235420575e+01
1.375639959931013401e+01
1.966802089460088965e+01
1.876503908059993719e+01
1.777985182451656954e+01
1.745039812946509272e+01
1.747665964273634742e+01
1.769501532789202614e+01
1.803196109942026837e+01
1.843685788490014943e+01
1.887073553712843577e+01
1.930384571617583944e+01
1.971383112344583921e+01
2.008318089754617830e+01
2.039612474957780464e+01
2.063500463723667977e+01
2.077782605716257081e+01
2.079798693035469981e+01
2.067379721739937892e+01
2.041626464866917701e+01
2.008461841059276054e+01
1.974612503273339925e+01
1.943585936939048153e+01
1.916167321487651520e+01
1.892134564702330479e+01
1.871083893792749819e+01
1.852673192542283687e+01
1.836608375732264520e+01
1.822627091531117216e+01
1.810468545246106231e+01
1.799885855664781431e+01
1.790647433630287821e+01
1.782527289215055788e+01
1.775329681947609828e+01
1.768869184519245508e+01
1.762999067709144541e+01
1.757586887577430090e+01
1.752514898462830573e+01
1.747680483867107526e+01
1.743008751949267321e+01
1.738433829626274374e+01
1.733894185309117475e+01
1.729345607176433575e+01
1.724746441929698548e+01
1.720070820945747059e+01
1.715283759700615818e+01
1.710376271110377644e+01
1.705317245727654907e+01
1.700096434986587823e+01
1.694708196768712227e+01
1.689140450530532434e+01
1.683391031747313349e+01
1.677435724836604791e+01
1.671288128788104999e+01
1.664959121133459519e+01
1.658428740172876914e+01
1.651652448342999691e+01
1.644716588551119330e+01
1.637577561413191063e+01
1.630228774445344442e+01
1.622665057613508210e+01
1.614884511450775761e+01
1.606891962984992261e+01
1.598689035778078349e+01
1.590274923114626127e+01
1.581648852839532182e+01
1.572810535620535788e+01
1.563760016958429411e+01
1.554497489425568979e+01
1.545023346804136821e+01
1.535338286201624847e+01
1.525443170175215002e+01
1.515338955890571526e+01
1.505026753845751308e+01
1.494507748748283937e+01
1.483783057364271052e+01
1.472853718699056991e+01
1.461720910088847702e+01
1.450386153534799227e+01
1.438851229102844620e+01
1.427118003950109149e+01
1.415188365665002479e+01
1.403064226877193121e+01
1.390747543772138783e+01
1.378240328137530213e+01
1.365544651694459155e+01
1.352662645777433958e+01
1.339596498879928177e+01
1.326348453374797032e+01
1.312920801919356784e+01
1.299315883684733919e+01
1.285536080424468786e+01
1.271583812375277844e+01
1.257461533991367197e+01
1.243171729524439861e+01
1.228716908467844782e+01
1.214099600885042030e+01
1.199322352641705436e+01
1.184387720558642521e+01
1.169298267500434285e+01
1.154056557412545736e+01
1.138665150317880048e+01
1.123126597282474570e+01
1.107443435358921491e+01
1.091618182515443891e+01
1.075653332557974551e+01
1.059551350052215035e+01
1.043314665252362694e+01
1.026945669042955878e+01
1.010446707900067054e+01
9.938200788779338879e+00
9.770680246266731928e+00
9.601927284469333301e+00
9.431963093864798253e+00
9.260808173837771662e+00
9.088482284631330899e+00
8.915004399854501216e+00
8.740392659583013923e+00
8.564664324083144820e+00
8.387835728184290573e+00
8.209922236318250910e+00
8.030938198236436065e+00
7.850896905409944893e+00
7.669810548107779624e+00
7.487690173142294014e+00
7.304545642261611960e+00
7.120385591160315109e+00
6.935217389071314464e+00
6.749047098892414276e+00
6.561879437793002978e+00
6.373717738236623020e+00
6.184563909346922905e+00
5.994418398535644954e+00
5.803280153302684319e+00
5.611146583110074637e+00
5.418013521223842055e+00
5.223875186409657090e+00
5.028724144361090609e+00
4.832551268732161454e+00
4.635345701639198346e+00
4.437094813491246015e+00
4.237784162002045107e+00
4.037397450231881457e+00
3.835916483502931129e+00
3.633321125027330289e+00
3.429589250084317253e+00
3.224696698579617049e+00
3.018617225818259531e+00
2.811322451321092597e+00
2.602781805514486013e+00
2.392962474123538463e+00
2.181829340101015813e+00
1.969344922926844710e+00
1.755469315117764495e+00
1.540160115792496454e+00
1.323372361145610965e+00
1.105058451693100796e+00
8.851680761645863704e-01
6.636481319316996919e-01
4.404426418795832077e-01
2.154926676490882820e-01
-1.126378079772750833e-02
-2.398918393097070056e-01
-4.704598873533285541e-01
-7.030396494451095490e-01
-9.377063000904384271e-01
-1.174538572059436570e+00
-1.413618867746085916e+00
-1.655033373261434404e+00
-1.898872174792323175e+00
-2.145229376612701966e+00
-2.394203219962307116e+00
-2.645896201805466585e+00
-2.900415192252085106e+00
-3.157871549163578262e+00
-3.418381228181654574e+00
-3.682064886107843549e+00
-3.949047975227347518e+00
-4.219460825808698523e+00
-4.493438713616392910e+00
-4.771121908838263259e+00
-5.052655702344949873e+00
-5.338190404655680510e+00
-5.627881312378699263e+00
-5.921888636218548996e+00
-6.220377383908937574e+00
-6.523517190640973240e+00
-6.831482088740440162e+00
-7.144450207533846964e+00
-7.462603393578414845e+00
-7.786126740780251687e+00
-8.115208019470884437e+00
-8.450036993363188031e+00
-8.790804613601988393e+00
-9.137702080029177054e+00
-9.490919761502802032e+00
-9.850645969877966479e+00
-1.021706558634061324e+01
-1.059035854445273905e+01
-1.097069818179084777e+01
-1.135824948165210735e+01
-1.175316723808671071e+01
-1.215559419144637410e+01
-1.256565919743230175e+01
-1.298347550966100172e+01
-1.340913927301962971e+01
-1.384272834105004968e+01
-1.428430154329888069e+01
-1.473389853557953799e+01
-1.519154036470602698e+01
-1.565723086674264231e+01
-1.613095899176500936e+01
-1.661270210691749938e+01
-1.710243027280909445e+01
-1.760011141734900164e+01
-1.810571724935086380e+01
-1.861922966717944661e+01
-1.914064733299329291e+01
-1.966999201004323794e+01
-2.020731420933585909e+01
-2.075269767315396052e+01
-2.130626224577759587e+01
-2.186816475317844066e+01
-2.243859763642087657e+01
-2.301778525538296094e+01
-2.360597799051920731e+01
-2.420344450296066441e+01
-2.481046274161438348e+01
-2.542731047845217773e+01
-2.605425627671561983e+01
-2.669155182283962802e+01
-2.733942646592790382e+01
-2.799808461091355838e+01
-2.866770632755332571e+01
-2.934845120880224556e+01
-3.004046519071331645e+01
-3.074388978097905678e+01
-3.145887297031556074e+01
-3.218558103524097902e+01
-3.292421047596601369e+01
-3.367499944584053395e+01
-3.443823818687990723e+01
-3.521427815651092175e+01
-3.600353968654307835e+01
-3.680651813788308857e+01
-3.762378859395771258e+01
-3.845600916968533767e+01
-3.930392300278634110e+01
-4.016835894939951856e+01
-4.105023095172124670e+01
-4.195053579676354616e+01
-4.287034895861312833e+01
-4.381081803589445656e+01
-4.477315297454381948e+01
-4.575861201203456829e+01
-4.676848193410835108e+01
-4.780405082777564019e+01
-4.886657105243379107e+01
-4.995720965731050711e+01
-5.107698300199967179e+01
-5.222667199162469132e+01
-5.340671429814510418e+01
-5.461707048593822833e+01
-5.585706249609000196e+01
-5.712518598331720199e+01
-5.841890308503048601e+01
-5.973442970222848203e+01
-6.106654110694299220e+01
-6.240843040403758124e+01
-6.375166322161449983e+01
-6.508627448547524352e+01
-6.640104409822392029e+01
-6.768396443458851763e+01
-6.892287543532627581e+01
-7.010620130857635957e+01
-7.122369018301959898e+01
-7.226704772098382534e+01
-7.323037353340556876e+01
-7.411035009381362215e+01
-7.490618382652637308e+01
-7.561934126935736344e+01
-7.625314881528605326e+01
-7.681232993128458020e+01
-7.730254333626250229e+01
-7.772996694983473276e+01
-7.810095252749570705e+01
-7.842175929702463577e+01
-7.869836340233962346e+01
-7.893633340013983002e+01
-7.914075934406685064e+01
-7.931622282456015682e+01
-7.946679659166433396e+01
-7.959606427111206983e+01
-7.970715268856845626e+01
-7.980277116792677816e+01
-7.988525374375811339e+01
-7.995660149345498269e+01
-8.001852316880918181e+01
-8.007247302979482129e+01
-8.011968530212385531e+01
-8.016120503959866994e+01
-8.019791541135363389e+01
-8.023056158435900898e+01
-8.025977145793748946e+01
-8.028607354874480961e+01
-8.030991233645245586e+01
-8.033166137332152346e+01
-8.035163444288659207e+01
-8.037009502937499406e+01
-8.038726433353302525e+01
-8.040332804415025691e+01
-8.041844204896869996e+01
-8.043273724459196217e+01
-8.044632358296281893e+01
-8.045929347222138972e+01
-8.047172463231721906e+01
-8.048368249057436685e+01
-8.049522218933226725e+01
-8.050639026662778974e+01
-8.051722606137930427e+01
-8.052776288647400804e+01
-8.053802900643273688e+01
-8.054804845089087451e+01
-8.055784169092265756e+01
-8.056742620191725734e+01
-8.057681693381729815e+01
-8.058602670655577072e+01
-8.059506654526613545e+01
-8.060394596644374587e+01
-8.061267322305842242e+01
-8.062125551409458524e+01
-8.062969916235066137e+01
-8.063800976355406647e+01
-8.064619230973272579e+01
-8.065425128997166837e+01
-8.066219077188199549e+01
-8.067001446712421853e+01
-8.067772578411384643e+01
-8.068532787064370382e+01
-8.069282364867574131e+01
-8.070021584307897911e+01
-8.070750700565427849e+01
-8.071469953544850284e+01
-8.072179569609127725e+01
-8.072879763069597914e+01
-8.073570737473302472e+01
-8.074252686718602945e+01
-8.074925796024089664e+01
-8.075590242770805105e+01
-8.076246197235076352e+01
-8.076893823226265567e+01
-8.077533278642106040e+01
-8.078164715952642894e+01
-8.078788282622690531e+01
-8.079404121480769163e+01
-8.080012371042306540e+01
-8.080613165793378982e+01
-8.081206636440492730e+01
-8.081792910131517260e+01
-8.082372110651493813e+01
-8.082944358597136159e+01
-8.083509771533303478e+01
-8.084068464133355292e+01
-8.084620548306274657e+01
-8.085166133312262104e+01
-8.085705325868076443e+01
-8.086238230243841940e+01
-8.086764948352443128e+01
-8.087285579832233395e+01
-8.087800222123966876e+01
-8.088308970543003795e+01
-8.088811918346836194e+01
-8.089309156798697131e+01
-8.089800775227794816e+01
-8.090286861086325132e+01
-8.090767500003677526e+01
-8.091242775838215096e+01
-8.091712770726428516e+01
-8.092177565130315031e+01
-8.092637237882570389e+01
-8.093091866230064113e+01
-8.093541525875590992e+01
-8.093986291018164536e+01
-8.094426234391757191e+01
-8.094861427302670620e+01
-8.095291939665756331e+01
-8.095717840039080215e+01
-8.096139195657920595e+01
-8.096556072467319609e+01
-8.096968535153618518e+01
-8.097376647175198627e+01
-8.097780470791994389e+01
-8.098180067094382650e+01
-8.098575496030998977e+01
-8.098966816435826388e+01
-8.099354086054445645e+01
-8.099737361569469840e+01
-8.100116698625318179e+01
-8.100492151852306222e+01
-8.100863774889863578e+01
-8.101231620409313905e+01
-8.101595740135888946e+01
-8.101956184870137179e+01
-8.102313004508785355e+01
-8.102666248064952015e+01
-8.103015963687870737e+01
-8.103362198682084738e+01
-8.103704999525994879e+01
-8.104044411890100719e+01
-8.104380480654602081e+01
-8.104713249926554397e+01
-8.105042763056707145e+01
-8.105369062655645962e+01
-8.105692190609748593e+01
-8.106012188096546822e+01
-8.106329095599896561e+01
-8.106642952924525503e+01
-8.106953799210306499e+01
-8.107261672946265207e+01
-8.107566611984000815e+01
-8.107868653551042826e+01
-8.108167834263623774e+01
-8.108464190139285677e+01
-8.108757756609143996e+01
-8.109048568529765078e+01
-8.109336660194851731e+01
-8.109622065346593445e+01
-8.109904817186772163e+01
-8.110184948387494330e+01
-8.110462491101853288e+01
-8.110737476974092885e+01
-8.111009937149732707e+01
-8.111279902285397725e+01
-8.111547402558291253e+01
-8.111812467675576954e+01
-8.112075126883561893e+01
-8.112335408976522899e+01
-8.112593342305443400e+01
-8.112848954786495881e+01
-8.113102273909348128e+01
-8.113353326745246363e+01
-8.113602139955006010e+01
-8.113848739796625864e+01
-8.114093152132964804e+01
-8.114335402439078848e+01
-8.114575515809460171e+01
-8.114813516965064366e+01
-8.115049430260269503e+01
-8.115283279689568019e+01
-8.115515088894153450e+01
-8.115744881168481584e+01
-8.115972679466457862e+01
-8.116198506407590685e+01
-8.116422384283190183e+01
-8.116644335062078142e+01
-8.116864380396485501e+01
-8.117082541627681280e+01
-8.117298839791453702e+01
-8.117513295623572844e+01
-8.117725929565068554e+01
-8.117936761767344933e+01
-8.118145812097407088e+01
-8.118353100142681456e+01
-8.118558645215941283e+01
-8.118762466360037422e+01
-8.118964582352559489e+01
-8.119165011710443025e+01
-8.119363772694376280e+01
-8.119560883313209843e+01
-8.119756361328273897e+01
-8.119950224257429738e+01
-8.120142489379405504e+01
-8.120333173737657262e+01
-8.120522294144342368e+01
-8.120709867184260133e+01
-8.120895909218538122e+01
-8.121080436388467660e+01
-8.121263464619002548e+01
-8.121445009622459565e+01
-8.121625086901907764e+01
-8.121803711754678545e+01
-8.121980899275678212e+01
-8.121980913135529079e+01
