-8.145684113518785807e+01
-8.145745270405809890e+01
-8.145792978449759403e+01
-8.145830983702701644e+01
-8.145857436326870982e+01
-8.145874824586516638e+01
-8.145867431130594127e+01
-8.145859900275796406e+01
-8.145879212719439977e+01
-8.145930579984526787e+01
-8.145871435277199168e+01
-8.145796138117232488e+01
-8.146047791531147197e+01
-8.146591799285867808e+01
-8.146571998096908374e+01
-8.146627537989864720e+01
-8.129815535068647137e+01
-8.376962171456831641e+01
-5.379986669341091954e+01
1.408986034669263709e+01
2.084497108509155083e+01
2.069745923057309156e+01
2.021217112293305007e+01
2.014959940446559017e+01
2.028099169760694664e+01
2.050453514677356281e+01
2.078729999529135597e+01
2.110162624627993821e+01
2.141841294382319205e+01
2.170667760029419568e+01
2.192935313254229612e+01
2.202903380099262876e+01
2.188600001180533994e+01
2.131108958588799140e+01
2.042645350694420969e+01
1.960282911496989300e+01
1.891658602116674714e+01
1.833322465032682302e+01
1.782896248666602901e+01
1.739294068824170125e+01
1.701851182177161093e+01
1.669924034790198775e+01
1.642848910341520607e+01
1.619955304862817513e+01
1.600627678484577743e+01
1.584309694167940030e+01
1.570521528028160141e+01
1.558845241210536159e+01
1.548933345749934531e+01
1.540498090803770026e+01
1.533290662046209007e+01
1.527111185642912794e+01
1.521783171340762486e+01
1.517170938932381929e+01
1.513155945808432001e+01
1.509632537228346116e+01
1.506507954167245700e+01
1.503712831079979217e+01
1.501184348573502092e+01
1.498861052404325456e+01
1.496696163144892644e+01
1.494643565620261505e+01
1.492670791257043028e+01
1.490735395956405007e+01
1.488819089335274626e+01
1.486882706457397951e+01
1.484905761826476400e+01
1.482872526610077202e+01
1.480761050397508427e+01
1.478559017037972900e+01
1.476235499989592448e+01
1.473792578548509269e+01
1.471232318861789423e+01
1.468529597331218461e+01
1.465634555420556495e+01
1.462614643400571701e+01
1.459429821312786935e+01
1.456064681119825188e+01
1.452510092832680932e+01
1.448759529448012096e+01
1.444810184343513093e+01
1.440659114094738591e+01
1.436302084923573474e+01
1.431734001064769757e+01
1.426951442851131802e+01
1.421952219042003307e+01
1.416733603677623421e+01
1.411293787387119281e+01
1.405631913020535073e+01
1.399746866796773226e+01
1.393637195936260120e+01
1.387300868667055020e+01
1.380736856984441552e+01
1.373945753160704619e+01
1.366928404478939996e+01
1.359685524937720480e+01
1.352217849566438801e+01
1.344526246140898351e+01
1.336611743064827884e+01
1.328475524317295964e+01
1.320118919187933137e+01
1.311543394055266987e+01
1.302750546001247756e+01
1.293742096956215981e+01
1.284519887643328317e+01
1.275085871156373685e+01
1.265442106273522072e+01
1.255590750674849154e+01
1.245534054208317087e+01
1.235274352302131007e+01
1.224814059578978487e+01
1.214155663696181264e+01
1.203301719415377313e+01
1.192254842893131084e+01
1.181017706177128979e+01
1.169593031889489509e+01
1.157983588077787118e+01
1.146192183214549942e+01
1.134221661327122632e+01
1.122074897241092906e+01
1.109754791922052064e+01
1.097264267902129831e+01
1.084606264779385221e+01
1.071783734779690711e+01
1.058799638372376961e+01
1.045656939932321272e+01
1.032358603442592759e+01
1.018907588233096995e+01
1.005306844751869910e+01
9.915593103667669439e+00
9.776679051965764700e+00
9.636355279712045530e+00
9.494650519217451290e+00
9.351593207018888521e+00
9.207211443428391817e+00
9.061532952445464417e+00
8.914585042065173326e+00
8.766394565018657659e+00
8.616987879987043186e+00
8.466390813330248122e+00
8.314628621375399931e+00
8.161725953309050041e+00
8.007706814717744592e+00
7.852594531820436430e+00
7.696411716434298000e+00
7.539180231713491054e+00
7.380921158697265838e+00
7.221654763700179558e+00
7.061400466572998802e+00
6.900176809858830751e+00
6.738001428863160669e+00
6.574891022652060713e+00
6.410861325986783044e+00
6.245927082197348490e+00
6.080102016991527414e+00
5.913398813190164027e+00
5.745829086373185568e+00
5.577403361414876137e+00
5.408131049881112595e+00
5.238020428255329541e+00
5.067078616954488801e+00
4.895311560090718217e+00
4.722724005929469726e+00
4.549319487989893496e+00
4.375100306728740840e+00
4.200067511744930648e+00
4.024220884438256540e+00
3.847558921051921654e+00
3.670078816026076218e+00
3.491776445586690869e+00
3.312646351491984387e+00
3.132681724857212302e+00
2.951874389977084068e+00
2.770214788064641276e+00
2.587691960825130977e+00
2.404293533783687042e+00
2.220005699286450085e+00
2.034813199096136227e+00
1.848699306504943962e+00
1.661645807889990722e+00
1.473632983639552974e+00
1.284639588381587760e+00
1.094642830450051063e+00
9.036183505285783069e-01
7.115401994158514487e-01
5.183808148616796396e-01
3.241109974281185524e-01
1.286998853352091798e-01
-6.788507174293889612e-02
-2.656781399598155957e-01
-4.647153296759063967e-01
-6.650344249466065838e-01
-8.666750141168424459e-01
-1.069678521504529689e+00
-1.274088240133494088e+00
-1.479949365448355758e+00
-1.687309029908284019e+00
-1.896216338312575855e+00
-2.106722403659279763e+00
-2.318880383279482871e+00
-2.532745514926889818e+00
-2.748375152437882551e+00
-2.965828800514389574e+00
-3.185168148123885157e+00
-3.406457099958660084e+00
-3.629761805351197079e+00
-3.855150684001617645e+00
-4.082694447834386509e+00
-4.312466118260272374e+00
-4.544541038072345884e+00
-4.778996877147259958e+00
-5.015913631053082078e+00
-5.255373611579635451e+00
-5.497461428110604231e+00
-5.742263958642690014e+00
-5.989870309137081961e+00
-6.240371759763125858e+00
-6.493861696465460298e+00
-6.750435526166409517e+00
-7.010190573807293823e+00
-7.273225959345757552e+00
-7.539642452770634939e+00
-7.809542305180678490e+00
-8.083029054013186609e+00
-8.360207300617316761e+00
-8.641182458562761681e+00
-8.926060471378916006e+00
-9.214947498856089325e+00
-9.507949571635229802e+00
-9.805172214596952429e+00
-1.010672004056233497e+01
-1.041269631706919618e+01
-1.072320251051598561e+01
-1.103833781379115031e+01
-1.135819866564536973e+01
-1.168287827250844124e+01
-1.201246614618691488e+01
-1.234704767384314472e+01
-1.268670373977408872e+01
-1.303151042164635065e+01
-1.338153878683506015e+01
-1.373685481713040879e+01
-1.409751949205125854e+01
-1.446358906201751893e+01
-1.483511554234008045e+01
-1.521214745701864146e+01
-1.559473085734603259e+01
-1.598291063398588641e+01
-1.637673213228761426e+01
-1.677624306900854023e+01
-1.718149573436585342e+01
-1.759254944666866649e+01
-1.800947320812302976e+01
-1.843234849044960200e+01
-1.886127205862506173e+01
-1.929635872153860987e+01
-1.973774388105277211e+01
-2.018558573750479468e+01
-2.064006700190357080e+01
-2.110139596490176928e+01
-2.156980678203963464e+01
-2.204555885561725503e+01
-2.252893522735901399e+01
-2.302023994358477665e+01
-2.351979441557314487e+01
-2.402793287023942881e+01
-2.454499706613890098e+01
-2.507133053080531226e+01
-2.560727264909639089e+01
-2.615315298832809532e+01
-2.670928627512195774e+01
-2.727596843168053553e+01
-2.785347403251751786e+01
-2.844205545662178380e+01
-2.904194389268854692e+01
-2.965335221934131127e+01
-3.027647964492742005e+01
-3.091151786970045379e+01
-3.155865844130935116e+01
-3.221810092138807846e+01
-3.289006146883795623e+01
-3.357478146987985212e+01
-3.427253589707647308e+01
-3.498364114769017874e+01
-3.570846218411718098e+01
-3.644741886536566255e+01
-3.720099141075296956e+01
-3.796972496999275393e+01
-3.875423328481112861e+01
-3.955520141398974943e+01
-4.037338747073109602e+01
-4.120962326552819377e+01
-4.206481353617158447e+01
-4.293993352664228524e+01
-4.383602443056728504e+01
-4.475418600543886072e+01
-4.569556545049787388e+01
-4.666134135371471103e+01
-4.765270117147210982e+01
-4.867081031111578682e+01
-4.971677045692391061e+01
-5.079156435230950706e+01
-5.189598390032882946e+01
-5.303053830253508494e+01
-5.419533923408967979e+01
-5.538996106133623698e+01
-5.661327625842738342e+01
-5.786326994161701265e+01
-5.913684321254433485e+01
-6.042962285795006494e+01
-6.173580424377447429e+01
-6.304806314235004550e+01
-6.435757748668267197e+01
-6.565419735210784324e+01
-6.692678693764179343e+01
-6.816373495357206025e+01
-6.935359386723800412e+01
-7.048577373350819641e+01
-7.155119515928787166e+01
-7.254280752250568298e+01
-7.345590395461985622e+01
-7.428820569552061670e+01
-7.503973177981835363e+01
-7.571250306820569165e+01
-7.631014566538398469e+01
-7.683745803595996904e+01
-7.729999377034893371e+01
-7.770369457097110910e+01
-7.805459105373553541e+01
-7.835857551740090798e+01
-7.862124190208440666e+01
-7.884778332199924478e+01
-7.904293578986218449e+01
-7.921095695447081653e+01
-7.935562994828777050e+01
-7.948028415710528805e+01
-7.958782648910769808e+01
-7.968077832603432853e+01
-7.976131469392703366e+01
-7.983130327567398865e+01
-7.989234172111980570e+01
-7.994579232891872778e+01
-7.999281361821326186e+01
-8.003438861606231569e+01
-8.007134989141124493e+01
-8.010440149519355657e+01
-8.013413804008587249e+01
-8.016106118900970046e+01
-8.018559383133141694e+01
-8.020809221934585764e+01
-8.022885632178365256e+01
-8.024813863024311900e+01
-8.026615163144251142e+01
-8.028307413473024212e+01
-8.029905662144608414e+01
-8.031422576121656220e+01
-8.032868822053862345e+01
-8.034253387127330370e+01
-8.035583849099893428e+01
-8.036866603349099591e+01
-8.038107053578667660e+01
-8.039309771817488581e+01
-8.040478632483647914e+01
-8.041616924554747925e+01
-8.042727445279315646e+01
-8.043812578373047018e+01
-8.044874359256257890e+01
-8.045914529570259788e+01
-8.046934582919824663e+01
-8.047935803488975637e+01
-8.048919298859372873e+01
-8.049886028044480213e+01
-8.050836825471975544e+01
-8.051772421433065574e+01
-8.052693459385471897e+01
-8.053600510437864557e+01
-8.054494085333605824e+01
-8.055374644262542461e+01
-8.056242604834790200e+01
-8.057098348540542077e+01
-8.057942225991037333e+01
-8.058774561194415753e+01
-8.059595655074392084e+01
-8.060405788395271998e+01
-8.061205224218390697e+01
-8.061994209984548831e+01
-8.062772979292756759e+01
-8.063541753428545178e+01
-8.064300742683104772e+01
-8.065050147494670796e+01
-8.065790159438236628e+01
-8.066520962084901214e+01
-8.067242731748257256e+01
-8.067955638133742013e+01
-8.068659844903527301e+01
-8.069355510168722390e+01
-8.070042786918808986e+01
-8.070721823397119010e+01
-8.071392763429548722e+01
-8.072055746713382973e+01
-8.072710909071945196e+01
-8.073358382679553813e+01
-8.073998296261444807e+01
-8.074630775271974414e+01
-8.075255942054199920e+01
-8.075873915983670770e+01
-8.076484813598311518e+01
-8.077088748716656141e+01
-8.077685832545702738e+01
-8.078276173780170666e+01
-8.078859878693897656e+01
-8.079437051224587663e+01
-8.080007793052762111e+01
-8.080572203675505705e+01
-8.081130380475740083e+01
-8.081682418787418953e+01
-8.082228411957110836e+01
-8.082768451402425569e+01
-8.083302626667519064e+01
-8.083831025475979004e+01
-8.084353733781298956e+01
-8.084870835815182488e+01
-8.085382414133900397e+01
-8.085888549662669789e+01
-8.086389321738391800e+01
-8.086884808150847448e+01
-8.087375085182311807e+01
-8.087860227645724365e+01
-8.088340308921652877e+01
-8.088815400993959770e+01
-8.089285574484310359e+01
-8.089750898685436198e+01
-8.090211441593559982e+01
-8.090667269939575590e+01
-8.091118449219422359e+01
-8.091565043723430506e+01
-8.092007116564849412e+01
-8.092444729707467843e+01
-8.092877943992429834e+01
-8.093306819164320132e+01
-8.093731413896405513e+01
-8.094151785815208200e+01
-8.094567991524343142e+01
-8.094980086627749927e+01
-8.095388125752121766e+01
-8.095792162568926642e+01
-8.096192249815595687e+01
-8.096588439316299457e+01
-8.096980782002050603e+01
-8.097369327930289273e+01
-8.097754126303954081e+01
-8.098135225490032951e+01
-8.098512673037636489e+01
-8.098886515695492960e+01
-8.099256799429194587e+01
-8.099623569437677872e+01
-8.099986870169567510e+01
-8.100346745338958954e+01
-8.100703237940818724e+01
-8.101056390265887330e+01
-8.101406243915418770e+01
-8.101752839815347329e+01
-8.102096218230188640e+01
-8.102436418776501625e+01
-8.102773480436211173e+01
-8.103107441569306957e+01
-8.103438339926501044e+01
-8.103766212661417967e+01
-8.104091096342506262e+01
-8.104413026964697053e+01
-8.104732039960731527e+01
-8.105048170212241132e+01
-8.105361452060590466e+01
-8.105671919317357776e+01
-8.105979605274745836e+01
-8.106284542715484065e+01
-8.106586763922739181e+01
-8.106886300689693314e+01
-8.107183184328874859e+01
-8.107477445681234940e+01
-8.107769115125232418e+01
-8.108058222585408714e+01
-8.108344797540934223e+01
-8.108628869033999820e+01
-8.108910465677847412e+01
-8.109189615664773498e+01
-8.109466346773885448e+01
-8.109740686378684416e+01
-8.110012661454520355e+01
-8.110282298585792660e+01
-8.110549623973061273e+01
-8.110814663440029904e+01
-8.111077442440208074e+01
-8.111337986063718120e+01
-8.111596319043607650e+01
-8.111852465762352438e+01
-8.112106450257900292e+01
-8.112358296229946575e+01
-8.112608027045691017e+01
-8.112855665745711065e+01
-8.112855679749748106e+01
