-8.145661253080419328e+01
-8.145697089975372762e+01
-8.145720359390575993e+01
-8.145735975346838131e+01
-8.145742410180019988e+01
-8.145742089054748192e+01
-8.145719099442905531e+01
-8.145697839694445008e+01
-8.145705026354573874e+01
-8.145745638318031467e+01
-8.145676875221749924e+01
-8.145593056736002779e+01
-8.145837093724628630e+01
-8.146374074489366990e+01
-8.146346906037523183e+01
-8.146396232221538014e+01
-8.129575831230879146e+01
-8.376874069032025716e+01
-5.377198564230129563e+01
1.408136089828550652e+01
2.083787697777440684e+01
2.069551265489687353e+01
2.020999258493064588e+01
2.014475344196049278e+01
2.027087963430374629e+01
2.048474070131285885e+01
2.075000750026750040e+01
2.103229385907413729e+01
2.128803901676459276e+01
2.145023031922638879e+01
2.135425014080310291e+01
2.060730351332205501e+01
1.941153664199204698e+01
1.839105852389673501e+01
1.756381348481083648e+01
1.686432347291354716e+01
1.626657736056334969e+01
1.575977191087976159e+01
1.533459900876537674e+01
1.498098561492789571e+01
1.468864479469047701e+01
1.444782156243828375e+01
1.425001419440912542e+01
1.408793150266225425e+01
1.395559641169666953e+01
1.384801482347820212e+01
1.376109623634564194e+01
1.369139231442250804e+01
1.363608817841451248e+01
1.359288890284282125e+01
1.355978729208634270e+01
1.353518262995442711e+01
1.351762738860679214e+01
1.350601054820847580e+01
1.349935009063424118e+01
1.349674237848573988e+01
1.349738193825513477e+01
1.350066947245898064e+01
1.350604738138392946e+01
1.351296044071849245e+01
1.352098447852654672e+01
1.352969045667239811e+01
1.353878297143910281e+01
1.354785814885255313e+01
1.355674965578992008e+01
1.356508374153387919e+01
1.357266891199530967e+01
1.357935225890052600e+01
1.358492930655989994e+01
1.358928059960589430e+01
1.359211054638190497e+01
1.359345198120808540e+01
1.359333093721188135e+01
1.359145730530878993e+01
1.358749149376678567e+01
1.358197953674382497e+01
1.357456548718531231e+01
1.356509859589600886e+01
1.355350344071154645e+01
1.353973008713737336e+01
1.352375864965132024e+01
1.350554873588160909e+01
1.348506852053853855e+01
1.346229903305022191e+01
1.343720633569695799e+01
1.340977335809195914e+01
1.337999650906979099e+01
1.334786372325791604e+01
1.331335971902856841e+01
1.327645805877078544e+01
1.323714930170192616e+01
1.319544390481158835e+01
1.315135184919639499e+01
1.310488099255037575e+01
1.305603967526213616e+01
1.300483767057646567e+01
1.295128618739752469e+01
1.289539771928889422e+01
1.283718596184518645e+01
1.277666578366089922e+01
1.271385320669658903e+01
1.264876537463713291e+01
1.258142050633441400e+01
1.251183783874637534e+01
1.244003756474485378e+01
1.236604076989444323e+01
1.228986937075907804e+01
1.221154605609067723e+01
1.213109423146590693e+01
1.204853796747111438e+01
1.196390195128026868e+01
1.187721144134553342e+01
1.178849222486678627e+01
1.169777057769645268e+01
1.160507322634470206e+01
1.151042731177025935e+01
1.141386035466712556e+01
1.131540022198340623e+01
1.121507509443433115e+01
1.111291343479714300e+01
1.100894395679873483e+01
1.090319559443027053e+01
1.079569747154420156e+01
1.068647887160864585e+01
1.057556920751411944e+01
1.046299799134370900e+01
1.034879480403633956e+01
1.023298926488675775e+01
1.011561100084111153e+01
9.996689615560379494e+00
9.876254658237243689e+00
9.754335592162224344e+00
9.630961763046258284e+00
9.506162367117081402e+00
9.379966419014472478e+00
9.252402719517988317e+00
9.123499823147568577e+00
8.993286005682740836e+00
8.861789231652217325e+00
8.729037121848605807e+00
8.595056920927264699e+00
8.459875465150085816e+00
8.323519150336471384e+00
8.186013900085251649e+00
8.047385134330204082e+00
7.907657738292052763e+00
7.766856031887561684e+00
7.625003739655046964e+00
7.482123961251835986e+00
7.338239142577253737e+00
7.193371047569677046e+00
7.047540730722904101e+00
6.900768510361849906e+00
6.753073942713055722e+00
6.604475796799900600e+00
6.454992030187198360e+00
6.304639765593932133e+00
6.153435268387431378e+00
6.001393924966113680e+00
5.848530222032363390e+00
5.694857726750933935e+00
5.540389067782808041e+00
5.385135917178764053e+00
5.229108973111062930e+00
5.072317943416825514e+00
4.914771529921382331e+00
4.756477413504881291e+00
4.597442239871277536e+00
4.437671605974109923e+00
4.277170047049835055e+00
4.115941024205745258e+00
3.953986912506198159e+00
3.791308989497876425e+00
3.627907424112316370e+00
3.463781265881536342e+00
3.298928434400786092e+00
3.133345708970827648e+00
2.967028718350885441e+00
2.799971930552830557e+00
2.632168642606101283e+00
2.463610970223424790e+00
2.294289837296915380e+00
2.124194965155103088e+00
1.953314861512147615e+00
1.781636809041653668e+00
1.609146853509077824e+00
1.435829791398350208e+00
1.261669156970503192e+00
1.086647208693993560e+00
9.107449149888613427e-01
7.339419392290333910e-01
5.562166239493975262e-01
3.775459742063408397e-01
1.979056400425976137e-01
1.726994956211236679e-02
-1.643883237662764618e-01
-3.470976508205180777e-01
-5.308879948838928220e-01
-7.157907792790393353e-01
-9.018389085038067687e-01
-1.089066793273438361e+00
-1.277510376689027671e+00
-1.467207161475497124e+00
-1.658196238260672750e+00
-1.850518314822178212e+00
-2.044215746183418503e+00
-2.239332565395129926e+00
-2.435914514794428332e+00
-2.634009077491450856e+00
-2.833665508796747279e+00
-3.034934867271571690e+00
-3.237870045060212476e+00
-3.442525797145509880e+00
-3.648958769155879356e+00
-3.857227523339630260e+00
-4.067392562307547976e+00
-4.279516350124085378e+00
-4.493663330297677838e+00
-4.709899940179723465e+00
-4.928294621229360573e+00
-5.148917824535270249e+00
-5.371842010910393483e+00
-5.597141644787799741e+00
-5.824893181054528135e+00
-6.055175043860846706e+00
-6.288067596343491772e+00
-6.523653100103925517e+00
-6.762015663189001380e+00
-7.003241175236569305e+00
-7.247417228375340414e+00
-7.494633022412477530e+00
-7.744979252808068537e+00
-7.998547979930809682e+00
-8.255432478121990769e+00
-8.515727063174441724e+00
-8.779526896973326444e+00
-9.046927768257452485e+00
-9.318025848763605623e+00
-9.592917424424733497e+00
-9.871698601830534159e+00
-1.015446499084213450e+01
-1.044131136510503666e+01
-1.073233130324322637e+01
-1.102761681476146727e+01
-1.132725795614046405e+01
-1.163134244428761832e+01
-1.193995527639339826e+01
-1.225317836731784560e+01
-1.257109021785042557e+01
-1.289376562948071125e+01
-1.322127548359513582e+01
-1.355368660514722734e+01
-1.389106173268187305e+01
-1.423345961793460823e+01
-1.458093527886171081e+01
-1.493354042964739747e+01
-1.529132410973540424e+01
-1.565433353100564240e+01
-1.602261515765030708e+01
-1.639621602693220126e+01
-1.677518531074306551e+01
-1.715957610772187891e+01
-1.754944744376656729e+01
-1.794486644533739650e+01
-1.834591063541407863e+01
-1.875267028689895454e+01
-1.916525075338981310e+01
-1.958377468346854755e+01
-2.000838401301102465e+01
-2.043924162171733627e+01
-2.087653253639532025e+01
-2.132046456590054362e+01
-2.177126826244660052e+01
-2.222919612254532851e+01
-2.269452096913624928e+01
-2.316753349499114378e+01
-2.364853899587782848e+01
-2.413785337866180214e+01
-2.463579859147843720e+01
-2.514269768558598628e+01
-2.565886977525892121e+01
-2.618462520581369901e+01
-2.672026126311419247e+01
-2.726605875454661287e+01
-2.782227975784773832e+01
-2.838916677070771044e+01
-2.896694340550654445e+01
-2.955581666897637305e+01
-3.015598075791877619e+01
-3.076762220220809141e+01
-3.139092610653359117e+01
-3.202608319056817976e+01
-3.267329730675054833e+01
-3.333279312405255013e+01
-3.400482369942870520e+01
-3.468967770803792661e+01
-3.538768615984541555e+01
-3.609922848542864671e+01
-3.682473792080735819e+01
-3.756470615483457465e+01
-3.831968721993661831e+01
-3.909030060582352206e+01
-3.987723355592396501e+01
-4.068124249249719782e+01
-4.150315339245936030e+01
-4.234386083168407566e+01
-4.320432545784812817e+01
-4.408556936702391482e+01
-4.498866871385133948e+01
-4.591474266955296457e+01
-4.686493757172183194e+01
-4.784040479036079319e+01
-4.884227046930726601e+01
-4.987159490690247310e+01
-5.092931895205595794e+01
-5.201619448390761136e+01
-5.313269593963578785e+01
-5.427891015277914732e+01
-5.545440275013328346e+01
-5.665806140405005209e+01
-5.788791977066180294e+01
-5.914097131319766021e+01
-6.041298946034340389e+01
-6.169837907541985089e+01
-6.299009235418428432e+01
-6.427964709725117132e+01
-6.555728295905304037e+01
-6.681227825284548771e+01
-6.803342519662287202e+01
-6.920962873768016266e+01
-7.033056191048248706e+01
-7.138729011948326786e+01
-7.237277641325647437e+01
-7.328220134932088570e+01
-7.411306780272249739e+01
-7.486510118958489102e+01
-7.553998744665842935e+01
-7.614100794178507670e+01
-7.667263177860436940e+01
-7.714011587158995553e+01
-7.754914761123288258e+01
-7.790554905653377205e+01
-7.821504855742473694e+01
-7.848311671305619086e+01
-7.871485842719884829e+01
-7.891495067584371270e+01
-7.908761545767379175e+01
-7.923661839689157205e+01
-7.936528498493514405e+01
-7.947652808253418755e+01
-7.957288183066820864e+01
-7.965653843231440590e+01
-7.972938533444232689e+01
-7.979304117107949423e+01
-7.984888945285948125e+01
-7.989810944262333692e+01
-7.994170397612603551e+01
-7.998052420326705203e+01
-8.001529136466476189e+01
-8.004661580168790636e+01
-8.007501344157236645e+01
-8.010092001566894737e+01
-8.012470326770345252e+01
-8.014667339714034711e+01
-8.016709196500728751e+01
-8.018617946892882742e+01
-8.020412177249131958e+01
-8.022107555264602752e+01
-8.023717290840970406e+01
-8.025252525519326241e+01
-8.026722661191384134e+01
-8.028135637277186731e+01
-8.029498164215377187e+01
-8.030815919947741577e+01
-8.032093715077138540e+01
-8.033335631521786979e+01
-8.034545138759700933e+01
-8.035725191148331703e+01
-8.036878309306918311e+01
-8.038006648151140610e+01
-8.039112053842102057e+01
-8.040196111617757424e+01
-8.041260186178888603e+01
-8.042305455994437580e+01
-8.043332942583646172e+01
-8.044343535556424740e+01
-8.045338013976386549e+01
-8.046317064470275682e+01
-8.047281296434994147e+01
-8.048231254673110868e+01
-8.049167429789152095e+01
-8.050090266681721118e+01
-8.051000171455757481e+01
-8.051897517052206865e+01
-8.052782647853712206e+01
-8.053655883480362832e+01
-8.054517521946290515e+01
-8.055367842309289017e+01
-8.056207106914713734e+01
-8.057035563309418080e+01
-8.057853445884292398e+01
-8.058660977289858351e+01
-8.059458369660247001e+01
-8.060245825673399622e+01
-8.061023539471213439e+01
-8.061791697458696149e+01
-8.062550478998791448e+01
-8.063300057017100642e+01
-8.064040598528815451e+01
-8.064772265098524429e+01
-8.065495213242301986e+01
-8.066209594779873271e+01
-8.066915557144170634e+01
-8.067613243654058408e+01
-8.068302793755637481e+01
-8.068984343236368773e+01
-8.069658024416033015e+01
-8.070323966317887709e+01
-8.070982294822486836e+01
-8.071633132806893229e+01
-8.072276600271091240e+01
-8.072912814453577823e+01
-8.073541889937192195e+01
-8.074163938746990254e+01
-8.074779070440560247e+01
-8.075387392192340030e+01
-8.075989008872221575e+01
-8.076584023119286826e+01
-8.077172535411240517e+01
-8.077754644129932160e+01
-8.078330445623423373e+01
-8.078900034265014085e+01
-8.079463502509339889e+01
-8.080020940945847485e+01
-8.080572438350179709e+01
-8.081118081733137615e+01
-8.081657956387780928e+01
-8.082192145934746463e+01
-8.082720732365642391e+01
-8.083243796085088206e+01
-8.083761415951099139e+01
-8.084273669314083577e+01
-8.084780632054604155e+01
-8.085282378619717747e+01
-8.085778982058280917e+01
-8.086270514054989178e+01
-8.086757044963428598e+01
-8.087238643838057328e+01
-8.087715378465195215e+01
-8.088187315393112442e+01
-8.088654519961083622e+01
-8.089117056327816613e+01
-8.089574987498824044e+01
-8.090028375353003298e+01
-8.090477280668659432e+01
-8.090921763148504908e+01
-8.091361881444142057e+01
-8.091797693179829309e+01
-8.092229254975434571e+01
-8.092656622468916794e+01
-8.093079850338165215e+01
-8.093498992322068375e+01
-8.093914101241276171e+01
-8.094325229018171797e+01
-8.094732426696411665e+01
-8.095135744459936689e+01
-8.095535231651372499e+01
-8.095930936790131227e+01
-8.096322907589899387e+01
-8.096711190975626948e+01
-8.097095833100232198e+01
-8.097476879360704061e+01
-8.097854374413969936e+01
-8.098228362192126895e+01
-8.098598885917502344e+01
-8.098965988117188886e+01
-8.099329710637235280e+01
-8.099690094656587291e+01
-8.100047180700562421e+01
-8.100401008653956580e+01
-8.100751617773939017e+01
-8.101099046702623241e+01
-8.101443333479197406e+01
-8.101784515551925381e+01
-8.102122629789714381e+01
-8.102457712493509234e+01
-8.102789799407325688e+01
-8.103118925729097555e+01
-8.103445126121209796e+01
-8.103768434720790026e+01
-8.104088885149789689e+01
-8.104406510524772500e+01
-8.104721343466533767e+01
-8.105033416109425559e+01
-8.105342760110579547e+01
-8.105649406658760370e+01
-8.105953386483126621e+01
-8.106254729861777264e+01
-8.106553466630064975e+01
-8.106849626188801494e+01
-8.106849640296087500e+01
