-8.145626845513167780e+01
-8.145624471053373838e+01
-8.145610746154791570e+01
-8.145592348152730722e+01
-8.145568244828781701e+01
-8.145540778711698238e+01
-8.145493756187944712e+01
-8.145451217414252199e+01
-8.145439492064456033e+01
-8.145463218409435058e+01
-8.145379252077005106e+01
-8.145281862892221625e+01
-8.145513679534523988e+01
-8.146039312551837952e+01
-8.146000226836591196e+01
-8.146039328317165484e+01
-8.129204901609848832e+01
-8.376734359915791117e+01
-5.372867760751919519e+01
1.406820517105558999e+01
2.082678206746267335e+01
2.069241685774232309e+01
2.020645986777470782e+01
2.013676667429019318e+01
2.025338123272363333e+01
2.044757427561609120e+01
2.067155923155373998e+01
2.086181888987797350e+01
2.084909529487607216e+01
1.997699561469066154e+01
1.842158810800189883e+01
1.717085195138209386e+01
1.616842649600071979e+01
1.532360191689400253e+01
1.461062244940550592e+01
1.401683402443666004e+01
1.352823763111159572e+01
1.312959214932883256e+01
1.280603255087249082e+01
1.254456043941368115e+01
1.233431112341304114e+01
1.216628657605638431e+01
1.203324812035212332e+01
1.192926550585859502e+01
1.184959662243413803e+01
1.179032162307101927e+01
1.174823331498224022e+01
1.172060301015639361e+01
1.170517100633965946e+01
1.170008192279061987e+01
1.170366374811072063e+01
1.171457713228061159e+01
1.173157348951855283e+01
1.175368467332460831e+01
1.178004802383920158e+01
1.180984533038562034e+01
1.184234002692257803e+01
1.187698472505335978e+01
1.191325986758874578e+01
1.195064561488452526e+01
1.198874353520577429e+01
1.202714439752875286e+01
1.206557343472745458e+01
1.210364304444290084e+01
1.214120061033587739e+01
1.217789112298480170e+01
1.221353773799089737e+01
1.224799313736090767e+01
1.228107153880332270e+01
1.231266113357049719e+01
1.234248537987521921e+01
1.237059268685585778e+01
1.239701671102205616e+01
1.242146513603286451e+01
1.244367646490302803e+01
1.246414770060964905e+01
1.248254832699459982e+01
1.249874222731178541e+01
1.251267274093180681e+01
1.252430300108740191e+01
1.253361439640193176e+01
1.254059964466003763e+01
1.254522643274293792e+01
1.254748134023317263e+01
1.254736716169830935e+01
1.254487142218222218e+01
1.253998190553826220e+01
1.253267017786585669e+01
1.252292938534387545e+01
1.251077352641735985e+01
1.249621416356766090e+01
1.247926090016608924e+01
1.245992419456820244e+01
1.243821576293371400e+01
1.241414822444392740e+01
1.238773489331385669e+01
1.235898977558007950e+01
1.232792763084466259e+01
1.229456401402510224e+01
1.225891527729251074e+01
1.222099854071743508e+01
1.218083164533272189e+01
1.213843309935898240e+01
1.209382202423704022e+01
1.204701810397590833e+01
1.199804153935350470e+01
1.194691300739273387e+01
1.189365362595513176e+01
1.183828492302205859e+01
1.178082881012420913e+01
1.172130755935843105e+01
1.165974378344857243e+01
1.159616041834358668e+01
1.153058070788973843e+01
1.146302819015715002e+01
1.139352668504395361e+01
1.132210028282080039e+01
1.124877333331510698e+01
1.117357043546886075e+01
1.109651642703484953e+01
1.101763637420517661e+01
1.093695556099270227e+01
1.085449947821071781e+01
1.077029381191912805e+01
1.068436443122694435e+01
1.059673737536042815e+01
1.050743883992470984e+01
1.041649516230389594e+01
1.032393280616042475e+01
1.022977834500894900e+01
1.013405844485440177e+01
1.003679984589487262e+01
9.938029343302874352e+00
9.837773767108016543e+00
9.736059961214230896e+00
9.632914761592486386e+00
9.528364973698513651e+00
9.422437349170659004e+00
9.315158561869587572e+00
9.206555183326498693e+00
9.096653657670053406e+00
8.985480276106535769e+00
8.873061151029311588e+00
8.759422189836604034e+00
8.644589068536413734e+00
8.528587205219499978e+00
8.411441733479451344e+00
8.293177475859314640e+00
8.173818917402211781e+00
8.053390179381459291e+00
7.931914993283701421e+00
7.809416675114927209e+00
7.685918100096557737e+00
7.561441677814659812e+00
7.436009327881340170e+00
7.309642456163143009e+00
7.182361931626332741e+00
7.054188063844523349e+00
6.925140581208727220e+00
6.795238609874766134e+00
6.664500653478177661e+00
6.532944573640613761e+00
6.400587571287537081e+00
6.267446168790551830e+00
6.133536192943441989e+00
5.998872758775242175e+00
5.863470254198895226e+00
5.727342325489102492e+00
5.590501863578267283e+00
5.452960991154911952e+00
5.314731050544618363e+00
5.175822592349383910e+00
5.036245364817641068e+00
4.896008303913377269e+00
4.755119524049446156e+00
4.613586309447388345e+00
4.471415106082859303e+00
4.328611514173431374e+00
4.185180281163442650e+00
4.041125295158067843e+00
3.896449578757685384e+00
3.751155283241365712e+00
3.605243683047916647e+00
3.458715170501007297e+00
3.311569250724830660e+00
3.163804536695728142e+00
3.015418744375095716e+00
2.866408687868402971e+00
2.716770274555677211e+00
2.566498500138300720e+00
2.415587443548041335e+00
2.264030261664212507e+00
2.111819183785749843e+00
1.958945505806014564e+00
1.805399584038600347e+00
1.651170828644006106e+00
1.496247696607813760e+00
1.340617684222407124e+00
1.184267319025437581e+00
1.027182151149321099e+00
8.693467440372264488e-01
7.107446644817431158e-01
5.513584719431394721e-01
3.911697071043408469e-01
2.301588796198114073e-01
6.830545501520698948e-02
-9.441215930542258550e-02
-2.580166289907641075e-01
-4.225317086501185759e-01
-5.879822587882460594e-01
-7.543942638003836576e-01
-9.217948510645534999e-01
-1.090212311155901670e+00
-1.259676119195249466e+00
-1.430216957326889915e+00
-1.601866738298552084e+00
-1.774658630090726996e+00
-1.948627081514506143e+00
-2.123807848668784803e+00
-2.300238022121019910e+00
-2.477956054653758677e+00
-2.657001789402777980e+00
-2.837416488203264198e+00
-3.019242859957449898e+00
-3.202525088838994449e+00
-3.387308862153910471e+00
-3.573641397682411736e+00
-3.761571470327038202e+00
-3.951149437888603178e+00
-4.142427265779447865e+00
-4.335458550462912619e+00
-4.530298541377733024e+00
-4.727004161067055676e+00
-4.925634023183525834e+00
-5.126248447987504342e+00
-5.328909474894390819e+00
-5.533680871563983139e+00
-5.740628138953916881e+00
-5.949818511695844414e+00
-6.161320953076481644e+00
-6.375206143846416929e+00
-6.591546464004166772e+00
-6.810415966641462759e+00
-7.031890342873825972e+00
-7.256046876824369996e+00
-7.482964389579293218e+00
-7.712723170994657096e+00
-7.945404898208869859e+00
-8.181092539708107125e+00
-8.419870243808711407e+00
-8.661823210468126533e+00
-8.907037545421239599e+00
-9.155600095772912894e+00
-9.407598266368704998e+00
-9.663119816526966943e+00
-9.922252637060973157e+00
-1.018508450795827791e+01
-1.045170283763761354e+01
-1.072219438537829461e+01
-1.099664496932868829e+01
-1.127513916346191536e+01
-1.155775998795754234e+01
-1.184458859875736714e+01
-1.213570398345631851e+01
-1.243118267223290552e+01
-1.273109847416451679e+01
-1.303552225096551709e+01
-1.334452174186477791e+01
-1.365816145492067157e+01
-1.397650264144714782e+01
-1.429960337127185532e+01
-1.462751872711584156e+01
-1.496030113632047431e+01
-1.529800085727841541e+01
-1.564066663608890551e+01
-1.598834654599767546e+01
-1.634108901797259250e+01
-1.669894406521690300e+01
-1.706196469750560141e+01
-1.743020851298002327e+01
-1.780373944557658206e+01
-1.818262963581129199e+01
-1.856696138150898534e+01
-1.895682911368280799e+01
-1.935234133167135084e+01
-1.975362242147193825e+01
-2.016081427273514493e+01
-2.057407760396184315e+01
-2.099359290303221925e+01
-2.141956089231415916e+01
-2.185220243529145989e+01
-2.229175781589739458e+01
-2.273848534333735216e+01
-2.319265926456222005e+01
-2.365456700357121989e+01
-2.412450579038426923e+01
-2.460277879078582330e+01
-2.508969089753570003e+01
-2.558554439022297444e+01
-2.609063470897423898e+01
-2.660524661106065381e+01
-2.712965098426413846e+01
-2.766410257265285466e+01
-2.820883882882801430e+01
-2.876408004350863123e+01
-2.933003082435413944e+01
-2.990688290926453519e+01
-3.049481921470155044e+01
-3.109401894622691387e+01
-3.170466354399946241e+01
-3.232694320492969098e+01
-3.296106371647065458e+01
-3.360725335215632015e+01
-3.426576961091837603e+01
-3.493690562438737857e+01
-3.562099610197609678e+01
-3.631842272633368651e+01
-3.702961894671264531e+01
-3.775507414126265360e+01
-3.849533712892761628e+01
-3.925101900563073798e+01
-4.002279526032589274e+01
-4.081140711574592217e+01
-4.161766188301745473e+01
-4.244243210424736645e+01
-4.328665322845601082e+01
-4.415131932314086782e+01
-4.503747619636470034e+01
-4.594621110306128742e+01
-4.687863796161585839e+01
-4.783587671384752582e+01
-4.881902512607198474e+01
-4.982912096478361974e+01
-5.086709212029506233e+01
-5.193369195836247343e+01
-5.302941706221995588e+01
-5.415440475815717747e+01
-5.530830864871356312e+01
-5.649015214171760846e+01
-5.769816304253370021e+01
-5.892959700555310576e+01
-6.018056411454038823e+01
-6.144588063594449068e+01
-6.271897572485782035e+01
-6.399188808549021701e+01
-6.525538688542825128e+01
-6.649924122974461227e+01
-6.771264171391388231e+01
-6.888474833752445647e+01
-7.000530833789601104e+01
-7.106526517597498582e+01
-7.205727473072764155e+01
-7.297605996670884565e+01
-7.381856664322552319e+01
-7.458392004771984318e+01
-7.527321517036592979e+01
-7.588919255919084605e+01
-7.643585727228462190e+01
-7.691809166881675708e+01
-7.734129941414619225e+01
-7.771110307317646004e+01
-7.803310453012285564e+01
-7.831270783667046942e+01
-7.855499814023970373e+01
-7.876466745608665576e+01
-7.894597732514962729e+01
-7.910274900104536755e+01
-7.923837308302792337e+01
-7.935583201716947599e+01
-7.945773036238399811e+01
-7.954632902550034146e+01
-7.962358075729542861e+01
-7.969116506473457662e+01
-7.975052135451311131e+01
-7.980287961087483950e+01
-7.984928826002746405e+01
-7.989063911511026106e+01
-7.992768945577147122e+01
-7.996108139626073807e+01
-7.999135875243415228e+01
-8.001898164431770510e+01
-8.004433907701663031e+01
-8.006775973619897968e+01
-8.008952122037747756e+01
-8.010985791420227997e+01
-8.012896768720273144e+01
-8.014701758224528305e+01
-8.016414863837246685e+01
-8.018047997424189077e+01
-8.019611224147192274e+01
-8.021113054200615977e+01
-8.022560689014729007e+01
-8.023960228815852247e+01
-8.025316847415926702e+01
-8.026634939229798249e+01
-8.027918242772533119e+01
-8.029169944260887348e+01
-8.030392764422653329e+01
-8.031589031198242878e+01
-8.032760740673201383e+01
-8.033909608278602832e+01
-8.035037112002572712e+01
-8.036144529056595331e+01
-8.037232967137579465e+01
-8.038303391149342758e+01
-8.039356646018596564e+01
-8.040393476080946300e+01
-8.041414541422298612e+01
-8.042420431522586455e+01
-8.043411676541525424e+01
-8.044388756585468059e+01
-8.045352109283447817e+01
-8.046302135978045555e+01
-8.047239206799760325e+01
-8.048163664851448118e+01
-8.049075829686358929e+01
-8.049976000223642814e+01
-8.050864457212867364e+01
-8.051741465332476366e+01
-8.052607274987248331e+01
-8.053462123855142352e+01
-8.054306238222984859e+01
-8.055139834142515554e+01
-8.055963118432963199e+01
-8.056776289551511638e+01
-8.057579538349865800e+01
-8.058373048732734389e+01
-8.059156998231705415e+01
-8.059931558505822125e+01
-8.060696895779427962e+01
-8.061453171225817016e+01
-8.062200541304214596e+01
-8.062939158056774147e+01
-8.063669169371249268e+01
-8.064390719214007675e+01
-8.065103947837852161e+01
-8.065808991967966790e+01
-8.066505984969158760e+01
-8.067195056996959579e+01
-8.067876335134830867e+01
-8.068549943519424517e+01
-8.069216003455217390e+01
-8.069874633520353768e+01
-8.070525949664335030e+01
-8.071170065299062912e+01
-8.071807091383610100e+01
-8.072437136503633326e+01
-8.073060306946315734e+01
-8.073676706770652345e+01
-8.074286437874278022e+01
-8.074889600056849304e+01
-8.075486291080102319e+01
-8.076076606725480644e+01
-8.076660640848955097e+01
-8.077238485433561266e+01
-8.077810230639799727e+01
-8.078375964854068059e+01
-8.078935774735147390e+01
-8.079489745259050437e+01
-8.080037959762177024e+01
-8.080580499982997367e+01
-8.081117446102227575e+01
-8.081648876781767399e+01
-8.082174869202211198e+01
-8.082695499099239100e+01
-8.083210840798811603e+01
-8.083720967251235834e+01
-8.084225950064138999e+01
-8.084725859534566439e+01
-8.085220764679961292e+01
-8.085710733268281558e+01
-8.086195831847206250e+01
-8.086676125772476098e+01
-8.087151679235442714e+01
-8.087622555289775050e+01
-8.088088815877394211e+01
-8.088550521853764508e+01
-8.089007733012337553e+01
-8.089460508108379599e+01
-8.089908904882189233e+01
-8.090352980081472367e+01
-8.090792789483417380e+01
-8.091228387915835185e+01
-8.091659829277985239e+01
-8.092087166560676792e+01
-8.092510451865848609e+01
-8.092929736425772091e+01
-8.093345070621504078e+01
-8.093756504001096630e+01
-8.094164085297107647e+01
-8.094567862443841477e+01
-8.094967882594029618e+01
-8.095364192135060932e+01
-8.095756836704920545e+01
-8.096145861207583039e+01
-8.096531309828101541e+01
-8.096913226047215062e+01
-8.097291652655823668e+01
-8.097666631768728962e+01
-8.098038204838341869e+01
-8.098038219110527791e+01
