-8.127558730510254748e+01
-8.110703323660563058e+01
-8.094952415073035468e+01
-8.080195573022650990e+01
-8.066381601894178743e+01
-8.053414386417435367e+01
-8.041240519658617814e+01
-8.029821401080259591e+01
-8.019141951191535611e+01
-8.009105138739390384e+01
-7.999538498295015643e+01
-7.990697424579235530e+01
-7.982857330338138979e+01
-7.975438349787931713e+01
-7.967517276653806846e+01
-7.950525696387666130e+01
-8.034283407679214406e+01
-6.733284282590918224e+01
2.058706677258715700e+01
2.280687195907307085e+01
2.062227328751441036e+01
2.010420755444610919e+01
2.009222622654976931e+01
2.022343051118486912e+01
2.044409979953256240e+01
2.073524548764037334e+01
2.107344264468900619e+01
2.143545948317033023e+01
2.180086542837288732e+01
2.215322632182913409e+01
2.248006840774617032e+01
2.277140467158951509e+01
2.301764983947412802e+01
2.320852164797082651e+01
2.333156834676540115e+01
2.337107048847279955e+01
2.330817090463871111e+01
2.312637274062887371e+01
2.282863275643032708e+01
2.245393703507338756e+01
2.205971112813417889e+01
2.168565114224031021e+01
2.134490840075272189e+01
2.103710273982546042e+01
2.075825752146643666e+01
2.050474418787491615e+01
2.027363827288968068e+01
2.006272101864482238e+01
1.987009605038462468e+01
1.969383954637462963e+01
1.953219580815366996e+01
1.938342448201186841e+01
1.924589290039612166e+01
1.911812399016282882e+01
1.899862953527474829e+01
1.888616991783728949e+01
1.877967617400354428e+01
1.867817558700344804e+01
1.858078387312852442e+01
1.848674372867473892e+01
1.839547150331051739e+01
1.830633921260225705e+01
1.821889865539109010e+01
1.813278328012283680e+01
1.804754201211745368e+01
1.796290194420796738e+01
1.787866141744728310e+01
1.779459963339260042e+01
1.771035455024055238e+01
1.762586967331002086e+01
1.754109389130495344e+01
1.745585387076682338e+01
1.736991511481062744e+01
1.728290983273316783e+01
1.719545167394302965e+01
1.710703903313087793e+01
1.701755832657438816e+01
1.692691757601980029e+01
1.683507816276572200e+01
1.674200218334175005e+01
1.664763527851697944e+01
1.655192133910392371e+01
1.645480942862088369e+01
1.635625473790913986e+01
1.625621807956832754e+01
1.615466494981264489e+01
1.605156457622307187e+01
1.594688987929735724e+01
1.584061792839551153e+01
1.573272930388554158e+01
1.562320736780139718e+01
1.551203832834619867e+01
1.539921081609350928e+01
1.528471491257673165e+01
1.516854165509588626e+01
1.505068364623493515e+01
1.493113673310535283e+01
1.480990078868475557e+01
1.468697857362812087e+01
1.456237441026709689e+01
1.443609370906782630e+01
1.430814300996393307e+01
1.417853010676385139e+01
1.404726410385686108e+01
1.391435540223644196e+01
1.377981564512450596e+01
1.364365764725854646e+01
1.350589532032532247e+01
1.336654359924185087e+01
1.322561837027511267e+01
1.308313640071292383e+01
1.293911526960079073e+01
1.279357329920360442e+01
1.264652948703318813e+01
1.249800343840938055e+01
1.234801529958807365e+01
1.219658569151638439e+01
1.204373564427543108e+01
1.188948653226535868e+01
1.173386001017425606e+01
1.157687794976452622e+01
1.141856237750201153e+01
1.125893541304786005e+01
1.109801920863120905e+01
1.093583588931872619e+01
1.077240749419792465e+01
1.060775591849134081e+01
1.044190285662101481e+01
1.027486974624267013e+01
1.010667771327068110e+01
9.937347517917942241e+00
9.766899501771128200e+00
9.595353535925726263e+00
9.422728970202360443e+00
9.249044583465995117e+00
9.074318535067057212e+00
8.898568317421709395e+00
8.721810709745525969e+00
8.544061732950726906e+00
8.365336605713963536e+00
8.185649701716707582e+00
8.005014508055140254e+00
7.823443584811686335e+00
7.640948525774338584e+00
7.457539920284058432e+00
7.273227316184581071e+00
7.088019183842812154e+00
6.901922881201622673e+00
6.714944619820441218e+00
6.527089431853423385e+00
6.338361137908123943e+00
6.148762315722690275e+00
5.958294269592785852e+00
5.766957000475400719e+00
5.574749176690801278e+00
5.381668105139656433e+00
5.187709702948245294e+00
4.992868469451111402e+00
4.797137458416926847e+00
4.600508250421446732e+00
4.402970925268825830e+00
4.204514034361501729e+00
4.005124572918124848e+00
3.804787951938789270e+00
3.603487969817515957e+00
3.401206783503438746e+00
3.197924879114053542e+00
2.993621041907070346e+00
2.788272325521079509e+00
2.581854020400078387e+00
2.374339621322602234e+00
2.165700793963209581e+00
1.955907340421786156e+00
1.744927163665775272e+00
1.532726230841010118e+00
1.319268535418993249e+00
1.104516058162452685e+00
8.884287269065447301e-01
6.709643751705843817e-01
4.520786996345385611e-01
2.317252165362760075e-01
9.855217069549964196e-03
-2.135822781105212453e-01
-4.386405651374282177e-01
-6.653753037669494219e-01
-8.938445645825650043e-01
-1.124108876312688077e+00
-1.356231272942083343e+00
-1.590277340229638847e+00
-1.826315261159324077e+00
-2.064415859748280457e+00
-2.304652642514340766e+00
-2.547101836764769089e+00
-2.791842424710704318e+00
-3.038956172241086939e+00
-3.288527651010884956e+00
-3.540644252315649165e+00
-3.795396191041903400e+00
-4.052876497801645606e+00
-4.313180997177791909e+00
-4.576408269820724684e+00
-4.842659595938440198e+00
-5.112038877505915124e+00
-5.384652536278191626e+00
-5.660609384423546331e+00
-5.940020464292456559e+00
-6.222998853518883600e+00
-6.509659431311209943e+00
-6.800118601449000266e+00
-7.094493967176129345e+00
-7.392903952889717800e+00
-7.695467367297391448e+00
-8.002302902581380550e+00
-8.313528564106460905e+00
-8.629261025383609507e+00
-8.949614903401498012e+00
-9.274701950126786443e+00
-9.604630157011888159e+00
-9.939502770809665932e+00
-1.027941722094707977e+01
-1.062446396122262726e+01
-1.097472523172272041e+01
-1.133027375062961006e+01
-1.169117135002275631e+01
-1.205746757480081754e+01
-1.242919826936212502e+01
-1.280638418247763433e+01
-1.318902962658744826e+01
-1.357712123316254349e+01
-1.397062685031910334e+01
-1.436949463200126687e+01
-1.477365236916261360e+01
-1.518300711189525920e+01
-1.559744512687485951e+01
-1.601683222645808158e+01
-1.644101449418504757e+01
-1.686981941650029526e+01
-1.730305741278531073e+01
-1.774052373623343470e+01
-1.818200069800131402e+01
-1.862726014799094898e+01
-1.907606612927254730e+01
-1.952817761120473961e+01
-1.998335120018700550e+01
-2.044134372768778007e+01
-2.090191462312880688e+01
-2.136482799404739907e+01
-2.182985435663085383e+01
-2.229677198445541819e+01
-2.276536786978694238e+01
-2.323543831756924405e+01
-2.370678921475290579e+01
-2.417923603479466976e+01
-2.465260364754696099e+01
-2.512672600776320664e+01
-2.560144579139221577e+01
-2.607661403884734597e+01
-2.655208985027343260e+01
-2.702774016153744441e+01
-2.750343961330483111e+01
-2.797907051088634844e+01
-2.845452286084631055e+01
-2.892969446234425135e+01
-2.940449102698937622e+01
-2.987882630028110142e+01
-3.035262215983685152e+01
-3.082580866974477729e+01
-3.129832407566913588e+01
-3.177011473102549033e+01
-3.224113495000224106e+01
-3.271134678802420126e+01
-3.318071975414963504e+01
-3.364923046279546526e+01
-3.411686223408202778e+01
-3.458360465309026210e+01
-3.504945309858045022e+01
-3.551440825137948565e+01
-3.597847559187508182e+01
-3.644166489500488382e+01
-3.690398972991619075e+01
-3.736546697020405361e+01
-3.782611631938682706e+01
-3.828595985509536348e+01
-3.874502159436348592e+01
-3.920332708147201117e+01
-3.966090299875425984e+01
-4.011777680451943695e+01
-4.057397641501293606e+01
-4.102952985885594472e+01
-4.148446496436622510e+01
-4.193880908027941246e+01
-4.239258881029197568e+01
-4.284582976122720055e+01
-4.329855630316644977e+01
-4.375079133967074085e+01
-4.420255608616979259e+01
-4.465386985461660885e+01
-4.510474984257571407e+01
-4.555521092501157909e+01
-4.600526544716394284e+01
-4.645492301704120308e+01
-4.690419029621183000e+01
-4.735307078774840051e+01
-4.780156462034822340e+01
-4.824966832785035820e+01
-4.869737462356734170e+01
-4.914467216906541580e+01
-4.959154533724942837e+01
-5.003797396986035295e+01
-5.048393312974472025e+01
-5.092939284853996895e+01
-5.137431787071593448e+01
-5.181866739523306364e+01
-5.226239481642095086e+01
-5.270544746603874131e+01
-5.314776635886380518e+01
-5.358928594454715721e+01
-5.402993386887923322e+01
-5.446963074802194882e+01
-5.490828995966125348e+01
-5.534581745542206477e+01
-5.578211159924671847e+01
-5.621706303674614702e+01
-5.665055460079273075e+01
-5.708246125879622923e+01
-5.751265010719448156e+01
-5.794098041866448767e+01
-5.836730374741005534e+01
-5.879146409759871261e+01
-5.921329815958026899e+01
-5.963263561793053213e+01
-6.004929953460909076e+01
-6.046310680961023110e+01
-6.087386872042875297e+01
-6.128139154046698422e+01
-6.168547723520132564e+01
-6.208592423353104550e+01
-6.248252827028242962e+01
-6.287508329437028465e+01
-6.326338243567624886e+01
-6.364721902232106032e+01
-6.402638763873491712e+01
-6.440068521380349864e+01
-6.476991212743001824e+01
-6.513387332311829425e+01
-6.549237941370502369e+01
-6.584524776713169558e+01
-6.619230355918713826e+01
-6.653338078046066073e+01
-6.686832318530626651e+01
-6.719698517144617256e+01
-6.751923257988329397e+01
-6.783494340604597994e+01
-6.814400841450891733e+01
-6.844633165119623186e+01
-6.874183084861927284e+01
-6.903043772141813861e+01
-6.931209815118454287e+01
-6.958677226124073911e+01
-6.985443438365676627e+01
-7.011507292230706412e+01
-7.036869011712809652e+01
-7.061530171595154570e+01
-7.085493656130336149e+01
-7.108763610037959779e+01
-7.131345382703281643e+01
-7.153245466501081751e+01
-7.174471430190915555e+01
-7.195031848332662605e+01
-7.214936227657153722e+01
-7.234194931297358266e+01
-7.252819101742824159e+01
-7.270820583327629549e+01
-7.288211844998795641e+01
-7.305005904045451359e+01
-7.321216251395523500e+01
-7.336856779012387619e+01
-7.351941709849076290e+01
-7.366485530743267418e+01
-7.380502928564749254e+01
-7.394008729859059770e+01
-7.407017844166925613e+01
-7.419545211140487595e+01
-7.431605751523184722e+01
-7.443214322012988760e+01
-7.454385673985427729e+01
-7.465134416016583430e+01
-7.475474980114982770e+01
-7.485421591544404407e+01
-7.494988242099201159e+01
-7.504188666676365926e+01
-7.513036322975598580e+01
-7.521544374150381884e+01
-7.529725674226472165e+01
-7.537592756101760472e+01
-7.545157821940939868e+01
-7.552432735780301698e+01
-7.559429018161320357e+01
-7.566157842616560458e+01
-7.572630033838045449e+01
-7.578856067364837656e+01
-7.584846070634547743e+01
-7.590609825251904397e+01
-7.596156770335545616e+01
-7.601496006813835038e+01
-7.606636302548054118e+01
-7.611586098171261483e+01
-7.616353513538579989e+01
-7.620946354693667502e+01
-7.625372121263701786e+01
-7.629638014203094087e+01
-7.633750943813281253e+01
-7.637717537973045978e+01
-7.641544150520051915e+01
-7.645236869730797480e+01
-7.648801526851210042e+01
-7.652243704636379107e+01
-7.655568745861933166e+01
-7.658781761774379504e+01
-7.661887640452447101e+01
-7.664891055054215485e+01
-7.667796471929436564e+01
-7.670608158578683344e+01
-7.673330191444648563e+01
-7.675966463522775030e+01
-7.678520691781307050e+01
-7.680996424382907151e+01
-7.683397047701245697e+01
-7.685725793128705163e+01
-7.687985743671869443e+01
-7.690179840333375694e+01
-7.692310888279625658e+01
-7.694381562794752938e+01
-7.696394415022686530e+01
-7.698351877499116824e+01
-7.700256269476527393e+01
-7.702109802045494291e+01
-7.703914583056437948e+01
-7.705672621845712911e+01
-7.707385833771181183e+01
-7.709056044561684473e+01
-7.710684994485708899e+01
-7.712274342344485945e+01
-7.713825669294719489e+01
-7.715340482506559283e+01
-7.716820218662128639e+01
-7.718266247299996508e+01
-7.719679874011151810e+01
-7.721062343491767876e+01
-7.722414842458232442e+01
-7.723738502429348785e+01
-7.725034402381338339e+01
-7.726303571280111271e+01
-7.727546990496364288e+01
-7.728765596107683677e+01
-7.729960281092887442e+01
-7.731131897422757504e+01
-7.732281258051806105e+01
-7.733409138815176220e+01
-7.734516280234936403e+01
-7.735603389239797423e+01
-7.736671140801955460e+01
-7.737720179494861839e+01
-7.738751120975496178e+01
-7.739764553394665825e+01
-7.740761038738448008e+01
-7.741741114104070220e+01
-7.742705292913424842e+01
-7.743654066066832797e+01
-7.744587903040115862e+01
-7.745507252927578179e+01
-7.746412545433392438e+01
-7.747304191814053809e+01
-7.748182585774057429e+01
-7.749048104317161290e+01
-7.749901108555327767e+01
-7.750741944477438494e+01
-7.751570943679786296e+01
-7.752388424060008276e+01
-7.753194690476578899e+01
-7.753990035375352363e+01
-7.754774739384619409e+01
-7.755549071880727752e+01
-7.756313291525169973e+01
-7.757067646774970626e+01
-7.757812376367435547e+01
-7.758547709780778234e+01
-7.759273867671507219e+01
-7.759991062290205832e+01
-7.760699497876174746e+01
-7.761399371032703698e+01
-7.762090871083250931e+01
-7.762774180410059444e+01
-7.763449474775777048e+01
-7.764116923628928646e+01
-7.764776690394363357e+01
-7.765428932749007629e+01
-7.766073802884002930e+01
-7.766711447753759501e+01
-7.767342009312655193e+01
-7.767342025500106217e+01
