-8.132977740431579150e+01
-8.121606067112696792e+01
-8.111358928004359825e+01
-8.102097758132934757e+01
-8.093737439396514333e+01
-8.086161160256696689e+01
-8.079294416680373558e+01
-8.073081531620779572e+01
-8.067490861695931414e+01
-8.062440235845316749e+01
-8.057722482608573955e+01
-8.053544374792232929e+01
-8.050169790741250608e+01
-8.047307199605707240e+01
-8.043855799550190966e+01
-8.038539696671404045e+01
-8.057163751626488590e+01
-7.871576815656804627e+01
2.174969246361561304e+01
2.239134708355110703e+01
1.991790586425526399e+01
2.003476479404313437e+01
2.010924223967683844e+01
2.019864118496660410e+01
2.038731931296185351e+01
2.066093783723552235e+01
2.098899825092363258e+01
2.134630879056203412e+01
2.171224464414423139e+01
2.206895287110542014e+01
2.240297819440432292e+01
2.270377441366009563e+01
2.296187936274880670e+01
2.316726056937932299e+01
2.330805432599001392e+01
2.336943571078262138e+01
2.333305309873398414e+01
2.318077041023907015e+01
2.290892481534206837e+01
2.254773971754560336e+01
2.215380847657346308e+01
2.177310831546229508e+01
2.142436676119696415e+01
2.110913127032728553e+01
2.082384298806717027e+01
2.056462486658027444e+01
2.032843761847700037e+01
2.011294659886800318e+01
1.991617714963622987e+01
1.973622448814844077e+01
1.957128852344423464e+01
1.941961278059600104e+01
1.927954772678360484e+01
1.914957060787941856e+01
1.902826278530908866e+01
1.891423098900682476e+01
1.880639876751035189e+01
1.870380390637553347e+01
1.860548728042042654e+01
1.851072583633166602e+01
1.841882798999053961e+01
1.832927302834601235e+01
1.824147688041395909e+01
1.815512052784428576e+01
1.806972120459376185e+01
1.798497025844098118e+01
1.790069264794433224e+01
1.781656356230379856e+01
1.773245145114533017e+01
1.764806650752740325e+01
1.756328259898209154e+01
1.747815588789996255e+01
1.739242704065237177e+01
1.730560231854793329e+01
1.721830846694894390e+01
1.713014741532499485e+01
1.704096663640826392e+01
1.695065224530383574e+01
1.685912812424361817e+01
1.676636434656227337e+01
1.667232263803330028e+01
1.657695026835749275e+01
1.648019461636307526e+01
1.638200848029326551e+01
1.628235056372367850e+01
1.618118486008885171e+01
1.607847967913104625e+01
1.597420682735368302e+01
1.586834181038613423e+01
1.576086415378098593e+01
1.565175659535226949e+01
1.554100454749855587e+01
1.542859617853253162e+01
1.531452182642451731e+01
1.519877306053695598e+01
1.508134237495256613e+01
1.496222408353042788e+01
1.484141600777217640e+01
1.471891978887538954e+01
1.459473954535268625e+01
1.446888073499246552e+01
1.434134985039926136e+01
1.421215450431998484e+01
1.408130354200941703e+01
1.394880707912223450e+01
1.381467647608592131e+01
1.367892427895477958e+01
1.354156414777707340e+01
1.340261078266571992e+01
1.326207985110779575e+01
1.311998791706916734e+01
1.297635237151575893e+01
1.283119136389325554e+01
1.268452373427174962e+01
1.253636894603164187e+01
1.238674701907668307e+01
1.223567846361750000e+01
1.208318421458608505e+01
1.192928556674268670e+01
1.177400411052689222e+01
1.161736166869545350e+01
1.145938023377908266e+01
1.130008190638496401e+01
1.113948883436613180e+01
1.097762315287746304e+01
1.081450692533634061e+01
1.065016208530668962e+01
1.048461037932568729e+01
1.031787331069379476e+01
1.014997208424828656e+01
9.980927552144931880e+00
9.810760160668394292e+00
9.639489898095188636e+00
9.467136243631662396e+00
9.293718117447978599e+00
9.119253831828189050e+00
8.943761043453690718e+00
8.767256706835031110e+00
8.589757028902971214e+00
8.411277424766579358e+00
8.231832474641413100e+00
8.051435881945577577e+00
7.870100432557012304e+00
7.687837955219241515e+00
7.504659283076994036e+00
7.320574216317492500e+00
7.135591485886256358e+00
6.949718718240986526e+00
6.762962401099713361e+00
6.575327850134118357e+00
6.386819176552219091e+00
6.197439255508583322e+00
6.007189695275193309e+00
5.816070807099690931e+00
5.624081575673346656e+00
5.431219630125786679e+00
5.237481215459718342e+00
5.042861164334598634e+00
4.847352869104882167e+00
4.650948254015967898e+00
4.453637747458127905e+00
4.255410254177648177e+00
4.056253127342686504e+00
3.856152140361641223e+00
3.655091458351271694e+00
3.453053609153538428e+00
3.250019453801371583e+00
3.045968156336084309e+00
2.840877152882637091e+00
2.634722119893138981e+00
2.427476941473770022e+00
2.219113675717099277e+00
2.009602519968419543e+00
1.798911774963754873e+00
1.587007807786631197e+00
1.373855013602226727e+00
1.159415776140154231e+00
9.436504269116057220e-01
7.265172031627512572e-01
5.079722045843609868e-01
2.879693488176069405e-01
6.646032581891085644e-02
-1.566054488308704085e-01
-3.812808815542931273e-01
-6.076212491983820074e-01
-8.356842480636060833e-01
-1.065530043313269504e+00
-1.297221318483906316e+00
-1.530823324753822989e+00
-1.766403929550461216e+00
-2.004033663984614133e+00
-2.243785768489926280e+00
-2.485736235918204695e+00
-2.729963851196981039e+00
-2.976550226497514551e+00
-3.225579830693757533e+00
-3.477140011719733970e+00
-3.731321010258961568e+00
-3.988215963026739974e+00
-4.247920893733994951e+00
-4.510534689647288431e+00
-4.776159061478009171e+00
-5.044898484138786721e+00
-5.316860115690420940e+00
-5.592153691568044316e+00
-5.870891390910543350e+00
-6.153187671539077641e+00
-6.439159069834689220e+00
-6.728923961468105119e+00
-7.022602278652763985e+00
-7.320315179345050716e+00
-7.622184663629166579e+00
-7.928333132428406316e+00
-8.238882883717055350e+00
-8.553955541609319368e+00
-8.873671414123503354e+00
-9.198148776119031922e+00
-9.527503074941700234e+00
-9.861846057759368733e+00
-1.020128482149276294e+01
-1.054592078871381489e+01
-1.089584861594870091e+01
-1.125115504452088189e+01
-1.161191770840082960e+01
-1.197820391844680188e+01
-1.235006944780983140e+01
-1.272755734894537483e+01
-1.311069683833216715e+01
-1.349950229025437842e+01
-1.389397238536148826e+01
-1.429408946260260294e+01
-1.469981912389657275e+01
-1.511111013890759480e+01
-1.552789469196645200e+01
-1.595008900407873575e+01
-1.637759434989834517e+01
-1.681029847265229904e+01
-1.724807737981800315e+01
-1.769079747984507733e+01
-1.813831799680570001e+01
-1.859049357733822916e+01
-1.904717698468116893e+01
-1.950822176013710063e+01
-1.997348472497099436e+01
-2.044282819719100175e+01
-2.091612180889265105e+01
-2.139324383103211247e+01
-2.187408194278913243e+01
-2.235853342015366607e+01
-2.284650476010732589e+01
-2.333791079904961663e+01
-2.383267342281017065e+01
-2.433071999661966700e+01
-2.483198166332130796e+01
-2.533639166456543990e+01
-2.584388383196070649e+01
-2.635439137407983523e+01
-2.686784605343048327e+01
-2.738417780883723296e+01
-2.790331483768508747e+01
-2.842518411368781273e+01
-2.894971228312957123e+01
-2.947682685861336793e+01
-3.000645761552207702e+01
-3.053853809257332230e+01
-3.107300710276182443e+01
-3.160981017261028825e+01
-3.214890084359964817e+01
-3.269024178759280375e+01
-3.323380570595651307e+01
-3.377957599840242153e+01
-3.432754720131303117e+01
-3.487772520598763748e+01
-3.543012727476233437e+01
-3.598478187754295021e+01
-3.654172837333641866e+01
-3.710101656137429416e+01
-3.766270612487375047e+01
-3.822686598784809320e+01
-3.879357360205364813e+01
-3.936291417747582244e+01
-3.993497986632556973e+01
-4.050986892830598407e+01
-4.108768484132151144e+01
-4.166853533333564741e+01
-4.225253140658954720e+01
-4.283978630950073807e+01
-4.343041444558562603e+01
-4.402453020783875814e+01
-4.462224672582092921e+01
-4.522367450667047706e+01
-4.582891995419741704e+01
-4.643808374570649278e+01
-4.705125904606541809e+01
-4.766852953762571588e+01
-4.828996724430123066e+01
-4.891563012840250479e+01
-4.954555943989434752e+01
-5.017977679980993599e+01
-5.081828100285732575e+01
-5.146104452912285865e+01
-5.210800976153171149e+01
-5.275908491473497719e+01
-5.341413969273951068e+01
-5.407300070717432305e+01
-5.473544670587807559e+01
-5.540120368256901884e+01
-5.606993996262610835e+01
-5.674126138702240496e+01
-5.741470674540813945e+01
-5.808974363900751570e+01
-5.876576498233088586e+01
-5.944208637779335902e+01
-6.011794461553004965e+01
-6.079249755956597312e+01
-6.146482567676859787e+01
-6.213393544381237632e+01
-6.279876482689052608e+01
-6.345819096762878786e+01
-6.411104012684350550e+01
-6.475609983790037916e+01
-6.539213310832967352e+01
-6.601789438920687303e+01
-6.663214691560182246e+01
-6.723368091806443658e+01
-6.782133212446437653e+01
-6.839399992199173539e+01
-6.895066453684606245e+01
-6.949040261684447728e+01
-7.001240066889143066e+01
-7.051596590422940380e+01
-7.100053417155733371e+01
-7.146567480107140113e+01
-7.191109232969682807e+01
-7.233662521797045031e+01
-7.274224179237249643e+01
-7.312803374602340512e+01
-7.349420760114828965e+01
-7.384107457718849332e+01
-7.416903932027354074e+01
-7.447858793648464371e+01
-7.477027573785011327e+01
-7.504471506192390962e+01
-7.530256346871483686e+01
-7.554451255774519325e+01
-7.577127758741838193e+01
-7.598358802191827976e+01
-7.618217907984772808e+01
-7.636778431503404363e+01
-7.654112922396134877e+01
-7.670292584606001185e+01
-7.685386830207546893e+01
-7.699462920119431431e+01
-7.712585683857328434e+01
-7.724817310045395402e+01
-7.736217199318362248e+01
-7.746841871437469251e+01
-7.756744918832785629e+01
-7.765976999311190809e+01
-7.774585861278663401e+01
-7.782616395477354843e+01
-7.790110707899980014e+01
-7.797108209191448225e+01
-7.803645716466708393e+01
-7.809757564050195811e+01
-7.815475720171619400e+01
-7.820829907131533787e+01
-7.825847722877132639e+01
-7.830554762305511929e+01
-7.834974736940954188e+01
-7.839129591918016615e+01
-7.843039619445487176e+01
-7.846723568134466120e+01
-7.850198747747681693e+01
-7.853481129072970646e+01
-7.856585438743667282e+01
-7.859525248926340169e+01
-7.862313061875343578e+01
-7.864960389416276598e+01
-7.867477827468756857e+01
-7.869875125756621514e+01
-7.872161252880384552e+01
-7.874344456947589777e+01
-7.876432321967956796e+01
-7.878431820229153004e+01
-7.880349360872266118e+01
-7.882190834885226138e+01
-7.883961656730861023e+01
-7.885666802820647092e+01
-7.887310847039397288e+01
-7.888897993518457952e+01
-7.890432106846817817e+01
-7.891916739900153743e+01
-7.893355159459450476e+01
-7.894750369780661003e+01
-7.896105134267631342e+01
-7.897421995391630389e+01
-7.898703292991098124e+01
-7.899951181076889384e+01
-7.901167643259404372e+01
-7.902354506906254983e+01
-7.903513456131062753e+01
-7.904646043706428316e+01
-7.905753701988189164e+01
-7.906837752930317720e+01
-7.907899417264538044e+01
-7.908939822912819295e+01
-7.909960012695715648e+01
-7.910960951394282858e+01
-7.911943532219156339e+01
-7.912908582735511231e+01
-7.913856870289760082e+01
-7.914789106978695088e+01
-7.915705954199857786e+01
-7.916608026817955590e+01
-7.917495896979541214e+01
-7.918370097605492219e+01
-7.919231125588412112e+01
-7.920079444719917205e+01
-7.920915488370584967e+01
-7.921739661943320243e+01
-7.922552345119548534e+01
-7.923353893915768253e+01
-7.924144642566376717e+01
-7.924924905247735296e+01
-7.925694977656952744e+01
-7.926455138457464500e+01
-7.927205650603352183e+01
-7.927946762552006987e+01
-7.928678709375218148e+01
-7.929401713777114935e+01
-7.930115987027004110e+01
-7.930821729814115884e+01
-7.931519133031397928e+01
-7.932208378493922396e+01
-7.932889639597794940e+01
-7.933563081924589255e+01
-7.934228863795856057e+01
-7.934887136781986783e+01
-7.935538046169591553e+01
-7.936181731390477978e+01
-7.936818326415843217e+01
-7.937447960118505819e+01
-7.938070756605976896e+01
-7.938686835526712571e+01
-7.939296312352020379e+01
-7.939899298635482694e+01
-7.940495902251879556e+01
-7.941086227617525140e+01
-7.941670375893136224e+01
-7.942248445171355797e+01
-7.942820530649576938e+01
-7.943386724789633035e+01
-7.943947117465556573e+01
-7.944501796100122704e+01
-7.945050845791271854e+01
-7.945594349429185854e+01
-7.946132387804981079e+01
-7.946665039711501777e+01
-7.947192382036753600e+01
-7.947714489851087194e+01
-7.948231436488048018e+01
-7.948743293619730821e+01
-7.949250131327161739e+01
-7.949752018165882816e+01
-7.950249021227133994e+01
-7.950741206195236543e+01
-7.951228637401173671e+01
-7.951711377872996422e+01
-7.952189489382836030e+01
-7.952663032491332729e+01
-7.953132066589276405e+01
-7.953596649936916663e+01
-7.954056839700852777e+01
-7.954512691989037876e+01
-7.954964261883759491e+01
-7.955411603472863646e+01
-7.955854769879285016e+01
-7.956293813289147465e+01
-7.956728784978385249e+01
-7.957159735338045436e+01
-7.957586713898395203e+01
-7.958009769351801310e+01
-7.958428949574773981e+01
-7.958844301648753117e+01
-7.959255871880120026e+01
-7.959663705819380652e+01
-7.960067848279494740e+01
-7.960468343353373655e+01
-7.960865234430828252e+01
-7.961258564214783462e+01
-7.961648374736857647e+01
-7.962034707372340847e+01
-7.962417602854773691e+01
-7.962797101289750401e+01
-7.963173242168514321e+01
-7.963546064380888367e+01
-7.963915606227887167e+01
-7.964281905433892916e+01
-7.964644999158372229e+01
-7.964645014303061998e+01
