-8.145718257852689703e+01
-8.145817138748118680e+01
-8.145901150121549961e+01
-8.145972298222999086e+01
-8.146028262282388255e+01
-8.146071636964154550e+01
-8.146087009251705524e+01
-8.146099402701412373e+01
-8.146136202831419837e+01
-8.146202977969889503e+01
-8.146157518164517342e+01
-8.146094250101570822e+01
-8.146356566092903506e+01
-8.146910352600177418e+01
-8.146900842934276454e+01
-8.146964920456363757e+01
-8.130164732380096382e+01
-8.377080305036000141e+01
-5.384156849626855745e+01
1.410341182564937235e+01
2.085566869611650631e+01
2.070038132351750093e+01
2.021528983605175611e+01
2.015622067266544093e+01
2.029419555600542679e+01
2.052899402716929345e+01
2.083013380172801732e+01
2.117368577292238285e+01
2.153675410910387455e+01
2.189946663130060855e+01
2.224601063483673258e+01
2.256430418672797344e+01
2.284454878816603340e+01
2.307708572150597348e+01
2.325115743185968498e+01
2.335348565910155116e+01
2.336733190349757905e+01
2.327350355610758470e+01
2.305872428388853024e+01
2.273510787071315065e+01
2.235015169305147609e+01
2.195925732560844779e+01
2.159414470708651024e+01
2.126290638228152474e+01
2.096351718672642406e+01
2.069194098018073191e+01
2.044478391952281982e+01
2.021935934507744292e+01
2.001356530633575304e+01
1.982551877879460278e+01
1.965334476209268288e+01
1.949528926700956077e+01
1.934957856643509544e+01
1.921468533886350727e+01
1.908912607779657122e+01
1.897152116564195978e+01
1.886060356650622793e+01
1.875535642039844575e+01
1.865486648765948274e+01
1.855825769633147360e+01
1.846484442737439835e+01
1.837398703544634770e+01
1.828520472385810436e+01
1.819795389462032631e+01
1.811195477472714899e+01
1.802673229244821940e+01
1.794201921889048634e+01
1.785762926594934896e+01
1.777329655377338824e+01
1.768888420115218452e+01
1.760405177012262001e+01
1.751879781452127105e+01
1.743313986036544705e+01
1.734678686856533147e+01
1.725922415384337327e+01
1.717125771126391598e+01
1.708233267786474130e+01
1.699233833904271762e+01
1.690116739827401560e+01
1.680874704922739937e+01
1.671505096662384204e+01
1.662004403261389029e+01
1.652367604651313826e+01
1.642589665841297375e+01
1.632666077755633793e+01
1.622592906690809045e+01
1.612366732921793044e+01
1.601984554314212517e+01
1.591443706900022192e+01
1.580741887934349066e+01
1.569877188085142805e+01
1.558848010581550803e+01
1.547653018748287401e+01
1.536291144744294357e+01
1.524761531333612119e+01
1.513063438959995466e+01
1.501196216132176708e+01
1.489159390320283727e+01
1.476952835243465145e+01
1.464576798026032911e+01
1.452031765298260702e+01
1.439318352449650185e+01
1.426437274741129180e+01
1.413389355909285960e+01
1.400175539082482601e+01
1.386796890332212584e+01
1.373254596012894524e+01
1.359549956836760387e+01
1.345684380736833496e+01
1.331659375509789456e+01
1.317476541581757132e+01
1.303137564950182359e+01
1.288644210264304313e+01
1.273998313999224408e+01
1.259201777694808300e+01
1.244256561247239468e+01
1.229164676252040778e+01
1.213928179402736163e+01
1.198549165951310869e+01
1.183029763236594611e+01
1.167372124285782675e+01
1.151578421493490367e+01
1.135650840381659421e+01
1.119591573443091370e+01
1.103402814070934745e+01
1.087086750576127869e+01
1.070645560294789789e+01
1.054081403787479232e+01
1.037396419132367775e+01
1.020592716314264869e+01
1.003672371711856748e+01
9.866374226851657880e+00
9.694898622655067300e+00
9.522316339501198712e+00
9.348646266035647301e+00
9.173906694678141349e+00
8.998115272827956090e+00
8.821288955188688163e+00
8.643443957224274499e+00
8.464595709753359287e+00
8.284758814686894013e+00
8.103947001906838921e+00
7.922173087280699022e+00
7.739448931799271847e+00
7.555785401821258240e+00
7.371192330400133663e+00
7.185678479664258766e+00
6.999251504213821029e+00
6.811917915492064601e+00
6.623683047082102426e+00
6.434551020873735538e+00
6.244524714039392244e+00
6.053605726751200677e+00
5.861794350566396083e+00
5.669089537402453693e+00
5.475488869017929972e+00
5.280988526910956438e+00
5.085583262542326288e+00
4.889266367786932577e+00
4.692029645513357217e+00
4.493863380189311307e+00
4.294756308407853496e+00
4.094695589227889343e+00
3.893666774221579363e+00
3.691653777120775359e+00
3.488638842954795205e+00
3.284602516573235764e+00
3.079523610448883009e+00
2.873379171658733799e+00
2.666144447944232443e+00
2.457792852756325530e+00
2.248295929196381326e+00
2.037623312769945016e+00
1.825742692878424833e+00
1.612619772982032851e+00
1.398218229377743205e+00
1.182499668547362992e+00
9.654235830439545918e-01
7.469473058994756665e-01
5.270259635527431152e-01
3.056124273151709092e-01
8.265726341177594139e-02
-1.418913183424313218e-01
-3.680875171454023320e-01
-5.959879949760371609e-01
-8.256519313797845427e-01
-1.057141079084860547e+00
-1.290519820214945046e+00
-1.525855222807010803e+00
-1.763217097273504841e+00
-2.002678052364272876e+00
-2.244313550084283015e+00
-2.488201958907412248e+00
-2.734424604496338063e+00
-2.983065816995714492e+00
-3.234212973814944991e+00
-3.487956536662262685e+00
-3.744390081437787732e+00
-4.003610319442237220e+00
-4.265717108210935749e+00
-4.530813450137426202e+00
-4.799005476904434353e+00
-5.070402417586319821e+00
-5.345116548124645206e+00
-5.623263119702744284e+00
-5.904960263357800443e+00
-6.190328867976863769e+00
-6.479492428630419631e+00
-6.772576862023920619e+00
-7.069710285708156405e+00
-7.371022757609385856e+00
-7.676645972449156474e+00
-7.986712911757427591e+00
-8.301357444481757497e+00
-8.620713875709393292e+00
-8.944916441805235152e+00
-9.274098751387256812e+00
-9.608393173084982308e+00
-9.947930173026634293e+00
-1.029283760755083144e+01
-1.064323997980352488e+01
-1.099925767271153276e+01
-1.136100617533954704e+01
-1.172859532481647094e+01
-1.210212859177150335e+01
-1.248170244338352397e+01
-1.286740582444536329e+01
-1.325931980288835454e+01
-1.365751743147397868e+01
-1.406206388118861916e+01
-1.447301690349810066e+01
-1.489042767718191129e+01
-1.531434209009316483e+01
-1.574480249605776905e+01
-1.618184997156875937e+01
-1.662552707554400655e+01
-1.707588108817991568e+01
-1.753296767231844200e+01
-1.799685486379655330e+01
-1.846762725765249513e+01
-1.894539021717679717e+01
-1.943027389561557072e+01
-1.992243682947259131e+01
-2.042206884191257998e+01
-2.092939298918108904e+01
-2.144466629673184244e+01
-2.196817906903590156e+01
-2.250025262102636248e+01
-2.304123537113579445e+01
-2.359149735433246065e+01
-2.415142335280052777e+01
-2.472140499131852565e+01
-2.530183228820656538e+01
-2.589308527098781454e+01
-2.649552633746048258e+01
-2.710949404874520852e+01
-2.773529897016301859e+01
-2.837322202924979564e+01
-2.902351565240470777e+01
-2.968640769993065476e+01
-3.036210797815314422e+01
-3.105081690152814033e+01
-3.175273573419381279e+01
-3.246807777321781430e+01
-3.319707984401293999e+01
-3.394001354851407370e+01
-3.469719581721474810e+01
-3.546899844308914140e+01
-3.625585639702472207e+01
-3.705827482404606599e+01
-3.787683468669592202e+01
-3.871219705129948352e+01
-3.956510600218575036e+01
-4.043639013464905929e+01
-4.132696249528836319e+01
-4.223781858245197895e+01
-4.317003206101355062e+01
-4.412474752543342760e+01
-4.510316936026703161e+01
-4.610654544021480916e+01
-4.713614401435046375e+01
-4.819322165555296777e+01
-4.927897963856535313e+01
-5.039450557572867950e+01
-5.154069666749244050e+01
-5.271816066078648788e+01
-5.392709079399289607e+01
-5.516711200957653460e+01
-5.643709803736029329e+01
-5.773496319038208213e+01
-5.905743941623352811e+01
-6.039985848848785110e+01
-6.175597050770724650e+01
-6.311784092064729634e+01
-6.447587498826744934e+01
-6.581901552854810689e+01
-6.713514180023199174e+01
-6.841166335325041814e+01
-6.963625829822771607e+01
-7.079766372695118548e+01
-7.188640273588028151e+01
-7.289533857474593503e+01
-7.381998157280078487e+01
-7.465852671365644255e+01
-7.541165133762555683e+01
-7.608213848401638302e+01
-7.667440532601790437e+01
-7.719401033711839943e+01
-7.764719485312942027e+01
-7.804049289595359085e+01
-7.838042358182845248e+01
-7.867326609422735828e+01
-7.892490848416336746e+01
-7.914075748517697662e+01
-7.932569566139382289e+01
-7.948407322219840410e+01
-7.961972374782683914e+01
-7.973599523708794834e+01
-7.983578994938596907e+01
-7.992160829600413763e+01
-7.999559348462180708e+01
-8.005957474523840744e+01
-8.011510780502194962e+01
-8.016351188483595536e+01
-8.020590291170879027e+01
-8.024322292368914589e+01
-8.027626582283589585e+01
-8.030569973713390652e+01
-8.033208630502630854e+01
-8.035589721386106987e+01
-8.037752831868954217e+01
-8.039731164980003086e+01
-8.041552559245639031e+01
-8.043240349449840210e+01
-8.044814092903928326e+01
-8.046290181181240087e+01
-8.047682354661223769e+01
-8.049002134827750865e+01
-8.050259187112509096e+01
-8.051461625170007608e+01
-8.052616265812487484e+01
-8.053728842404072452e+01
-8.054804183294351105e+01
-8.055846360837580278e+01
-8.056858815666966223e+01
-8.057844460156891842e+01
-8.058805764404202421e+01
-8.059744827590010630e+01
-8.060663437222299876e+01
-8.061563118462804312e+01
-8.062445175450152135e+01
-8.063310726209915913e+01
-8.064160732391854935e+01
-8.064996024732228364e+01
-8.065817324850642933e+01
-8.066625263791125633e+01
-8.067420397615376260e+01
-8.068203220331504610e+01
-8.068974174461648374e+01
-8.069733659577921969e+01
-8.070482039148615172e+01
-8.071219646020225014e+01
-8.071946786826502773e+01
-8.072663745566212867e+01
-8.073370786541795496e+01
-8.074068156804439411e+01
-8.074756088213663929e+01
-8.075434799190185231e+01
-8.076104496219831219e+01
-8.076765375150928605e+01
-8.077417622317862822e+01
-8.078061415516107502e+01
-8.078696924849137417e+01
-8.079324313464861973e+01
-8.079943738195728997e+01
-8.080555350115524504e+01
-8.081159295023967104e+01
-8.081755713868713542e+01
-8.082344743113466734e+01
-8.082926515059575934e+01
-8.083501158127620556e+01
-8.084068797104927739e+01
-8.084629553363421905e+01
-8.085183545052603904e+01
-8.085730887270689493e+01
-8.086271692217717089e+01
-8.086806069332540403e+01
-8.087334125416407460e+01
-8.087855964745062920e+01
-8.088371689170686807e+01
-8.088881398215168872e+01
-8.089385189156233480e+01
-8.089883157106737599e+01
-8.090375395088560140e+01
-8.090861994101479127e+01
-8.091343043187673345e+01
-8.091818629492460957e+01
-8.092288838321620403e+01
-8.092753753195532340e+01
-8.093213455900880149e+01
-8.093668026539623384e+01
-8.094117543575781326e+01
-8.094562083880292391e+01
-8.095001722773888275e+01
-8.095436534068346646e+01
-8.095866590106003002e+01
-8.096291961797967929e+01
-8.096712718660745622e+01
-8.097128928851709873e+01
-8.097540659203360747e+01
-8.097947975256275299e+01
-8.098350941291171523e+01
-8.098749620359758694e+01
-8.099144074314713748e+01
-8.099534363838719742e+01
-8.099920548472516657e+01
-8.100302686642181982e+01
-8.100680835685575687e+01
-8.101055051877995083e+01
-8.101425390457009712e+01
-8.101791905646705061e+01
-8.102154650681096371e+01
-8.102513677826939897e+01
-8.102869038405914637e+01
-8.103220782816069345e+01
-8.103568960552821920e+01
-8.103913620229235448e+01
-8.104254809595835241e+01
-8.104592575559883016e+01
-8.104926964203937700e+01
-8.105258020804252794e+01
-8.105585789848315414e+01
-8.105910315052206272e+01
-8.106231639377296005e+01
-8.106549805046641666e+01
-8.106864853560827555e+01
-8.107176825713520429e+01
-8.107485761606496055e+01
-8.107791700664300549e+01
-8.108094681648670132e+01
-8.108394742672363975e+01
-8.108691921212847831e+01
-8.108986254125409232e+01
-8.109277777656176056e+01
-8.109566527454657603e+01
-8.109852538586001458e+01
-8.110135845542949085e+01
-8.110416482257495829e+01
-8.110694482112330661e+01
-8.110969877951822582e+01
-8.111242702092843615e+01
-8.111512986335492315e+01
-8.111780761973160736e+01
-8.112046059802820253e+01
-8.112308910134608197e+01
-8.112569342801576511e+01
-8.112827387168930215e+01
-8.113083072143241736e+01
-8.113336426181308525e+01
-8.113587477298808892e+01
-8.113836253078891048e+01
-8.114082780680450924e+01
-8.114327086846174097e+01
-8.114569197910554976e+01
-8.114809139807535132e+01
-8.115046938078104688e+01
-8.115282617877687699e+01
-8.115516203983396792e+01
-8.115747720801013543e+01
-8.115977192371971682e+01
-8.116204642380002099e+01
-8.116430094157813357e+01
-8.116653570693486586e+01
-8.116875094636779409e+01
-8.117094688305324723e+01
-8.117312373690585048e+01
-8.117528172463855185e+01
-8.117742105981896827e+01
-8.117954195292739428e+01
-8.118164461141016375e+01
-8.118372923973518596e+01
-8.118579603944434098e+01
-8.118784520920445402e+01
-8.118987694485909401e+01
-8.119189143947768628e+01
-8.119388888340307631e+01
-8.119586946430040086e+01
-8.119783336720318800e+01
-8.119978077455805021e+01
-8.120171186627054283e+01
-8.120362681974748398e+01
-8.120552580994080927e+01
-8.120740900938878326e+01
-8.120927658825706885e+01
-8.121112871437955505e+01
-8.121296555329637101e+01
-8.121478726829370487e+01
-8.121659402044126352e+01
-8.121838596862896509e+01
-8.122016326960324761e+01
-8.122016340820944436e+01
