-8.145712976542939998e+01
-8.145807546943686361e+01
-8.145888046276400019e+01
-8.145956332395732602e+01
-8.146009974027728617e+01
-8.146051460005050160e+01
-8.146065308983031628e+01
-8.146076482504999206e+01
-8.146112300548112728e+01
-8.146178287534218043e+01
-8.146132175818203791e+01
-8.146068457298711962e+01
-8.146330473721219789e+01
-8.146883966766969820e+01
-8.146873697558059746e+01
-8.146937434250058629e+01
-8.130135646484319523e+01
-8.377138351547885975e+01
-5.382784795386613297e+01
1.409929967336267964e+01
2.085279804369172041e+01
2.070038980640896398e+01
2.021588977395819242e+01
2.015698393805212518e+01
2.029514125921151546e+01
2.053014745219689274e+01
2.083150221093265841e+01
2.117527763746866043e+01
2.153858203894488454e+01
2.190154551120904713e+01
2.224835873610172854e+01
2.256694324737681256e+01
2.284750398461664744e+01
2.308038588710743966e+01
2.325483658052237956e+01
2.335758431595758466e+01
2.337189903212946263e+01
2.327859598082476467e+01
2.306439637334379711e+01
2.274139164390387791e+01
2.235705831777730168e+01
2.196680818403538993e+01
2.160238322175238679e+01
2.127188372214432732e+01
2.097328007846641995e+01
2.070252752345008673e+01
2.045622457434868835e+01
2.023167857035533146e+01
2.002678324943721577e+01
1.983965299917810299e+01
1.966841047688462041e+01
1.951130045684022463e+01
1.936654782071686043e+01
1.923262452146029844e+01
1.910804655771820748e+01
1.899143356336167088e+01
1.888151802658079248e+01
1.877728300889467405e+01
1.867781503899886530e+01
1.858223786439333480e+01
1.848986585845740294e+01
1.840005905353591942e+01
1.831233712647594913e+01
1.822615610858410662e+01
1.814123675904497901e+01
1.805710375016146330e+01
1.797349019600379449e+01
1.789020979505106013e+01
1.780699731355409554e+01
1.772371591866353668e+01
1.764002473732771037e+01
1.755592353312145093e+01
1.747142975875674864e+01
1.738625209457234178e+01
1.729987608218936401e+01
1.721311154556289225e+01
1.712539609528307949e+01
1.703662449439207904e+01
1.694668928391200780e+01
1.685551814229345524e+01
1.676308513089530550e+01
1.666935521121885344e+01
1.657427832909529997e+01
1.647780436733378906e+01
1.637988850808458707e+01
1.628049170617196495e+01
1.617958006739836563e+01
1.607712388298235240e+01
1.597309683614653331e+01
1.586747623115336481e+01
1.576024331145527313e+01
1.565138245150742868e+01
1.554088063391266950e+01
1.542872753587107759e+01
1.531491494613471538e+01
1.519943583584237423e+01
1.508228406396545829e+01
1.496345529299877164e+01
1.484294866621422138e+01
1.472076707321419953e+01
1.459691580420478552e+01
1.447140144233546444e+01
1.434423157753039213e+01
1.421541489467151287e+01
1.408496128391819369e+01
1.395288187689640047e+01
1.381918902064260024e+01
1.368389621890120011e+01
1.354701806133009079e+01
1.340857015052722190e+01
1.326856903030137147e+01
1.312703211571745321e+01
1.298397762454297144e+01
1.283942450964934068e+01
1.269339239208272296e+01
1.254590149468593729e+01
1.239697257626127325e+01
1.224662686631813813e+01
1.209488600046818974e+01
1.194177195653105805e+01
1.178730699140442795e+01
1.163151357874365210e+01
1.147441434748563616e+01
1.131603202124707686e+01
1.115638935862130054e+01
1.099550909439626878e+01
1.083341388171528408e+01
1.067012623520222547e+01
1.050566847507318968e+01
1.034006267225712605e+01
1.017333059455132016e+01
1.000549365383407263e+01
9.836572854360365881e+00
9.666588742165567183e+00
9.495561355600104392e+00
9.323510177018745182e+00
9.150454085644472713e+00
8.976411311625730249e+00
8.801399391302306086e+00
8.625435123691188366e+00
8.448534528200488225e+00
8.270712803574246763e+00
8.091984288066290887e+00
7.912362420835941990e+00
7.731859704552594081e+00
7.550487669190649953e+00
7.368256836989710123e+00
7.185176688549094415e+00
7.001255630019490361e+00
6.816500961348045173e+00
6.630918845527345340e+00
6.444514278792320638e+00
6.257291061703582180e+00
6.069251771049549937e+00
5.880397732495123542e+00
5.690728993898613197e+00
5.500244299214646304e+00
5.308941062896339602e+00
5.116815344705945456e+00
4.923861824839897317e+00
4.730073779271385170e+00
4.535443055210804708e+00
4.339960046583148490e+00
4.143613669419342393e+00
3.946391337058245963e+00
3.748278935055780803e+00
3.549260795697753768e+00
3.349319672014200666e+00
3.148436711194550597e+00
2.946591427305142119e+00
2.743761673213719554e+00
2.539923611628863931e+00
2.335051685167109259e+00
2.129118585365306515e+00
1.922095220562136220e+00
1.713950682579455931e+00
1.504652212142336687e+00
1.294165162985474016e+00
1.082452964603900947e+00
8.694770836172158734e-01
6.551969837291236054e-01
4.395700842778931805e-01
2.225517173893638290e-01
4.095083753208601622e-03
-2.158487929051146337e-01
-4.373311126377728009e-01
-6.604053472327729990e-01
-8.851272892235453327e-01
-1.111555101792364608e+00
-1.339749369374010124e+00
-1.569773148717458877e+00
-1.801692020102702907e+00
-2.035574138336273986e+00
-2.271490283061334825e+00
-2.509513907816588674e+00
-2.749721187163678859e+00
-2.992191061078529835e+00
-3.237005275672164117e+00
-3.484248419175090206e+00
-3.734007951991106911e+00
-3.986374229502779976e+00
-4.241440516192986010e+00
-4.499302989531944519e+00
-4.760060731963542402e+00
-5.023815709203518054e+00
-5.290672732928797473e+00
-5.560739405790732448e+00
-5.834126046541000754e+00
-6.110945592857539133e+00
-6.391313479319678414e+00
-6.675347487795371570e+00
-6.963167567365782240e+00
-7.254895620807515932e+00
-7.550655254612596678e+00
-7.850571489574194040e+00
-8.154770429135842491e+00
-8.463378883028436661e+00
-8.776523944245855802e+00
-9.094332518183620095e+00
-9.416930803840772413e+00
-9.744443728418827888e+00
-1.007699433850604898e+01
-1.041470315336498764e+01
-1.075768748870055447e+01
-1.110606076270636677e+01
-1.145993180017915236e+01
-1.181940415502507769e+01
-1.218457547647204464e+01
-1.255553694959739275e+01
-1.293237284614171578e+01
-1.331516022666946419e+01
-1.370396883951600309e+01
-1.409886126508160409e+01
-1.449989335525942202e+01
-1.490711501641972347e+01
-1.532057137970268101e+01
-1.574030439372883805e+01
-1.616635486167937330e+01
-1.659876492669580372e+01
-1.703758098667039178e+01
-1.748285699210196853e+01
-1.793465804958448473e+01
-1.839306421999289753e+01
-1.885817436636417455e+01
-1.933010987420097138e+01
-1.980901803928236404e+01
-2.029507489830259814e+01
-2.078848726932847413e+01
-2.128949377583713698e+01
-2.179836465349382024e+01
-2.231540018577436868e+01
-2.284092768477671243e+01
-2.337529702681624855e+01
-2.391887486549643427e+01
-2.447203777092670052e+01
-2.503516467147034419e+01
-2.560862908882841182e+01
-2.619279174080287120e+01
-2.678799412185363593e+01
-2.739455364630521217e+01
-2.801276084774707442e+01
-2.864287897656666715e+01
-2.928514614244548753e+01
-2.993977993593428977e+01
-3.060698426253841475e+01
-3.128695796134675788e+01
-3.197990467725479036e+01
-3.268604341886455700e+01
-3.340561925886983374e+01
-3.413891370643287360e+01
-3.488625438267407475e+01
-3.564802374100350590e+01
-3.642466667619545717e+01
-3.721669694691741626e+01
-3.802470238781910439e+01
-3.884934890546595909e+01
-3.969138323545190161e+01
-4.055163440748658132e+01
-4.143101376323324558e+01
-4.233051314836006895e+01
-4.325120095265828013e+01
-4.419421533101073862e+01
-4.516075369263658246e+01
-4.615205724825181477e+01
-4.716938902552222856e+01
-4.821400331949998019e+01
-4.928710404683294399e+01
-5.038978895383686307e+01
-5.152297616125198942e+01
-5.268730924632032497e+01
-5.388303718911167550e+01
-5.510986638617046651e+01
-5.636678403277015548e+01
-5.765185606570059207e+01
-5.896200908278244412e+01
-6.029281444483213903e+01
-6.163830357455712061e+01
-6.299085438366372358e+01
-6.434119608253132583e+01
-6.567857815449104919e+01
-6.699113394563373447e+01
-6.826643825853197711e+01
-6.949221605215990394e+01
-7.065711751903984350e+01
-7.175144868306526291e+01
-7.276774793552262111e+01
-7.370112917567179522e+01
-7.454936140728796090e+01
-7.531270601598077974e+01
-7.599357114689377113e+01
-7.659605980974039596e+01
-7.712548554811343138e+01
-7.758791350568516521e+01
-7.798976369525941266e+01
-7.833749359955388059e+01
-7.863736228046064980e+01
-7.889526872571794058e+01
-7.911665244342744074e+01
-7.930644296991526687e+01
-7.946904566318154650e+01
-7.960835289054122654e+01
-7.972777180521649143e+01
-7.983026194582757284e+01
-7.991837768722864155e+01
-7.999431204820338337e+01
-8.005993951957721322e+01
-8.011685644908249060e+01
-8.016641815455643894e+01
-8.020977238384318753e+01
-8.024788904242150522e+01
-8.028158630516030314e+01
-8.031155334602601670e+01
-8.033836998172846222e+01
-8.036252354970729073e+01
-8.038442334077535634e+01
-8.040441289195956642e+01
-8.042278042230084623e+01
-8.043976766794342836e+01
-8.045557734527427840e+01
-8.047037944370811147e+01
-8.048431652384822144e+01
-8.049750817285071491e+01
-8.051005474720483335e+01
-8.052204051399112927e+01
-8.053353628490924621e+01
-8.054460162288584968e+01
-8.055528668867981423e+01
-8.056563378437301992e+01
-8.057567864170096072e+01
-8.058545149565196652e+01
-8.059497797759767934e+01
-8.060427985733733180e+01
-8.061337565967760099e+01
-8.062228117808439265e+01
-8.063100990497331111e+01
-8.063957339499562238e+01
-8.064798157418181290e+01
-8.065624300437998784e+01
-8.066436510949547767e+01
-8.067235436797068360e+01
-8.068021647483064385e+01
-8.068795647629598022e+01
-8.069557888008905877e+01
-8.070308774480237446e+01
-8.071048675178364817e+01
-8.071777926285214733e+01
-8.072496836680927856e+01
-8.073205691722229460e+01
-8.073904756346372835e+01
-8.074594277651681296e+01
-8.075274487068617191e+01
-8.075945602203890417e+01
-8.076607828419533064e+01
-8.077261360192420625e+01
-8.077906382289027931e+01
-8.078543070782998825e+01
-8.079171593937455498e+01
-8.079792112970719131e+01
-8.080404782720826518e+01
-8.081009752222665554e+01
-8.081607165209314303e+01
-8.082197160548062698e+01
-8.082779872619816786e+01
-8.083355431650223011e+01
-8.083923963998940110e+01
-8.084485592413132338e+01
-8.085040436250547202e+01
-8.085588611676190851e+01
-8.086130231836753524e+01
-8.086665407015794926e+01
-8.087194244772636864e+01
-8.087716850067076280e+01
-8.088233325372354443e+01
-8.088743770777432474e+01
-8.089248284080596818e+01
-8.089746960875385184e+01
-8.090239894629712580e+01
-8.090727176759318695e+01
-8.091208896696157638e+01
-8.091685141952255833e+01
-8.092155998179842413e+01
-8.092621549227705202e+01
-8.093081877194951801e+01
-8.093537062481415489e+01
-8.093987183836169663e+01
-8.094432318403273996e+01
-8.094872541765911933e+01
-8.095307927988334029e+01
-8.095738549656296357e+01
-8.096164477915766611e+01
-8.096585782510280183e+01
-8.097002531816868043e+01
-8.097414792880648804e+01
-8.097822631448320863e+01
-8.098226112000443777e+01
-8.098625297782690780e+01
-8.099020250836093737e+01
-8.099411032026243618e+01
-8.099797701071656775e+01
-8.100180316571234584e+01
-8.100558936030925850e+01
-8.100933615889501027e+01
-8.101304411543637229e+01
-8.101671377372205995e+01
-8.102034566759910206e+01
-8.102394032120245981e+01
-8.102749824917687249e+01
-8.103101995689442560e+01
-8.103450594066408996e+01
-8.103795668793650009e+01
-8.104137267750240881e+01
-8.104475437968721963e+01
-8.104810225653700684e+01
-8.105141676200348400e+01
-8.105469834212060221e+01
-8.105794743517853362e+01
-8.106116447189211272e+01
-8.106434987556460214e+01
-8.106750406224762173e+01
-8.107062744089736839e+01
-8.107372041352525116e+01
-8.107678337534572677e+01
-8.107981671492065345e+01
-8.108282081429851473e+01
-8.108579604915129835e+01
-8.108874278890745302e+01
-8.109166139688191777e+01
-8.109455223040176008e+01
-8.109741564092999511e+01
-8.110025197418561049e+01
-8.110306157026002438e+01
-8.110584476373252016e+01
-8.110860188378076430e+01
-8.111133325428973251e+01
-8.111403919395758066e+01
-8.111672001639973928e+01
-8.111937603024911425e+01
-8.112200753925500862e+01
-8.112461484237931586e+01
-8.112719823389058149e+01
-8.112975800345478206e+01
-8.113229443622591930e+01
-8.113480781293280586e+01
-8.113729840996427356e+01
-8.113976649945301745e+01
-8.114221234935696714e+01
-8.114463622353738970e+01
-8.114703838183925200e+01
-8.114941908016491823e+01
-8.115177857054906951e+01
-8.115411710123096611e+01
-8.115643491672561538e+01
-8.115873225789297862e+01
-8.116100936200577110e+01
-8.116326646281518720e+01
-8.116550379061561671e+01
-8.116772157230870732e+01
-8.116992003146455659e+01
-8.117209938838210803e+01
-8.117425986014889361e+01
-8.117640166069868712e+01
-8.117852500086775080e+01
-8.118063008845115291e+01
-8.118271712825588793e+01
-8.118478632215487778e+01
-8.118683786913855727e+01
-8.118887196536502415e+01
-8.119088880421111298e+01
-8.119288857631998724e+01
-8.119487146964905833e+01
-8.119683766951747828e+01
-8.119878735865015074e+01
-8.120072071722390206e+01
-8.120263792291072491e+01
-8.120453915092116404e+01
-8.120642457404520087e+01
-8.120829436269482926e+01
-8.121014868494346217e+01
-8.121198770656545207e+01
-8.121381159107519920e+01
-8.121381172984973773e+01
