-8.161755278573555472e+01
-8.173392608955327887e+01
-8.181748771049160496e+01
-8.187740423959847647e+01
-8.192016133942783540e+01
-8.195074669781757848e+01
-8.197245027589637800e+01
-8.198782769558779648e+01
-8.199893840398257794e+01
-8.200722817168049517e+01
-8.201288055964855062e+01
-8.201586229641128512e+01
-8.201934811959988281e+01
-8.202595148125701030e+01
-8.203173018033022856e+01
-8.202845595359771380e+01
-8.200937667143786314e+01
-8.216182069868756344e+01
-8.110923802191054222e+01
1.183372456361602509e+01
2.122799999711292074e+01
1.970534943423750107e+01
2.021246529174001338e+01
2.020857684234840335e+01
2.022598742112804260e+01
2.038777895283501351e+01
2.064971926919884737e+01
2.097051703673569634e+01
2.132396652706321305e+01
2.168885896069417640e+01
2.204648515149115440e+01
2.238265419107214527e+01
2.268634570206262424e+01
2.294800779538482161e+01
2.315765453862448808e+01
2.330364269197539784e+01
2.337131381701802724e+01
2.334244781609466557e+01
2.319868677008997082e+01
2.293471906370803026e+01
2.257827755605011788e+01
2.218528588485943231e+01
2.180319026493256374e+01
2.145235469096179060e+01
2.113507511990777488e+01
2.084797734492551058e+01
2.058708461437225878e+01
2.034945626050807022e+01
2.013262628117274744e+01
1.993460439340593027e+01
1.975356281227744404e+01
1.958764281523595940e+01
1.943511685121249499e+01
1.929424804866155796e+01
1.916356783614861214e+01
1.904162730882388388e+01
1.892711288407349457e+01
1.881883102763313076e+01
1.871581917455517186e+01
1.861720640872164267e+01
1.852217694871509579e+01
1.843007971016738722e+01
1.834030523338434193e+01
1.825241507958448395e+01
1.816589214523584062e+01
1.808047742695154625e+01
1.799571676501519946e+01
1.791136267265398985e+01
1.782723336381974732e+01
1.774308572555950292e+01
1.765878607624848229e+01
1.757401009839657391e+01
1.748875275837338705e+01
1.740304474294308434e+01
1.731661319726197235e+01
1.722894365968640784e+01
1.714080502592505439e+01
1.705170206289789547e+01
1.696150671112632935e+01
1.687011572563494965e+01
1.677745442847954038e+01
1.668349782743461418e+01
1.658821544728592912e+01
1.649156009281174207e+01
1.639348333217283837e+01
1.629394167655582137e+01
1.619289729974606828e+01
1.609031745975252292e+01
1.598617353020436482e+01
1.588044019408702034e+01
1.577309567903009047e+01
1.566412210935170535e+01
1.555350469730077734e+01
1.544123119173223735e+01
1.532729198805695425e+01
1.521167958153184685e+01
1.509438763033270980e+01
1.497541061519761918e+01
1.485474466671793259e+01
1.473238924648810944e+01
1.460834755725161926e+01
1.448262525456907746e+01
1.435522928705317902e+01
1.422616756460812759e+01
1.409544903489973677e+01
1.396308379724486848e+01
1.382908314437106334e+01
1.369345954001917320e+01
1.355622656198617904e+01
1.341739883197491778e+01
1.327699194279950135e+01
1.313502238669707367e+01
1.299150748539702960e+01
1.284646532159739607e+01
1.269991467138986785e+01
1.255187493733335202e+01
1.240236608204535429e+01
1.225140856229510611e+01
1.209902326364082192e+01
1.194523143567422885e+01
1.179005462793668890e+01
1.163351462656313906e+01
1.147563339170020313e+01
1.131643299573561912e+01
1.115593556236939321e+01
1.099416320655194035e+01
1.083113797531258449e+01
1.066688178949950938e+01
1.050141638645246722e+01
1.033476326362909425e+01
1.016694362320838252e+01
9.997978317691847749e+00
9.827887796525754283e+00
9.656692053767038431e+00
9.484410576814365612e+00
9.311062296225474100e+00
9.136665536639529961e+00
8.961237968821640365e+00
8.784796562843029122e+00
8.607357542407850559e+00
8.428936340332926491e+00
8.249547555182628500e+00
8.069204909056159281e+00
7.887921206519086681e+00
7.705708294665372549e+00
7.522577024290226788e+00
7.338537212147911326e+00
7.153597604262230014e+00
6.967765840250965681e+00
6.781048418619225693e+00
6.593450662969757126e+00
6.404976689072538143e+00
6.215629372728925794e+00
6.025410318360152395e+00
5.834319828243873296e+00
5.642356872316954153e+00
5.449519058457267029e+00
5.255802603152830876e+00
5.061202302461791369e+00
4.865711503162710727e+00
4.669322073991295952e+00
4.472024376856418293e+00
4.273807237925666414e+00
4.074657918468820306e+00
3.874562085345694129e+00
3.673503781024336945e+00
3.471465393014671719e+00
3.268427622603276461e+00
3.064369452775471903e+00
2.859268115212650230e+00
2.653099056254677901e+00
2.445835901720262662e+00
2.237450420481744029e+00
2.027912486695211403e+00
1.817190040592180145e+00
1.605249047745481272e+00
1.392053456729049454e+00
1.177565155099654204e+00
9.617439236380191936e-01
7.445473887970496252e-01
5.259309733165472567e-01
3.058478449765198448e-01
8.424886347517229757e-02
-1.389174745666887645e-01
-3.637050924556993747e-01
-5.901703920913901058e-01
-8.183723143847697612e-01
-1.048372401339918047e+00
-1.280234859674636683e+00
-1.514026625814453020e+00
-1.749817432042591658e+00
-1.987679873525627583e+00
-2.227689475859456536e+00
-2.469924762692241149e+00
-2.714467322880262046e+00
-2.961401876528459098e+00
-3.210816339154221488e+00
-3.462801883101928269e+00
-3.717452995230484447e+00
-3.974867529798281396e+00
-4.235146755383146555e+00
-4.498395394596583330e+00
-4.764721655281782375e+00
-5.034237251819223324e+00
-5.307057415102838682e+00
-5.583300889688080915e+00
-5.863089916560363157e+00
-6.146550199930158165e+00
-6.433810856440429937e+00
-6.725004345191080368e+00
-7.020266377063158814e+00
-7.319735801989406099e+00
-7.623554473099954265e+00
-7.931867087110853198e+00
-8.244821000965007585e+00
-8.562566025634090749e+00
-8.885254199207526682e+00
-9.213039543003198162e+00
-9.546077806512103692e+00
-9.884526209625116522e+00
-1.022854319386958544e+01
-1.057828819840106860e+01
-1.093392148132436148e+01
-1.129560401262060942e+01
-1.166349747155178740e+01
-1.203776438887270928e+01
-1.241856848239196509e+01
-1.280607524318345725e+01
-1.320045283872228659e+01
-1.360187340792467836e+01
-1.401051483086240523e+01
-1.442656306196816907e+01
-1.485021511884748513e+01
-1.528168281818420127e+01
-1.572119734435259275e+01
-1.616901472378053484e+01
-1.662542225732300594e+01
-1.709074593230531036e+01
-1.756535879385545229e+01
-1.804969020001741242e+01
-1.854423581532054754e+01
-1.904956811154444907e+01
-1.956634704147051096e+01
-2.009533043173501099e+01
-2.063738350721524739e+01
-2.119348681874101459e+01
-2.176474171254064416e+01
-2.235237237832141588e+01
-2.295772348138016739e+01
-2.358225247534368307e+01
-2.422751596885922964e+01
-2.489515004204832849e+01
-2.558684520968713372e+01
-2.630431777920325942e+01
-2.704928052856014276e+01
-2.782341669919448179e+01
-2.862836195283032126e+01
-2.946569888095106649e+01
-3.033696772387312990e+01
-3.124369524195623526e+01
-3.218744154023225690e+01
-3.316986259722487063e+01
-3.419278477574626152e+01
-3.525828696683133501e+01
-3.636878619716170391e+01
-3.752712319655902462e+01
-3.873664508490689684e+01
-4.000128243998083377e+01
-4.132561700410129646e+01
-4.271493331693167050e+01
-4.417524201906807946e+01
-4.571325325789425165e+01
-4.733626308493752788e+01
-4.905189198596605848e+01
-5.086758006841032653e+01
-5.278969843739565704e+01
-5.482209113317258442e+01
-5.696385050435174691e+01
-5.920622887011362678e+01
-6.152893045849442899e+01
-6.389672292113012020e+01
-6.625821614483361088e+01
-6.854905975213814884e+01
-7.070060276551512857e+01
-7.265207047926203643e+01
-7.436157007452281675e+01
-7.581145566276312309e+01
-7.700683266648266567e+01
-7.796939791395003283e+01
-7.872998412613542030e+01
-7.932225216526690303e+01
-7.977845926585082736e+01
-8.012718090912240143e+01
-8.039245136334844233e+01
-8.059377082173740803e+01
-8.074655898605341520e+01
-8.086278281307720306e+01
-8.095160268092385536e+01
-8.101995965332622518e+01
-8.107307380570163957e+01
-8.111484928704153674e+01
-8.114819418583445554e+01
-8.117526812176848239e+01
-8.119767126993885142e+01
-8.121658729701995583e+01
-8.123289073584591335e+01
-8.124722730643073021e+01
-8.126007381883192693e+01
-8.127178267232497433e+01
-8.128261470272315137e+01
-8.129276324460217040e+01
-8.130237169332862379e+01
-8.131154641422948259e+01
-8.132036637923782507e+01
-8.132889042122475587e+01
-8.133716264817601882e+01
-8.134521640954801569e+01
-8.135307714882657137e+01
-8.136076442781161688e+01
-8.136829337368342863e+01
-8.137567576128020619e+01
-8.138292085469184656e+01
-8.139003603959788791e+01
-8.139702727448654684e+01
-8.140389944041406523e+01
-8.141065665391941764e+01
-8.141730252861199801e+01
-8.142384034258769532e+01
-8.143027312362775660e+01
-8.143660372249260604e+01
-8.144283493427413134e+01
-8.144896964507073278e+01
-8.145501089628065472e+01
-8.146096177815493888e+01
-8.146682519601399974e+01
-8.147260364885414674e+01
-8.147829912135343022e+01
-8.148391310395041387e+01
-8.148944671567241471e+01
-8.149490088877439575e+01
-8.150027655478774591e+01
-8.150557477315913957e+01
-8.151079677846345817e+01
-8.151594396177007695e+01
-8.152101781905921030e+01
-8.152601989484125511e+01
-8.153095173626010705e+01
-8.153581486211565732e+01
-8.154061074531551867e+01
-8.154534080516924632e+01
-8.155000640594570882e+01
-8.155460885890968825e+01
-8.155914942596533024e+01
-8.156362932377125219e+01
-8.156804972772539486e+01
-8.157241177554014655e+01
-8.157671657032094004e+01
-8.158096518316439472e+01
-8.158515865532827149e+01
-8.158929800004888477e+01
-8.159338420407011938e+01
-8.159741822894864072e+01
-8.160140101218055975e+01
-8.160533346819175904e+01
-8.160921648922042948e+01
-8.161305094611722666e+01
-8.161683768907796832e+01
-8.162057754832335377e+01
-8.162427133473481433e+01
-8.162791984045500726e+01
-8.163152383945549673e+01
-8.163508408807901162e+01
-8.163860132555767279e+01
-8.164207627450869609e+01
-8.164550964141207601e+01
-8.164890211706929790e+01
-8.165225437704545186e+01
-8.165556708209497572e+01
-8.165884087857379825e+01
-8.166207639883637626e+01
-8.166527426161857761e+01
-8.166843507240926670e+01
-8.167155942380908584e+01
-8.167464789587650387e+01
-8.167770105646312118e+01
-8.168071946153830254e+01
-8.168370365550374856e+01
-8.168665417149699692e+01
-8.168957153168510388e+01
-8.169245624755060931e+01
-8.169530882016709938e+01
-8.169812974046678278e+01
-8.170091948949914240e+01
-8.170367853868259544e+01
-8.170640735004714372e+01
-8.170910637647074282e+01
-8.171177606190791209e+01
-8.171441684161119667e+01
-8.171702914234673187e+01
-8.171961338260244645e+01
-8.172216997279046780e+01
-8.172469931544387123e+01
-8.172720180540773072e+01
-8.172967783002276576e+01
-8.173212776930607504e+01
-8.173455199612524780e+01
-8.173695087636761514e+01
-8.173932476910522382e+01
-8.174167402675385574e+01
-8.174399899522906310e+01
-8.174630001409607871e+01
-8.174857741671748101e+01
-8.175083153039501838e+01
-8.175306267650852021e+01
-8.175527117064935112e+01
-8.175745732275383659e+01
-8.175962143722759379e+01
-8.176176381307229235e+01
-8.176388474400394557e+01
-8.176598451857120153e+01
-8.176806342026922891e+01
-8.177012172765073217e+01
-8.177215971443415299e+01
-8.177417764960831903e+01
-8.177617579753567156e+01
-8.177815441805151409e+01
-8.178011376656111509e+01
-8.178205409413416760e+01
-8.178397564759733029e+01
-8.178587866962362796e+01
-8.178776339882026036e+01
-8.178963006981337003e+01
-8.179147891333147413e+01
-8.179331015628618218e+01
-8.179512402185083886e+01
-8.179692072953828585e+01
-8.179870049527544040e+01
-8.180046353147565696e+01
-8.180221004711154364e+01
-8.180394024778304640e+01
-8.180565433578685486e+01
-8.180735251018109011e+01
-8.180903496685108678e+01
-8.181070189857176445e+01
-8.181235349506911803e+01
-8.181398994308142392e+01
-8.181561142641599815e+01
-8.181721812600784460e+01
-8.181881021997480730e+01
-8.182038788367302118e+01
-8.182195128974871068e+01
-8.182350060819200621e+01
-8.182503600638607111e+01
-8.182655764915789121e+01
-8.182806569882666281e+01
-8.182956031525043272e+01
-8.183104165587334933e+01
-8.183250987577031310e+01
-8.183396512769181186e+01
-8.183540756210601330e+01
-8.183683732724240656e+01
-8.183825456913214680e+01
-8.183965943164903933e+01
-8.184105205654864790e+01
-8.184243258350713290e+01
-8.184380115015883916e+01
-8.184515789213364201e+01
-8.184650294309234653e+01
-8.184783643476328052e+01
-8.184915849697533474e+01
-8.185046925769339055e+01
-8.185176884305001010e+01
-8.185305737737897402e+01
-8.185433498324596258e+01
-8.185560178148070065e+01
-8.185685789120661582e+01
-8.185810342987130639e+01
-8.185933851327412469e+01
-8.186056325559648883e+01
-8.186177776942879802e+01
-8.186298216579801590e+01
-8.186417655419464268e+01
-8.186536104259829472e+01
-8.186653573750474777e+01
-8.186770074394908647e+01
-8.186885616553225020e+01
-8.187000210444419679e+01
-8.187113866148771990e+01
-8.187226593610171221e+01
-8.187338402638403068e+01
-8.187449302911323912e+01
-8.187559303977157299e+01
-8.187668415256479193e+01
-8.187776646044424922e+01
-8.187884005512668750e+01
-8.187990502711562613e+01
-8.188096146571953682e+01
-8.188200945907242101e+01
-8.188304909415245447e+01
-8.188408045680026248e+01
-8.188408058810782109e+01
