-8.145725567199917805e+01
-8.145830586369089588e+01
-8.145919712050353212e+01
-8.145995109835419612e+01
-8.146054684874728480e+01
-8.146101116585565194e+01
-8.146118906401135007e+01
-8.146133354964351270e+01
-8.146172143001192012e+01
-8.146240360611251674e+01
-8.146195477485805725e+01
-8.146133998326504866e+01
-8.146398481068857222e+01
-8.146954180887591690e+01
-8.146933021385113705e+01
-8.146989712114445581e+01
-8.130178125203714501e+01
-8.378270592349872459e+01
-5.365377181095602310e+01
1.374171839086427838e+01
1.974912714673437364e+01
1.885903165117174041e+01
1.777349736002858549e+01
1.727062044310866540e+01
1.708872452888510196e+01
1.709326198143812547e+01
1.722914249109821228e+01
1.745591318997502484e+01
1.773978264171729080e+01
1.805383305444093978e+01
1.837807394594431898e+01
1.869870684429368524e+01
1.900653877342225329e+01
1.929499833481695603e+01
1.955933592557157397e+01
1.979587637761911978e+01
2.000178860740306419e+01
2.017453466900328252e+01
2.031156881436250927e+01
2.041013560728336174e+01
2.046696857605909869e+01
2.047813622426929570e+01
2.043926264613222799e+01
2.034632756707069490e+01
2.019771227484615395e+01
1.999734686034181053e+01
1.975709156100404584e+01
1.949431376599673627e+01
1.922539382712615463e+01
1.896085324236365821e+01
1.870556260752317712e+01
1.846109613122645143e+01
1.822759656556431906e+01
1.800493768576042442e+01
1.779279159760277551e+01
1.759079009077594336e+01
1.739844118208112533e+01
1.721521977346710841e+01
1.704049079980599402e+01
1.687347943461616495e+01
1.671343456021132212e+01
1.655956289548268856e+01
1.641114406910717705e+01
1.626740044794843598e+01
1.612775231229140260e+01
1.599147832460898755e+01
1.585805035742376035e+01
1.572701722594757179e+01
1.559790916319160381e+01
1.547038225652835486e+01
1.534389854910312323e+01
1.521833231040460888e+01
1.509353769030330561e+01
1.496910688715058235e+01
1.484441158416241713e+01
1.472011698690689663e+01
1.459562074984737379e+01
1.447071973193158456e+01
1.434525288918787744e+01
1.421907061720994747e+01
1.409206371038896322e+01
1.396414644432758756e+01
1.383522686984190742e+01
1.370521161758485640e+01
1.357401319633282810e+01
1.344155179754145379e+01
1.330775479895359403e+01
1.317255584213391018e+01
1.303589406716241150e+01
1.289771355718596091e+01
1.275796288355415697e+01
1.261659471265378407e+01
1.247356547820683481e+01
1.232883508901240610e+01
1.218236666926341094e+01
1.203412637822970765e+01
1.188408329615213965e+01
1.173220926725750424e+01
1.157847869051472323e+01
1.142286833798546475e+01
1.126535717192142627e+01
1.110592611904351834e+01
1.094455788135635821e+01
1.078123690000127155e+01
1.061594948698521179e+01
1.044868392700213278e+01
1.027943034330736616e+01
1.010818041168416670e+01
9.934927114267985360e+00
9.759664592971994068e+00
9.582388064782822568e+00
9.403093754891225231e+00
9.221778826034295662e+00
9.038441299189328149e+00
8.853079967683605389e+00
8.665694307934456830e+00
8.476284389086730542e+00
8.284850782648275569e+00
8.091394472446957309e+00
7.895916764860416492e+00
7.698419199155826398e+00
7.498903457783985260e+00
7.297371276519406535e+00
7.093824354385745323e+00
6.888264263342732896e+00
6.680692357735587450e+00
6.471109683523545542e+00
6.259516887314579670e+00
6.045914125241555581e+00
5.830300971720039804e+00
5.612676328139322379e+00
5.393038331540203956e+00
5.171384263345205845e+00
4.947710458214697127e+00
4.722012213111991485e+00
4.494283696671059758e+00
4.264517858971332842e+00
4.032706341835324615e+00
3.798839389777196374e+00
3.562905761742294342e+00
3.324892643791414582e+00
3.084785562897153888e+00
2.842568302034809591e+00
2.598222816765822341e+00
2.351729153529507510e+00
2.103065369877138657e+00
1.852207456903136595e+00
1.599129264150719321e+00
1.343802427293978807e+00
1.086196298925627968e+00
8.262778828095750372e-01
5.640117719900958893e-01
2.993600911851337920e-01
3.228244393023141368e-02
-2.372641350172732810e-01
-5.093252214608042783e-01
-7.839490371171656813e-01
-1.061186477884716872e+00
-1.341091134282868635e+00
-1.623719303256237589e+00
-1.909129990440455948e+00
-2.197384901881944241e+00
-2.488548424081307164e+00
-2.782687591090569068e+00
-3.079872037239375526e+00
-3.380173933899552008e+00
-3.683667908526197188e+00
-3.990430944046777118e+00
-4.300542256514253481e+00
-4.614083148807084811e+00
-4.931136838053872040e+00
-5.251788254390120869e+00
-5.576123808624156908e+00
-5.904231126401524143e+00
-6.236198746534735271e+00
-6.572115781290160719e+00
-6.912071536659824211e+00
-7.256155090996751156e+00
-7.604454830896123951e+00
-7.957057943930025523e+00
-8.314049868838553792e+00
-8.675513705115038832e+00
-9.041529585670661007e+00
-9.412174018494555483e+00
-9.787519206004811068e+00
-1.016763235416062017e+01
-1.055257498739725008e+01
-1.094240229002799225e+01
-1.133716249984760971e+01
-1.173689638510657929e+01
-1.214163684154105738e+01
-1.255140865137226669e+01
-1.296622845063716234e+01
-1.338610495428195080e+01
-1.381103948944813631e+01
-1.424102688556865459e+01
-1.467605676453920793e+01
-1.511611526470168165e+01
-1.556118721821723305e+01
-1.601125878243920297e+01
-1.646632050230942923e+01
-1.692637075321206908e+01
-1.739141948321566744e+01
-1.786149214175841493e+01
-1.833663365056223782e+01
-1.881691224420654507e+01
-1.930242298492435182e+01
-1.979329074148548173e+01
-2.028967241819712441e+01
-2.079175822962132614e+01
-2.129977184178651584e+01
-2.181396924309539642e+01
-2.233463626851493089e+01
-2.286208477832968811e+01
-2.339664758519276333e+01
-2.393867232543487233e+01
-2.448851457484772709e+01
-2.504653060478390003e+01
-2.561307024973877233e+01
-2.618847039805324783e+01
-2.677304961505322467e+01
-2.736710435365782246e+01
-2.797090710452837925e+01
-2.858470669406414544e+01
-2.920873077100930360e+01
-2.984319035237682272e+01
-3.048828614892414990e+01
-3.114421627792739855e+01
-3.181118490769883778e+01
-3.248941136656826956e+01
-3.317913928300301762e+01
-3.388064539124900421e+01
-3.459424772346175558e+01
-3.532031300001849417e+01
-3.605926311216671820e+01
-3.681158065650123490e+01
-3.757781352369137551e+01
-3.835857856216554040e+01
-3.915456433083119947e+01
-3.996653292492445075e+01
-4.079532083498843775e+01
-4.164183863825786602e+01
-4.250706923557157779e+01
-4.339206433900893245e+01
-4.429793861187393844e+01
-4.522586069536377096e+01
-4.617704010584732544e+01
-4.715270867992558834e+01
-4.815409488427014395e+01
-4.918238889966037419e+01
-5.023869595602639038e+01
-5.132397498755264564e+01
-5.243895938782421950e+01
-5.358405663327828705e+01
-5.475922405485828648e+01
-5.596381942111836594e+01
-5.719642769061877630e+01
-5.845466975906899165e+01
-5.973500558189822840e+01
-6.103255255640618770e+01
-6.234094947410537912e+01
-6.365230436924708357e+01
-6.495726746568138310e+01
-6.624526377248849940e+01
-6.750490053101638921e+01
-6.872453334750818499e+01
-6.989293784748670646e+01
-7.100000234810984523e+01
-7.203734331947977410e+01
-7.299875605833715042e+01
-7.388044565087172089e+01
-7.468102719370729403e+01
-7.540132537706689675e+01
-7.604403095526906498e+01
-7.661328117443595431e+01
-7.711422534321332023e+01
-7.755262156846350763e+01
-7.793449273148284817e+01
-7.826585373669968249e+01
-7.855251020460684686e+01
-7.879992145216436938e+01
-7.901311705927972184e+01
-7.919665543827035492e+01
-7.935461354883972263e+01
-7.949059842636322060e+01
-7.960777297918258455e+01
-7.970889024656537458e+01
-7.979633183536954277e+01
-7.987214751224382780e+01
-7.993809391852521173e+01
-7.999567112492159993e+01
-8.004615629201651927e+01
-8.009063409133912614e+01
-8.013002380702708649e+01
-8.016510321090413527e+01
-8.019652940886371084e+01
-8.022485691331412738e+01
-8.025055322019963455e+01
-8.027401217124129573e+01
-8.029556537095595559e+01
-8.031549190946454075e+01
-8.033402661984602844e+01
-8.035136707512165799e+01
-8.036767950631785595e+01
-8.038310380040501002e+01
-8.039775771582846176e+01
-8.041174043424014428e+01
-8.042513554999459302e+01
-8.043801358400297374e+01
-8.045043409555906067e+01
-8.046244745456236558e+01
-8.047409632699867643e+01
-8.048541691835957579e+01
-8.049644001278903716e+01
-8.050719184008916329e+01
-8.051769479825613018e+01
-8.052796805572842231e+01
-8.053802805459797298e+01
-8.054788893321659771e+01
-8.055756288362117346e+01
-8.056706045602238930e+01
-8.057639081949625393e+01
-8.058556198534722625e+01
-8.059458099765222983e+01
-8.060345409434378894e+01
-8.061218684175864269e+01
-8.062078424558966105e+01
-8.062925084136286102e+01
-8.063759076765090583e+01
-8.064580782515693613e+01
-8.065390552450251960e+01
-8.066188712515294412e+01
-8.066975566744386583e+01
-8.067751399924418365e+01
-8.068516479840700129e+01
-8.069271059187322237e+01
-8.070015377205831442e+01
-8.070749661100101946e+01
-8.071474127262632692e+01
-8.072188982341224062e+01
-8.072894424167760974e+01
-8.073590642568456133e+01
-8.074277820070717837e+01
-8.074956132520723884e+01
-8.075625749623118566e+01
-8.076286835413496590e+01
-8.076939548672271485e+01
-8.077584043288611326e+01
-8.078220468580360603e+01
-8.078848969576830541e+01
-8.079469687269319422e+01
-8.080082758833707146e+01
-8.080688317829444145e+01
-8.081286494377873453e+01
-8.081877415323030789e+01
-8.082461204377143815e+01
-8.083037982252984932e+01
-8.083607866785064289e+01
-8.084170973040703245e+01
-8.084727413422783115e+01
-8.085277297764972104e+01
-8.085820733420212036e+01
-8.086357825343810646e+01
-8.086888676170966050e+01
-8.087413386290226924e+01
-8.087932053912645358e+01
-8.088444775137345744e+01
-8.088951644013872055e+01
-8.089452752601569330e+01
-8.089948191026235236e+01
-8.090438047534317434e+01
-8.090922408544834354e+01
-8.091401358699211244e+01
-8.091874980909140902e+01
-8.092343356402697907e+01
-8.092806564768639532e+01
-8.093264683999171893e+01
-8.093717790531314904e+01
-8.094165959286637246e+01
-8.094609263709837421e+01
-8.095047775805942081e+01
-8.095481566176356125e+01
-8.095910704053731877e+01
-8.096335257335717017e+01
-8.096755292617720556e+01
-8.097170875224533404e+01
-8.097582069241128977e+01
-8.097988937542497467e+01
-8.098391541822482509e+01
-8.098789942621925775e+01
-8.099184199355899239e+01
-8.099574370340025098e+01
-8.099960512816313951e+01
-8.100342682978028108e+01
-8.100720935993952310e+01
-8.101095326031872901e+01
-8.101465906281482887e+01
-8.101832728976674503e+01
-8.102195845417104181e+01
-8.102555305989216095e+01
-8.102911160186725681e+01
-8.103263456630462258e+01
-8.103612243087739841e+01
-8.103957566491183684e+01
-8.104299472957090700e+01
-8.104638007803136190e+01
-8.104973215565846090e+01
-8.105305140017425458e+01
-8.105633824182217495e+01
-8.105959310352814384e+01
-8.106281640105503072e+01
-8.106600854315551885e+01
-8.106916993172045238e+01
-8.107230096192199653e+01
-8.107540202235530558e+01
-8.107847349517486180e+01
-8.108151575622839857e+01
-8.108452917518692971e+01
-8.108751411567104128e+01
-8.109047093537535034e+01
-8.109339998618892764e+01
-8.109630161431341833e+01
-8.109917616037671451e+01
-8.110202395954630106e+01
-8.110484534163688863e+01
-8.110764063121870038e+01
-8.111041014771993218e+01
-8.111315420552962507e+01
-8.111587311409591905e+01
-8.111856717802254479e+01
-8.112123669716457641e+01
-8.112388196671844298e+01
-8.112650327731442701e+01
-8.112910091510265431e+01
-8.113167516183997918e+01
-8.113422629497343053e+01
-8.113675458772227955e+01
-8.113926030915843057e+01
-8.114174372428341542e+01
-8.114420509410683735e+01
-8.114664467571913065e+01
-8.114906272236598284e+01
-8.115145948351855054e+01
-8.115383520494359004e+01
-8.115619012877284888e+01
-8.115852449356779630e+01
-8.116083853438614426e+01
-8.116313248284495785e+01
-8.116540656718389357e+01
-8.116766101232501285e+01
-8.116989603993327762e+01
-8.117211186847485749e+01
-8.117430871327393049e+01
-8.117648678656910022e+01
-8.117864629756722650e+01
-8.118078745249768247e+01
-8.118291045466463629e+01
-8.118501550449812498e+01
-8.118710279960430398e+01
-8.118917253481441776e+01
-8.119122490223328725e+01
-8.119326009128630517e+01
-8.119527828876529441e+01
-8.119727967887378384e+01
-8.119926444327133197e+01
-8.120123276111692689e+01
-8.120318480911116410e+01
-8.120512076153814007e+01
-8.120704079030608113e+01
-8.120894506498672172e+01
-8.121083375285533634e+01
-8.121270701892831312e+01
-8.121456502600118199e+01
-8.121640793468479558e+01
-8.121823590344222055e+01
-8.122004908862339789e+01
-8.122184764450021532e+01
-8.122363172330013015e+01
-8.122540147523963583e+01
-8.122715704855707486e+01
-8.122889858954441422e+01
-8.123062624257890718e+01
-8.123234015015322029e+01
-8.123404045290715203e+01
-8.123572728965508816e+01
-8.123740079741675402e+01
-8.123906111144505360e+01
-8.124070836525420702e+01
-8.124234269064693592e+01
-8.124396421774156352e+01
-8.124557307499851788e+01
-8.124716938924582621e+01
-8.124875328570516331e+01
-8.125032488801610953e+01
-8.125188431826106239e+01
-8.125343169698969348e+01
-8.125496714324106051e+01
-8.125649077456854741e+01
-8.125800270706150741e+01
-8.125950305536754570e+01
-8.125950319339590067e+01
