-8.145808671703829873e+01
-8.146006822167802852e+01
-8.146185722125346729e+01
-8.146342831005586049e+01
-8.146474656414622473e+01
-8.146584152368231457e+01
-8.146656786707134756e+01
-8.146718657163035004e+01
-8.146798279359106232e+01
-8.146902219292636005e+01
-8.146889250810249905e+01
-8.146854036742138305e+01
-8.147140761476131843e+01
-8.147716600910453622e+01
-8.147730312891852122e+01
-8.147813030826287672e+01
-8.131039317347580209e+01
-8.377355294222573434e+01
-5.394646001408271019e+01
1.413735010571571493e+01
2.088235364213078427e+01
2.070764685510653891e+01
2.022272487056114443e+01
2.017106865260511128e+01
2.032150940221157498e+01
2.057505627835136153e+01
2.090267509432374027e+01
2.128179798588886840e+01
2.169108107778685124e+01
2.211252679133977139e+01
2.253274008113492499e+01
2.294282195661357804e+01
2.333731430664066409e+01
2.371255807398727811e+01
2.406625196294421443e+01
2.439690105371365902e+01
2.470386937897146495e+01
2.498693053039071188e+01
2.524617886063512628e+01
2.548204451793695924e+01
2.569509944160300563e+01
2.588598245549712829e+01
2.605545480204657949e+01
2.620429021066528108e+01
2.633348677465795973e+01
2.644399264605043243e+01
2.653677743418685964e+01
2.661270129841837573e+01
2.667265979265855691e+01
2.671766675333887875e+01
2.674849050305784459e+01
2.676608869273237801e+01
2.677118125831023221e+01
2.676470281753398339e+01
2.674746120439840524e+01
2.672012913193409389e+01
2.668331412814870163e+01
2.663775925115695031e+01
2.658410252930327999e+01
2.652283500651922665e+01
2.645452385609412005e+01
2.637963008105632312e+01
2.629868607553802917e+01
2.621200361756306307e+01
2.612014104930136682e+01
2.602329070622519325e+01
2.592183422151247996e+01
2.581620450776000908e+01
2.570663043518491619e+01
2.559346434609051002e+01
2.547677023967105825e+01
2.535691910133930804e+01
2.523430498109504327e+01
2.510889268837760469e+01
2.498078448140500996e+01
2.485029876922819625e+01
2.471771966083749561e+01
2.458305174898915268e+01
2.444635022472825980e+01
2.430773851242507533e+01
2.416737161669601264e+01
2.402536315734198524e+01
2.388179797217768296e+01
2.373675172435319070e+01
2.359029645424822164e+01
2.344250100670616987e+01
2.329343063667550240e+01
2.314314675663719001e+01
2.299170689831160885e+01
2.283916481620708083e+01
2.268557066862357630e+01
2.253097123545519409e+01
2.237541014906884485e+01
2.221892812469685907e+01
2.206156318271978378e+01
2.190335085872784404e+01
2.174432439937051953e+01
2.158451494329354503e+01
2.142395168723858490e+01
2.126266203784043540e+01
2.110067174990654593e+01
2.093800505209019747e+01
2.077468476091092953e+01
2.061073238407252362e+01
2.044616821399289464e+01
2.028101141241140226e+01
2.011528008688029701e+01
1.994899135988596939e+01
1.978216143128464921e+01
1.961480563467831573e+01
1.944693848830092264e+01
1.927857374093276377e+01
1.910972441331233540e+01
1.894040283547096593e+01
1.877062068037450970e+01
1.860038899421885716e+01
1.842971822369320378e+01
1.825861824049286497e+01
1.808709836333682119e+01
1.791516737771820544e+01
1.774283355359485981e+01
1.757010466120443581e+01
1.739698798517053291e+01
1.722349033704936616e+01
1.704961806645043154e+01
1.687537707085047956e+01
1.670077280420837695e+01
1.652581028447524147e+01
1.635049410008577908e+01
1.617482841550407002e+01
1.599881697589355234e+01
1.582246311096745295e+01
1.564576973807210081e+01
1.546873936454886689e+01
1.529137408941327791e+01
1.511367560438588775e+01
1.493564519430339388e+01
1.475728373693482709e+01
1.457859170222314482e+01
1.439956915096875711e+01
1.422021573296812136e+01
1.404053068461727527e+01
1.386051282598733003e+01
1.368016055737576764e+01
1.349947185533530281e+01
1.331844426817911931e+01
1.313707491095928148e+01
1.295536045991289953e+01
1.277329714636834268e+01
1.259088075010186714e+01
1.240810659213307510e+01
1.222496952694555539e+01
1.204146393411765104e+01
1.185758370934545880e+01
1.167332225483961849e+01
1.148867246907409445e+01
1.130362673586475353e+01
1.111817691275244613e+01
1.093231431866420778e+01
1.074602972082343655e+01
1.055931332087885899e+01
1.037215474021871664e+01
1.018454300443580252e+01
9.996466526905649630e+00
9.807913091438230424e+00
9.618869833961571914e+00
9.429323223191902414e+00
9.239259040243702259e+00
9.048662357129503064e+00
8.857517514096086231e+00
8.665808095741645900e+00
8.473516905854456382e+00
8.280625940910757876e+00
8.087116362165559735e+00
7.892968466267319627e+00
7.698161654322959180e+00
7.502674399335719890e+00
7.306484211934873407e+00
7.109567604311420652e+00
6.911900052269877470e+00
6.713455955301446565e+00
6.514208594579334211e+00
6.314130088771976013e+00
6.113191347565232192e+00
5.911362022778909875e+00
5.708610456958838952e+00
5.504903629319236380e+00
5.300207098906080105e+00
5.094484944845993013e+00
4.887699703540612006e+00
4.679812302660932843e+00
4.470781991791604959e+00
4.260566269570166931e+00
4.049120807162240432e+00
3.836399367909787639e+00
3.622353722986351166e+00
3.406933562890761547e+00
3.190086404609454807e+00
2.971757494276994649e+00
2.751889705165936562e+00
2.530423430839709109e+00
2.307296473307653528e+00
2.082443926028766157e+00
1.855798051621746270e+00
1.627288154153291089e+00
1.396840445895627170e+00
1.164377908468242850e+00
9.298201483089351127e-01
6.930832464563557727e-01
4.540796026713291300e-01
2.127177739789148370e-01
-3.109769222202236894e-02
-2.774664302548952577e-01
-5.264924331511098288e-01
-7.782842340935722802e-01
-1.032955091757185473e+00
-1.290623178825381467e+00
-1.551411772772274045e+00
-1.815449447772551794e+00
-2.082870266330424158e+00
-2.353813968898486486e+00
-2.628426159382543315e+00
-2.906858483996380027e+00
-3.189268800440527407e+00
-3.475821333832911808e+00
-3.766686815219908446e+00
-4.062042597847145942e+00
-4.362072745672716856e+00
-4.666968087861649295e+00
-4.976926232209530454e+00
-5.292151529602098670e+00
-5.612854980735251686e+00
-5.939254075398144650e+00
-6.271572553690917928e+00
-6.610040077646145207e+00
-6.954891800908050925e+00
-7.306367823490272251e+00
-7.664712518301807442e+00
-8.030173716267642092e+00
-8.403001737685620753e+00
-8.783448259218841869e+00
-9.171765008946810127e+00
-9.568202286568388004e+00
-9.973007312598573648e+00
-1.038642241968879887e+01
-1.080868311147897742e+01
-1.124001603003485883e+01
-1.168063689213288647e+01
-1.213074847732770323e+01
-1.259053877628488749e+01
-1.306017943504136269e+01
-1.353982465756785025e+01
-1.402961075215131359e+01
-1.452965652254100348e+01
-1.504006470741803270e+01
-1.556092465584873175e+01
-1.609231638622951976e+01
-1.663431610693035623e+01
-1.718700317541165390e+01
-1.775046833919096656e+01
-1.832482294122286959e+01
-1.891020859404674326e+01
-1.950680664772011141e+01
-2.011484661884432512e+01
-2.073461264058948572e+01
-2.136644696934230936e+01
-2.201074967571916829e+01
-2.266797388383275091e+01
-2.333861631586172081e+01
-2.402320343644879941e+01
-2.472227412433383265e+01
-2.543636043683358849e+01
-2.616596855218448781e+01
-2.691156224091936622e+01
-2.767355112447315690e+01
-2.845228549230886372e+01
-2.924805863187440025e+01
-3.006111663571941506e+01
-3.089167469515964015e+01
-3.173993816422187919e+01
-3.260612630254289712e+01
-3.349049660094993897e+01
-3.439336788652124710e+01
-3.531514086942954123e+01
-3.625631529813352927e+01
-3.721750332499963321e+01
-3.819943898510594238e+01
-3.920298382978049290e+01
-4.022912873975528925e+01
-4.127899181141898310e+01
-4.235381176443581808e+01
-4.345493603241904168e+01
-4.458380217522626765e+01
-4.574191048416712846e+01
-4.693078488306444029e+01
-4.815191829624479425e+01
-4.940669763254587110e+01
-5.069630253078054949e+01
-5.202157125095991574e+01
-5.338282698968598083e+01
-5.477965912743511723e+01
-5.621065748063791290e+01
-5.767310480309417642e+01
-5.916264480569654438e+01
-6.067296034488818179e+01
-6.219551768035368156e+01
-6.371945279104117077e+01
-6.523168521941224185e+01
-6.671733156788113206e+01
-6.816044544005488603e+01
-6.954503603950357160e+01
-7.085623418198485979e+01
-7.208141515906416430e+01
-7.321108182058004843e+01
-7.423936552907764508e+01
-7.516409654332872492e+01
-7.598649192538948682e+01
-7.671057544939644401e+01
-7.734246634774375195e+01
-7.788965822755673685e+01
-7.836037319099668252e+01
-7.876303626567998606e+01
-7.910588267604381940e+01
-7.939668918942153653e+01
-7.964260987874222053e+01
-7.985009325156843829e+01
-8.002485876658593611e+01
-8.017191396745297993e+01
-8.029559732840876052e+01
-8.039963561703757478e+01
-8.048720777053951281e+01
-8.056100984269910725e+01
-8.062331753252027511e+01
-8.067604423453057905e+01
-8.072079355586699023e+01
-8.075890592448890004e+01
-8.079149935134607574e+01
-8.081950467571451213e+01
-8.084369576918764722e+01
-8.086471523802590866e+01
-8.088309617339913871e+01
-8.089928047503838116e+01
-8.091363423135118182e+01
-8.092646058895394390e+01
-8.093801049350066990e+01
-8.094849163492396826e+01
-8.095807588499990004e+01
-8.096690547377770031e+01
-8.097509811412935221e+01
-8.098275125066761859e+01
-8.098994558067410310e+01
-8.099674797018751349e+01
-8.100321386761294207e+01
-8.100938929974816460e+01
-8.101531252063591637e+01
-8.102101537169035339e+01
-8.102652440151430824e+01
-8.103186178535504780e+01
-8.103704607735446075e+01
-8.104209282390732483e+01
-8.104701506341876893e+01
-8.105182373565999399e+01
-8.105652802146200031e+01
-8.106113562986554655e+01
-8.106565304516530546e+01
-8.107008574144998647e+01
-8.107443836833004980e+01
-8.107871490923575664e+01
-8.108291881307273741e+01
-8.108705310063992044e+01
-8.109112044832987465e+01
-8.109512325255755627e+01
-8.109906367877239575e+01
-8.110294369875228426e+01
-8.110676511933455402e+01
-8.111052960504646592e+01
-8.111423869642250395e+01
-8.111789382522742642e+01
-8.112149632739627236e+01
-8.112504745420535812e+01
-8.112854838200803442e+01
-8.113200022075930917e+01
-8.113540402148572639e+01
-8.113876078281968773e+01
-8.114207145670336274e+01
-8.114533695334912977e+01
-8.114855814554540814e+01
-8.115173587237867991e+01
-8.115487094244883792e+01
-8.115796413664179454e+01
-8.116101621051726056e+01
-8.116402789636846649e+01
-8.116699990499981254e+01
-8.116993292726289155e+01
-8.117282763538740653e+01
-8.117568468414148697e+01
-8.117850471184182481e+01
-8.118128834124290449e+01
-8.118403618031965152e+01
-8.118674882296154749e+01
-8.118942684959404232e+01
-8.119207082773472450e+01
-8.119468131249624321e+01
-8.119725884704516261e+01
-8.119980396301869519e+01
-8.120231718091196171e+01
-8.120479901043397319e+01
-8.120724995083998010e+01
-8.120967049124242010e+01
-8.121206111090263846e+01
-8.121442227950697657e+01
-8.121675445742724264e+01
-8.121905809596952963e+01
-8.122133363761081171e+01
-8.122358151622479738e+01
-8.122580215729898612e+01
-8.122799597814380945e+01
-8.123016338809152614e+01
-8.123230478869004401e+01
-8.123442057388919579e+01
-8.123651113022150128e+01
-8.123857683697461596e+01
-8.124061806636200345e+01
-8.124263518368418602e+01
-8.124462854748880147e+01
-8.124659850972382458e+01
-8.124854541588643997e+01
-8.125046960516795025e+01
-8.125237141059491819e+01
-8.125425115916600305e+01
-8.125610917198495997e+01
-8.125794576439024297e+01
-8.125976124608035889e+01
-8.126155592123761551e+01
-8.126333008864621377e+01
-8.126508404180961520e+01
-8.126681806906313454e+01
-8.126853245368326384e+01
-8.127022747399765024e+01
-8.127190340348695941e+01
-8.127356051088902689e+01
-8.127519906029628771e+01
-8.127681931125455606e+01
-8.127842151885637634e+01
-8.128000593383400485e+01
-8.128157280264828444e+01
-8.128312236757740550e+01
-8.128465486680140373e+01
-8.128617053448616048e+01
-8.128766960086504412e+01
-8.128915229231793660e+01
-8.129061883144882472e+01
-8.129206943716152978e+01
-8.129350432473398769e+01
-8.129492370588916117e+01
-8.129632778886745825e+01
-8.129771677849380751e+01
-8.129909087624501751e+01
-8.130045028031679522e+01
-8.130179518568567687e+01
-8.130312578417338898e+01
-8.130444226450724443e+01
-8.130574481237987072e+01
-8.130703361050797184e+01
-8.130830883868890169e+01
-8.130957067385698167e+01
-8.131081929013727461e+01
-8.131205485889985596e+01
-8.131327754881081660e+01
-8.131448752588427453e+01
-8.131568495353145920e+01
-8.131686999260925575e+01
-8.131804280146877772e+01
-8.131920353600089868e+01
-8.132035234968238058e+01
-8.132148939362073747e+01
-8.132261481659644176e+01
-8.132372876510765991e+01
-8.132483138341025608e+01
-8.132592281355901775e+01
-8.132700319544863987e+01
-8.132807266685171044e+01
-8.132913136345706562e+01
-8.133017941890778957e+01
-8.133121696483770791e+01
-8.133224413090725591e+01
-8.133326104483849406e+01
-8.133426783244965463e+01
-8.133526461768904881e+01
-8.133625152266732528e+01
-8.133722866769122106e+01
-8.133819617129375956e+01
-8.133915415026567075e+01
-8.134010271968621453e+01
-8.134104199295305193e+01
-8.134197208180999894e+01
-8.134289309637773613e+01
-8.134380514517980032e+01
-8.134470833517138999e+01
-8.134560277176528587e+01
-8.134560290841110941e+01
