-8.145691747211216693e+01
-8.145768985497220172e+01
-8.145835359185208802e+01
-8.145892131009773607e+01
-8.145936426540350794e+01
-8.145970310046479312e+01
-8.145978024891736879e+01
-8.145984283883915111e+01
-8.146016144313728091e+01
-8.146078955566089519e+01
-8.146030215719687817e+01
-8.145964674762271329e+01
-8.146225477787078262e+01
-8.146777798553839034e+01
-8.146764510198030962e+01
-8.146826825897058200e+01
-8.130018676531868493e+01
-8.377361078515583870e+01
-5.377358084833216623e+01
1.408333592993053429e+01
2.084160023437741316e+01
2.070045653258094731e+01
2.021823905915872999e+01
2.015994423201606978e+01
2.029879502834556604e+01
2.053459675570231013e+01
2.083677204654092918e+01
2.118139587603971563e+01
2.154559195937549632e+01
2.190949855466133656e+01
2.225731890202707319e+01
2.257698749577277297e+01
2.285872213065039205e+01
2.309288143579581387e+01
2.326873252914171886e+01
2.337302827938400185e+01
2.338907060750826616e+01
2.329770481054163866e+01
2.308564314217577618e+01
2.276489209312737216e+01
2.238284756109295159e+01
2.199495774500756085e+01
2.163304658394369540e+01
2.130524290776501317e+01
2.100949967274451424e+01
2.074173887485027734e+01
2.049852953481607898e+01
2.027715570416044244e+01
2.007549427706176814e+01
1.989164923763419424e+01
1.972373391606019410e+01
1.956998786412814439e+01
1.942863026922975678e+01
1.929812990845524112e+01
1.917700040464299605e+01
1.906385822964502452e+01
1.895743375905081152e+01
1.885670936109985263e+01
1.876077033302527042e+01
1.866873949156103407e+01
1.857993084381858040e+01
1.849370301858436960e+01
1.840957708513896307e+01
1.832700757785026013e+01
1.824571685937446119e+01
1.816522853610778654e+01
1.808527676666280115e+01
1.800567488026163332e+01
1.792615990425918326e+01
1.784659497961711594e+01
1.776663731933233947e+01
1.768629111504271023e+01
1.760557323750764169e+01
1.752419110226263044e+01
1.744163100918767384e+01
1.735870716188195573e+01
1.727485600902351592e+01
1.718997214037491617e+01
1.710394831610359034e+01
1.701671447798754144e+01
1.692824625210958800e+01
1.683850897277824998e+01
1.674745313414765135e+01
1.665502941419277505e+01
1.656119388999477948e+01
1.646590844892754646e+01
1.636914014866778544e+01
1.627086025208770081e+01
1.617104343982052228e+01
1.606966803406649191e+01
1.596671630519220209e+01
1.586217366746257085e+01
1.575602816289872976e+01
1.564827054491465397e+01
1.553889369483336402e+01
1.542789169434188246e+01
1.531525953472754864e+01
1.520099405041082008e+01
1.508509560710208497e+01
1.496756834869183450e+01
1.484841883205427848e+01
1.472765491968778839e+01
1.460528550197986597e+01
1.448132059159320484e+01
1.435577143682086820e+01
1.422865055933155709e+01
1.409997172930367348e+01
1.396974990793350635e+01
1.383800117792815421e+01
1.370474267186850348e+01
1.356999250184213501e+01
1.343376969087275441e+01
1.329609410577972817e+01
1.315698639103232459e+01
1.301646790332376824e+01
1.287456064675505196e+01
1.273128720862314722e+01
1.258667069586355680e+01
1.244073467221330809e+01
1.229350309616064330e+01
1.214500025973944197e+01
1.199525072821622729e+01
1.184427928070960689e+01
1.169211085177477472e+01
1.153877047398255051e+01
1.138428322151979621e+01
1.122867415483733922e+01
1.107196826637213682e+01
1.091419042737145695e+01
1.075536533584620891e+01
1.059551746568582331e+01
1.043467101696248100e+01
1.027284986745760165e+01
1.011007752544091076e+01
9.946377083733361602e+00
9.781771175083495251e+00
9.616281928885305419e+00
9.449930929264327872e+00
9.282739174554212269e+00
9.114727038185298724e+00
8.945914231000148931e+00
8.776319765009535701e+00
8.605961918595507854e+00
8.434858203164599999e+00
8.263025331248366356e+00
8.090479186043269877e+00
7.917234792375638541e+00
7.743306289072344306e+00
7.568706902711573647e+00
7.393448922722119399e+00
7.217543677794007628e+00
7.041001513557386460e+00
6.863831771481200050e+00
6.686042768937652703e+00
6.507641780373602636e+00
6.328635019524919691e+00
6.149027622605511390e+00
5.968823632398895462e+00
5.788025983175719702e+00
5.606636486358185678e+00
5.424655816848614975e+00
5.242083499937489677e+00
5.058917898704129001e+00
4.875156201821188695e+00
4.690794411673654629e+00
4.505827332701767496e+00
4.320248559877451378e+00
4.134050467223689296e+00
3.947224196287087317e+00
3.759759644474805373e+00
3.571645453168599715e+00
3.382868995530173617e+00
3.193416363914636236e+00
3.003272356811240495e+00
2.812420465233340661e+00
2.620842858483117599e+00
2.428520369219778541e+00
2.235432477764343506e+00
2.041557295578010578e+00
1.846871547856026918e+00
1.651350555183703106e+00
1.454968214206831201e+00
1.257696977274195937e+00
1.059507831016152757e+00
8.603702738295603281e-01
6.602522922463105459e-01
4.591203361698203977e-01
2.569392929715521579e-01
5.367246044766729729e-02
-1.507184813555036973e-01
-3.562734994290455148e-01
-5.630342381736825885e-01
-7.710440508163231010e-01
-9.803480318159207840e-01
-1.190993050186246460e+00
-1.403027783640197867e+00
-1.616502753431318329e+00
-1.831470359730929642e+00
-2.047984917332751120e+00
-2.266102691419785042e+00
-2.485881933061600879e+00
-2.707382914034627941e+00
-2.930667960477155276e+00
-3.155801484808443469e+00
-3.382850015261726462e+00
-3.611882222308356205e+00
-3.842968941187252963e+00
-4.076183189700766540e+00
-4.311600180392319182e+00
-4.549297326179713608e+00
-4.789354238473602976e+00
-5.031852716759237509e+00
-5.276876728555332186e+00
-5.524512378585307637e+00
-5.774847865895080368e+00
-6.027973427552407948e+00
-6.283981267435441609e+00
-6.542965468502862869e+00
-6.805021886823777066e+00
-7.070248025547613224e+00
-7.338742886924003450e+00
-7.610606800449839504e+00
-7.885941225241052344e+00
-8.164848524811683106e+00
-8.447431712614022814e+00
-8.733794166965836325e+00
-9.024039314391487210e+00
-9.318270280953980134e+00
-9.616589511885269559e+00
-9.919098360760990829e+00
-1.022589665064065478e+01
-1.053708221103684117e+01
-1.085275039630505844e+01
-1.117299359307767581e+01
-1.149790072669917507e+01
-1.182755677923939963e+01
-1.216204233452213757e+01
-1.250143316863468712e+01
-1.284579990746414069e+01
-1.319520777578267534e+01
-1.354971646507118344e+01
-1.390938014937502309e+01
-1.427424767973204389e+01
-1.464436298777214063e+01
-1.501976572761086004e+01
-1.540049218180784507e+01
-1.578657645162832068e+01
-1.617805194389478984e+01
-1.657495315621923382e+01
-1.697731774937681593e+01
-1.738518888020820796e+01
-1.779861775111291777e+01
-1.821766631352919319e+01
-1.864241004362317256e+01
-1.907294068978152879e+01
-1.950936887468281355e+01
-1.995182642114339444e+01
-2.040046826218405585e+01
-2.085547379352131614e+01
-2.131704753265229968e+01
-2.178541896449042170e+01
-2.226084148047218392e+01
-2.274359035704302201e+01
-2.323395977046709859e+01
-2.373225890680345884e+01
-2.423880729586054983e+01
-2.475392957132252647e+01
-2.527794992944472696e+01
-2.581118661762667443e+01
-2.635394682297443580e+01
-2.690652234159798439e+01
-2.746918638619925801e+01
-2.804219183081927724e+01
-2.862577110104787081e+01
-2.922013780430172147e+01
-2.982549007095380844e+01
-3.044201545812238052e+01
-3.106989716801910717e+01
-3.170932126273836005e+01
-3.236048452289763588e+01
-3.302360259846923185e+01
-3.369891813125594382e+01
-3.438670858102344852e+01
-3.508729355103613301e+01
-3.580104147364931322e+01
-3.652837557429302251e+01
-3.726977907643673404e+01
-3.802579963697279908e+01
-3.879705300884395314e+01
-3.958422591411562763e+01
-4.038807808910626562e+01
-4.120944341596167249e+01
-4.204922984786907847e+01
-4.290841793272249305e+01
-4.378805750384631068e+01
-4.468926191730015063e+01
-4.561319902297849183e+01
-4.656107779167110294e+01
-4.753412920090195826e+01
-4.853357960680457950e+01
-4.956061440541336793e+01
-5.061632934009811180e+01
-5.170166639813232479e+01
-5.281733096204324340e+01
-5.396368691404003926e+01
-5.514062700140611639e+01
-5.634741733120748819e+01
-5.758251783805676638e+01
-5.884338543062638394e+01
-6.012627355713650701e+01
-6.142605089816267139e+01
-6.273607157212461516e+01
-6.404813699805379201e+01
-6.535259137504093019e+01
-6.663858411058228626e+01
-6.789451061294592193e+01
-6.910860918249107954e+01
-7.026965382004244987e+01
-7.136765273782447139e+01
-7.239445209195558562e+01
-7.334415957318361734e+01
-7.421333890462429395e+01
-7.500097186061356069e+01
-7.570822478878476147e+01
-7.633808153630918980e+01
-7.689491120553662995e+01
-7.738403080403038814e+01
-7.781130628247630909e+01
-7.818281715221424122e+01
-7.850459419746233891e+01
-7.878242863294791221e+01
-7.902174445295172234e+01
-7.922752276176807129e+01
-7.940426639742510417e+01
-7.955599412150149874e+01
-7.968625528331645569e+01
-7.979815768433569190e+01
-7.989440308926361922e+01
-7.997732632063070923e+01
-8.004893509046137012e+01
-8.011094867289133958e+01
-8.016483423701932054e+01
-8.021184018025846285e+01
-8.025302616937628386e+01
-8.028928984516726075e+01
-8.032139030712384908e+01
-8.034996859048186479e+01
-8.037556539840068126e+01
-8.039863637139241348e+01
-8.041956517541451888e+01
-8.043867467726536802e+01
-8.045623645639975052e+01
-8.047247887948782363e+01
-8.048759394008328627e+01
-8.050174304202569431e+01
-8.051506188257097563e+01
-8.052766457031924574e+01
-8.053964709408646172e+01
-8.055109024207564516e+01
-8.056206205598290637e+01
-8.057261989194985574e+01
-8.058281214935441028e+01
-8.059267971911528150e+01
-8.060225719530042454e+01
-8.061157388726194029e+01
-8.062065466419886661e+01
-8.062952065982331362e+01
-8.063818986129882660e+01
-8.064667760341184533e+01
-8.065499698563844788e+01
-8.066315922631706314e+01
-8.067117396475126156e+01
-8.067904951910800548e+01
-8.068679310576703756e+01
-8.069441102444403668e+01
-8.070190881281311590e+01
-8.070929137425262923e+01
-8.071656308239376187e+01
-8.072372786614614881e+01
-8.073078927868949961e+01
-8.073775055356621522e+01
-8.074461465053931875e+01
-8.075138429338630885e+01
-8.075806200132836921e+01
-8.076465011540631167e+01
-8.077115082079113506e+01
-8.077756616578234627e+01
-8.078389807806401279e+01
-8.079014837866408527e+01
-8.079631879397206262e+01
-8.080241096609668716e+01
-8.080842646180320799e+01
-8.081436678022991771e+01
-8.082023335955155119e+01
-8.082602758273881705e+01
-8.083175078253933066e+01
-8.083740424578988382e+01
-8.084298921715618746e+01
-8.084850690237922777e+01
-8.085395847110511625e+01
-8.085934505935307470e+01
-8.086466777167757414e+01
-8.086992768306978974e+01
-8.087512584063587440e+01
-8.088026326508408204e+01
-8.088534095204938978e+01
-8.089035987328097121e+01
-8.089532097770874941e+01
-8.090022519240814347e+01
-8.090507342347989095e+01
-8.090986655685026108e+01
-8.091460545901023238e+01
-8.091929097769501311e+01
-8.092392394251659482e+01
-8.092850516555252227e+01
-8.093303544189559773e+01
-8.093751555017368560e+01
-8.094194625303673263e+01
-8.094632829761914650e+01
-8.095066241597804435e+01
-8.095494932551197564e+01
-8.095918972935764657e+01
-8.096338431677173730e+01
-8.096753376349541043e+01
-8.097163873210497798e+01
-8.097569987234803079e+01
-8.097971782146777286e+01
-8.098369320451664066e+01
-8.098762663465548428e+01
-8.099151871344699316e+01
-8.099537003113627520e+01
-8.099918116692298042e+01
-8.100295268922586445e+01
-8.100668515593746122e+01
-8.101037911467227559e+01
-8.101403510300650623e+01
-8.101765364871125996e+01
-8.102123526997864644e+01
-8.102478047564167696e+01
-8.102828976538640404e+01
-8.103176362996028104e+01
-8.103520255137290462e+01
-8.103860700309198251e+01
-8.104197745023337518e+01
-8.104531434974627757e+01
-8.104861815059305741e+01
-8.105188929392492980e+01
-8.105512821325156381e+01
-8.105833533460769047e+01
-8.106151107671453815e+01
-8.106465585113620875e+01
-8.106777006243368078e+01
-8.107085410831376748e+01
-8.107390837977379761e+01
-8.107693326124356759e+01
-8.107992913072338581e+01
-8.108289635991764044e+01
-8.108583531436656244e+01
-8.108874635357335592e+01
-8.109162983112895517e+01
-8.109448609483261805e+01
-8.109731548681091340e+01
-8.110011834363301375e+01
-8.110289499642284738e+01
-8.110564577096897665e+01
-8.110837098783204624e+01
-8.111107096244812453e+01
-8.111374600523247125e+01
-8.111639642167702391e+01
-8.111902251244914908e+01
-8.112162457348496503e+01
-8.112420289608330393e+01
-8.112675776699492758e+01
-8.112928946851107526e+01
-8.113179827854963833e+01
-8.113428447073997063e+01
-8.113674831450350666e+01
-8.113919007513553083e+01
-8.114161001388252714e+01
-8.114400838801958571e+01
-8.114638545092485344e+01
-8.114874145215296153e+01
-8.115107663750605127e+01
-8.115339124910427415e+01
-8.115568552545350656e+01
-8.115795970151262395e+01
-8.116021400875868608e+01
-8.116244867525068685e+01
-8.116466392569202526e+01
-8.116685998149168313e+01
-8.116903706082402437e+01
-8.117119537868691737e+01
-8.117333514695911845e+01
-8.117545657445572260e+01
-8.117755986698416848e+01
-8.117964522739606537e+01
-8.118171285564081074e+01
-8.118376294881629462e+01
-8.118579570121973177e+01
-8.118781130439587912e+01
-8.118781144392421822e+01
