-8.145735885069838389e+01
-8.146020391822999329e+01
-8.146309518136021666e+01
-8.146400587448049180e+01
-8.146499557111630452e+01
-8.146536455345430738e+01
-8.146636172405486320e+01
-8.146648004188409686e+01
-8.146704759490934578e+01
-8.146762088430673998e+01
-8.146770242776494797e+01
-8.146739779999045084e+01
-8.146834444346879422e+01
-8.146845807907259029e+01
-8.146942205551474103e+01
-8.146885250267415302e+01
-8.146931395232796547e+01
-8.146873049719323490e+01
-8.146837938641237997e+01
-8.146954355854265373e+01
-8.147020904032289934e+01
-8.146933129968279275e+01
-8.146933352360146330e+01
-8.146968112041693644e+01
-8.147009710123880666e+01
-8.147063026717030709e+01
-8.147044860114087328e+01
-8.147038256870344242e+01
-8.147066549879767194e+01
-8.146913656813705984e+01
-8.146884841663060683e+01
-8.146899190249224887e+01
-8.147002954547171782e+01
-8.147012661065683403e+01
-8.147007622045344988e+01
-8.146957638239135235e+01
-8.147024037523695483e+01
-8.146980148510719744e+01
-8.146952216946887404e+01
-8.147005517055652035e+01
-8.147016818517093384e+01
-8.147079146929716842e+01
-8.146977439571136870e+01
-8.146859654778488391e+01
-8.146844343520616860e+01
-8.146924948910920250e+01
-8.147025548505655479e+01
-8.147019554108518946e+01
-8.146972414168655519e+01
-8.147005318124305973e+01
-8.146893748278667147e+01
-8.146847967508718114e+01
-8.146383077345170420e+01
-8.145680220867593846e+01
-8.128454739820928410e+01
-8.313613915697250434e+01
-3.649349249472610524e+01
1.569668849703237612e+01
1.649531522444106812e+01
1.522280469483358800e+01
1.330102747384877837e+01
1.180770672713702218e+01
1.076039827329791621e+01
1.003475040131110951e+01
9.546465439546159004e+00
9.235221627893723806e+00
9.053905755163869529e+00
8.965747672836972271e+00
8.943320068673340728e+00
8.965640706179136998e+00
9.016709353515748759e+00
9.085842890151191398e+00
9.163853303277893048e+00
9.243621652580102932e+00
9.320553605520816021e+00
9.391017678474835151e+00
9.452337093416495861e+00
9.502498477364222040e+00
9.540170865107011622e+00
9.564439655824029884e+00
9.574750898631677387e+00
9.570862154064009530e+00
9.552758240420503810e+00
9.520560389124566925e+00
9.474491874173676109e+00
9.414862803946906666e+00
9.342051840634679749e+00
9.256488173933945518e+00
9.158636404351259586e+00
9.048984527746117834e+00
8.928034540116012607e+00
8.796295142600540018e+00
8.654276117329258611e+00
8.502484039749630185e+00
8.341419068704830408e+00
8.171572611811976472e+00
7.993425705156234073e+00
7.807447977292110153e+00
7.614097091220192404e+00
7.413818576550122330e+00
7.207045978890836757e+00
6.994201265556083236e+00
6.775695436562959806e+00
6.551929298055642725e+00
6.323294362005571934e+00
6.090173841532542376e+00
5.852943715613651676e+00
5.611973840403940095e+00
5.367629086963087381e+00
5.120270486921260300e+00
4.870256368562349003e+00
4.617943465990519414e+00
4.363687983507348989e+00
4.107846596102780801e+00
3.850777365109218309e+00
3.592840545658750440e+00
3.334399259730298049e+00
3.075820005424163117e+00
2.817472969865755683e+00
2.559732110091955004e+00
2.302974963769211847e+00
2.047582150075985208e+00
1.793936521079570356e+00
1.542421926042805591e+00
1.293421555928496502e+00
1.047315843513916489e+00
8.044799064453272974e-01
5.652805364840174374e-01
3.300727580058029909e-01
9.919600194243625990e-02
-1.270300332887220052e-01
-3.483097363807957092e-01
-5.643760313195883560e-01
-7.749947766427607299e-01
-9.799689589794751132e-01
-1.179142518181489629e+00
-1.372403645342483713e+00
-1.559687409443839989e+00
-1.740977592770361682e+00
-1.916307648041040812e+00
-2.085760728916496554e+00
-2.249468787087591792e+00
-2.407610770214929641e+00
-2.560409992468272389e+00
-2.708130780745440003e+00
-2.851074523060626031e+00
-2.989575260205524998e+00
-3.123994967598954009e+00
-3.254718671984230483e+00
-3.382149538583169246e+00
-3.506704050059806121e+00
-3.628807380883346312e+00
-3.748889051033027719e+00
-3.867378922888692561e+00
-3.984703585759716837e+00
-4.101283154682374921e+00
-4.217528494430488273e+00
-4.333838866444154725e+00
-4.450599985678385551e+00
-4.568182466135194630e+00
-4.686940627881282850e+00
-4.807211634406462153e+00
-4.929314926950738140e+00
-5.053551921614927167e+00
-5.180205935377030002e+00
-5.309542308296125057e+00
-5.441808690959306638e+00
-5.577235468419091902e+00
-5.716036294304442045e+00
-5.858408711343809472e+00
-6.004534837103827627e+00
-6.154582096248188527e+00
-6.308703983003790761e+00
-6.467040839745767933e+00
-6.629720639658884807e+00
-6.796859763288265910e+00
-6.968563760456055967e+00
-7.144928090494983230e+00
-7.326038835044234254e+00
-7.511973378779353006e+00
-7.702801054420262084e+00
-7.898583749191937287e+00
-8.099376470621749036e+00
-8.305227870156127068e+00
-8.516180723585621948e+00
-8.732272367699570381e+00
-8.953535092967468856e+00
-9.179996492388486473e+00
-9.411679766990291185e+00
-9.648603988827344935e+00
-9.890784322765702186e+00
-1.013823220888383148e+01
-1.039095550799975953e+01
-1.064895861366765217e+01
-1.091224253496057095e+01
-1.118080495543868835e+01
-1.145464027483121328e+01
-1.173373964108420253e+01
-1.201809098149512423e+01
-1.230767904264782331e+01
-1.260248544978636609e+01
-1.290248879712742536e+01
-1.320766478142266465e+01
-1.351798639181617290e+01
-1.383342416963796850e+01
-1.415394655213213504e+01
-1.447952031409620766e+01
-1.481011112084808978e+01
-1.514568420467344012e+01
-1.548620517478496872e+01
-1.583164096772975604e+01
-1.618196094104786553e+01
-1.653713810781621518e+01
-1.689715050357489190e+01
-1.726198267016917498e+01
-1.763162723343804572e+01
-1.800608654368690864e+01
-1.838537433977412405e+01
-1.876951738975893846e+01
-1.915855705378076834e+01
-1.955255070861880995e+01
-1.995157296873587782e+01
-2.035571663613329818e+01
-2.076509331167109806e+01
-2.117983360429724016e+01
-2.160008688253263642e+01
-2.202602052513634945e+01
-2.245781864554803420e+01
-2.289568028757240015e+01
-2.333981711748934629e+01
-2.379045066933577957e+01
-2.424780923379303843e+01
-2.471212451447397385e+01
-2.518362820548179926e+01
-2.566254866753094177e+01
-2.614910789430822646e+01
-2.664351896172746947e+01
-2.714598414148985484e+01
-2.765669383318577346e+01
-2.817582642947187921e+01
-2.870354917816394646e+01
-2.924002004813164746e+01
-2.978539054820453558e+01
-3.033980939591275217e+01
-3.090342689119500008e+01
-3.147639982294965577e+01
-3.205889672490803122e+01
-3.265110330092973356e+01
-3.325322785592337738e+01
-3.386550659376636219e+01
-3.448820867416820590e+01
-3.512164095274383868e+01
-3.576615235910545465e+01
-3.642213789331587037e+01
-3.709004223904792497e+01
-3.777036300069305952e+01
-3.846365357093991122e+01
-3.917052562498599855e+01
-3.989165121885655907e+01
-4.062776446489905879e+01
-4.137966265378072706e+01
-4.214820663412980650e+01
-4.293432032671118037e+01
-4.373898902967395230e+01
-4.456325609270023591e+01
-4.540821740155382003e+01
-4.627501293808128224e+01
-4.716481446601335392e+01
-4.807880813531163255e+01
-4.901817049704649776e+01
-4.998403608470959369e+01
-5.097745436890026127e+01
-5.199933357701196002e+01
-5.305036867115326515e+01
-5.413095083153967835e+01
-5.524105630200235595e+01
-5.638011369799535544e+01
-5.754685119710747898e+01
-5.873912877366520746e+01
-5.995376601974940911e+01
-6.118638297132597614e+01
-6.243127891039913635e+01
-6.368138054795744551e+01
-6.492829349113732462e+01
-6.616248614680108631e+01
-6.737362072668751978e+01
-6.855102198464494734e+01
-6.968424504575249046e+01
-7.076367728482557595e+01
-7.178109489382391928e+01
-7.273009871614617339e+01
-7.360637595871341432e+01
-7.440776774537359017e+01
-7.513415682260173867e+01
-7.578721574126829807e+01
-7.637006858886927319e+01
-7.688691906809695809e+01
-7.734268824335771342e+01
-7.774269160393788525e+01
-7.809237142877604754e+01
-7.839708931932317171e+01
-7.866197610535357398e+01
-7.889183192845167980e+01
-7.909106744367552722e+01
-7.926367691734965604e+01
-7.941323482028188607e+01
-7.954290879577482087e+01
-7.965548328072723905e+01
-7.975338938082737172e+01
-7.983873775223064229e+01
-7.991335218966401044e+01
-7.997880236800894238e+01
-8.003643475260462026e+01
-8.008740111159174546e+01
-8.013268436125315475e+01
-8.017312167968269421e+01
-8.020942495839737774e+01
-8.024219874451922863e+01
-8.027195587262980325e+01
-8.029913100656609970e+01
-8.032409231561254614e+01
-8.034715150283217611e+01
-8.036857238997501440e+01
-8.038857824654593287e+01
-8.040735803223218170e+01
-8.042507170334634736e+01
-8.044185471608295757e+01
-8.045782184270142068e+01
-8.047307040151198976e+01
-8.048768298784462161e+01
-8.050172978101660703e+01
-8.051527049161535388e+01
-8.052835600408216976e+01
-8.054102976148007542e+01
-8.055332893234023572e+01
-8.056528539347236517e+01
-8.057692655747533195e+01
-8.058827606928757348e+01
-8.059935439236767252e+01
-8.061017930190448055e+01
-8.062076629975645403e+01
-8.063112896351201186e+01
-8.064127924013106963e+01
-8.065122769297607874e+01
-8.066098370965259790e+01
-8.067055567690800899e+01
-8.067995112784394962e+01
-8.068917686586587479e+01
-8.069823906908693800e+01
-8.070714337831306295e+01
-8.071589497123576962e+01
-8.072449862503844997e+01
-8.073295876927367942e+01
-8.074127953056283502e+01
-8.074946477042981030e+01
-8.075751811736330410e+01
-8.076544299403082050e+01
-8.077324264041527613e+01
-8.078092013352367928e+01
-8.078847840421370563e+01
-8.079592025159151092e+01
-8.080324835536714545e+01
-8.081046528648732874e+01
-8.081757351631651431e+01
-8.082457542459036404e+01
-8.083147330633519800e+01
-8.083826937790918521e+01
-8.084496578230195496e+01
-8.085156459380341687e+01
-8.085806782213757060e+01
-8.086447741613818607e+01
-8.087079526703749366e+01
-8.087702321141898665e+01
-8.088316303388531026e+01
-8.088921646948010391e+01
-8.089518520589602701e+01
-8.090107088549908099e+01
-8.090687510719186548e+01
-8.091259942813874773e+01
-8.091824536536506685e+01
-8.092381439725060943e+01
-8.092930796492552759e+01
-8.093472747358242714e+01
-8.094007429371035300e+01
-8.094534976226265144e+01
-8.095055518376094028e+01
-8.095569183134367108e+01
-8.096076094776503851e+01
-8.096576374634409490e+01
-8.097070141187414549e+01
-8.097557510149003690e+01
-8.098038594550021685e+01
-8.098513504818322417e+01
-8.098982348855334124e+01
-8.099445232109543724e+01
-8.099902257647232773e+01
-8.100353526220460765e+01
-8.100799136332719286e+01
-8.101239184301985574e+01
-8.101673764321721194e+01
-8.102102968519636761e+01
-8.102526887014435886e+01
-8.102945607970559649e+01
-8.103359217651347990e+01
-8.103767800469961458e+01
-8.104171439039009783e+01
-8.104570214218425406e+01
-8.104964205161731172e+01
-8.105353489360911112e+01
-8.105738142689712333e+01
-8.106118239445733309e+01
-8.106493852391068344e+01
-8.106865052791742698e+01
-8.107231910455865886e+01
-8.107594493770700694e+01
-8.107952869738512902e+01
-8.108307104011305455e+01
-8.108657260924613297e+01
-8.109003403530184073e+01
-8.109345593627689652e+01
-8.109683891795599209e+01
-8.110018357420936752e+01
-8.110349048728370747e+01
-8.110676022808272023e+01
-8.110999335644162045e+01
-8.111319042139095359e+01
-8.111635196141604354e+01
-8.111947850470538413e+01
-8.112257056939512267e+01
-8.112562866380497439e+01
-8.112865328666781295e+01
-8.113164492735241140e+01
-8.113460406608082565e+01
-8.113753117413928351e+01
-8.114042671408246576e+01
-8.114329113993369447e+01
-8.114612489737793055e+01
-8.114892842395181560e+01
-8.115170214922576974e+01
-8.115444649498247998e+01
-8.115716187539206317e+01
-8.115984869717937045e+01
-8.116250735979012632e+01
-8.116513825554955019e+01
-8.116774176981989797e+01
-8.117031828115116809e+01
-8.117286816142933503e+01
-8.117539177602043310e+01
-8.117788948391149972e+01
-8.118036163784604753e+01
-8.118280858445805848e+01
-8.118523066440147318e+01
-8.118762821247754857e+01
-8.119000155775613337e+01
-8.119235102369827928e+01
-8.119467692827170424e+01
-8.119697958406540295e+01
-8.119925929840123047e+01
-8.120151637344309847e+01
-8.120375110630141080e+01
-8.120596378913786850e+01
-8.120815470926572743e+01
-8.121032414924775367e+01
-8.121247238699312732e+01
-8.121459969585033889e+01
-8.121670634469910510e+01
-8.121879259803908724e+01
-8.122085871607730212e+01
-8.122290495481392725e+01
-8.122493156612354426e+01
-8.122693879783783188e+01
-8.122892689382393883e+01
-8.123089609406193290e+01
-8.123284663472067280e+01
-8.123477874823126399e+01
-8.123669266335956252e+01
-8.123858860527543868e+01
-8.124046679562303552e+01
-8.124232745258748878e+01
-8.124417079096029681e+01
-8.124599702220388053e+01
-8.124780635451459432e+01
-8.124959899288350584e+01
-8.125137513915724696e+01
-8.125313499209561030e+01
-8.125487874743001271e+01
-8.125660659791934393e+01
-8.125831873340389677e+01
-8.126001534086053368e+01
-8.126169660445390264e+01
-8.126336270558867625e+01
-8.126501382295992926e+01
-8.126665013260077330e+01
-8.126827180793236494e+01
-8.126987901981023299e+01
-8.127147193656969648e+01
-8.127305072407229147e+01
-8.127461554574857416e+01
-8.127616656264262929e+01
-8.127770393345274158e+01
-8.127770374331896619e+01
