-8.145734800339501192e+01
-8.146018003169868393e+01
-8.146305789264403074e+01
-8.146395121499583070e+01
-8.146491845075912863e+01
-8.146526602905905179e+01
-8.146626115713952743e+01
-8.146636449681413694e+01
-8.146691478904699579e+01
-8.146750414887932834e+01
-8.146759552251187131e+01
-8.146726648457436681e+01
-8.146820463595446427e+01
-8.146831310473717735e+01
-8.146924877356175898e+01
-8.146868209857797183e+01
-8.146913472831408853e+01
-8.146853813039680858e+01
-8.146816377744784177e+01
-8.146928904952994799e+01
-8.146992236531987430e+01
-8.146905447824401847e+01
-8.146901608307031495e+01
-8.146929059602472023e+01
-8.146975074646080373e+01
-8.147025272985396782e+01
-8.147013753785260803e+01
-8.147001368283244460e+01
-8.147032416699551050e+01
-8.146883460272336208e+01
-8.146849129651369026e+01
-8.146855484722637186e+01
-8.146961039895732881e+01
-8.146973139681296061e+01
-8.146973033921973695e+01
-8.146917885605246568e+01
-8.146983435744034807e+01
-8.146946792968167017e+01
-8.146916064379088596e+01
-8.146966970339259717e+01
-8.146982275120394945e+01
-8.147039774009856217e+01
-8.146956470109662973e+01
-8.146838007410933358e+01
-8.146819092289173625e+01
-8.146889612507746392e+01
-8.146994875852374207e+01
-8.146997254597043536e+01
-8.146943737477840841e+01
-8.146992226277093607e+01
-8.146882826822059087e+01
-8.146850398669961635e+01
-8.146375417374004257e+01
-8.145901562890021808e+01
-8.127579080750457763e+01
-8.340367471671112298e+01
-4.104925528062021556e+01
1.583451688703974547e+01
1.970923206085756263e+01
2.043848919334671876e+01
2.022764006897538280e+01
2.017835405735323206e+01
2.031649232888465306e+01
2.056223340727543558e+01
2.087341773150025759e+01
2.122141203738436133e+01
2.158377179806284829e+01
2.194189665918858267e+01
2.228149114709058765e+01
2.259055506014178860e+01
2.285858900511824388e+01
2.307707302791188297e+01
2.323389717302597290e+01
2.331328826521869146e+01
2.329835959114210198e+01
2.317050228875988438e+01
2.291924366320294837e+01
2.256641276920258221e+01
2.216754155297086015e+01
2.177511554047526587e+01
2.141358946900424698e+01
2.108673999508721053e+01
2.079116076362258880e+01
2.052273728175677547e+01
2.027823817378480342e+01
2.005520922257170824e+01
1.985159367717112033e+01
1.966548318207482637e+01
1.949502587281694943e+01
1.933842278016422256e+01
1.919395132069574927e+01
1.905999537767335283e+01
1.893507165556483685e+01
1.881784007235238221e+01
1.870710218909726308e+01
1.860179681561846010e+01
1.850099669490367305e+01
1.840390483052934556e+01
1.830984089903235557e+01
1.821821951147440188e+01
1.812853299407826313e+01
1.804034055471085907e+01
1.795325984344529502e+01
1.786695915673655932e+01
1.778115021485595193e+01
1.769558171607905805e+01
1.761003375986525299e+01
1.752431311506637002e+01
1.743824924793236875e+01
1.735169100541177301e+01
1.726450385195284909e+01
1.717656756926396966e+01
1.708777434154904640e+01
1.699802716093572741e+01
1.690723849842315474e+01
1.681532919465892562e+01
1.672222753242388293e+01
1.662786845906424560e+01
1.653219293246127108e+01
1.643514736862590553e+01
1.633668317277781412e+01
1.623675633892810666e+01
1.613532710562124350e+01
1.603235965768794813e+01
1.592782186568508429e+01
1.582168505620742671e+01
1.571392380750338980e+01
1.560451576585479039e+01
1.549344147902484181e+01
1.538068424376934473e+01
1.526622996497546048e+01
1.515006702445047182e+01
1.503218615776186873e+01
1.491258033783442016e+01
1.479124466425687423e+01
1.466817625745136411e+01
1.454337415701919412e+01
1.441683922370556914e+01
1.428857404452998026e+01
1.415858284071176953e+01
1.402687137808575280e+01
1.389344687975606973e+01
1.375831794077798698e+01
1.362149444469082660e+01
1.348298748175164796e+01
1.334280926874131623e+01
1.320097307023126376e+01
1.305749312121476358e+01
1.291238455101711047e+01
1.276566330841155050e+01
1.261734608787527812e+01
1.246745025692922759e+01
1.231599378451324966e+01
1.216299517035571398e+01
1.200847337530367120e+01
1.185244775258738770e+01
1.169493797999991358e+01
1.153596399297901343e+01
1.137554591858615360e+01
1.121370401038234910e+01
1.105045858420860228e+01
1.088582995488130045e+01
1.071983837382024873e+01
1.055250396762805210e+01
1.038384667764368885e+01
1.021388620049362039e+01
1.004264192966320657e+01
9.870132898109693187e+00
9.696377721935467875e+00
9.521394545134596044e+00
9.345200985420760276e+00
9.167814081138388360e+00
8.989250239250706542e+00
8.809525184391432617e+00
8.628653908958881402e+00
8.446650624222849402e+00
8.263528712405232568e+00
8.079300679685676556e+00
7.893978110069273413e+00
7.707571620037088067e+00
7.520090813877217784e+00
7.331544239566269106e+00
7.141939345035963171e+00
6.951282434621822048e+00
6.759578625453465328e+00
6.566831803516381072e+00
6.373044579103877005e+00
6.178218241395983412e+00
5.982352711959492808e+00
5.785446497065475313e+00
5.587496638864578813e+00
5.388498665633273177e+00
5.188446541478995755e+00
4.987332616038556488e+00
4.785147574785943547e+00
4.581880390559551763e+00
4.377518276813719744e+00
4.172046642908271430e+00
3.965449051501551914e+00
3.757707177850716285e+00
3.548800770588824260e+00
3.338707613378159689e+00
3.127403486747884820e+00
2.914862129415634495e+00
2.701055198451260075e+00
2.485952227746545784e+00
2.269520584382983763e+00
2.051725422620335415e+00
1.832529635347218910e+00
1.611893802932577557e+00
1.389776139491786688e+00
1.166132436634653269e+00
9.409160047990741127e-01
7.140776122987914087e-01
4.855654222318435687e-01
2.553249274123621793e-01
2.329888350606293748e-02
-2.105727594581376094e-01
-4.463529267792301636e-01
-6.841074902124861801e-01
-9.239053395049386941e-01
-1.165818454554856665e+00
-1.409921977497246015e+00
-1.656294284256504268e+00
-1.905017054967036438e+00
-2.156175342556520658e+00
-2.409857638675287017e+00
-2.666155936024346751e+00
-2.925165785988570022e+00
-3.186986350319614747e+00
-3.451720445433772433e+00
-3.719474577692901018e+00
-3.990358967821110436e+00
-4.264487562376988450e+00
-4.541978029950513474e+00
-4.822951739487178813e+00
-5.107533717861613809e+00
-5.395852583531419278e+00
-5.688040452806590430e+00
-5.984232814972778591e+00
-6.284568372227863797e+00
-6.589188840135252079e+00
-6.898238704093587081e+00
-7.211864927192848995e+00
-7.530216604807555392e+00
-7.853444561415975578e+00
-8.181700885480397645e+00
-8.515138398848918655e+00
-8.853910058121199356e+00
-9.198168286852521192e+00
-9.548064239451235835e+00
-9.903747000284010227e+00
-1.026536272491626711e+01
-1.063305373472928927e+01
-1.100695758142340352e+01
-1.138720610417950851e+01
-1.177392450948347324e+01
-1.216723051168006009e+01
-1.256723358095312015e+01
-1.297403435419093398e+01
-1.338772427246346020e+01
-1.380838551576315076e+01
-1.423609131020011631e+01
-1.467090668376139106e+01
-1.511288974270519248e+01
-1.556209353031649911e+01
-1.601856851190083475e+01
-1.648236570364884201e+01
-1.695354042800183691e+01
-1.743215663473687016e+01
-1.791829167643803089e+01
-1.841204137162294430e+01
-1.891352513199305108e+01
-1.942289087660277858e+01
-1.994031941074980097e+01
-2.046602791744778216e+01
-2.100027220136657391e+01
-2.154334734611965274e+01
-2.209558650217634224e+01
-2.265735761925018465e+01
-2.322905807538485234e+01
-2.381110733159379222e+01
-2.440393794502989877e+01
-2.500798548586627135e+01
-2.562367809538510599e+01
-2.625142656229043681e+01
-2.689161584867335009e+01
-2.754459894274785370e+01
-2.821069374640164895e+01
-2.889018343669421540e+01
-2.958332040859046685e+01
-3.029033356274062783e+01
-3.101143840135132379e+01
-3.174684918138607514e+01
-3.249679227152948613e+01
-3.326151986758682000e+01
-3.404132331955528201e+01
-3.483654547917340238e+01
-3.564759165293587984e+01
-3.647493891050055481e+01
-3.731914362886700332e+01
-3.818084723492727761e+01
-3.906078013690585493e+01
-3.995976380972336273e+01
-4.087871094992704002e+01
-4.181862339538461981e+01
-4.278058733368337130e+01
-4.376576521237088002e+01
-4.477538331817522277e+01
-4.581071365637492221e+01
-4.687304831512712155e+01
-4.796366397176589658e+01
-4.908377361058494159e+01
-5.023446191982335307e+01
-5.141660031679282383e+01
-5.263073729189139272e+01
-5.387696005759661233e+01
-5.515472477842926224e+01
-5.646265553925987746e+01
-5.779831737290293603e+01
-5.915797669821660065e+01
-6.053637348384830830e+01
-6.192654226000799866e+01
-6.331973079150374417e+01
-6.470547065735019032e+01
-6.607184670464735632e+01
-6.740598732420124861e+01
-6.869475523568581821e+01
-6.992556812622811435e+01
-7.108723665196735908e+01
-7.217069124615349551e+01
-7.316948764637984937e+01
-7.408002881236583903e+01
-7.490150096561535520e+01
-7.563557380012996134e+01
-7.628594566240158770e+01
-7.685782045422419628e+01
-7.735738984472097002e+01
-7.779137161457947514e+01
-7.816663124276622909e+01
-7.848989453378322878e+01
-7.876754609720923384e+01
-7.900550142577968415e+01
-7.920913770939910137e+01
-7.938326875130118765e+01
-7.953215109227967616e+01
-7.965951078388023632e+01
-7.976858263050657172e+01
-7.986215585741550171e+01
-7.994262194057128568e+01
-8.001202173762779069e+01
-8.007209011977541024e+01
-8.012429707584696814e+01
-8.016988480126114780e+01
-8.020990064912626849e+01
-8.024522605496593997e+01
-8.027660168691633658e+01
-8.030464914829238410e+01
-8.032988959034862830e+01
-8.035275959534692447e+01
-8.037362467465464988e+01
-8.039279070115094328e+01
-8.041051356488873125e+01
-8.042700730908170215e+01
-8.044245097220887430e+01
-8.045699433258720035e+01
-8.047076272482861725e+01
-8.048386107344025220e+01
-8.049637726749766387e+01
-8.050838498168052126e+01
-8.051994603283026208e+01
-8.053111234732189416e+01
-8.054192760267893902e+01
-8.055242859677547074e+01
-8.056264638940380962e+01
-8.057260725375785171e+01
-8.058233346927345053e+01
-8.059184398213491818e+01
-8.060115495544063435e+01
-8.061028022739920118e+01
-8.061923169289353552e+01
-8.062801962121436361e+01
-8.063665292063535617e+01
-8.064513935872788863e+01
-8.065348574583482844e+01
-8.066169808787992679e+01
-8.066978171366037031e+01
-8.067774138090592828e+01
-8.068558136467433428e+01
-8.069330553104994408e+01
-8.070091739861578617e+01
-8.070842018975835686e+01
-8.071581687350963819e+01
-8.072311020135398962e+01
-8.073030273717746752e+01
-8.073739688234772416e+01
-8.074439489674004733e+01
-8.075129891638883350e+01
-8.075811096833209035e+01
-8.076483298311543990e+01
-8.077146680534993095e+01
-8.077801420264572130e+01
-8.078447687319199133e+01
-8.079085645220835943e+01
-8.079715451745347821e+01
-8.080337259394570992e+01
-8.080951215802552667e+01
-8.081557464086668574e+01
-8.082156143152403160e+01
-8.082747387959483376e+01
-8.083331329755144168e+01
-8.083908096280120503e+01
-8.084477811951315118e+01
-8.085040598024838232e+01
-8.085596572742286980e+01
-8.086145851462835310e+01
-8.086688546783405229e+01
-8.087224768648070494e+01
-8.087754624448876939e+01
-8.088278219118663515e+01
-8.088795655217222702e+01
-8.089307033011705528e+01
-8.089812450551779932e+01
-8.090312003740156399e+01
-8.090805786399363342e+01
-8.091293890334651451e+01
-8.091776405393807181e+01
-8.092253419524077174e+01
-8.092725018826367034e+01
-8.093191287607116635e+01
-8.093652308427979847e+01
-8.094108162153372632e+01
-8.094558927996227737e+01
-8.095004683561973025e+01
-8.095445504890948030e+01
-8.095881466499082535e+01
-8.096312641417493694e+01
-8.096739101230268432e+01
-8.097160916111440088e+01
-8.097578154860332234e+01
-8.097990884936048417e+01
-8.098399172490697140e+01
-8.098803082401622078e+01
-8.099202678302610536e+01
-8.099598022614129889e+01
-8.099989176572702831e+01
-8.100376200259314885e+01
-8.100759152627001924e+01
-8.101138091527654694e+01
-8.101513073738007620e+01
-8.101884154984860231e+01
-8.102251389969562467e+01
-8.102614832391911648e+01
-8.102974534973120058e+01
-8.103330549478447153e+01
-8.103682926738899539e+01
-8.104031716672558616e+01
-8.104376968305179219e+01
-8.104718729790209863e+01
-8.105057048428409416e+01
-8.105391970686753211e+01
-8.105723542216895794e+01
-8.106051807873205917e+01
-8.106376811730181942e+01
-8.106698597099521919e+01
-8.107017206546676391e+01
-8.107332681906903815e+01
-8.107645064301104298e+01
-8.107954394151036581e+01
-8.108260711194215276e+01
-8.108564054498411622e+01
-8.108864462475835921e+01
-8.109161972896808379e+01
-8.109456622903327627e+01
-8.109748449022045236e+01
-8.110037487176967375e+01
-8.110323772702048473e+01
-8.110607340353145389e+01
-8.110888224319887740e+01
-8.111166458237218535e+01
-8.111442075196632118e+01
-8.111715107757058263e+01
-8.111985587955670951e+01
-8.112253547318226765e+01
-8.112519016869259758e+01
-8.112782027142023367e+01
-8.113042608188206373e+01
-8.113300789587387385e+01
-8.113556600456175261e+01
-8.113810069457387897e+01
-8.114061224808725115e+01
-8.114310094291413122e+01
-8.114556705258610236e+01
-8.114801084643595175e+01
-8.115043258967803297e+01
-8.115283254348544517e+01
-8.115521096506812171e+01
-8.115756810774605867e+01
-8.115990422102338187e+01
-8.116221955065883265e+01
-8.116221932057158028e+01
