-8.145692364445581291e+01
-8.145940994498228349e+01
-8.146200837912581960e+01
-8.146266962979557036e+01
-8.146344824602564927e+01
-8.146364605291253724e+01
-8.146451912948273844e+01
-8.146452274066091093e+01
-8.146499744882270022e+01
-8.146552218312041305e+01
-8.146556129167639426e+01
-8.146519514479908253e+01
-8.146610408992904695e+01
-8.146618999823188290e+01
-8.146710867076438944e+01
-8.146652880047179224e+01
-8.146697598173361143e+01
-8.146637120010302624e+01
-8.146599635298993292e+01
-8.146712281549311285e+01
-8.146775870793221941e+01
-8.146689133399567595e+01
-8.146686003412997934e+01
-8.146714615676431492e+01
-8.146760680126401155e+01
-8.146811801967795930e+01
-8.146800398635936347e+01
-8.146789540660957130e+01
-8.146821115094462584e+01
-8.146672982362980520e+01
-8.146639675717177909e+01
-8.146646900254575030e+01
-8.146753419646040584e+01
-8.146766485842461236e+01
-8.146767039075173500e+01
-8.146713144720084188e+01
-8.146779620773044428e+01
-8.146743582634474024e+01
-8.146713878153521193e+01
-8.146766049524673292e+01
-8.146781972978889996e+01
-8.146840718216884625e+01
-8.146757337017355383e+01
-8.146640404497667021e+01
-8.146622557045031954e+01
-8.146694694188907704e+01
-8.146800341542534341e+01
-8.146803361430102086e+01
-8.146751408725874910e+01
-8.146799655142415020e+01
-8.146692247494041794e+01
-8.146659670237754369e+01
-8.146186080122345174e+01
-8.145687724594907309e+01
-8.127415408749490666e+01
-8.337682841791644250e+01
-4.064307466026540538e+01
1.594003433672776993e+01
1.970158735180392284e+01
2.043540394529902926e+01
2.023112876245977532e+01
2.018413984384370963e+01
2.032393656289367101e+01
2.057139583363705881e+01
2.088431228544695273e+01
2.123404793218136177e+01
2.159819825663506876e+01
2.195818969429110012e+01
2.229976635274729801e+01
2.261095045473788190e+01
2.288127243699954505e+01
2.310224309593681724e+01
2.326177446169303309e+01
2.334415038345382953e+01
2.333254579620956193e+01
2.320840202790805407e+01
2.296122085477803054e+01
2.261271348635739997e+01
2.221835138188600922e+01
2.183071681409730758e+01
2.147434579895240603e+01
2.115300847931155914e+01
2.086324117245849052e+01
2.060086451566121468e+01
2.036259338967079202e+01
2.014593384929616349e+01
1.994880088299458265e+01
1.976926600040987836e+01
1.960546253747995848e+01
1.945558022220648908e+01
1.931788773446909602e+01
1.919076215543119801e+01
1.907271484387969451e+01
1.896240165681898659e+01
1.885862122828575593e+01
1.876031026472490737e+01
1.866653995381300035e+01
1.857651214705574816e+01
1.848954567895409440e+01
1.840505460920440584e+01
1.832253104584263426e+01
1.824153431120470614e+01
1.816168245035383677e+01
1.808264437559632043e+01
1.800413259791629628e+01
1.792589674943343780e+01
1.784771798427248513e+01
1.776940422985821044e+01
1.769078620118298062e+01
1.761171407255575616e+01
1.753205470464542870e+01
1.745168933608548656e+01
1.737051166200651053e+01
1.728842623405628132e+01
1.720534712706616531e+01
1.712119682651136188e+01
1.703590529849160973e+01
1.694940921034059755e+01
1.686165127534358987e+01
1.677257969955630657e+01
1.668214771251033568e+01
1.659031316676080792e+01
1.649703819388250636e+01
1.640228890672584328e+01
1.630603513957386497e+01
1.620825021935946708e+01
1.610891076235208885e+01
1.600799649175647232e+01
1.590549007251151004e+01
1.580137696027393979e+01
1.569564526213984657e+01
1.558828560711974731e+01
1.547929102476209096e+01
1.536865683062598897e+01
1.525638051755277935e+01
1.514246165188694881e+01
1.502690177395882998e+01
1.490970430227127252e+01
1.479087444093737069e+01
1.467041908999914490e+01
1.454834675832430690e+01
1.442466747883099742e+01
1.429939272583232501e+01
1.417253533432721646e+01
1.404410942108968463e+01
1.391413030743150792e+01
1.378261444352995113e+01
1.364957933422655501e+01
1.351504346621620911e+01
1.337902623655377532e+01
1.324154788241623315e+01
1.310262941206568499e+01
1.296229253696550643e+01
1.282055960500920300e+01
1.267745353482755100e+01
1.253299775114691350e+01
1.238721612117611137e+01
1.224013289200704158e+01
1.209177262901908811e+01
1.194216015528324348e+01
1.179132049196775789e+01
1.163927879975271651e+01
1.148606032126579990e+01
1.133169032455677616e+01
1.117619404763260604e+01
1.101959664407986139e+01
1.086192312980467278e+01
1.070319833092416495e+01
1.054344683284596407e+01
1.038269293057549802e+01
1.022096058029219989e+01
1.005827335223724894e+01
9.894654384956364623e+00
9.730126340941001928e+00
9.564711363710662440e+00
9.398431036377406400e+00
9.231306341732025800e+00
9.063357623886815873e+00
8.894604551507264034e+00
8.725066082658994304e+00
8.554760431289672340e+00
8.383705035360131674e+00
8.211916526628275648e+00
8.039410702082077975e+00
7.866202497005622796e+00
7.692305959651665859e+00
7.517734227479663467e+00
7.342499504904059116e+00
7.166613042480565632e+00
6.990085117438342266e+00
6.812925015443986432e+00
6.635141013457849013e+00
6.456740363513231884e+00
6.277729277218201176e+00
6.098112910746050552e+00
5.917895350050303982e+00
5.737079596017045091e+00
5.555667549258946458e+00
5.373659994270603590e+00
5.191056582710475098e+00
5.007855815657479503e+00
4.824055024808920678e+00
4.639650352733842631e+00
4.454636732452687653e+00
4.269007866757625891e+00
4.082756207787145541e+00
3.895872937400076452e+00
3.708347948843314423e+00
3.520169830076806505e+00
3.331325848927275235e+00
3.141801940021912376e+00
2.951582693241601163e+00
2.760651343262673141e+00
2.568989759650424087e+00
2.376578436931195970e+00
2.183396484098274026e+00
1.989421613082659412e+00
1.794630125823632794e+00
1.598996899685791728e+00
1.402495371074185204e+00
1.205097517187896816e+00
1.006773835920063753e+00
8.074933239596782109e-01
6.072234531799817203e-01
4.059301454142100196e-01
2.035777457261862544e-01
1.289942849718548213e-04
-2.044550030471482260e-01
-4.102148053045709397e-01
-6.171926680729393766e-01
-8.254325760915990351e-01
-1.034980276675490751e+00
-1.245883313815236315e+00
-1.458191062795887394e+00
-1.671954765152495082e+00
-1.887227563754199089e+00
-2.104064537777719401e+00
-2.322522737296012441e+00
-2.542661217168347143e+00
-2.764541069873623691e+00
-2.988225456879902264e+00
-3.213779638088772206e+00
-3.441270998833555694e+00
-3.670769073845299602e+00
-3.902345567529033055e+00
-4.136074369815902152e+00
-4.372031566772794697e+00
-4.610295445061822761e+00
-4.850946489245765214e+00
-5.094067370834180153e+00
-5.339742927858718957e+00
-5.588060133655794459e+00
-5.839108053421244726e+00
-6.092977786991097489e+00
-6.349762396191494851e+00
-6.609556815000444452e+00
-6.872457740674073889e+00
-7.138563503920917874e+00
-7.407973916166963768e+00
-7.680790091951422482e+00
-7.957114244542961679e+00
-8.237049452983692177e+00
-8.520699398970430494e+00
-8.808168072293357298e+00
-9.099559443993152641e+00
-9.394977106998149807e+00
-9.694523884789559176e+00
-9.998301409649592131e+00
-1.030640967329966173e+01
-1.061894655426628020e+01
-1.093600732813809273e+01
-1.125768416901390090e+01
-1.158406565288242618e+01
-1.191523627639884175e+01
-1.225127600747660139e+01
-1.259225988721147083e+01
-1.293825770577036494e+01
-1.328933377783884850e+01
-1.364554684580170019e+01
-1.400695014077377287e+01
-1.437359163256904182e+01
-1.474551449937892400e+01
-1.512275784595197514e+01
-1.550535769509148309e+01
-1.589334827102748093e+01
-1.628676358445260774e+01
-1.668563931764227348e+01
-1.709001499417338010e+01
-1.749993640155780739e+01
-1.791545821707643071e+01
-1.833664676791649839e+01
-1.876358283729999954e+01
-1.919636440976016090e+01
-1.963510923242616357e+01
-2.007995705660717434e+01
-2.053107141677631731e+01
-2.098864080396040421e+01
-2.145287909926433301e+01
-2.192402515239081850e+01
-2.240234142082897151e+01
-2.288811162856725545e+01
-2.338163745848493136e+01
-2.388323435842442422e+01
-2.439322661400734660e+01
-2.491194191621258369e+01
-2.543970572121537543e+01
-2.597683575528032662e+01
-2.652363704923755705e+01
-2.708039788754334154e+01
-2.764738702135852932e+01
-2.822485242338959210e+01
-2.881302176032524542e+01
-2.941210463717883528e+01
-3.002229654121585511e+01
-3.064378429685315552e+01
-3.127675275060427396e+01
-3.192139234615433807e+01
-3.257790722760255875e+01
-3.324652352163453628e+01
-3.392749749005603377e+01
-3.462112330306570840e+01
-3.532774025024207987e+01
-3.604773927053305727e+01
-3.678156873658146253e+01
-3.752973946693056462e+01
-3.829282895896808014e+01
-3.907148483457549304e+01
-3.986642746946693450e+01
-4.067845176150120778e+01
-4.150842786941892371e+01
-4.235730063762697739e+01
-4.322608746494464782e+01
-4.411587407938343830e+01
-4.502780752165124767e+01
-4.596308540771109108e+01
-4.692294024749971726e+01
-4.790861724639726305e+01
-4.892134360877740562e+01
-4.996228691306047409e+01
-5.103249967287312217e+01
-5.213284681568241297e+01
-5.326391263397229636e+01
-5.442588401270783294e+01
-5.561840773216382416e+01
-5.684042181636034030e+01
-5.808996473916069192e+01
-5.936397224278324103e+01
-6.065807966713198596e+01
-6.196645738581486995e+01
-6.328171631598544167e+01
-6.459492611606576418e+01
-6.589578608202168652e+01
-6.717297378292072096e+01
-6.841466804510618260e+01
-6.960920543298112761e+01
-7.074579318875282752e+01
-7.181517961743691103e+01
-7.281018476236549475e+01
-7.372602093759788033e+01
-7.456037563281769565e+01
-7.531327429265087403e+01
-7.598677440808562267e+01
-7.658455838568436036e+01
-7.711149129771101229e+01
-7.757319639525563559e+01
-7.797568313268592988e+01
-7.832504500019400950e+01
-7.862723082278229469e+01
-7.888788425276261762e+01
-7.911224144289145954e+01
-7.930507523780424606e+01
-7.947067452682985333e+01
-7.961284874936504252e+01
-7.973494930605669140e+01
-7.983990142255444766e+01
-7.993024163469597454e+01
-8.000815742874009118e+01
-8.007552666109529582e+01
-8.013395521911932917e+01
-8.018481200466706582e+01
-8.022926076606584900e+01
-8.026828861095034995e+01
-8.030273123554728443e+01
-8.033329503319599496e+01
-8.036057631787264199e+01
-8.038507793389698008e+01
-8.040722353318702176e+01
-8.042736979541277265e+01
-8.044581685056446929e+01
-8.046281714226033444e+01
-8.047858294654588462e+01
-8.049329273698022291e+01
-8.050709656367099853e+01
-8.052012059232356478e+01
-8.053247092969637322e+01
-8.054423684421962548e+01
-8.055549347494233814e+01
-8.056630410832886469e+01
-8.057672209056114809e+01
-8.058679243277171622e+01
-8.059655315784698359e+01
-8.060603642991665652e+01
-8.061526950124203950e+01
-8.062427550576953195e+01
-8.063307412399142038e+01
-8.064168213985949762e+01
-8.065011390717988604e+01
-8.065838174013909168e+01
-8.066649624026106835e+01
-8.067446657011635125e+01
-8.068230068243806841e+01
-8.069000551190774218e+01
-8.069758713569180486e+01
-8.070505090782610580e+01
-8.071240157172169916e+01
-8.071964335436206284e+01
-8.072678004518816408e+01
-8.073381506217789649e+01
-8.074075150721088789e+01
-8.074759221247892071e+01
-8.075433977940463137e+01
-8.076099661129701701e+01
-8.076756494077010018e+01
-8.077404685278209229e+01
-8.078044430401169507e+01
-8.078675913917265916e+01
-8.079299310476612561e+01
-8.079914786068931676e+01
-8.080522499005164150e+01
-8.081122600749029061e+01
-8.081715236622930831e+01
-8.082300546408471575e+01
-8.082878664859008211e+01
-8.083449722138119853e+01
-8.084013844196060461e+01
-8.084571153094179863e+01
-8.085121767285545502e+01
-8.085665801858586121e+01
-8.086203368750034315e+01
-8.086734576931455365e+01
-8.087259532573622778e+01
-8.087778339192452393e+01
-8.088291097778746064e+01
-8.088797906914736302e+01
-8.089298862878905538e+01
-8.089794059741132060e+01
-8.090283589449322221e+01
-8.090767541908780913e+01
-8.091246005055447199e+01
-8.091719064923488247e+01
-8.092186805708419683e+01
-8.092649309825834791e+01
-8.093106657966625050e+01
-8.093558929149075709e+01
-8.094006200767749704e+01
-8.094448548640333740e+01
-8.094886047051703315e+01
-8.095318768796171582e+01
-8.095746785217859554e+01
-8.096170166249162037e+01
-8.096588980447889128e+01
-8.097003295032739345e+01
-8.097413175917526473e+01
-8.097818687744158694e+01
-8.098219893914357215e+01
-8.098616856620400029e+01
-8.099009636874757234e+01
-8.099398294538706011e+01
-8.099782888350118526e+01
-8.100163475950390080e+01
-8.100540113910344076e+01
-8.100912857755588448e+01
-8.101281761990871644e+01
-8.101646880123972494e+01
-8.102008264688619477e+01
-8.102365967266925395e+01
-8.102720038511192513e+01
-8.103070528164903408e+01
-8.103417485083349447e+01
-8.103760957253523145e+01
-8.104100991813544397e+01
-8.104437635071511181e+01
-8.104770932523871352e+01
-8.105100928873260102e+01
-8.105427668045814471e+01
-8.105751193208224947e+01
-8.106071546784006898e+01
-8.106388770469681049e+01
-8.106702905250254787e+01
-8.107013991414491727e+01
-8.107322068569671103e+01
-8.107627175656010365e+01
-8.107929350960708348e+01
-8.108228632131600477e+01
-8.108525056190568137e+01
-8.108818659546439278e+01
-8.109109478007754035e+01
-8.109397546795020162e+01
-8.109682900552824947e+01
-8.109965573361600377e+01
-8.109965547093368343e+01
