-8.145750711631819740e+01
-8.146046871152701385e+01
-8.146345124177886987e+01
-8.146443145086817594e+01
-8.146546927241664093e+01
-8.146587286951969986e+01
-8.146691362372081358e+01
-8.146705422762848059e+01
-8.146763273786957882e+01
-8.146824622558465023e+01
-8.146835709524401636e+01
-8.146804189309557387e+01
-8.146899091808762705e+01
-8.146910778231793415e+01
-8.147004976127747966e+01
-8.146948799627746496e+01
-8.146994264369480732e+01
-8.146934908380343643e+01
-8.146897488878779825e+01
-8.147009969394697748e+01
-8.147073202455916885e+01
-8.146986393836188256e+01
-8.146982286012685393e+01
-8.147009303118707635e+01
-8.147055299347047708e+01
-8.147105152734479816e+01
-8.147093588141913756e+01
-8.147080632291454094e+01
-8.147111483601302950e+01
-8.146962219028181096e+01
-8.146927506470747460e+01
-8.146933536809596887e+01
-8.147038731008190382e+01
-8.147050471291652229e+01
-8.147050117840096561e+01
-8.146994503596917525e+01
-8.147059706179302907e+01
-8.147022835895066351e+01
-8.146991725226070002e+01
-8.147042159819510232e+01
-8.147057231982536507e+01
-8.147114269370821660e+01
-8.147030983477732491e+01
-8.146911954162123948e+01
-8.146892639344348197e+01
-8.146962564767348169e+01
-8.147067681070025458e+01
-8.147069813704929686e+01
-8.147015721383289133e+01
-8.147064288780757124e+01
-8.146954156104038702e+01
-8.146921779313989020e+01
-8.146446325067392991e+01
-8.145981383707545831e+01
-8.127644068243141362e+01
-8.341319032436402381e+01
-4.119343361563020522e+01
1.579794677017503091e+01
1.971226197254257428e+01
2.043957748356837811e+01
2.022633818724838406e+01
2.017619506666784801e+01
2.031371828478036434e+01
2.055881804858985973e+01
2.086935601464485046e+01
2.121669981375978153e+01
2.157838933304621776e+01
2.193581427757175462e+01
2.227466472365740913e+01
2.258293221497710945e+01
2.285010634753624359e+01
2.306765566390110322e+01
2.322346173321126628e+01
2.330172981888711448e+01
2.328554103462625235e+01
2.315628587924098625e+01
2.290349595240315850e+01
2.254904223001102181e+01
2.214848090691509697e+01
2.175426009490622192e+01
2.139080289750632957e+01
2.106188804032379380e+01
2.076413059360958968e+01
2.049344039980179133e+01
2.024660624970041312e+01
2.002118882403348366e+01
1.981514196109624848e+01
1.962656484750631236e+01
1.945361116353245734e+01
1.929448617347664197e+01
1.914747056613864729e+01
1.901095077477625850e+01
1.888344550659055798e+01
1.876361619746287346e+01
1.865026550421436013e+01
1.854233303231443841e+01
1.843889211735564970e+01
1.833914619184094619e+01
1.824241523004419108e+01
1.814811402798437001e+01
1.805573497449231013e+01
1.796483721693559232e+01
1.787503823907894329e+01
1.778600608637052716e+01
1.769745216018305456e+01
1.760912478382277158e+01
1.752080363410695796e+01
1.743229501595785536e+01
1.734342789558861853e+01
1.725405058814809323e+01
1.716402799818259695e+01
1.707323932244705844e+01
1.698157613763641649e+01
1.688894080781691187e+01
1.679524515694372866e+01
1.670040936083801242e+01
1.660436102055694363e+01
1.650703438544624291e+01
1.640836969950755631e+01
1.630831264920204760e+01
1.620681389457962140e+01
1.610382866877494124e+01
1.599931643354442556e+01
1.589324058071272816e+01
1.578556817121480549e+01
1.567626970492952054e+01
1.556531891574492477e+01
1.545269258732134432e+01
1.533837038586112200e+01
1.522233470688516022e+01
1.510457053358268098e+01
1.498506530475989429e+01
1.486380879079014505e+01
1.474079297627270435e+01
1.461601194835358797e+01
1.448946178986202860e+01
1.436114047657601667e+01
1.423104777805980348e+01
1.409918516161954116e+01
1.396555569900595373e+01
1.383016397555869581e+01
1.369301600153995757e+01
1.355411912544648878e+01
1.341348194912287184e+01
1.327111424452604638e+01
1.312702687201188567e+01
1.298123170003395721e+01
1.283374152615786201e+01
1.268456999930795170e+01
1.253373154317409899e+01
1.238124128071595820e+01
1.222711495971044116e+01
1.207136887929725155e+01
1.191401981748426842e+01
1.175508495958243671e+01
1.159458182754549505e+01
1.143252821019825660e+01
1.126894209433960725e+01
1.110384159671411020e+01
1.093724489684778334e+01
1.076917017074712746e+01
1.059963552546155086e+01
1.042865893450900217e+01
1.025625817416391605e+01
1.008245076060278222e+01
9.907253887899900135e+00
9.730684366860751666e+00
9.552758564675524866e+00
9.373492345370896928e+00
9.192901011033001168e+00
9.010999243771212974e+00
8.827801048388170813e+00
8.643319695718878037e+00
8.457567666596041533e+00
8.270556596392760085e+00
8.082297220081333222e+00
7.892799317729647157e+00
7.702071660330553016e+00
7.510121955825197482e+00
7.316956795140432845e+00
7.122581598015755411e+00
6.927000558355823401e+00
6.730216588820409740e+00
6.532231264366917145e+00
6.333044764504464297e+00
6.132655814110711034e+00
5.931061622803629696e+00
5.728257823038972241e+00
5.524238407295234410e+00
5.318995664879236251e+00
5.112520118996667584e+00
4.904800464754812239e+00
4.695823508680799563e+00
4.485574110156409944e+00
4.274035124916673922e+00
4.061187350477340807e+00
3.847009473093188081e+00
3.631478015645299262e+00
3.414567285733594915e+00
3.196249323218281813e+00
2.976493846498358131e+00
2.755268196915722889e+00
2.532537280805323920e+00
2.308263508851372325e+00
2.082406732539848981e+00
1.854924177608386460e+00
1.625770374481629199e+00
1.394897085744534637e+00
1.162253230751971733e+00
9.277848075057107957e-01
6.914348119551642080e-01
4.531431549017442273e-01
2.128465767119560870e-01
-2.952143992425056152e-02
-2.740307589141078859e-01
-5.207546810350467403e-01
-7.697700351736207480e-01
-1.021157270066514133e+00
-1.275000545992193146e+00
-1.531387825756022503e+00
-1.790410964190094489e+00
-2.052165795249545788e+00
-2.316752215628410383e+00
-2.584274263639438018e+00
-2.854840191902428881e+00
-3.128562532163963184e+00
-3.405558150326738254e+00
-3.685948289498231834e+00
-3.969858598575675579e+00
-4.257419143565749131e+00
-4.548764398494363981e+00
-4.844033212393783039e+00
-5.143368748466350837e+00
-5.446918391119012881e+00
-5.754833616154771292e+00
-6.067269819000875586e+00
-6.384386095480907741e+00
-6.706344969313292381e+00
-7.033312060284829137e+00
-7.365455686948825686e+00
-7.702946397791485822e+00
-8.045956425173049098e+00
-8.394659057077580755e+00
-8.749227922911517297e+00
-9.109836191391318394e+00
-9.476655681144608323e+00
-9.849855888144913862e+00
-1.022960293870177928e+01
-1.061605848259057083e+01
-1.100937854815430939e+01
-1.140971238990796266e+01
-1.181720136927222420e+01
-1.223197792035161946e+01
-1.265416466472520263e+01
-1.308387375133655262e+01
-1.352120650873872520e+01
-1.396625350579976832e+01
-1.441909512182274788e+01
-1.487980272591737041e+01
-1.534844055632347271e+01
-1.582506837122932275e+01
-1.630974491184155895e+01
-1.680253217509358876e+01
-1.730350043747420585e+01
-1.781273390431427828e+01
-1.833033678331457850e+01
-1.885643950163852267e+01
-1.939120470886029679e+01
-1.993483264160449409e+01
-2.048756537962899671e+01
-2.104968950846860309e+01
-2.162153673213013860e+01
-2.220348206141490977e+01
-2.279593934688386270e+01
-2.339935413174370993e+01
-2.401419406077352647e+01
-2.464093737586489041e+01
-2.528006032182670992e+01
-2.593202453198055224e+01
-2.659726561010028689e+01
-2.727618413012823240e+01
-2.796914011303168479e+01
-2.867645171922601932e+01
-2.939839845835264143e+01
-3.013522873792400603e+01
-3.088717113175527373e+01
-3.165444842084510313e+01
-3.243729328692075597e+01
-3.323596452843797522e+01
-3.405076279313883703e+01
-3.488204503204094209e+01
-3.573023712266996199e+01
-3.659584433661391500e+01
-3.747945950363123302e+01
-3.838176883212099000e+01
-3.930355537578588354e+01
-4.024570009793111325e+01
-4.120918039413274414e+01
-4.219506560550195218e+01
-4.320450895481263132e+01
-4.423873499680502874e+01
-4.529902119723602283e+01
-4.638667179999606560e+01
-4.750298156947675210e+01
-4.864918635118105783e+01
-4.982639672395340824e+01
-5.103551042075633859e+01
-5.227709885620359387e+01
-5.355126332849894055e+01
-5.485745773668634939e+01
-5.619427762682986582e+01
-5.755922082875180479e+01
-5.894843355136608665e+01
-6.035646770657862703e+01
-6.177608929724875253e+01
-6.319819070559635321e+01
-6.461186593006924284e+01
-6.600469996624018165e+01
-6.736329588740399288e+01
-6.867401634124578891e+01
-6.992386064010187852e+01
-7.110135328501465324e+01
-7.219730392320727219e+01
-7.320532153314654522e+01
-7.412202010020307341e+01
-7.494691937016072814e+01
-7.568210009976594677e+01
-7.633170405846597362e+01
-7.690137253664980221e+01
-7.739770052906507658e+01
-7.782775795771584626e+01
-7.819870359427129358e+01
-7.851749713642352901e+01
-7.879070182055640714e+01
-7.902436324741802309e+01
-7.922394800816499583e+01
-7.939432643440929382e+01
-7.953978595303668442e+01
-7.966406416963349102e+01
-7.977039339200352686e+01
-7.986155057177680305e+01
-7.993990849301485468e+01
-8.000748547273161648e+01
-8.006599190655079212e+01
-8.011687275770285055e+01
-8.016134561467049480e+01
-8.020043429062489793e+01
-8.023499815493705967e+01
-8.026575751182149077e+01
-8.029331540266035461e+01
-8.031817622813818502e+01
-8.034076157936613072e+01
-8.036142364443409747e+01
-8.038045652562620091e+01
-8.039810576774641504e+01
-8.041457636274984111e+01
-8.043003946204353838e+01
-8.044463799648691804e+01
-8.045849137579416777e+01
-8.047169941389046244e+01
-8.048434560472411192e+01
-8.049649985390173867e+01
-8.050822075506171416e+01
-8.051955748580724048e+01
-8.053055138604054264e+01
-8.054123727138066613e+01
-8.055164452576774181e+01
-8.056179801012272890e+01
-8.057171881786244683e+01
-8.058142490296589244e+01
-8.059093160201830131e+01
-8.060025206809150689e+01
-8.060939763132763858e+01
-8.061837809860536197e+01
-8.062720200258709724e+01
-8.063587680871390262e+01
-8.064440908727050328e+01
-8.065280465643810714e+01
-8.066106870125909722e+01
-8.066920587259561159e+01
-8.067722036948140385e+01
-8.068511600768393066e+01
-8.069289627681767740e+01
-8.070056438795394627e+01
-8.070812331333675615e+01
-8.071557581955001126e+01
-8.072292449523871483e+01
-8.073017177431529490e+01
-8.073731995540723005e+01
-8.074437121818904473e+01
-8.075132763711995665e+01
-8.075819119302424554e+01
-8.076496378288182143e+01
-8.077164722812129583e+01
-8.077824328167463364e+01
-8.078475363399302012e+01
-8.079117991819764200e+01
-8.079752371451247939e+01
-8.080378655408915733e+01
-8.080996992232942944e+01
-8.081607526178369483e+01
-8.082210397469316376e+01
-8.082805742523311210e+01
-8.083393694150205988e+01
-8.083974381730061509e+01
-8.084547931372519258e+01
-8.085114466061004634e+01
-8.085674105783728294e+01
-8.086226967653216491e+01
-8.086773166016499204e+01
-8.087312812556454844e+01
-8.087846016386198755e+01
-8.088372884136882135e+01
-8.088893520040052465e+01
-8.089408026004950614e+01
-8.089916501691463679e+01
-8.090419044579211061e+01
-8.090915750033035181e+01
-8.091406711365280557e+01
-8.091892019895352917e+01
-8.092371765006483031e+01
-8.092846034200087502e+01
-8.093314913148036283e+01
-8.093778485742636519e+01
-8.094236834144864190e+01
-8.094690038830727019e+01
-8.095138178635940562e+01
-8.095581330799051045e+01
-8.096019571002966586e+01
-8.096452973415215126e+01
-8.096881610726725853e+01
-8.097305554189429699e+01
-8.097724873652467181e+01
-8.098139637597573426e+01
-8.098549913172955428e+01
-8.098955766226339392e+01
-8.099357261336987790e+01
-8.099754461846630704e+01
-8.100147429889530315e+01
-8.100536226421672836e+01
-8.100920911249023959e+01
-8.101301543054941590e+01
-8.101678179426923521e+01
-8.102050876882269392e+01
-8.102419690893394488e+01
-8.102784675912117507e+01
-8.103145885393351477e+01
-8.103503371818177925e+01
-8.103857186716152228e+01
-8.104207380687111595e+01
-8.104554003422236974e+01
-8.104897103724619001e+01
-8.105236729529326567e+01
-8.105572927922710846e+01
-8.105905745161339837e+01
-8.106235226690493789e+01
-8.106561417161897509e+01
-8.106884360451252292e+01
-8.107204099675077202e+01
-8.107520677207313042e+01
-8.107834134695330874e+01
-8.108144513075525595e+01
-8.108451852588605391e+01
-8.108756192794361084e+01
-8.109057572586158358e+01
-8.109356030205019294e+01
-8.109651603253244900e+01
-8.109944328707904049e+01
-8.110234242933687199e+01
-8.110521381695750165e+01
-8.110805780172020718e+01
-8.111087472965191125e+01
-8.111366494114615477e+01
-8.111642877107691163e+01
-8.111916654890946177e+01
-8.112187859881204588e+01
-8.112456523975939149e+01
-8.112722678563849854e+01
-8.112986354534913858e+01
-8.113247582290215121e+01
-8.113506391751738533e+01
-8.113762812371625444e+01
-8.114016873141463293e+01
-8.114268602601248404e+01
-8.114518028848078757e+01
-8.114765179544762930e+01
-8.115010081928198815e+01
-8.115252762817439702e+01
-8.115493248621736200e+01
-8.115731565348301046e+01
-8.115967738609928972e+01
-8.116201793632399131e+01
-8.116433755261736849e+01
-8.116663647971357420e+01
-8.116891495868939899e+01
-8.117117322703222726e+01
-8.117341151870687099e+01
-8.117563006421950433e+01
-8.117782909068166930e+01
-8.118000882187180878e+01
-8.118000860059839852e+01
