-8.145741626400462110e+01
-8.146030450286193059e+01
-8.146325622796692301e+01
-8.146416236456045112e+01
-8.146516082999355035e+01
-8.146556489841007931e+01
-8.146657620233838770e+01
-8.146670047905803358e+01
-8.146729999853938864e+01
-8.146786107813868227e+01
-8.146792521167935774e+01
-8.146764398213291258e+01
-8.146859831182192124e+01
-8.146871315032215932e+01
-8.146968233082033350e+01
-8.146910855116863104e+01
-8.146958305339603612e+01
-8.146899177944209214e+01
-8.146865720786827580e+01
-8.146983838350880092e+01
-8.147051540937088987e+01
-8.146962679694485132e+01
-8.146965182621929102e+01
-8.147004450281015409e+01
-8.147042014777063912e+01
-8.147096772160244882e+01
-8.147073941031216293e+01
-8.147071232297325594e+01
-8.147097329047373648e+01
-8.146942674905923809e+01
-8.146916162464734157e+01
-8.146933687341159214e+01
-8.147035862725005018e+01
-8.147044567099490564e+01
-8.147036833589407934e+01
-8.146989566892222001e+01
-8.147055984941646045e+01
-8.147008943394669700e+01
-8.146982755525236541e+01
-8.147036927982915699e+01
-8.147046410009893691e+01
-8.147110849328345239e+01
-8.147001050685170753e+01
-8.146886321625324001e+01
-8.146873059143764806e+01
-8.146957775891807785e+01
-8.147054999570069356e+01
-8.147045822684692951e+01
-8.147003078136057752e+01
-8.147027929547937219e+01
-8.146921723064208720e+01
-8.146870918088129088e+01
-8.146423685658722036e+01
-8.145599947959995291e+01
-8.129774333591650759e+01
-8.295886720437282236e+01
-3.324464157000821984e+01
1.588345657453493054e+01
1.537220889556270365e+01
1.325846658684004353e+01
1.047785269029953348e+01
8.104203987595258951e+00
6.191349415909708220e+00
4.628166956633093854e+00
3.333612886856119228e+00
2.247928296028626871e+00
1.322232886800230212e+00
5.177415616709496460e-01
-1.951925096691826678e-01
-8.394239761110735554e-01
-1.432661049311099610e+00
-1.988634649367198026e+00
-2.517917492546219549e+00
-3.028543289797648530e+00
-3.527035040496527163e+00
-4.018725105538759834e+00
-4.507230352754509006e+00
-4.995736423568367002e+00
-5.486782789078208822e+00
-5.982385314134234022e+00
-6.484138212203520268e+00
-6.993296013863910865e+00
-7.510843229933226617e+00
-8.037539243586513393e+00
-8.573950027839735810e+00
-9.120473444274130870e+00
-9.677359913809956637e+00
-1.024472933152522103e+01
-1.082258513987546777e+01
-1.141082651465931797e+01
-1.200925957847026915e+01
-1.261760847931671847e+01
-1.323552707651117721e+01
-1.386261185703191678e+01
-1.449841654896145826e+01
-1.514246869063786605e+01
-1.579428814886249732e+01
-1.645340726345904514e+01
-1.711939195019889226e+01
-1.779186275548027396e+01
-1.847051457053406409e+01
-1.915513353072074665e+01
-1.984560959324651108e+01
-2.054194343925549759e+01
-2.124424669996664861e+01
-2.195273505275530823e+01
-2.266771443369524164e+01
-2.338956139663581979e+01
-2.411869941250971294e+01
-2.485557351965032780e+01
-2.560062607728396245e+01
-2.635427634031965738e+01
-2.711690612782168230e+01
-2.788885305404916792e+01
-2.867041177248844974e+01
-2.946184264962412058e+01
-3.026338643680665186e+01
-3.107528298869737071e+01
-3.189779193529528811e+01
-3.273121340691110248e+01
-3.357590732834757574e+01
-3.443231030936118486e+01
-3.530094964928954937e+01
-3.618245436855107044e+01
-3.707756344372350554e+01
-3.798713155368923111e+01
-3.891213265839104452e+01
-3.985366165234309932e+01
-4.081293421067962157e+01
-4.179128466979076961e+01
-4.279016147961304739e+01
-4.381111961420587875e+01
-4.485580877974209812e+01
-4.592595580946856870e+01
-4.702333905549529192e+01
-4.814975187869416828e+01
-4.930695151243227770e+01
-5.049658866976610483e+01
-5.172011237876476741e+01
-5.297864387638052364e+01
-5.427281334405336111e+01
-5.560255443711237433e+01
-5.696685483071733103e+01
-5.836346749163862313e+01
-5.978859817033831092e+01
-6.123660012059708180e+01
-6.269972599969059246e+01
-6.416800495305041352e+01
-6.562932195722852668e+01
-6.706976611451790404e+01
-6.847427670977405967e+01
-6.982755204655460091e+01
-7.111511252715456521e+01
-7.232435346970059697e+01
-7.344541052095473788e+01
-7.447170025555946893e+01
-7.540007638181623406e+01
-7.623062786759976461e+01
-7.696620980212355789e+01
-7.761182564796354200e+01
-7.817397276311984911e+01
-7.866003481657853058e+01
-7.907777008520480422e+01
-7.943491439126729858e+01
-7.973889635755419647e+01
-7.999665083009361410e+01
-8.021451157699678447e+01
-8.039816410301240523e+01
-8.055264149156759856e+01
-8.068234918029010316e+01
-8.079110767829409667e+01
-8.088220504086706342e+01
-8.095845327060541763e+01
-8.102224468610378949e+01
-8.107560572733891036e+01
-8.112024671585029978e+01
-8.115760683004157272e+01
-8.118889406024680966e+01
-8.121512023464198649e+01
-8.123713140480874983e+01
-8.125563398732279552e+01
-8.127121710422929368e+01
-8.128437157198811747e+01
-8.129550597066344153e+01
-8.130496019333564561e+01
-8.131301683708475991e+01
-8.131991075608007691e+01
-8.132583705723102696e+01
-8.133095778120603825e+01
-8.133540747730614839e+01
-8.133929785003688551e+01
-8.134272162830218633e+01
-8.134575578474705537e+01
-8.134846421265132221e+01
-8.135089995056630130e+01
-8.135310703026905799e+01
-8.135512201123495402e+01
-8.135697525440907896e+01
-8.135869197928975893e+01
-8.136029314099634746e+01
-8.136179615784394059e+01
-8.136321551481383096e+01
-8.136456326402746697e+01
-8.136584943975907436e+01
-8.136708240255276792e+01
-8.136826912453399530e+01
-8.136941542595677390e+01
-8.137052617130885324e+01
-8.137160543188986139e+01
-8.137265662058996440e+01
-8.137368260362485728e+01
-8.137468579316576722e+01
-8.137566822413607781e+01
-8.137663161788296406e+01
-8.137757743496827345e+01
-8.137850691894422539e+01
-8.137942113265569333e+01
-8.138032098834827366e+01
-8.138120727264352183e+01
-8.138208066725907486e+01
-8.138294176620225073e+01
-8.138379109004243617e+01
-8.138462909775937248e+01
-8.138545619658538044e+01
-8.138627275018049545e+01
-8.138707908543091207e+01
-8.138787549810119515e+01
-8.138866225753913852e+01
-8.138943961059469245e+01
-8.139020778488439589e+01
-8.139096699151758685e+01
-8.139171742737164550e+01
-8.139245927699546712e+01
-8.139319271420355051e+01
-8.139391790341404942e+01
-8.139463500077130220e+01
-8.139534415509463372e+01
-8.139604550867572641e+01
-8.139673919795578172e+01
-8.139742535410134394e+01
-8.139810410349167569e+01
-8.139877556813898707e+01
-8.139943986604598081e+01
-8.140009711151689942e+01
-8.140074741542451875e+01
-8.140139088544444235e+01
-8.140202762625813193e+01
-8.140265773973312946e+01
-8.140328132508157921e+01
-8.140389847900183895e+01
-8.140450929580407546e+01
-8.140511386752442036e+01
-8.140571228402774295e+01
-8.140630463310088771e+01
-8.140689100053869254e+01
-8.140747147022251795e+01
-8.140804612419303510e+01
-8.140861504271759941e+01
-8.140917830435276414e+01
-8.140973598600393757e+01
-8.141028816298046422e+01
-8.141083490904713926e+01
-8.141137629647363383e+01
-8.141191239608177455e+01
-8.141244327728915664e+01
-8.141296900815133597e+01
-8.141348965540232996e+01
-8.141400528449304375e+01
-8.141451595962760734e+01
-8.141502174379895962e+01
-8.141552269882269854e+01
-8.141601888536931142e+01
-8.141651036299528243e+01
-8.141699719017341863e+01
-8.141747942432168372e+01
-8.141795712183029821e+01
-8.141843033808967789e+01
-8.141889912751561553e+01
-8.141936354357426353e+01
-8.141982363880688922e+01
-8.142027946485225698e+01
-8.142073107246950769e+01
-8.142117851156059771e+01
-8.142162183118968244e+01
-8.142206107960483052e+01
-8.142249630425827434e+01
-8.142292755182320718e+01
-8.142335486821441748e+01
-8.142377829860498650e+01
-8.142419788744371090e+01
-8.142461367847252518e+01
-8.142502571474223316e+01
-8.142543403862774198e+01
-8.142583869184439038e+01
-8.142623971546204587e+01
-8.142663714991957136e+01
-8.142703103503902184e+01
-8.142742141003874679e+01
-8.142780831354720306e+01
-8.142819178361442312e+01
-8.142857185772550110e+01
-8.142894857281240206e+01
-8.142932196526508903e+01
-8.142969207094346018e+01
-8.143005892518792166e+01
-8.143042256283010261e+01
-8.143078301820411014e+01
-8.143114032515498479e+01
-8.143149451704974240e+01
-8.143184562678663951e+01
-8.143219368680442471e+01
-8.143253872909143354e+01
-8.143288078519449869e+01
-8.143321988622678020e+01
-8.143355606287704518e+01
-8.143388934541786739e+01
-8.143421976371162430e+01
-8.143454734722119781e+01
-8.143487212501510442e+01
-8.143519412577553851e+01
-8.143551337780571941e+01
-8.143582990903662733e+01
-8.143614374703349768e+01
-8.143645491900296918e+01
-8.143676345179930820e+01
-8.143706937193002204e+01
-8.143737270556354702e+01
-8.143767347853285798e+01
-8.143797171634383858e+01
-8.143826744417873442e+01
-8.143856068690367067e+01
-8.143885146907267369e+01
-8.143913981493319909e+01
-8.143942574843158866e+01
-8.143970929321847052e+01
-8.143999047265252500e+01
-8.144026930980633949e+01
-8.144054582747077120e+01
-8.144082004816009146e+01
-8.144109199411460054e+01
-8.144136168730786096e+01
-8.144162914944837439e+01
-8.144189440198549335e+01
-8.144215746611263285e+01
-8.144241836277198843e+01
-8.144267711265753462e+01
-8.144293373622001297e+01
-8.144318825366961789e+01
-8.144344068498079992e+01
-8.144369104989422681e+01
-8.144393936792245370e+01
-8.144418565835164259e+01
-8.144442994024596771e+01
-8.144467223245024456e+01
-8.144491255359365312e+01
-8.144515092209293528e+01
-8.144538735615527969e+01
-8.144562187378134865e+01
-8.144585449276857503e+01
-8.144608523071370598e+01
-8.144631410501641255e+01
-8.144654113288140707e+01
-8.144676633132114318e+01
-8.144698971715925495e+01
-8.144721130703284473e+01
-8.144743111739478536e+01
-8.144764916451687498e+01
-8.144786546449182651e+01
-8.144808003323646517e+01
-8.144829288649320631e+01
-8.144850403983330978e+01
-8.144871350865842885e+01
-8.144892130820366560e+01
-8.144912745353956041e+01
-8.144933195957406724e+01
-8.144953484105502639e+01
-8.144973611257211132e+01
-8.144993578855913086e+01
-8.145013388329601867e+01
-8.145033041091073756e+01
-8.145052538538132580e+01
-8.145071882053822776e+01
-8.145091073006555860e+01
-8.145110112750371911e+01
-8.145129002625037629e+01
-8.145147743956333386e+01
-8.145166338056155553e+01
-8.145184786222762341e+01
-8.145203089740815017e+01
-8.145221249881731751e+01
-8.145239267903713198e+01
-8.145257145051974135e+01
-8.145274882558936724e+01
-8.145292481644281679e+01
-8.145309943515206896e+01
-8.145327269366543987e+01
-8.145344460380917440e+01
-8.145361517728892409e+01
-8.145378442569128197e+01
-8.145395236048490517e+01
-8.145411899302305869e+01
-8.145428433454340222e+01
-8.145444839617088917e+01
-8.145461118891770980e+01
-8.145477272368607657e+01
-8.145493301126859365e+01
-8.145509206234990529e+01
-8.145524988750777595e+01
-8.145540649721488080e+01
-8.145556190183937417e+01
-8.145571611164690751e+01
-8.145586913680057251e+01
-8.145602098736419805e+01
-8.145617167330075858e+01
-8.145632120447616842e+01
-8.145646959065895487e+01
-8.145661684152153725e+01
-8.145676296664181848e+01
-8.145690797550388140e+01
-8.145705187749915410e+01
-8.145719468192757517e+01
-8.145733639799881587e+01
-8.145747703483272062e+01
-8.145761660146105498e+01
-8.145775510682769038e+01
-8.145789255979063626e+01
-8.145802896912201163e+01
-8.145816434350965096e+01
-8.145829869155807046e+01
-8.145843202178880915e+01
-8.145856434264204893e+01
-8.145869566247732507e+01
-8.145882598957398102e+01
-8.145895533213263207e+01
-8.145908369827573381e+01
-8.145921109604887533e+01
-8.145933753342119132e+01
-8.145946301828590208e+01
-8.145958755846193355e+01
-8.145971116169449999e+01
-8.145983383565544500e+01
-8.145995558794483316e+01
-8.146007642609103527e+01
-8.146019635755162369e+01
-8.146031538971460861e+01
-8.146043352989866548e+01
-8.146055078535431448e+01
-8.146066716326407686e+01
-8.146078267074412338e+01
-8.146089731484396168e+01
-8.146101110254802791e+01
-8.146112404077562985e+01
-8.146123613638218330e+01
-8.146134739615986575e+01
-8.146145782683777270e+01
-8.146156743508363718e+01
-8.146167622750282078e+01
-8.146178421064121267e+01
-8.146189139098325427e+01
-8.146199777495510830e+01
-8.146210336892369241e+01
-8.146220817919741819e+01
-8.146231221202764061e+01
-8.146241547360847335e+01
-8.146251797007745665e+01
-8.146261970751668002e+01
-8.146272069195312326e+01
-8.146282092935872754e+01
-8.146292042565168856e+01
-8.146301918669641395e+01
-8.146311721830475960e+01
-8.146321452623581649e+01
-8.146331111619663545e+01
-8.146340699384411721e+01
-8.146350216478282391e+01
-8.146359663456787814e+01
-8.146369040870470712e+01
-8.146378349264921326e+01
-8.146387589180876887e+01
-8.146396761154223043e+01
-8.146405865716108963e+01
-8.146414903392910389e+01
-8.146423874706371748e+01
-8.146432780173600463e+01
-8.146441620307044218e+01
-8.146450395614746753e+01
-8.146459106600114808e+01
-8.146467753762249231e+01
-8.146476337595764505e+01
-8.146484858590893907e+01
-8.146493317233657194e+01
-8.146501714005697181e+01
-8.146510049384518481e+01
-8.146518323843382348e+01
-8.146526537851414673e+01
-8.146534691873654310e+01
-8.146542786371087175e+01
-8.146550821800630615e+01
-8.146558798615282626e+01
-8.146566717264060742e+01
-8.146566707279663433e+01
