-8.145728597155836326e+01
-8.146006988479778954e+01
-8.146291050424032676e+01
-8.146377648476379818e+01
-8.146472618613482553e+01
-8.146506187511710095e+01
-8.146603900670690734e+01
-8.146613508896183475e+01
-8.146668371901994021e+01
-8.146725537369565018e+01
-8.146733410169204603e+01
-8.146701255616262927e+01
-8.146795164817633861e+01
-8.146806105611206306e+01
-8.146901022963317018e+01
-8.146843964198134813e+01
-8.146889735753063633e+01
-8.146830540651450292e+01
-8.146794302636168084e+01
-8.146908880003219622e+01
-8.146973925753387391e+01
-8.146886486757945534e+01
-8.146884936102267716e+01
-8.146916467972374676e+01
-8.146960146966696925e+01
-8.147012267866770685e+01
-8.146997250611001107e+01
-8.146988445244967636e+01
-8.147018247723723050e+01
-8.146867804109598410e+01
-8.146836970668087474e+01
-8.146847514830592729e+01
-8.146952224584599378e+01
-8.146963458225046395e+01
-8.146961284308689244e+01
-8.146908962400728171e+01
-8.146974721406465392e+01
-8.146934456211953091e+01
-8.146905282231573153e+01
-8.146957329958561900e+01
-8.146969999866102796e+01
-8.147029758358857521e+01
-8.146937230481360359e+01
-8.146820623783153792e+01
-8.146803726619145891e+01
-8.146878943584695776e+01
-8.146980563478551574e+01
-8.146979293069375672e+01
-8.146929280401887752e+01
-8.146969565532826607e+01
-8.146861745882827677e+01
-8.146823181357675026e+01
-8.146353271037791899e+01
-8.145743047784340263e+01
-8.127865656448942389e+01
-8.325665941204835008e+01
-3.859268047526563805e+01
1.578354488220727703e+01
1.797204449808370086e+01
1.770531300803345687e+01
1.671218232024387618e+01
1.605780223300815734e+01
1.574485858440691999e+01
1.565666321148105133e+01
1.572108639039299760e+01
1.588882865726067450e+01
1.612297613051164191e+01
1.639531532918254086e+01
1.668573223407209838e+01
1.697946743479439036e+01
1.726600596000194798e+01
1.753974182034246709e+01
1.779528323966834691e+01
1.802811605750483537e+01
1.823702287536932332e+01
1.842106282589680077e+01
1.857805278750938882e+01
1.870658253061938581e+01
1.880573853343196333e+01
1.887458922820919227e+01
1.891211979743167859e+01
1.891697452899604670e+01
1.888752192048454503e+01
1.882210070559119330e+01
1.871949469626864015e+01
1.857980942017229253e+01
1.840570981071310896e+01
1.820340566712415864e+01
1.798220945557168449e+01
1.775220676801099273e+01
1.752153814329590276e+01
1.729521550856290801e+01
1.707561146571238808e+01
1.686353583798773315e+01
1.665909629128013592e+01
1.646215731339171029e+01
1.627250807361604856e+01
1.608988901836863050e+01
1.591397691819499727e+01
1.574437367197796256e+01
1.558061033944694174e+01
1.542216330851894668e+01
1.526847600470848576e+01
1.511898062235073859e+01
1.497311672909875035e+01
1.483034564502045427e+01
1.469016058237206934e+01
1.455209284278337911e+01
1.441571446399937528e+01
1.428063806860305007e+01
1.414651502490450774e+01
1.401303284047914843e+01
1.387991224345140218e+01
1.374690413438945136e+01
1.361378652145251955e+01
1.348036153938296522e+01
1.334645263635202106e+01
1.321190198654321968e+01
1.307656815879212431e+01
1.294032404880599962e+01
1.280305506665258619e+01
1.266465756176905089e+01
1.252503746309162835e+01
1.238410911039388651e+01
1.224179425328971149e+01
1.209802119575833679e+01
1.195272406595446313e+01
1.180584219316665973e+01
1.165731957589587431e+01
1.150710442704365732e+01
1.135514878407366623e+01
1.120140817370532460e+01
1.104584132221978798e+01
1.088840990379627449e+01
1.072907832046658783e+01
1.056781350828798693e+01
1.040458476520132969e+01
1.023936359678286401e+01
1.007212357672204028e+01
9.902840219383904241e+00
9.731490862252355711e+00
9.558054556415116920e+00
9.382511963550371092e+00
9.204845258119735973e+00
9.025038033673286719e+00
8.843075212331442003e+00
8.658942956638249200e+00
8.472628583078794406e+00
8.284120476630784324e+00
8.093408005773165215e+00
7.900481437414002883e+00
7.705331851223528261e+00
7.507951052880583731e+00
7.308331485764851365e+00
7.106466140671096277e+00
6.902348463195091988e+00
6.695972258556382783e+00
6.487331593787120099e+00
6.276420697422858908e+00
6.063233857064254551e+00
5.847765315407858822e+00
5.630009165530757365e+00
5.409959246321491833e+00
5.187609038950651730e+00
4.962951565161766609e+00
4.735979287954952710e+00
4.506684014967158980e+00
4.275056804574623115e+00
4.041087874501301691e+00
3.804766512548252599e+00
3.566080988981503719e+00
3.325018470126107850e+00
3.081564932799200740e+00
2.835705079347453417e+00
2.587422253211062451e+00
2.336698355094257717e+00
2.083513759966607370e+00
1.827847235241248924e+00
1.569675860573577442e+00
1.308974949798346055e+00
1.045717975579196768e+00
7.798764973873497652e-01
5.114200934606475402e-01
2.403162974252120443e-01
-3.346945970738168102e-02
-3.099739014206541743e-01
-5.892359506688155113e-01
-8.712967671188158736e-01
-1.156199775783948835e+00
-1.443990686116616073e+00
-1.734717500566177462e+00
-2.028430511538382941e+00
-2.325182285617311440e+00
-2.625027633828430851e+00
-2.928023566633510821e+00
-3.234229232254344222e+00
-3.543705836824725175e+00
-3.856516544769843513e+00
-4.172726357711445289e+00
-4.492401970100536879e+00
-4.815611599690234890e+00
-5.142424790887738517e+00
-5.472912188977658410e+00
-5.807145283195351837e+00
-6.145196116672789977e+00
-6.487136961398759283e+00
-6.833039956553298211e+00
-7.182976708933775711e+00
-7.537017854722025234e+00
-7.895232582598573856e+00
-8.257688119247145409e+00
-8.624449179670644838e+00
-8.995577386522194629e+00
-9.371130664905519936e+00
-9.751162621869163161e+00
-1.013572192314704701e+01
-1.052485168358482248e+01
-1.091858889209924222e+01
-1.131696389684102222e+01
-1.171999998128784348e+01
-1.212771306700471463e+01
-1.254011158339160659e+01
-1.295719654841111002e+01
-1.337896190645134986e+01
-1.380539516950923762e+01
-1.423647840507877937e+01
-1.467218960788602722e+01
-1.511250448241248989e+01
-1.555739864867651612e+01
-1.600685026497915686e+01
-1.646084303859491982e+01
-1.691936956942536341e+01
-1.738243494356400021e+01
-1.785006046507883326e+01
-1.832228738693754977e+01
-1.879918047798947356e+01
-1.928083124450218833e+01
-1.976736061420957569e+01
-2.025892089034149279e+01
-2.075569679467910333e+01
-2.125790544396905091e+01
-2.176579514418461869e+01
-2.227964294250892863e+01
-2.279975094679348757e+01
-2.332644150433099384e+01
-2.386005142182888150e+01
-2.440092549992003512e+01
-2.494940973958727071e+01
-2.550584464394611928e+01
-2.607055907593838029e+01
-2.664386513140693680e+01
-2.722605444186874735e+01
-2.781739623303180764e+01
-2.841813734053879870e+01
-2.902850423762060572e+01
-2.964870697819342737e+01
-3.027894482248327890e+01
-3.091941320686619932e+01
-3.157031165593755162e+01
-3.223185221620700958e+01
-3.290426801344982977e+01
-3.358782159030370451e+01
-3.428281275488011914e+01
-3.498958575213717381e+01
-3.570853564617829790e+01
-3.644011386485475867e+01
-3.718483290258347296e+01
-3.794327020058763367e+01
-3.871607122555733582e+01
-3.950395174807491117e+01
-4.030769929417751740e+01
-4.112817369738219497e+01
-4.196630647143076942e+01
-4.282309880320601536e+01
-4.369961775828735284e+01
-4.459699009238321565e+01
-4.551639287969543801e+01
-4.645903991679016798e+01
-4.742616255768563605e+01
-4.841898328147149044e+01
-4.943867989582328448e+01
-5.048633786357464004e+01
-5.156288785960753529e+01
-5.266902542156936562e+01
-5.380510961546995929e+01
-5.497103824656729643e+01
-5.616609865414442737e+01
-5.738879596197572397e+01
-5.863666524211066644e+01
-5.990608063842884690e+01
-6.119208285094313737e+01
-6.248825536131109004e+01
-6.378668696994122200e+01
-6.507805993739798112e+01
-6.635189517241502699e+01
-6.759696585496976695e+01
-6.880185991496567510e+01
-6.995563661503717867e+01
-7.104849406048437288e+01
-7.207235371829864334e+01
-7.302128048285197792e+01
-7.389168931230314286e+01
-7.468233134458803590e+01
-7.539409062319170118e+01
-7.602964733148979803e+01
-7.659307139007265164e+01
-7.708940404272595970e+01
-7.752427047947530525e+01
-7.790354961602830031e+01
-7.823311212623293898e+01
-7.851862674819406607e+01
-7.876542803838749762e+01
-7.897843542528599414e+01
-7.916211257481018038e+01
-7.932045674713427275e+01
-7.945700924832560474e+01
-7.957487976004239272e+01
-7.967677897008951504e+01
-7.976505537561708081e+01
-7.984173333157316677e+01
-7.990855036610561513e+01
-7.996699250613613685e+01
-8.001832688612547884e+01
-8.006363128898789228e+01
-8.010382052517843476e+01
-8.013966972405000888e+01
-8.017183471486215751e+01
-8.020086973221198434e+01
-8.022724270649125344e+01
-8.025134840479131526e+01
-8.027351967918067999e+01
-8.029403706282825226e+01
-8.031313693382161034e+01
-8.033101844420185955e+01
-8.034784938937536936e+01
-8.036377117164418848e+01
-8.037890299172197217e+01
-8.039334538404017394e+01
-8.040718319550779825e+01
-8.042048809312299795e+01
-8.043332067335920499e+01
-8.044573223541183893e+01
-8.045776627103619205e+01
-8.046945971567144795e+01
-8.048084399866165484e+01
-8.049194592452971619e+01
-8.050278841225849646e+01
-8.051339111530383263e+01
-8.052377094147868775e+01
-8.053394248880866257e+01
-8.054391841089693571e+01
-8.055370972318260669e+01
-8.056332605964043125e+01
-8.057277588795241741e+01
-8.058206668987806154e+01
-8.059120511246953811e+01
-8.060019709487126249e+01
-8.060904797466632488e+01
-8.061776257710120319e+01
-8.062634528997222105e+01
-8.063480012650752826e+01
-8.064313077820091280e+01
-8.065134065923261630e+01
-8.065943294384460671e+01
-8.066741059782339107e+01
-8.067527640504202679e+01
-8.068303298986818106e+01
-8.069068283610950232e+01
-8.069822830305734840e+01
-8.070567163910007480e+01
-8.071301499329645424e+01
-8.072026042524109357e+01
-8.072740991349398598e+01
-8.073446536280691532e+01
-8.074142861033709551e+01
-8.074830143100862756e+01
-8.075508554216003176e+01
-8.076178260758427996e+01
-8.076839424106219667e+01
-8.077492200946376499e+01
-8.078136743548444088e+01
-8.078773200007312028e+01
-8.079401714459703499e+01
-8.080022427278059638e+01
-8.080635475245622956e+01
-8.081240991714861366e+01
-8.081839106751804991e+01
-8.082429947268366277e+01
-8.083013637143950803e+01
-8.083590297338014352e+01
-8.084160045994534016e+01
-8.084722998539584182e+01
-8.085279267772502010e+01
-8.085828963951824733e+01
-8.086372194876069841e+01
-8.086909065960391274e+01
-8.087439680309117307e+01
-8.087964138784782619e+01
-8.088482540073941607e+01
-8.088994980749964725e+01
-8.089501555333200145e+01
-8.090002356348509238e+01
-8.090497474380642018e+01
-8.090986998127257834e+01
-8.091471014450051769e+01
-8.091949608423990981e+01
-8.092422863384689435e+01
-8.092890860974249279e+01
-8.093353681185334381e+01
-8.093811402403919431e+01
-8.094264101450424675e+01
-8.094711853619736530e+01
-8.095154732719664992e+01
-8.095592811108396347e+01
-8.096026159730575955e+01
-8.096454848152465900e+01
-8.096878944595751193e+01
-8.097298515970588539e+01
-8.097713627907467071e+01
-8.098124344788138274e+01
-8.098530729775674786e+01
-8.098932844843587020e+01
-8.099330750804159607e+01
-8.099724507335841395e+01
-8.100114173009976071e+01
-8.100499805316611912e+01
-8.100881460689745950e+01
-8.101259194531634478e+01
-8.101633061236726974e+01
-8.102003114214546997e+01
-8.102369405912239131e+01
-8.102731987836348537e+01
-8.103090910574044869e+01
-8.103446223813703853e+01
-8.103797976365032696e+01
-8.104146216178533280e+01
-8.104490990364502068e+01
-8.104832345211499955e+01
-8.105170326204383002e+01
-8.105504978041712150e+01
-8.105836344652873038e+01
-8.106164469214672863e+01
-8.106489394167439855e+01
-8.106811161230758955e+01
-8.107129811418867860e+01
-8.107445385055481779e+01
-8.107757921788434885e+01
-8.108067460603827215e+01
-8.108374039839760883e+01
-8.108677697199927081e+01
-8.108978469766614694e+01
-8.109276394013591016e+01
-8.109571505818489356e+01
-8.109863840475107111e+01
-8.110153432705067189e+01
-8.110440316669583183e+01
-8.110724525980639044e+01
-8.111006093711981180e+01
-8.111285052409964180e+01
-8.111561434103910528e+01
-8.111835270316434787e+01
-8.112106592073381250e+01
-8.112375429913562641e+01
-8.112641813898352439e+01
-8.112905773620829564e+01
-8.113167338214985591e+01
-8.113426536364536901e+01
-8.113683396311542140e+01
-8.113937945864898893e+01
-8.114190212408564662e+01
-8.114440222909642841e+01
-8.114688003926258375e+01
-8.114933581615252933e+01
-8.115176981739682560e+01
-8.115418229676224371e+01
-8.115657350422334559e+01
-8.115894368603245823e+01
-8.116129308478892312e+01
-8.116362193950611470e+01
-8.116593048567662549e+01
-8.116821895533685449e+01
-8.117048757712990437e+01
-8.117273657636715711e+01
-8.117496617508753332e+01
-8.117717659211734826e+01
-8.117936804312660115e+01
-8.118154074068681325e+01
-8.118369489432463126e+01
-8.118583071057634015e+01
-8.118794839304035804e+01
-8.119004814242947532e+01
-8.119213015662056421e+01
-8.119419463070448728e+01
-8.119624175703418700e+01
-8.119827172527267578e+01
-8.120028472243870965e+01
-8.120228093295287408e+01
-8.120426053868158078e+01
-8.120622371898105030e+01
-8.120817065074015773e+01
-8.120817044021788433e+01
