-8.145726044848686342e+01
-8.146000829818549960e+01
-8.146233132656568898e+01
-8.146452864509048197e+01
-8.146597462936273359e+01
-8.146705426270476380e+01
-8.146771338637981330e+01
-8.146822216053635657e+01
-8.146837662839809013e+01
-8.146812350172218942e+01
-8.146845003614417635e+01
-8.146893309726036136e+01
-8.146899307464055084e+01
-8.146927693520291314e+01
-8.146980501732382152e+01
-8.146977280215116934e+01
-8.146974518108770269e+01
-8.146966153131266708e+01
-8.146922828195448574e+01
-8.146917739571225070e+01
-8.146947548333658062e+01
-8.147048119944373923e+01
-8.147077619020085137e+01
-8.147092981419284285e+01
-8.147126087530351413e+01
-8.147157339275057097e+01
-8.147176795275180439e+01
-8.147166594800442851e+01
-8.147119230843611604e+01
-8.147098015787689462e+01
-8.147087425319936926e+01
-8.147060360581366467e+01
-8.147068878613511345e+01
-8.147164708616010387e+01
-8.147198734678265453e+01
-8.147210472478667498e+01
-8.147235395992757390e+01
-8.147260487185714339e+01
-8.147306420135737426e+01
-8.147347732401063070e+01
-8.147393068881937950e+01
-8.147403619370106753e+01
-8.147384523991007654e+01
-8.147335819558929870e+01
-8.147338896847227829e+01
-8.147373922735199869e+01
-8.147393014183343496e+01
-8.147407821584337739e+01
-8.147405722121352767e+01
-8.147379216273792224e+01
-8.147318826286924320e+01
-8.147294229622526984e+01
-8.147290936457746113e+01
-8.147295359200565201e+01
-8.147329302358510006e+01
-8.147411939869536468e+01
-8.147437339437485093e+01
-8.147449387512742192e+01
-8.147476723445095104e+01
-8.147512437335225854e+01
-8.147539762455595280e+01
-8.147530962106625907e+01
-8.147485585344371373e+01
-8.147448998826664024e+01
-8.147458146041651617e+01
-8.147474057112415835e+01
-8.147463132056525126e+01
-8.147419609576691357e+01
-8.147394456025934062e+01
-8.147445817258410727e+01
-8.147505334808249700e+01
-8.147511436374199434e+01
-8.147525026472236220e+01
-8.147540807570284471e+01
-8.147569378501438564e+01
-8.147614424302341263e+01
-8.147655847466592149e+01
-8.147685048532579799e+01
-8.147670847308599207e+01
-8.147623986724607903e+01
-8.147591958548116509e+01
-8.147612791789184428e+01
-8.147653447772751178e+01
-8.147685182296034156e+01
-8.147717439649770199e+01
-8.147696967288500502e+01
-8.147642714458486068e+01
-8.147573452397216442e+01
-8.147555122334590294e+01
-8.147560543468395622e+01
-8.147560054521548523e+01
-8.147566049139449262e+01
-8.147580101002087360e+01
-8.147577873790812930e+01
-8.147555777531377430e+01
-8.147557471193796630e+01
-8.147625108505627622e+01
-8.147652593562436607e+01
-8.147647687132632655e+01
-8.147651787313087368e+01
-8.147656961836263179e+01
-8.147680798365995258e+01
-8.147704780725661067e+01
-8.147727580755126553e+01
-8.147730128927845783e+01
-8.147708464819702101e+01
-8.147662584014373977e+01
-8.147643654781197142e+01
-8.147639928897774553e+01
-8.147626617080882738e+01
-8.147631851530867664e+01
-8.147694159678255232e+01
-8.147698772254874200e+01
-8.147693411525760609e+01
-8.147697370414910267e+01
-8.147697541520638254e+01
-8.147702530418933975e+01
-8.147690602170449381e+01
-8.147662830594272521e+01
-8.147657334502807203e+01
-8.147697492699919053e+01
-8.147750321972635845e+01
-8.147748707321210304e+01
-8.147749072125887437e+01
-8.147754168181580781e+01
-8.147768795570486589e+01
-8.147800467984745865e+01
-8.147830562310686275e+01
-8.147853585324054393e+01
-8.147817719094989286e+01
-8.147753906079988440e+01
-8.147694636091580378e+01
-8.147682364881138994e+01
-8.147686058902363015e+01
-8.147684067834458688e+01
-8.147693519209435919e+01
-8.147704162684685514e+01
-8.147692671693131672e+01
-8.147659454156277548e+01
-8.147686608044503487e+01
-8.147782060095416057e+01
-8.147819258103173468e+01
-8.147838572973080318e+01
-8.147868746059116063e+01
-8.147896939494503954e+01
-8.147912313247111626e+01
-8.147888243675916442e+01
-8.147848933998585608e+01
-8.147807121632629901e+01
-8.147821595750484391e+01
-8.147859528412190855e+01
-8.147884280875904039e+01
-8.147899660371136576e+01
-8.147862235748016246e+01
-8.147838401825819687e+01
-8.147837360957694841e+01
-8.147842815187100030e+01
-8.147865683264777203e+01
-8.147854802559378129e+01
-8.147825612564788855e+01
-8.147752382841724739e+01
-8.147595212589698122e+01
-8.147112994944579611e+01
-8.146508886510973468e+01
-8.145542201388251158e+01
-8.143603403446222444e+01
-8.140144704681317478e+01
-8.131532038609498159e+01
-8.114956847374793369e+01
-8.075818199714092316e+01
-8.002358278764623378e+01
-7.842284589234303382e+01
-7.551540043787265688e+01
-7.005730788243370455e+01
-6.124952396465941717e+01
-5.087016268101515948e+01
-3.816915883124701026e+01
-2.427272214023139796e+01
-2.554049606001731121e+01
-2.278172373328419553e+01
-1.928638959692409927e+01
-1.966510338302598271e+01
-1.913831635777680873e+01
-1.708230383853049261e+01
-1.568819882905987306e+01
-1.435969419747635278e+01
-1.235705023145186310e+01
-1.019835406788643972e+01
-8.016650792190931796e+00
-5.592778906476088885e+00
-3.033697716983138282e+00
-5.050687227269491375e-01
1.963667597036789392e+00
4.315044782428363312e+00
6.465815582480448853e+00
8.386780331677494260e+00
1.007673290738148708e+01
1.153532382268844891e+01
1.277653453372193582e+01
1.382524225475624746e+01
1.470351136654660351e+01
1.542980823459015127e+01
1.602115242370005888e+01
1.649044655947055205e+01
1.684682991144233455e+01
1.709883786750186019e+01
1.725526855157310280e+01
1.732670993581551500e+01
1.732734071004787424e+01
1.727472874102225120e+01
1.718729318806106221e+01
1.707966778299137545e+01
1.696129409446377778e+01
1.683839892175113562e+01
1.671479440820918683e+01
1.659266202913294208e+01
1.647326466341287343e+01
1.635762975524393426e+01
1.624622749193389026e+01
1.613919834484821081e+01
1.603660214968080311e+01
1.593813527514227424e+01
1.584350838221161162e+01
1.575225114491090395e+01
1.566375277254925535e+01
1.557765965080173842e+01
1.549352437739853450e+01
1.541092554762063571e+01
1.532937477655287140e+01
1.524868141660891219e+01
1.516861654118632607e+01
1.508887695883552205e+01
1.500933254937424977e+01
1.492970440444435454e+01
1.484996235768960560e+01
1.477002763179323885e+01
1.468949273141804746e+01
1.460819360913601095e+01
1.452606041510262891e+01
1.444300787474093895e+01
1.435895451623779806e+01
1.427382388919997780e+01
1.418754450779944953e+01
1.410005118373683253e+01
1.401128743552006561e+01
1.392120608603164200e+01
1.382976592733233545e+01
1.373692789243323631e+01
1.364265415794740299e+01
1.354690901977240358e+01
1.344965967890812308e+01
1.335087654205135621e+01
1.325053321661201799e+01
1.314860637731749726e+01
1.304507564583162882e+01
1.293992357964461526e+01
1.283313553039520549e+01
1.272469896105624088e+01
1.261460281033425268e+01
1.250283750001703531e+01
1.238939519910810638e+01
1.227426999043956179e+01
1.215745788908750491e+01
1.203895672008936124e+01
1.191876598142940225e+01
1.179688678206793284e+01
1.167332179393598324e+01
1.154807517687546614e+01
1.142115249196219295e+01
1.129256061954686707e+01
1.116230768486034819e+01
1.103040298835601263e+01
1.089685693793804333e+01
1.076168098160997388e+01
1.062488754013771697e+01
1.048648993979703015e+01
1.034650234537269142e+01
1.020493969352337515e+01
1.006181762654568956e+01
9.917152426519361796e+00
9.770960949790866934e+00
9.623260561748782749e+00
9.474069071848324697e+00
9.323404668845469700e+00
9.171285856196330855e+00
9.017731387565747880e+00
8.862760202372154339e+00
8.706391361278546626e+00
8.548643981534231884e+00
8.389537172089822192e+00
8.229089968458284332e+00
8.067321267378677163e+00
7.904249761442214250e+00
7.739893873931160684e+00
7.574271694168833058e+00
7.407400913665814990e+00
7.239298763295903605e+00
7.069981951691395317e+00
6.899466605058990787e+00
6.727768208689018259e+00
6.554901550513916320e+00
6.380880667080412572e+00
6.205718792153895436e+00
6.029428307848368362e+00
5.852020697719060749e+00
5.673506500802637298e+00
5.493895265313807563e+00
5.313195500766823010e+00
5.131414627742196366e+00
4.948558925278183196e+00
4.764633476706271686e+00
4.579642115381282963e+00
4.393587371949186249e+00
4.206470424474620273e+00
4.018291052041004896e+00
3.829047591604818557e+00
3.638736897223761702e+00
3.447354300474092970e+00
3.254893570957551052e+00
3.061346876155105701e+00
2.866704740327405077e+00
2.670956002512196115e+00
2.474087773824813485e+00
2.276085394223054337e+00
2.076932388735522217e+00
1.876610422998262973e+00
1.675099257915798612e+00
1.472376703411559795e+00
1.268418571527288652e+00
1.063198629461325817e+00
8.566885533613460835e-01
6.488578836935224858e-01
4.396739827582288873e-01
2.291019944679913989e-01
1.710480597459726124e-02
-1.963569897189234303e-01
-4.113251312792708947e-01
-6.278437278128615739e-01
-8.459592997701188555e-01
-1.065720822460011430e+00
-1.287179772160023328e+00
-1.510390174295575205e+00
-1.735408652690638487e+00
-1.962294478499551964e+00
-2.191109617166826951e+00
-2.421918771682476379e+00
-2.654789420550319967e+00
-2.889791849260747725e+00
-3.126999174570129991e+00
-3.366487361377910936e+00
-3.608335232286302929e+00
-3.852624469918019212e+00
-4.099439611750582912e+00
-4.348868036693025019e+00
-4.600999942016327893e+00
-4.855928308672621263e+00
-5.113748852578876125e+00
-5.374559959116799845e+00
-5.638462597964699619e+00
-5.905560215308528704e+00
-6.175958600561986422e+00
-6.449765724850644588e+00
-6.727091548650510511e+00
-7.008047796118347605e+00
-7.292747693801249653e+00
-7.581305671613931096e+00
-7.873837024300273768e+00
-8.170457532142535229e+00
-8.471283040528035713e+00
-8.776428999147555032e+00
-9.086009963024679337e+00
-9.400139059153104881e+00
-9.718927424193498865e+00
-1.004248362056026345e+01
-1.037091304059335961e+01
-1.070431731164859457e+01
-1.104279371893420425e+01
-1.138643466752200339e+01
-1.173532720968912457e+01
-1.208955266810878726e+01
-1.244918638904833230e+01
-1.281429766242148283e+01
-1.318494984707922235e+01
-1.356120073980589247e+01
-1.394310322471630492e+01
-1.433070623567505208e+01
-1.472405605760136993e+01
-1.512319798284518768e+01
-1.552817832614760718e+01
-1.593904678610194203e+01
-1.635585912269420206e+01
-1.677868009974484664e+01
-1.720758661840940107e+01
-1.764267094410200087e+01
-1.808404390537643991e+01
-1.853183792089555482e+01
-1.898620969153837734e+01
-1.944734238135233539e+01
-1.991544710635707105e+01
-2.039076355732710155e+01
-2.087355960464918425e+01
-2.136412977251708867e+01
-2.186279252722848199e+01
-2.236988639959401581e+01
-2.288576505154906826e+01
-2.341079149630594358e+01
-2.394533178106537008e+01
-2.448974853005369567e+01
-2.504439481052702376e+01
-2.560960881332838213e+01
-2.618570982293059046e+01
-2.677299588661926677e+01
-2.737174348176134231e+01
-2.798220933550936707e+01
-2.860463438988468354e+01
-2.923924974721345649e+01
-2.988628429572753120e+01
-3.054597361784413678e+01
-3.121856973249263589e+01
-3.190435121831031040e+01
-3.260363329972535951e+01
-3.331677754044675055e+01
-3.404420086343475305e+01
-3.478638368768449141e+01
-3.554387702701926344e+01
-3.631730842488830291e+01
-3.710738659520175275e+01
-3.791490459945057268e+01
-3.874074131094715767e+01
-3.958586079929139601e+01
-4.045130910506507860e+01
-4.133820768094230402e+01
-4.224774252122079332e+01
-4.318114774877940931e+01
-4.413968213284577047e+01
-4.512459673768242396e+01
-4.613709170478547605e+01
-4.717826009699818712e+01
-4.824901689626722145e+01
-4.935001177172137687e+01
-5.048152525360397647e+01
-5.164334959146700044e+01
-5.283465792132989236e+01
-5.405386838303123653e+01
-5.529851330560876477e+01
-5.656512706688018000e+01
-5.784916902264298244e+01
-5.914499907436707815e+01
-6.044592204851239359e+01
-6.174431239027388330e+01
-6.303182262132171587e+01
-6.429966835286079174e+01
-6.553897111531928488e+01
-6.674113026683744465e+01
-6.789818921282166286e+01
-6.900316077956884442e+01
-7.005028210857220472e+01
-7.103517960917022833e+01
-7.195493696488279056e+01
-7.280807127188472805e+01
-7.359443191230354842e+01
-7.431504251000154682e+01
-7.497190812274556038e+01
-7.556780836316656291e+01
-7.610609352047713116e+01
-7.659049614139600237e+01
-7.702496588168830272e+01
-7.741353139369473979e+01
-7.776018988043539082e+01
-7.806882278011019594e+01
-7.834313474281262302e+01
-7.858661244455173289e+01
-7.880249965722659056e+01
-7.899378518213498523e+01
-7.916320062006170133e+01
-7.931322539275966221e+01
-7.944609688265320813e+01
-7.956382398050895688e+01
-7.966820270433638029e+01
-7.976083286914413861e+01
-7.984313504657771432e+01
-7.991636726071229191e+01
-7.998164102900361172e+01
-8.003993648465898048e+01
-8.009211641764287037e+01
-8.013893915392682743e+01
-8.018107026085480982e+01
-8.021909312063885977e+01
-8.025351845049823396e+01
-8.028479286335027609e+01
-8.031330655832628906e+01
-8.033940021330408854e+01
-8.036337113355894246e+01
-8.038547870086189562e+01
-8.040594916853270036e+01
-8.042497985581778153e+01
-8.044274280254280995e+01
-8.045938794782803427e+01
-8.047504589500933037e+01
-8.048983032189637754e+01
-8.048982733205023976e+01
