-8.148133331930866063e+01
-8.150345931048393311e+01
-8.152178343916729375e+01
-8.153528549412145310e+01
-8.154639488240306378e+01
-8.155481531399303208e+01
-8.156232947066416727e+01
-8.156773833407207519e+01
-8.157237207419309755e+01
-8.157643933781082524e+01
-8.157933525611808534e+01
-8.158115927812244195e+01
-8.158383145270819625e+01
-8.158537165108624833e+01
-8.158743135869121943e+01
-8.158786081101054322e+01
-8.158895874663438974e+01
-8.158909841260826568e+01
-8.158913843273646194e+01
-8.159059506476468471e+01
-8.159149407077526917e+01
-8.159104104624162801e+01
-8.159109194958382716e+01
-8.159126662685817166e+01
-8.159212342764396908e+01
-8.159264369715545229e+01
-8.159284984165635990e+01
-8.159251167672441341e+01
-8.159299937515990564e+01
-8.159157522983728938e+01
-8.159123182856284018e+01
-8.159133595281379314e+01
-8.159237454920058497e+01
-8.159248609425992527e+01
-8.159261668808127865e+01
-8.159198333435098505e+01
-8.159254450608470677e+01
-8.159238022733958928e+01
-8.159205086963980591e+01
-8.159236015010742449e+01
-8.159270300746560167e+01
-8.159318135828110030e+01
-8.159272795783383003e+01
-8.159137420658535689e+01
-8.159110893587693170e+01
-8.159147362351625077e+01
-8.159277831981538043e+01
-8.159290391814050736e+01
-8.159214814981247343e+01
-8.159306618230792196e+01
-8.159171984078567164e+01
-8.159197952653465791e+01
-8.158798843123437905e+01
-8.159083007811031507e+01
-8.144430165350098605e+01
-8.398926389575025553e+01
-5.111805882608339857e+01
1.371691391106119973e+01
2.046914365362013299e+01
2.069760587166055288e+01
2.025919945920530907e+01
2.017628228454706374e+01
2.030086762486468288e+01
2.053293014991492527e+01
2.083531557306666215e+01
2.117941536751284204e+01
2.154136713618965260e+01
2.190177861737464227e+01
2.224549555819660540e+01
2.256031715824272510e+01
2.283571812036182891e+01
2.306278871626811267e+01
2.323023236257878210e+01
2.332277117985848136e+01
2.332362623575271243e+01
2.321425558179138449e+01
2.298181923752211020e+01
2.264217451039047901e+01
2.224777337273747335e+01
2.185394860987052823e+01
2.148928424269269399e+01
2.115957774170691863e+01
2.086186872239594692e+01
2.059195037506623294e+01
2.034643244437732434e+01
2.012275787313459219e+01
1.991882168048873325e+01
1.973269560311618775e+01
1.956251591127190892e+01
1.940647100715745310e+01
1.926282273021788427e+01
1.912993559841714841e+01
1.900630445967546933e+01
1.889056732792884574e+01
1.878150480114083365e+01
1.867803557434263340e+01
1.857921268875886156e+01
1.848422037998728484e+01
1.839236245250671686e+01
1.830304091617148998e+01
1.821573762036426203e+01
1.813000271571797484e+01
1.804544603101714983e+01
1.796172919919252919e+01
1.787855833102237568e+01
1.779567744160645404e+01
1.771286274189570520e+01
1.762991778458720304e+01
1.754666938472550797e+01
1.746296421141223831e+01
1.737866594762257932e+01
1.729365292570589219e+01
1.720781615917850260e+01
1.712105770381369396e+01
1.703328929187993879e+01
1.694443119259078756e+01
1.685441125958936226e+01
1.676316413282175688e+01
1.667063056764171591e+01
1.657675686860853403e+01
1.648149440931296894e+01
1.638479922281045731e+01
1.628663164995293400e+01
1.618695603516688308e+01
1.608574046110168609e+01
1.598295651512427540e+01
1.587857908192159861e+01
1.577258615752813498e+01
1.566495868096702004e+01
1.555568038040474477e+01
1.544473763130534927e+01
1.533211932454405968e+01
1.521781674282913777e+01
1.510182344409686728e+01
1.498413515079819014e+01
1.486474964420313505e+01
1.474366666301540540e+01
1.462088780572241831e+01
1.449641643621449738e+01
1.437025759229131872e+01
1.424241789674359815e+01
1.411290547075114254e+01
1.398172984938253371e+01
1.384890189901621049e+01
1.371443373652986963e+01
1.357833865012779384e+01
1.344063102169326918e+01
1.330132625056768703e+01
1.316044067867088252e+01
1.301799151688737766e+01
1.287399677265126741e+01
1.272847517867326950e+01
1.258144612275791907e+01
1.243292957866836090e+01
1.228294603800213736e+01
1.213151644304851118e+01
1.197866212060396585e+01
1.182440471672996374e+01
1.166876613244327565e+01
1.151176846033541779e+01
1.135343392212488745e+01
1.119378480715106328e+01
1.103284341182550321e+01
1.087063198006126008e+01
1.070717264470622965e+01
1.054248737001039515e+01
1.037659789516093056e+01
1.020952567892140728e+01
1.004129184541308106e+01
9.871917131076516583e+00
9.701421832850666505e+00
9.529825757604628578e+00
9.357148172852941315e+00
9.183407758780518293e+00
9.008622561596581590e+00
8.832809948229144226e+00
8.655986562363061410e+00
8.478168281814301821e+00
8.299370177223019951e+00
8.119606472035714617e+00
7.938890503734518767e+00
7.757234686256739842e+00
7.574650473530637029e+00
7.391148324033703254e+00
7.206737666254952934e+00
7.021426864913757449e+00
6.835223187755414820e+00
6.648132772707680438e+00
6.460160595150333585e+00
6.271310435024484597e+00
6.081584843501217641e+00
5.890985108948037841e+00
5.699511221986293563e+00
5.507161839528606606e+00
5.313934247818538736e+00
5.119824324655160019e+00
4.924826501149537350e+00
4.728933723499378239e+00
4.532137415351116694e+00
4.334427441321425434e+00
4.135792072161939892e+00
3.936217951880742749e+00
3.735690066908766038e+00
3.534191717155358514e+00
3.331704488576504808e+00
3.128208226713131701e+00
2.923681010564821214e+00
2.718099126147818456e+00
2.511437039135820726e+00
2.303667366076351808e+00
2.094760843794157612e+00
1.884686296715339715e+00
1.673410601957465271e+00
1.460898652123567176e+00
1.247113315808318523e+00
1.032015395874390729e+00
8.155635855892898745e-01
5.977144227330728476e-01
3.784222417996284116e-01
1.576391244231762911e-01
-6.468515182893098958e-02
-2.886031661462372111e-01
-5.141699084762989536e-01
-7.414428346514940760e-01
-9.704819224199507932e-01
-1.201349728129893046e+00
-1.434111443772514205e+00
-1.668834954039587481e+00
-1.905590892994788899e+00
-2.144452699892214653e+00
-2.385496673601581019e+00
-2.628802025016101052e+00
-2.874450926726267230e+00
-3.122528559139063908e+00
-3.373123152107922795e+00
-3.626326021012679313e+00
-3.882231596091243908e+00
-4.140937443674297391e+00
-4.402544277812913798e+00
-4.667155960615217758e+00
-4.934879489425371801e+00
-5.205824968786142648e+00
-5.480105564929843354e+00
-5.757837440347835845e+00
-6.039139665791998013e+00
-6.324134106887141726e+00
-6.612945282374912637e+00
-6.905700190890754264e+00
-7.202528103108977398e+00
-7.503560316099298078e+00
-7.808929866851346269e+00
-8.118771202171696899e+00
-8.433219802588235225e+00
-8.752411758553368060e+00
-9.076483298183273263e+00
-9.405570267066112322e+00
-9.739807562391309403e+00
-1.007932852586728600e+01
-1.042426430267378734e+01
-1.077474317711016560e+01
-1.113088989968053788e+01
-1.149282502511733384e+01
-1.186066428625753488e+01
-1.223451803462681653e+01
-1.261449078487744302e+01
-1.300068090655959274e+01
-1.339318051266196719e+01
-1.379207559937934846e+01
-1.419744649495981648e+01
-1.460936867645396298e+01
-1.502791401084879475e+01
-1.545315247051447649e+01
-1.588515436126778546e+01
-1.632399308396096771e+01
-1.676974842688380107e+01
-1.722251035633939864e+01
-1.768238323692061442e+01
-1.814949037228132056e+01
-1.862397871327644694e+01
-1.910602353574051193e+01
-1.959583284818812743e+01
-2.009365125436774946e+01
-2.059976297144731916e+01
-2.111449369660738284e+01
-2.163821102817315634e+01
-2.217132318746840625e+01
-2.271427585943274607e+01
-2.326754707765855201e+01
-2.383164022377332714e+01
-2.440707538724375780e+01
-2.499437952691367926e+01
-2.559407606848964889e+01
-2.620667473373331902e+01
-2.683266249617357602e+01
-2.747249656634842196e+01
-2.812660020958471208e+01
-2.879536199140380148e+01
-2.947913875171196096e+01
-3.017826227079013535e+01
-3.089304926086229486e+01
-3.162381404800953533e+01
-3.237088313698159681e+01
-3.313461079033162093e+01
-3.391539479515611077e+01
-3.471369171040081625e+01
-3.553003105090269997e+01
-3.636502803546934359e+01
-3.721939467460940421e+01
-3.809394907632988492e+01
-3.898962289055629782e+01
-3.990746678599963815e+01
-4.084865378146213288e+01
-4.181447999538651317e+01
-4.280636209766421985e+01
-4.382583054271092493e+01
-4.487451703077417875e+01
-4.595413405760069026e+01
-4.706644362891797329e+01
-4.821321124523645807e+01
-4.939614012642888952e+01
-5.061677941677683634e+01
-5.187639897042964066e+01
-5.317582262662148196e+01
-5.451521228562196342e+01
-5.589379761356414633e+01
-5.730955227543121566e+01
-5.875882889223749572e+01
-6.023598271863760090e+01
-6.173303792392530909e+01
-6.323947628722390135e+01
-6.474224665791537348e+01
-6.622609031446754102e+01
-6.767423830508094795e+01
-6.906945859019432987e+01
-7.039533067581511716e+01
-7.163754084784054044e+01
-7.278496257365935662e+01
-7.383033281440873452e+01
-7.477043892919317614e+01
-7.560584927924105614e+01
-7.634030948669769145e+01
-7.697996285143615580e+01
-7.753254135885231335e+01
-7.800663288803255568e+01
-7.841108246059242504e+01
-7.875454532594091006e+01
-7.904518306876121869e+01
-7.929048011732079715e+01
-7.949715358677245547e+01
-7.967113056170269658e+01
-7.981757078854737131e+01
-7.994091743713431697e+01
-8.004496307646330422e+01
-8.013292183326598206e+01
-8.020750173236891101e+01
-8.027097349390622583e+01
-8.032523369542025193e+01
-8.037186132845002362e+01
-8.041216751420397202e+01
-8.044723859776887309e+01
-8.047797309959720735e+01
-8.050511313063620378e+01
-8.052927091986856567e+01
-8.055095109287465505e+01
-8.057056929964930703e+01
-8.058846773410385822e+01
-8.060492802600867890e+01
-8.062018192442941711e+01
-8.063442013338324443e+01
-8.064779960725653041e+01
-8.066044956622017992e+01
-8.067247645054857230e+01
-8.068396799710221501e+01
-8.069499659081162690e+01
-8.070562201822863813e+01
-8.071589372852655231e+01
-8.072585268914741619e+01
-8.073553290814791694e+01
-8.074496268267073162e+01
-8.075416562251763253e+01
-8.076316148913318216e+01
-8.077196688315271444e+01
-8.078059580776498194e+01
-8.078906013026279709e+01
-8.079736996016190176e+01
-8.080553395895610436e+01
-8.081355959387468602e+01
-8.082145334578031282e+01
-8.082922087951392598e+01
-8.083686718349726164e+01
-8.084439668416817426e+01
-8.085181333981644514e+01
-8.085912071756163755e+01
-8.086632205653316419e+01
-8.087342031975862255e+01
-8.088041823681329845e+01
-8.088731833890595624e+01
-8.089412298777521926e+01
-8.090083439952174160e+01
-8.090745466429000032e+01
-8.091398576255629393e+01
-8.092042957863256447e+01
-8.092678791189311482e+01
-8.093306248613117759e+01
-8.093925495738317011e+01
-8.094536692049581461e+01
-8.095139991465879348e+01
-8.095735542809018170e+01
-8.096323490201989159e+01
-8.096903973409898470e+01
-8.097477128133242275e+01
-8.098043086261854739e+01
-8.098601976096334454e+01
-8.099153922542201656e+01
-8.099699047281774256e+01
-8.100237468926891893e+01
-8.100769303156150158e+01
-8.101294662838576244e+01
-8.101813658146151909e+01
-8.102326396656862073e+01
-8.102832983449393112e+01
-8.103333521190930355e+01
-8.103828110218962877e+01
-8.104316848617547464e+01
-8.104799832289346284e+01
-8.105277155023169655e+01
-8.105748908558237531e+01
-8.106215182645040329e+01
-8.106676065103269480e+01
-8.107131641877262496e+01
-8.107581997088836090e+01
-8.108027213088179508e+01
-8.108467370502373228e+01
-8.108902548282355838e+01
-8.109332823747898544e+01
-8.109758272631100340e+01
-8.110178969118165071e+01
-8.110594985889871111e+01
-8.111006394160635580e+01
-8.111413263716158895e+01
-8.111815662950071726e+01
-8.112213658899013069e+01
-8.112607317277023355e+01
-8.112996702508532110e+01
-8.113381877760409111e+01
-8.113762904973106060e+01
-8.114139844890793540e+01
-8.114512757090400896e+01
-8.114881700010134580e+01
-8.115246730976885203e+01
-8.115607906232898472e+01
-8.115965280961695782e+01
-8.116318909313100960e+01
-8.116668844427753982e+01
-8.117015138460769208e+01
-8.117357842604725704e+01
-8.117697007112082019e+01
-8.118032681316805110e+01
-8.118364913655624093e+01
-8.118693751688411453e+01
-8.119019242118268664e+01
-8.119341430810821691e+01
-8.119660362813102950e+01
-8.119976082372019732e+01
-8.120288632951985619e+01
-8.120598057252460933e+01
-8.120904397224825289e+01
-8.121207694088728601e+01
-8.121507988348136564e+01
-8.121805319806981061e+01
-8.122099727584239304e+01
-8.122391250128653439e+01
-8.122679925233295251e+01
-8.122965790049352108e+01
-8.123248881099918606e+01
-8.123529234293232548e+01
-8.123806884935609673e+01
-8.124081867744064311e+01
-8.124354216858631617e+01
-8.124623965854321739e+01
-8.124891147752850884e+01
-8.125155795033928996e+01
-8.125417939646472121e+01
-8.125677613019358603e+01
-8.125934846072040330e+01
-8.126189669224790180e+01
-8.126442112408820151e+01
-8.126692205075961795e+01
-8.126939976208429073e+01
-8.127185454327913305e+01
-8.127428667504864279e+01
-8.127669643367339347e+01
-8.127908409109620891e+01
-8.128144991500798255e+01
-8.128379416892907727e+01
-8.128611711229126513e+01
-8.128841900051587288e+01
-8.129070008509130218e+01
-8.129296061364726711e+01
-8.129520083003022535e+01
-8.129520061932959152e+01
