-8.145786782306971929e+01
-8.146131652958375469e+01
-8.146480334544051516e+01
-8.146625818447635936e+01
-8.146772813233252464e+01
-8.146851908358783589e+01
-8.146990238134986839e+01
-8.147034492582162102e+01
-8.147119152484341953e+01
-8.147204106476914376e+01
-8.147236166667424584e+01
-8.147223476159857114e+01
-8.147335290851189882e+01
-8.147362271051059679e+01
-8.147470386228206962e+01
-8.147426944000659432e+01
-8.147484185980859195e+01
-8.147435721716338719e+01
-8.147408482043729805e+01
-8.147530519716821118e+01
-8.147602791160635149e+01
-8.147524597592774853e+01
-8.147528693076445450e+01
-8.147563467513670332e+01
-8.147617033078752513e+01
-8.147674157352319924e+01
-8.147669839046029949e+01
-8.147663762299032442e+01
-8.147701649144069336e+01
-8.147559451246716833e+01
-8.147531604456180787e+01
-8.147543887188544431e+01
-8.147654895376187767e+01
-8.147672731043050476e+01
-8.147678981993759351e+01
-8.147628693466209882e+01
-8.147698819089369238e+01
-8.147667702162377168e+01
-8.147642024577038455e+01
-8.147696602095790297e+01
-8.147716041808369880e+01
-8.147776906345178816e+01
-8.147700473292995582e+01
-8.147589017592432015e+01
-8.147574746090604947e+01
-8.147646944544119663e+01
-8.147754421006462167e+01
-8.147763059370154792e+01
-8.147713128200123833e+01
-8.147766603057657164e+01
-8.147665968274006332e+01
-8.147640388021349622e+01
-8.147172554741382555e+01
-8.146705905103250700e+01
-8.128382711421964757e+01
-8.342212855523692383e+01
-4.120978248331936555e+01
1.580230835541946455e+01
1.972092127171799802e+01
2.044963313385370185e+01
2.023986630706261991e+01
2.019679668600113231e+01
2.034608969531885592e+01
2.060870706937616958e+01
2.094370392732622221e+01
2.132393656764670808e+01
2.172862305494543023e+01
2.214121709057152643e+01
2.255009344280602335e+01
2.294684716723937612e+01
2.332595028126193171e+01
2.368530221602552288e+01
2.402228088865745903e+01
2.433461205745690847e+01
2.462282173344192771e+01
2.488823559414316833e+01
2.512991944899881958e+01
2.534744875014548526e+01
2.554179258095806304e+01
2.571407667028467614e+01
2.586524203220731621e+01
2.599617820999055340e+01
2.610781384769896007e+01
2.620110609305509541e+01
2.627702246225222638e+01
2.633652743499643378e+01
2.638057241983813839e+01
2.641008795321297242e+01
2.642597758734575919e+01
2.642911316715121117e+01
2.642033128897495686e+01
2.640043077382188841e+01
2.637017100950471260e+01
2.633027103158950410e+01
2.628140922603695273e+01
2.622422354834425562e+01
2.615931216521092750e+01
2.608723443538116271e+01
2.600851215635510982e+01
2.592363101307671869e+01
2.583304217345080644e+01
2.573716398358830304e+01
2.563638372300048118e+01
2.553105938656294427e+01
2.542152146595249107e+01
2.530807470845997997e+01
2.519099983562317391e+01
2.507055520806250115e+01
2.494697842627569528e+01
2.482048786001487173e+01
2.469128410127945372e+01
2.455955133795888656e+01
2.442545864680590029e+01
2.428916120575064852e+01
2.415080142663009610e+01
2.401051001023610709e+01
2.386840692621826676e+01
2.372460232084691611e+01
2.357919735596766841e+01
2.343228498269679605e+01
2.328395065352315640e+01
2.313427297652985004e+01
2.298332431543296650e+01
2.283117133907004970e+01
2.267787552387300920e+01
2.252349361273362405e+01
2.236807803352213497e+01
2.221167728036210320e+01
2.205433626059600982e+01
2.189609661020351439e+01
2.173699698026573301e+01
2.157707329689350573e+01
2.141635899687508626e+01
2.125488524113533373e+01
2.109268110794439721e+01
2.092977376766603825e+01
2.076618864069597592e+01
2.060194954010834323e+01
2.043707880040415859e+01
2.027159739364017099e+01
2.010552503410746894e+01
1.993888027262930862e+01
1.977168058145388940e+01
1.960394243063110054e+01
1.943568135668355623e+01
1.926691202430824745e+01
1.909764828177668861e+01
1.892790321064182990e+01
1.875768917030016070e+01
1.858701783790842299e+01
1.841590024410376358e+01
1.824434680493557437e+01
1.807236735037536945e+01
1.789997114973613179e+01
1.772716693429908119e+01
1.755396291741631387e+01
1.738036681233001701e+01
1.720638584792495607e+01
1.703202678260689140e+01
1.685729591648158632e+01
1.668219910198831002e+01
1.650674175312616043e+01
1.633092885339580391e+01
1.615476496256628991e+01
1.597825422236223680e+01
1.580140036115818702e+01
1.562420669775353410e+01
1.544667614429473623e+01
1.526881120840146444e+01
1.509061399454667196e+01
1.491208620473308777e+01
1.473322913850264193e+01
1.455404369230959460e+01
1.437453035828323600e+01
1.419468922240109521e+01
1.401451996208959017e+01
1.383402184326521756e+01
1.365319371682647898e+01
1.347203401460295602e+01
1.329054074476624336e+01
1.310871148670429243e+01
1.292654338535977487e+01
1.274403314503073048e+01
1.256117702263097335e+01
1.237797082040639829e+01
1.219440987810342669e+01
1.201048906458525956e+01
1.182620276889154276e+01
1.164154489073766818e+01
1.145650883045109403e+01
1.127108747834174984e+01
1.108527320350630596e+01
1.089905784206516692e+01
1.071243268483337729e+01
1.052538846442653053e+01
1.033791534180209482e+01
1.015000289223664076e+01
9.961640090735960129e+00
9.772815296872307655e+00
9.583516239037038531e+00
9.393729998089410671e+00
9.203442990372497690e+00
9.012640950055315514e+00
8.821308910745264242e+00
8.629431186297896517e+00
8.436991350731073425e+00
8.243972217128254343e+00
8.050355815388703817e+00
7.856123368654119865e+00
7.661255268205582780e+00
7.465731046587118946e+00
7.269529348669586888e+00
7.072627900323539940e+00
6.875003474329656861e+00
6.676631853125013727e+00
6.477487787976541789e+00
6.277544954203650107e+00
6.076775902150904685e+00
5.875152003751167307e+00
5.672643394712045151e+00
5.469218912592069159e+00
5.264846031270149496e+00
5.059490792510036528e+00
4.853117735432731727e+00
4.645689824698195025e+00
4.437168378053018891e+00
4.227512993638901762e+00
4.016681477125171540e+00
3.804629768385597188e+00
3.591311867145165149e+00
3.376679756819362499e+00
3.160683325675913480e+00
2.943270284461526387e+00
2.724386079731104804e+00
2.503973802262055681e+00
2.281974090100435948e+00
2.058325025943493980e+00
1.832962028699293366e+00
1.605817739171418346e+00
1.376821899895943835e+00
1.145901229213639017e+00
9.129792897002357854e-01
6.779763511086487338e-01
4.408092480069117358e-01
2.013912323296337126e-01
-4.036817889603548648e-02
-2.845633603328928674e-01
-5.312927392359274581e-01
-7.806589599952014069e-01
-1.032769051729612864e+00
-1.287734598207385339e+00
-1.545671909209239914e+00
-1.806702192261355533e+00
-2.070951723444615311e+00
-2.338552015730665179e+00
-2.609639983000513919e+00
-2.884358097564243995e+00
-3.162854538617376310e+00
-3.445283328637609443e+00
-3.731804454241556712e+00
-4.022583967483619460e+00
-4.317794062985034209e+00
-4.617613125631097049e+00
-4.922225742868453047e+00
-5.231822674876002388e+00
-5.546600775081636847e+00
-5.866762852663415018e+00
-6.192517467839093293e+00
-6.524078649934627272e+00
-6.861665527496437100e+00
-7.205501859132524167e+00
-7.555815453434404638e+00
-7.912837466370852724e+00
-8.276801565116022275e+00
-8.647942948585484402e+00
-9.026497217254151550e+00
-9.412699088424988147e+00
-9.806780958341922982e+00
-1.020897131978581562e+01
-1.061949305342398375e+01
-1.103856162355287118e+01
-1.146638322420987066e+01
-1.190315293995195489e+01
-1.234905300661185024e+01
-1.280425128026472770e+01
-1.326890004606785034e+01
-1.374313532039580998e+01
-1.422707681678337011e+01
-1.472082875474980668e+01
-1.522448168613295749e+01
-1.573811549130085297e+01
-1.626180365302154129e+01
-1.679561884537965710e+01
-1.733963977743864859e+01
-1.789395910783020582e+01
-1.845869210246471681e+01
-1.903398555305228967e+01
-1.962002632401856062e+01
-2.021704876952250274e+01
-2.082534018468207648e+01
-2.144524345263060994e+01
-2.207715614829568906e+01
-2.272152558227725194e+01
-2.337883962269580351e+01
-2.404961360645316759e+01
-2.473437420101750206e+01
-2.543364162696288844e+01
-2.614791209602434208e+01
-2.687764254717825807e+01
-2.762323968566906629e+01
-2.838505491622748877e+01
-2.916338606251134280e+01
-2.995848590822071245e+01
-3.077057675443126783e+01
-3.159986952835260610e+01
-3.244658561078546910e+01
-3.331097950047914935e+01
-3.419336065284146997e+01
-3.509411321761801617e+01
-3.601371284175575482e+01
-3.695274010310715340e+01
-3.791189043361672617e+01
-3.889198054603941301e+01
-3.989395139153505454e+01
-4.091886758677537017e+01
-4.196791293362367270e+01
-4.304238127895344945e+01
-4.414366167387392892e+01
-4.527321605563140139e+01
-4.643254700520493117e+01
-4.762315230532924915e+01
-4.884646207928441441e+01
-5.010375330882336442e+01
-5.139603566691585002e+01
-5.272390215889444676e+01
-5.408733855989859762e+01
-5.548548786486298923e+01
-5.691637102064591858e+01
-5.837657432421341497e+01
-5.986092796207393008e+01
-6.136221889963854892e+01
-6.287100175364628285e+01
-6.437558656001409929e+01
-6.586228192193703990e+01
-6.731594500210590581e+01
-6.872083217637806740e+01
-7.006166635439836909e+01
-7.132476502632025017e+01
-7.249903829481215212e+01
-7.357668752503195719e+01
-7.455350698482197913e+01
-7.542878467791763342e+01
-7.620487969591502520e+01
-7.688659829643121668e+01
-7.748049538942905201e+01
-7.799420345245236774e+01
-7.843585390089893394e+01
-7.881362047602438281e+01
-7.913538766996252605e+01
-7.940853116950243873e+01
-7.963978999978955642e+01
-7.983520863604476858e+01
-8.000012923249757080e+01
-8.013921743632901951e+01
-8.025650888079169931e+01
-8.035546679533413794e+01
-8.043904398272168521e+01
-8.050974463813643922e+01
-8.056968316477370706e+01
-8.062063835758229402e+01
-8.066410217467199573e+01
-8.070132288204860060e+01
-8.073334271634065828e+01
-8.076103042193568626e+01
-8.078510912934818577e+01
-8.080618008471172686e+01
-8.082474274045667073e+01
-8.084121169166617449e+01
-8.085593090294412377e+01
-8.086918562466240701e+01
-8.088121235007372434e+01
-8.089220711903119820e+01
-8.090233243159198651e+01
-8.091172299645751309e+01
-8.092049050525729115e+01
-8.092872759405690886e+01
-8.093651112789859781e+01
-8.094390492228470180e+01
-8.095096199690023298e+01
-8.095772644112076932e+01
-8.096423495758821787e+01
-8.097051813900417017e+01
-8.097660152396844069e+01
-8.098250646990979362e+01
-8.098825087466306627e+01
-8.099384977285089349e+01
-8.099931582873475122e+01
-8.100465974347689269e+01
-8.100989059165581807e+01
-8.101501609931958114e+01
-8.102004287373257796e+01
-8.102497659321542756e+01
-8.102982216401936455e+01
-8.103458384997099984e+01
-8.103926537962934162e+01
-8.104387003487148888e+01
-8.104840072414097563e+01
-8.105286004303185621e+01
-8.105725032441544897e+01
-8.106157367992926766e+01
-8.106583203433811491e+01
-8.107002715400260229e+01
-8.107416067048734476e+01
-8.107823410015117815e+01
-8.108224886042042101e+01
-8.108620628331962621e+01
-8.109010762673959505e+01
-8.109395408383339543e+01
-8.109774679086469007e+01
-8.110148683377676093e+01
-8.110517525370467240e+01
-8.110881305160867782e+01
-8.111240119218558675e+01
-8.111594060717784771e+01
-8.111943219818385842e+01
-8.112287683905550750e+01
-8.112627537795245303e+01
-8.112962863911009492e+01
-8.113293742437039668e+01
-8.113620251451320087e+01
-8.113942467042346607e+01
-8.114260463411764590e+01
-8.114574312965518743e+01
-8.114884086395211682e+01
-8.115189852750960142e+01
-8.115491679507582035e+01
-8.115789632624564831e+01
-8.116083776601116995e+01
-8.116374174526768570e+01
-8.116660888128328111e+01
-8.116943977813485844e+01
-8.117223502711652827e+01
-8.117499520712328831e+01
-8.117772088501357075e+01
-8.118041261594999014e+01
-8.118307094372740096e+01
-8.118569640108043473e+01
-8.118828950998134530e+01
-8.119085078192225069e+01
-8.119338071818775404e+01
-8.119587981011557076e+01
-8.119834853934879959e+01
-8.120078737807732239e+01
-8.120319678927275220e+01
-8.120557722691289371e+01
-8.120792913620157094e+01
-8.121025295377862108e+01
-8.121254910792612236e+01
-8.121481801876545603e+01
-8.121706009844976393e+01
-8.121927575135126176e+01
-8.122146537424082169e+01
-8.122362935646516746e+01
-8.122576808011636729e+01
-8.122788192019842768e+01
-8.122997124478857245e+01
-8.123203641519253893e+01
-8.123407778609788465e+01
-8.123609570572278926e+01
-8.123809051595850406e+01
-8.124006255251056530e+01
-8.124201214503536050e+01
-8.124393961727214730e+01
-8.124584528717282694e+01
-8.124772946702776721e+01
-8.124959246358837106e+01
-8.125143457818589354e+01
-8.125325610684907929e+01
-8.125505734041591666e+01
-8.125683856464542032e+01
-8.125860006032351635e+01
-8.126034210336950991e+01
-8.126206496493782083e+01
-8.126376891151669213e+01
-8.126545420502668549e+01
-8.126712110291494184e+01
-8.126876985824689825e+01
-8.127040071979713787e+01
-8.127201393213738356e+01
-8.127360973572153569e+01
-8.127518836697022664e+01
-8.127675005835156696e+01
-8.127829503846109560e+01
-8.127982353210036592e+01
-8.128133576035149588e+01
-8.128283194065254236e+01
-8.128431228686908128e+01
-8.128577700936490658e+01
-8.128722631507089602e+01
-8.128866040755347910e+01
-8.128866023190975909e+01
