-8.145718195771613068e+01
-8.145987961032339797e+01
-8.146275525756706770e+01
-8.146338230258339763e+01
-8.146410155310276480e+01
-8.146449882751853977e+01
-8.146545031666617831e+01
-8.146543481038847290e+01
-8.146625299931515940e+01
-8.146671919628052194e+01
-8.146626080585193108e+01
-8.146622354641826291e+01
-8.146721949233439375e+01
-8.146762264137505838e+01
-8.146820298143977368e+01
-8.146776472613713338e+01
-8.146799142013200878e+01
-8.146717842369848483e+01
-8.146779503817197110e+01
-8.146852715157689317e+01
-8.146873017240491777e+01
-8.146796376799619566e+01
-8.146779571895464755e+01
-8.146875570346438167e+01
-8.146904286810476492e+01
-8.146936851039134808e+01
-8.146875528435163005e+01
-8.146934502025972336e+01
-8.146787600616013947e+01
-8.146743978799632657e+01
-8.146750927758026251e+01
-8.146853988331228891e+01
-8.146867031234697265e+01
-8.146866899373897297e+01
-8.146815911021202794e+01
-8.146881463784735899e+01
-8.146837135570658006e+01
-8.146809363853004982e+01
-8.146871706599765162e+01
-8.146880081768472337e+01
-8.146943928567490900e+01
-8.146804668398996796e+01
-8.146723180683312648e+01
-8.146706331330476303e+01
-8.146828518106437400e+01
-8.146915813567882481e+01
-8.146822300772576853e+01
-8.146892932215449434e+01
-8.146804111172120599e+01
-8.146840597792993321e+01
-8.146614827533960579e+01
-8.146280765075741215e+01
-8.133879796231072135e+01
-8.281358761919099720e+01
-6.088198071696290725e+01
1.853503640299148003e+01
2.329249683568795604e+01
2.171259670957923049e+01
2.076754005929125668e+01
2.044852340360151999e+01
2.042458573729148341e+01
2.056950863793313999e+01
2.082590674247575180e+01
2.114888730473457557e+01
2.150441163366972219e+01
2.186683814515377122e+01
2.221781375009796733e+01
2.254321917838924350e+01
2.283177348830615827e+01
2.307538826010577182e+01
2.326258203454075968e+01
2.337958383525831962e+01
2.341200709798340540e+01
2.334132189124273893e+01
2.314943072797101209e+01
2.284057448857604555e+01
2.245651902526023491e+01
2.205626075274059517e+01
2.167852837636081276e+01
2.133529414363554011e+01
2.102541182519884799e+01
2.074468785718019248e+01
2.048938897895258293e+01
2.025670751732593544e+01
2.004442618160054224e+01
1.985058666366193947e+01
1.967332359772742123e+01
1.951082202379187436e+01
1.936132796872928807e+01
1.922317703724195326e+01
1.909482483961782862e+01
1.897486362949856442e+01
1.886202582970397756e+01
1.875518326170133676e+01
1.865334659276679830e+01
1.855566250881221535e+01
1.846139926755505911e+01
1.836992513562649165e+01
1.828069187165520049e+01
1.819322375513561241e+01
1.810710848978375509e+01
1.802198870200122727e+01
1.793755409914772514e+01
1.785353449486185795e+01
1.776969377680775608e+01
1.768582477987993329e+01
1.760174497171528429e+01
1.751729284067861059e+01
1.743232487995936708e+01
1.734671307270576435e+01
1.726034279614330558e+01
1.717311107494796829e+01
1.708492512503435279e+01
1.699570113830305829e+01
1.690536326689737479e+01
1.681384277232627866e+01
1.672107731057682400e+01
1.662701032921231104e+01
1.653159055655632415e+01
1.643477156650760662e+01
1.633651140541228841e+01
1.623677226982389499e+01
1.613552022597840718e+01
1.603272496346846765e+01
1.592835957696926918e+01
1.582240037099765928e+01
1.571482668361581148e+01
1.560562072575115700e+01
1.549476743343035068e+01
1.538225433073279547e+01
1.526807140168795129e+01
1.515221096967477443e+01
1.503466758315883389e+01
1.491543790682278292e+01
1.479452061732555102e+01
1.467191630306883710e+01
1.454762736746656770e+01
1.442165793530356765e+01
1.429401376184555161e+01
1.416470214442042597e+01
1.403373183623774523e+01
1.390111296225190252e+01
1.376685693690242296e+01
1.363097638359094432e+01
1.349348505577197876e+01
1.335439775955128106e+01
1.321373027769835318e+01
1.307149929499136753e+01
1.292772232482059813e+01
1.278241763698792965e+01
1.263560418664435225e+01
1.248730154431776285e+01
1.233752982698843859e+01
1.218630963017725044e+01
1.203366196101799979e+01
1.187960817229281396e+01
1.172416989741493865e+01
1.156736898635114486e+01
1.140922744248174325e+01
1.124976736040352066e+01
1.108901086468586428e+01
1.092698004959841462e+01
1.076369691983211929e+01
1.059918333224248777e+01
1.043346093864752078e+01
1.026655112971704398e+01
1.009847497999286325e+01
9.929253194081077538e+00
9.758906054058369861e+00
9.587453368133443732e+00
9.414914420602084277e+00
9.241307923130143820e+00
9.066651967393450917e+00
8.890963979096181191e+00
8.714260673379925493e+00
8.536558011626144804e+00
8.357871159642902725e+00
8.178214447214946503e+00
7.997601328982630875e+00
7.816044346601503712e+00
7.633555092118417207e+00
7.450144172483113891e+00
7.265821175092834316e+00
7.080594634243228214e+00
6.894471998328012496e+00
6.707459597595005540e+00
6.519562612225603182e+00
6.330785040465777946e+00
6.141129666502081363e+00
5.950598027759419040e+00
5.759190381308065376e+00
5.566905669118529687e+00
5.373741482004412262e+00
5.179694022242243179e+00
4.984758065047276254e+00
4.788926919285084516e+00
4.592192387978624168e+00
4.394544729287154894e+00
4.195972618653287078e+00
3.996463112723297240e+00
3.796001615448666655e+00
3.594571846508078927e+00
3.392155811894808526e+00
3.188733776246962304e+00
2.984284236298949455e+00
2.778783894725179060e+00
2.572207633634199908e+00
2.364528487037325100e+00
2.155717611735645800e+00
1.945744256214300139e+00
1.734575727279048962e+00
1.522177354300353391e+00
1.308512451034764545e+00
1.093542275070439107e+00
8.772259849954572308e-01
6.595205954195924036e-01
4.403809299982188175e-01
2.197595726173239283e-01
-2.393183093396986875e-03
-2.261293857448738176e-01
-4.515034794816756847e-01
-6.785723583798176639e-01
-9.073954217173645365e-01
-1.138034629856337521e+00
-1.370554560432962976e+00
-1.605022464505436064e+00
-1.841508322251750762e+00
-2.080084897744520767e+00
-2.320827792255351518e+00
-2.563815495456906568e+00
-2.809129433796555553e+00
-3.056854015210237474e+00
-3.307076669228574684e+00
-3.559887881398573040e+00
-3.815381220803090390e+00
-4.073653359305918542e+00
-4.334804080982945784e+00
-4.598936280020001988e+00
-4.866155945165215435e+00
-5.136572128621148536e+00
-5.410296897050935527e+00
-5.687445262158167480e+00
-5.968135088083115214e+00
-6.252486972654056174e+00
-6.540624099340982767e+00
-6.832672056599837340e+00
-7.128758621181007449e+00
-7.429013501928068308e+00
-7.733568040636626506e+00
-8.042554866711316919e+00
-8.356107502690868216e+00
-8.674359918253440327e+00
-8.997446031121960175e+00
-9.325499154426578841e+00
-9.658651391613300774e+00
-9.997032981993088541e+00
-1.034077160256895844e+01
-1.068999163493088922e+01
-1.104481340981193860e+01
-1.140535244637219314e+01
-1.177171870840693835e+01
-1.214401590534845354e+01
-1.252234087200030110e+01
-1.290678306713165746e+01
-1.329742423696610132e+01
-1.369433829472081143e+01
-1.409759147103133259e+01
-1.450724279158527352e+01
-1.492334493674344209e+01
-1.534594553248862603e+01
-1.577508891191837925e+01
-1.621081837103134049e+01
-1.665317892136665989e+01
-1.710222051511757968e+01
-1.755800168612559986e+01
-1.802059351368789919e+01
-1.849008377702154959e+01
-1.896658112882733604e+01
-1.945021907961185192e+01
-1.994115955381091965e+01
-2.043959575836933240e+01
-2.094575409871734450e+01
-2.145989489059691735e+01
-2.198231165315484503e+01
-2.251332883236531757e+01
-2.305329789550212638e+01
-2.360259185534475890e+01
-2.416159842129131974e+01
-2.473071212286093967e+01
-2.531032589359123719e+01
-2.590082272062241486e+01
-2.650256803620910162e+01
-2.711590353395679998e+01
-2.774114302325016723e+01
-2.837857079065456034e+01
-2.902844273124809860e+01
-2.969099027266289070e+01
-3.036642687454319400e+01
-3.105495668065909598e+01
-3.175678475702231296e+01
-3.247212828112925820e+01
-3.320122805438367664e+01
-3.394435977867434673e+01
-3.470184464762619569e+01
-3.547405892910492042e+01
-3.626144233615787726e+01
-3.706450508204982697e+01
-3.788383358096755416e+01
-3.872009478448618580e+01
-3.957403913294445630e+01
-4.044650206894915812e+01
-4.133840397671524158e+01
-4.225074814264942802e+01
-4.318461639460744550e+01
-4.414116173937701149e+01
-4.512159702916429893e+01
-4.612717837671767995e+01
-4.715918163459561185e+01
-4.821886978220859277e+01
-4.930744853653343540e+01
-5.042600695735004734e+01
-5.157543933828291216e+01
-5.275634441277048126e+01
-5.396889811060679421e+01
-5.521269715532041999e+01
-5.648657321244128582e+01
-5.778838169353248588e+01
-5.911477623846975149e+01
-6.046098949578296811e+01
-6.182065233476415500e+01
-6.318569474169126465e+01
-6.454637813895996601e+01
-6.589150507088821485e+01
-6.720883310447518966e+01
-6.848568444869714256e+01
-6.970969748550545830e+01
-7.086962467988566061e+01
-7.195605922257598763e+01
-7.296198083964318926e+01
-7.388304840415175079e+01
-7.471762051383709036e+01
-7.546653694757462461e+01
-7.613272907831661485e+01
-7.672073991748212052e+01
-7.723622739987477814e+01
-7.768550572342739713e+01
-7.807515743659956797e+01
-7.841172947352998790e+01
-7.870151223979378585e+01
-7.895039242616527986e+01
-7.916376640593925629e+01
-7.934650038752918988e+01
-7.950292462793206028e+01
-7.963685099099996023e+01
-7.975160533433947307e+01
-7.985006828124420508e+01
-7.993471971622909678e+01
-8.000768378470054643e+01
-8.007077229148346476e+01
-8.012552522117765363e+01
-8.017324769736957535e+01
-8.021504310843558017e+01
-8.025184239991601487e+01
-8.028442970430111814e+01
-8.031346457777651437e+01
-8.033950116235493510e+01
-8.036300460743035501e+01
-8.038436507908306794e+01
-8.040390966694005215e+01
-8.042191247285552436e+01
-8.043860313708363208e+01
-8.045417402846925370e+01
-8.046878629707750008e+01
-8.048257496152507429e+01
-8.049565317949439702e+01
-8.050811582870390737e+01
-8.052004250690973208e+01
-8.053150004323330791e+01
-8.054254459900900542e+01
-8.055322342424646820e+01
-8.056357632544049352e+01
-8.057363689165721610e+01
-8.058343351833588031e+01
-8.059299026192364579e+01
-8.060232755310991593e+01
-8.061146279193231123e+01
-8.062041084423159987e+01
-8.062918445575344606e+01
-8.063779459752528567e+01
-8.064625075389632514e+01
-8.065456116275210263e+01
-8.066273301585091815e+01
-8.067077262590825626e+01
-8.067868556596616259e+01
-8.068647678566021852e+01
-8.069415070823507108e+01
-8.070171131151786881e+01
-8.070916219552532311e+01
-8.071650663893244371e+01
-8.072374764626640342e+01
-8.073088798736665694e+01
-8.073793023040852290e+01
-8.074487676955878612e+01
-8.075172984816076394e+01
-8.075849157819530433e+01
-8.076516395663466596e+01
-8.077174887920887159e+01
-8.077824815201316255e+01
-8.078466350131481022e+01
-8.079099658185907629e+01
-8.079724898391872046e+01
-8.080342223929848444e+01
-8.080951782646172887e+01
-8.081553717492600697e+01
-8.082148166904588038e+01
-8.082735265128071944e+01
-8.083315142503168715e+01
-8.083887925711775324e+01
-8.084453737994522271e+01
-8.085012699342034637e+01
-8.085564926664680740e+01
-8.086110533943688949e+01
-8.086649632366807339e+01
-8.087182330450605150e+01
-8.087708734151571832e+01
-8.088228946967251431e+01
-8.088743070029305215e+01
-8.089251202189065282e+01
-8.089753440096980341e+01
-8.090249878276654272e+01
-8.090740609193895239e+01
-8.091225723321727514e+01
-8.091705309201542207e+01
-8.092179453501026387e+01
-8.092648241069036885e+01
-8.093111754987825179e+01
-8.093570076622827969e+01
-8.094023285670188272e+01
-8.094471460202341007e+01
-8.094914676711736945e+01
-8.095353010152756212e+01
-8.095786533982075639e+01
-8.096215320197512710e+01
-8.096639439375616121e+01
-8.097058960707624919e+01
-8.097473952034678746e+01
-8.097884479881317077e+01
-8.098290609488266512e+01
-8.098692404844010184e+01
-8.099089928715414999e+01
-8.099483242677366945e+01
-8.099872407141447184e+01
-8.100257481383879110e+01
-8.100638523572477823e+01
-8.101015590792913201e+01
-8.101388739074090495e+01
-8.101758023412943999e+01
-8.102123497798341134e+01
-8.102485215234413829e+01
-8.102843227763159462e+01
-8.103197586486521686e+01
-8.103548341587647030e+01
-8.103895542351767745e+01
-8.104239237186334321e+01
-8.104579473640694687e+01
-8.104916298425202115e+01
-8.105249757429844237e+01
-8.105579895742228302e+01
-8.105906757665322004e+01
-8.106230386734463877e+01
-8.106550825734099419e+01
-8.106868116713938832e+01
-8.107182301004955605e+01
-8.107493419234509702e+01
-8.107801511341610023e+01
-8.108106616591290106e+01
-8.108408773588941187e+01
-8.108708020294194796e+01
-8.109004394034413110e+01
-8.109297931517797053e+01
-8.109588668846284065e+01
-8.109876641527991126e+01
-8.110161884489541251e+01
-8.110444432087781763e+01
-8.110724318121482668e+01
-8.111001575842632860e+01
-8.111276237967520331e+01
-8.111548336687307881e+01
-8.111817903678789321e+01
-8.112084970114446492e+01
-8.112349566672519074e+01
-8.112611723546763187e+01
-8.112871470455962708e+01
-8.113128836653208964e+01
-8.113383850935008468e+01
-8.113636541650116385e+01
-8.113886936708261999e+01
-8.114135063588489061e+01
-8.114380949347496141e+01
-8.114624620627651552e+01
-8.114624597257460437e+01
