-8.145718833948181725e+01
-8.145989031774028888e+01
-8.146266308514260857e+01
-8.146346915581089831e+01
-8.146436548422502710e+01
-8.146465677065073407e+01
-8.146560604093525626e+01
-8.146567192626942244e+01
-8.146619379224421209e+01
-8.146675889084600897e+01
-8.146683065563411219e+01
-8.146648766521909124e+01
-8.146741484568916292e+01
-8.146751484722196324e+01
-8.146844413044132693e+01
-8.146787250245104417e+01
-8.146832307134643258e+01
-8.146772340835313742e+01
-8.146734886753158378e+01
-8.146847457979816909e+01
-8.146910885838194361e+01
-8.146824115673750555e+01
-8.146820542123168707e+01
-8.146848429755466725e+01
-8.146894461658799003e+01
-8.146945006132114031e+01
-8.146933530743530127e+01
-8.146921716771817046e+01
-8.146952962474848903e+01
-8.146804314701236649e+01
-8.146770367425799009e+01
-8.146777048472476679e+01
-8.146882966256555392e+01
-8.146895426935301998e+01
-8.146895567501405822e+01
-8.146840887958992994e+01
-8.146906786150289292e+01
-8.146870370421369500e+01
-8.146840025100280513e+01
-8.146891405738654157e+01
-8.146906941993734108e+01
-8.146964907115582832e+01
-8.146881572315547260e+01
-8.146763681525523282e+01
-8.146745168133963944e+01
-8.146816296242619160e+01
-8.146921703530871639e+01
-8.146924320911341511e+01
-8.146871390786282063e+01
-8.146919785825427596e+01
-8.146811129202448853e+01
-8.146778641664398890e+01
-8.146304164042010143e+01
-8.145821132046432922e+01
-8.127516079684828298e+01
-8.339369675011204208e+01
-4.089811759747854580e+01
1.587377244438855683e+01
1.970609136166014608e+01
2.043723698784973308e+01
2.022885799113313254e+01
2.018044327235940827e+01
2.031920533247836147e+01
2.056558302549023765e+01
2.087740050955138926e+01
2.122602443181899545e+01
2.158902696706135060e+01
2.194781840901013581e+01
2.228811818737622019e+01
2.259793415906023384e+01
2.286677746401648292e+01
2.308613948448051190e+01
2.324391767565591849e+01
2.332435902201057232e+01
2.331059914134834088e+01
2.318405036469764369e+01
2.293422505282135404e+01
2.258291625724128338e+01
2.218563407661439157e+01
2.179489634175182999e+01
2.143518455730332661e+01
2.111027175231000186e+01
2.081673044320914201e+01
2.055042255069444579e+01
2.030809714961737100e+01
2.008728549256193219e+01
1.988592040127210936e+01
1.970208600705581503e+01
1.953392485560483038e+01
1.937963365882401590e+01
1.923748645314810446e+01
1.910586445388144483e+01
1.898328223819467908e+01
1.886839807279659098e+01
1.876001228531275444e+01
1.865706275729272434e+01
1.855862151102742175e+01
1.846389098767197723e+01
1.837219042729320506e+01
1.828293411962607351e+01
1.819561419495621024e+01
1.810978978842771880e+01
1.802507858188085166e+01
1.794114898683853099e+01
1.785771290536949962e+01
1.777451927260029407e+01
1.769134847151740786e+01
1.760800759474285826e+01
1.752432646729231180e+01
1.744015432546433786e+01
1.735535704991942296e+01
1.726981486232962126e+01
1.718342040805146453e+01
1.709607715947818107e+01
1.700769808533018690e+01
1.691820454013333830e+01
1.682752533570500830e+01
1.673559596283801909e+01
1.664235793673058339e+01
1.654775824421486874e+01
1.645174887461470803e+01
1.635428641922819182e+01
1.625533172707168106e+01
1.615484960672249670e+01
1.605280856592160177e+01
1.594918058211327150e+01
1.584394089834387032e+01
1.573706783997414149e+01
1.562854264850261998e+01
1.551834932949182289e+01
1.540647451215730257e+01
1.529290731863990871e+01
1.517763924135975984e+01
1.506066402715652153e+01
1.494197756716794601e+01
1.482157779159817856e+01
1.469946456868986218e+01
1.457563960734274566e+01
1.445010636292561301e+01
1.432286994591126295e+01
1.419393703303084564e+01
1.406331578069606181e+01
1.393101574048008828e+01
1.379704777648113989e+01
1.366142398441996697e+01
1.352415761234313329e+01
1.338526298282206284e+01
1.324475541655143829e+01
1.310265115726338969e+01
1.295896729788319135e+01
1.281372170786170273e+01
1.266693296162794447e+01
1.251862026811262929e+01
1.236880340130064582e+01
1.221750263177738383e+01
1.206473865924089139e+01
1.191053254595833977e+01
1.175490565115235952e+01
1.159787956630884231e+01
1.143947605140520629e+01
1.127971697206380242e+01
1.111862423764195107e+01
1.095621974027506695e+01
1.079252529489582635e+01
1.062756258025618372e+01
1.046135308098301664e+01
1.029391803070214628e+01
1.012527835626651829e+01
9.955454623125518765e+00
9.784466981871952740e+00
9.612335116001130331e+00
9.439078190912988831e+00
9.264714804183471486e+00
9.089262937124882313e+00
8.912739907647425852e+00
8.735162324425644442e+00
8.556546042363098792e+00
8.376906119338826784e+00
8.196256774206775120e+00
8.014611346007155745e+00
7.831982254333611060e+00
7.648380960783518034e+00
7.463817931398192940e+00
7.278302599975321030e+00
7.091843332106654074e+00
6.904447389760488996e+00
6.716120896192651735e+00
6.526868800935964998e+00
6.336694844592301479e+00
6.145601523143901623e+00
5.953590051519460857e+00
5.760660326207186266e+00
5.566810886804693048e+00
5.372038876533541618e+00
5.176340001910580746e+00
4.979708491937880233e+00
4.782137057315346773e+00
4.583616850264979448e+00
4.384137425556786205e+00
4.183686703234032578e+00
3.982250933358938649e+00
3.779814662866901820e+00
3.576360704366607024e+00
3.371870106497487196e+00
3.166322125287257983e+00
2.959694195859960963e+00
2.751961903830992817e+00
2.543098955778607007e+00
2.333077148279938395e+00
2.121866335122707614e+00
1.909434392429508520e+00
1.695747181546399807e+00
1.480768509642575115e+00
1.264460088040370023e+00
1.046781488346147704e+00
8.276900964869369215e-01
6.071410647794577287e-01
3.850872621727592926e-01
1.614792228174796451e-01
-6.373490687327598714e-02
-2.906094224905464984e-01
-5.192011170228220118e-01
-7.495693371496788826e-01
-9.817760401700162953e-01
-1.215885851268018625e+00
-1.451966120760113999e+00
-1.690086980914038195e+00
-1.930321401862751252e+00
-2.172745246059632596e+00
-2.417437320635175357e+00
-2.664479426918627158e+00
-2.913956406279956557e+00
-3.165956181327432173e+00
-3.420569791363611500e+00
-3.677891420856574278e+00
-3.938018419523961811e+00
-4.201051312454122666e+00
-4.467093798502088653e+00
-4.736252734998868341e+00
-5.008638106589332395e+00
-5.284362975869878909e+00
-5.563543413090241252e+00
-5.846298402177236397e+00
-6.132749720002827587e+00
-6.423021785612355927e+00
-6.717241475984891075e+00
-7.015537904757554344e+00
-7.318042160278321440e+00
-7.624886999376555785e+00
-7.936206493389969197e+00
-8.252135623299659883e+00
-8.572809821352896265e+00
-8.898364457352235135e+00
-9.228934268924930961e+00
-9.564652736632469399e+00
-9.905651406812062021e+00
-1.025205916763834502e+01
-1.060400148712350976e+01
-1.096159962569131885e+01
-1.132496984060067469e+01
-1.169422260480460452e+01
-1.206946186877514471e+01
-1.245078440018407306e+01
-1.283827924285503563e+01
-1.323202734267558434e+01
-1.363210139364410445e+01
-1.403856596123984346e+01
-1.445147794204659952e+01
-1.487088741713597884e+01
-1.529683895121894821e+01
-1.572937337913764111e+01
-1.616853010520255296e+01
-1.661434991875248457e+01
-1.706687830112226578e+01
-1.752616916541252223e+01
-1.799228893218703007e+01
-1.846532080321703262e+01
-1.894536905413097116e+01
-1.943256312845879918e+01
-1.992706128389668407e+01
-2.042905352101585947e+01
-2.093876351979505301e+01
-2.145644932499847002e+01
-2.198240256179049723e+01
-2.251694603114743032e+01
-2.306042963157273817e+01
-2.361322467719934437e+01
-2.417571682624910068e+01
-2.474829798668505987e+01
-2.533135771160046446e+01
-2.592527471421001906e+01
-2.653040920099121536e+01
-2.714709672050763700e+01
-2.777564414614201027e+01
-2.841632825399796403e+01
-2.906939713967007677e+01
-2.973507446853276548e+01
-3.041356630961783836e+01
-3.110507009823617963e+01
-3.180978513379277217e+01
-3.252792395957752802e+01
-3.325972398825978615e+01
-3.400545881512518775e+01
-3.476544877773895337e+01
-3.554007045082718719e+01
-3.632976488699660678e+01
-3.713504451152008556e+01
-3.795649864316222732e+01
-3.879479763861440489e+01
-3.965069564382046963e+01
-4.052503190253080589e+01
-4.141873046624576915e+01
-4.233279791217780996e+01
-4.326831871044711164e+01
-4.422644752984274419e+01
-4.520839749838400934e+01
-4.621542311329471175e+01
-4.724879608786972085e+01
-4.830977194900421523e+01
-4.939954467304498564e+01
-5.051918611127226200e+01
-5.166956649757104003e+01
-5.285125210815922259e+01
-5.406437641539424277e+01
-5.530848223134862707e+01
-5.658233489251188075e+01
-5.788371109670222836e+01
-5.920917508379791627e+01
-6.055386354213776201e+01
-6.191131204741387251e+01
-6.327336655209365546e+01
-6.463022910788373565e+01
-6.597068203332185021e+01
-6.728251444419846905e+01
-6.855313908503401876e+01
-6.977034260763481655e+01
-7.092307256790290637e+01
-7.200214495955675886e+01
-7.300076658730711188e+01
-7.391480488721596487e+01
-7.474279073200997914e+01
-7.548568963234755813e+01
-7.614650967542468152e+01
-7.672982539852065997e+01
-7.724128889102956919e+01
-7.768718062724221340e+01
-7.807403093109743963e+01
-7.840832416774134117e+01
-7.869628427190200171e+01
-7.894373223252247840e+01
-7.915600258265929767e+01
-7.933790536852190201e+01
-7.949372122216634295e+01
-7.962721910797489500e+01
-7.974168846004944555e+01
-7.983997944451689932e+01
-7.992454681318791643e+01
-7.999749421648562020e+01
-8.006061692676888697e+01
-8.011544172876860159e+01
-8.016326331198293076e+01
-8.020517689983024923e+01
-8.024210711568643717e+01
-8.027483325262763003e+01
-8.030401121016647892e+01
-8.033019240920782522e+01
-8.035384001191867753e+01
-8.037534276788092313e+01
-8.039502678999211582e+01
-8.041316553879123319e+01
-8.042998826606093132e+01
-8.044568714013900035e+01
-8.046042324793842226e+01
-8.047433164310022846e+01
-8.048752558643272437e+01
-8.050010010401416594e+01
-8.051213496999916686e+01
-8.052369720518555596e+01
-8.053484316855100644e+01
-8.054562030706233600e+01
-8.055606861887092407e+01
-8.056622187632868304e+01
-8.057610864787862681e+01
-8.058575315163744790e+01
-8.059517596820396079e+01
-8.060439463578394736e+01
-8.061342414697499237e+01
-8.062227736340187789e+01
-8.063096536175532947e+01
-8.063949772256351878e+01
-8.064788277116647919e+01
-8.065612777881052864e+01
-8.066423913046820360e+01
-8.067222246490889859e+01
-8.068008279161989549e+01
-8.068782458842999006e+01
-8.069545188303835914e+01
-8.070296832112693153e+01
-8.071037722328739505e+01
-8.071768163262349560e+01
-8.072488435457930223e+01
-8.073198799028871520e+01
-8.073899496452153812e+01
-8.074590754912567547e+01
-8.075272788271384172e+01
-8.075945798721794233e+01
-8.076609978183125804e+01
-8.077265509477047090e+01
-8.077912567321881454e+01
-8.078551319174995626e+01
-8.079181925948347498e+01
-8.079804542618009577e+01
-8.080419318744938550e+01
-8.081026398921736131e+01
-8.081625923156906310e+01
-8.082218027207326827e+01
-8.082802842866743731e+01
-8.083380498217604782e+01
-8.083951117851741230e+01
-8.084514823065208589e+01
-8.085071732030752401e+01
-8.085621959951777171e+01
-8.086165619200268395e+01
-8.086702819441416068e+01
-8.087233667746413346e+01
-8.087758268695530717e+01
-8.088276724472612500e+01
-8.088789134952236282e+01
-8.089295597780358094e+01
-8.089796208449573101e+01
-8.090291060369374065e+01
-8.090780244932038556e+01
-8.091263851574974808e+01
-8.091741967839254812e+01
-8.092214679425559609e+01
-8.092682070247039405e+01
-8.093144222479942584e+01
-8.093601216611786242e+01
-8.094053131487562780e+01
-8.094500044354124668e+01
-8.094942030902660690e+01
-8.095379165309664415e+01
-8.095811520276275530e+01
-8.096239167066347875e+01
-8.096662175543016815e+01
-8.097080614204155324e+01
-8.097494550216568143e+01
-8.097904049449057595e+01
-8.098309176504436380e+01
-8.098709994750518604e+01
-8.099106566350198477e+01
-8.099498952290456089e+01
-8.099887212410651216e+01
-8.100271405429803906e+01
-8.100651588973195771e+01
-8.101027819598132851e+01
-8.101400152818894185e+01
-8.101768643131070746e+01
-8.102133344035091511e+01
-8.102494308059205252e+01
-8.102851586781638105e+01
-8.103205230852333329e+01
-8.103555290013930801e+01
-8.103901813122175213e+01
-8.104244848165859594e+01
-8.104584442286174806e+01
-8.104920641795423819e+01
-8.105253492195419085e+01
-8.105583038195229051e+01
-8.105909323728539562e+01
-8.106232391970509354e+01
-8.106552285354213438e+01
-8.106869045586563516e+01
-8.107182713664006712e+01
-8.107493329887500977e+01
-8.107800933877490479e+01
-8.108105564588151992e+01
-8.108407260321438059e+01
-8.108706058740757783e+01
-8.109001996884299501e+01
-8.109295111177983983e+01
-8.109585437448100720e+01
-8.109873010933681314e+01
-8.110157866298450813e+01
-8.110440037642626976e+01
-8.110719558514331595e+01
-8.110996461920684908e+01
-8.111270780338756481e+01
-8.111542545726170772e+01
-8.111811789531429895e+01
-8.112078542704014694e+01
-8.112342835704278343e+01
-8.112604698513079882e+01
-8.112864160641126432e+01
-8.113121251138220202e+01
-8.113375998602121797e+01
-8.113628431187390788e+01
-8.113878576613855387e+01
-8.114126462175050847e+01
-8.114372114746203124e+01
-8.114372090813770910e+01
