-8.145821383214895661e+01
-8.146203371340847355e+01
-8.146589798440196262e+01
-8.146763503607482448e+01
-8.146936526600472916e+01
-8.147040910889985810e+01
-8.147200052278344629e+01
-8.147261152610518309e+01
-8.147363122501830901e+01
-8.147459965138411064e+01
-8.147501701756500836e+01
-8.147499793623615005e+01
-8.147620480755809069e+01
-8.147654812297159310e+01
-8.147769183029029705e+01
-8.147730743326614800e+01
-8.147794148144915027e+01
-8.147748662703354228e+01
-8.147726202121691585e+01
-8.147852422637328118e+01
-8.147928260694243363e+01
-8.147852002704971142e+01
-8.147859983553999541e+01
-8.147899736692663453e+01
-8.147953679878690991e+01
-8.148013971145012135e+01
-8.148009740418181934e+01
-8.148008319519730946e+01
-8.148047322434032935e+01
-8.147907019612803481e+01
-8.147881738985194033e+01
-8.147895995886462117e+01
-8.148009124547174054e+01
-8.148028909525606878e+01
-8.148036197434122130e+01
-8.147988651774873858e+01
-8.148060586824009022e+01
-8.148030202852723392e+01
-8.148006455121716840e+01
-8.148063675768904091e+01
-8.148083810904523716e+01
-8.148147066457086396e+01
-8.148069504785306094e+01
-8.147961144667775102e+01
-8.147948851412083116e+01
-8.148024434819504336e+01
-8.148132018093025408e+01
-8.148141423674574924e+01
-8.148094439395030975e+01
-8.148146577021563530e+01
-8.148049961145403586e+01
-8.148023505774030184e+01
-8.147558325483983310e+01
-8.147032891439316415e+01
-8.128833449664253408e+01
-8.336735139619398183e+01
-4.026625717768426682e+01
1.604694496393758030e+01
1.970448242403039174e+01
2.044055443074059042e+01
2.024373075931832489e+01
2.020531447375925183e+01
2.035930684090605070e+01
2.062825588217448569e+01
2.097102419922658001e+01
2.136035209532726498e+01
2.177542473676832557e+01
2.219961368508008803e+01
2.262122512907987115e+01
2.303174329033600287e+01
2.342553573591109384e+01
2.380039200224569740e+01
2.415355122453318160e+01
2.448263958394530704e+01
2.478800372808001740e+01
2.507106417016924738e+01
2.533062260502012464e+01
2.556619012632155474e+01
2.577866536027610067e+01
2.596909710446565711e+01
2.613835048543776907e+01
2.628725269131241404e+01
2.641667894014220863e+01
2.652754008013670628e+01
2.662076396998391914e+01
2.669728166984150519e+01
2.675801694413890885e+01
2.680387795901418713e+01
2.683575065549398175e+01
2.685449351720164657e+01
2.686093353810433371e+01
2.685586323139387588e+01
2.684003853930316907e+01
2.681417751676735151e+01
2.677895967307812342e+01
2.673502586625055599e+01
2.668297865506190547e+01
2.662338302367215803e+01
2.655676740332496877e+01
2.648362492478402075e+01
2.640441484377987535e+01
2.631956408977476869e+01
2.622946889573890772e+01
2.613449647334598325e+01
2.603498670403700288e+01
2.593125382177280969e+01
2.582358806802896467e+01
2.571225730371094542e+01
2.559750856622913062e+01
2.547956956301736042e+01
2.535865009535411119e+01
2.523494340850050577e+01
2.510862746595319450e+01
2.497986614706689679e+01
2.484881036847309588e+01
2.471559913065005532e+01
2.458036049171695936e+01
2.444321247106461215e+01
2.430426388582853647e+01
2.416361512347716811e+01
2.402135885395333403e+01
2.387758068489112162e+01
2.373235976344536979e+01
2.358576932823582695e+01
2.343787721482859254e+01
2.328874631807164519e+01
2.313843501446708473e+01
2.298699754761813097e+01
2.283448437962933397e+01
2.268094251117566174e+01
2.252641577279208107e+01
2.237094508976741736e+01
2.221456872286571738e+01
2.205732248694108577e+01
2.189923994936006935e+01
2.174035260999929875e+01
2.158069006445035498e+01
2.142028015193210777e+01
2.125914908928979585e+01
2.109732159234387083e+01
2.093482098574658323e+01
2.077166930240407083e+01
2.060788737342937083e+01
2.044349490950731507e+01
2.027851057447324479e+01
2.011295205183501267e+01
1.994683610490133319e+01
1.978017863111939079e+01
1.961299471116659987e+01
1.944529865329253937e+01
1.927710403335870382e+01
1.910842373098214964e+01
1.893926996214902303e+01
1.876965430862997408e+01
1.859958774449513186e+01
1.842908065999965217e+01
1.825814288308135502e+01
1.808678369868934510e+01
1.791501186614079799e+01
1.774283563468147662e+01
1.757026275740853194e+01
1.739730050369810854e+01
1.722395567026377350e+01
1.705023459096000593e+01
1.687614314543084504e+01
1.670168676669493024e+01
1.652687044774524239e+01
1.635169874723566252e+01
1.617617579431554375e+01
1.600030529266778601e+01
1.582409052379748360e+01
1.564753434961372136e+01
1.547063921433954548e+01
1.529340714578129479e+01
1.511583975598323448e+01
1.493793824128889369e+01
1.475970338182759889e+01
1.458113554043930549e+01
1.440223466104970207e+01
1.422300026650283833e+01
1.404343145585716535e+01
1.386352690114732589e+01
1.368328484361283515e+01
1.350270308939246355e+01
1.332177900468114373e+01
1.314050951034583292e+01
1.295889107599449908e+01
1.277691971349218392e+01
1.259459096991753846e+01
1.241189991995231523e+01
1.222884115769729974e+01
1.204540878790700198e+01
1.186159641663728692e+01
1.167739714129989004e+01
1.149280354011896144e+01
1.130780766098571277e+01
1.112240100970778833e+01
1.093657453765114873e+01
1.075031862877202649e+01
1.056362308603634403e+01
1.037647711722251032e+01
1.018886932010152258e+01
1.000078766698367261e+01
9.812219488616340968e+00
9.623151457409139908e+00
9.433569569953389689e+00
9.243459128791467805e+00
9.052804723376560503e+00
8.861590210149183022e+00
8.669798691636687593e+00
8.477412494463587578e+00
8.284413146136508033e+00
8.090781350443050357e+00
7.896496961273749449e+00
7.701538954643359247e+00
7.505885398648458384e+00
7.309513421056816895e+00
7.112399174180258576e+00
6.914517796644110703e+00
6.715843371643014592e+00
6.516348881275868088e+00
6.316006156598319876e+00
6.114785823130072906e+00
5.912657241712301115e+00
5.709588444819750030e+00
5.505546068668605741e+00
5.300495281686353088e+00
5.094399710076641163e+00
4.887221361275202014e+00
4.678920546026076543e+00
4.469455799610178914e+00
4.258783802460149204e+00
4.046859300050050123e+00
3.833635021616843552e+00
3.619061597007475761e+00
3.403087470784067925e+00
3.185658812669661888e+00
2.966719423465064231e+00
2.746210635684836809e+00
2.524071208315885162e+00
2.300237215265381607e+00
2.074641927214488035e+00
1.847215686718929328e+00
1.617885776493050987e+00
1.386576280883116574e+00
1.153207940584751512e+00
9.176980006961807934e-01
6.799600522305389028e-01
4.399038672446936582e-01
1.974352277836291525e-01
-4.754425110645435493e-02
-2.951373039727965275e-01
-5.454512027443350064e-01
-7.985979491871121327e-01
-1.054694471361304231e+00
-1.313862823246349620e+00
-1.576230386499905434e+00
-1.841930073078761332e+00
-2.111100527171769325e+00
-2.383886324571213855e+00
-2.660438167236439000e+00
-2.940913070377069616e+00
-3.225474538898634780e+00
-3.514292729506875101e+00
-3.807544594153894568e+00
-4.105413999825234583e+00
-4.408091818908755677e+00
-4.715775983551116823e+00
-5.028671496494374615e+00
-5.346990389917968045e+00
-5.670951622746031262e+00
-6.000780905834192325e+00
-6.336710443371566193e+00
-6.678978577809716377e+00
-7.027829324747537854e+00
-7.383511783544824958e+00
-7.746279409153805418e+00
-8.116389130932088136e+00
-8.494100305271240714e+00
-8.879673491040662725e+00
-9.273369040472472236e+00
-9.675445503635915045e+00
-1.008615785254595387e+01
-1.050575554174312565e+01
-1.093448043635240374e+01
-1.137256465655338822e+01
-1.182022840923803564e+01
-1.227767790314830521e+01
-1.274510347215833583e+01
-1.322267806095807074e+01
-1.371055625557493585e+01
-1.420887406412770204e+01
-1.471774966599888224e+01
-1.523728534429578474e+01
-1.576757079062576850e+01
-1.630868791669510998e+01
-1.686071721928618672e+01
-1.742374562169718644e+01
-1.799787555771416336e+01
-1.858323488094712062e+01
-1.917998698657503098e+01
-1.978834034495666927e+01
-2.040855649505882852e+01
-2.104095546441472209e+01
-2.168591760901691856e+01
-2.234388103689054716e+01
-2.301533411800053841e+01
-2.370080309296172771e+01
-2.440083544053582187e+01
-2.511598037106862691e+01
-2.584676845631360464e+01
-2.659369283749331103e+01
-2.735719453274175095e+01
-2.813765401583579617e+01
-2.893539048281958515e+01
-2.975066919801901832e+01
-3.058371623198830491e+01
-3.143473900092342177e+01
-3.230395046081891763e+01
-3.319159466435065298e+01
-3.409797160724260578e+01
-3.502345974969455256e+01
-3.596853514732562473e+01
-3.693378663349978552e+01
-3.791992687203438805e+01
-3.892779930322349458e+01
-3.995838103202068936e+01
-4.101278160101836079e+01
-4.209223721291679254e+01
-4.319809955340535623e+01
-4.433181796513711248e+01
-4.549491288494193242e+01
-4.668893766273863122e+01
-4.791542491205902365e+01
-4.917581246225513070e+01
-5.047134290121010025e+01
-5.180292983466453194e+01
-5.317098375406352062e+01
-5.457519148418210619e+01
-5.601424660187885962e+01
-5.748553531394659899e+01
-5.898479441683152658e+01
-6.050577579193350175e+01
-6.203997406419791361e+01
-6.357649553576304413e+01
-6.510215754952007217e+01
-6.660189511755679348e+01
-6.805950588540653712e+01
-6.945868746852092102e+01
-7.078423374843347915e+01
-7.202319350011052279e+01
-7.316578676210879451e+01
-7.420592970391523124e+01
-7.514131600700885372e+01
-7.597310325923717755e+01
-7.670532213118742959e+01
-7.734414954613424698e+01
-7.789717108376218846e+01
-7.837272028806967228e+01
-7.877934127191680602e+01
-7.912538741543451692e+01
-7.941874706741180034e+01
-7.966667602088459432e+01
-7.987571310773041944e+01
-8.005165639653372978e+01
-8.019958078986657313e+01
-8.032388178613976493e+01
-8.042833397455481759e+01
-8.051615609891150882e+01
-8.059007714708812387e+01
-8.065239992217571796e+01
-8.070506001263775886e+01
-8.074967910518536485e+01
-8.078761227522242905e+01
-8.081998933271358965e+01
-8.084775056689949224e+01
-8.087167737615175156e+01
-8.089241833014970950e+01
-8.091051121993359629e+01
-8.092640162789724911e+01
-8.094045850855597735e+01
-8.095298722137006564e+01
-8.096424040500913577e+01
-8.097442703189598490e+01
-8.098371993476014552e+01
-8.099226205429191339e+01
-8.100017161919235775e+01
-8.100754643692741297e+01
-8.101446744502217712e+01
-8.102100164837995067e+01
-8.102720454743766254e+01
-8.103312214449060491e+01
-8.103879260083269287e+01
-8.104424760504984704e+01
-8.104951350251205611e+01
-8.105461222753571349e+01
-8.105956207255186996e+01
-8.106437832268790089e+01
-8.106907377924937919e+01
-8.107365919151700950e+01
-8.107814361288939153e+01
-8.108253469462002272e+01
-8.108683892807334814e+01
-8.109106184452987520e+01
-8.109520817997915287e+01
-8.109928201104717971e+01
-8.110328686712115598e+01
-8.110722582285306714e+01
-8.111110157448578661e+01
-8.111491650284430932e+01
-8.111867272533224593e+01
-8.112237213886793086e+01
-8.112601645534962813e+01
-8.112960723096213655e+01
-8.113314589040871283e+01
-8.113663374695589425e+01
-8.114007201902910538e+01
-8.114346184396282524e+01
-8.114680428940435775e+01
-8.115010036278327732e+01
-8.115335101918402927e+01
-8.115655716790182339e+01
-8.115971967791166719e+01
-8.116283938244022522e+01
-8.116591708279642603e+01
-8.116895355158928282e+01
-8.117194953544080249e+01
-8.117490575727910596e+01
-8.117782291828498842e+01
-8.118070169955205984e+01
-8.118354276350785881e+01
-8.118634675513796140e+01
-8.118911430304520138e+01
-8.119184602037167053e+01
-8.119454250560849573e+01
-8.119720434330641012e+01
-8.119983210470995516e+01
-8.120242634832339945e+01
-8.120498762041820839e+01
-8.120751645549572117e+01
-8.121001337670655573e+01
-8.121247889623698768e+01
-8.121491351566504591e+01
-8.121731772629063073e+01
-8.121969200944559475e+01
-8.122203683678159791e+01
-8.122435267054366648e+01
-8.122663996382809160e+01
-8.122889916082698392e+01
-8.123113069706148792e+01
-8.123333499960452286e+01
-8.123551248729391716e+01
-8.123766357093656154e+01
-8.123978865350562728e+01
-8.124188813032965584e+01
-8.124396238927526781e+01
-8.124601181092353386e+01
-8.124803676874125813e+01
-8.125003762924485784e+01
-8.125201475216104541e+01
-8.125396849058279258e+01
-8.125589919111777704e+01
-8.125780719403614683e+01
-8.125969283341190419e+01
-8.126155643726025346e+01
-8.126339832767240523e+01
-8.126521882094503724e+01
-8.126701822770799311e+01
-8.126879685304679413e+01
-8.127055499662307625e+01
-8.127229295279164489e+01
-8.127401101071355072e+01
-8.127570945446807116e+01
-8.127738856315994553e+01
-8.127904861102453538e+01
-8.128068986753117997e+01
-8.128231259748199022e+01
-8.128391706111059989e+01
-8.128550351417587194e+01
-8.128707220805557654e+01
-8.128862338983634572e+01
-8.129015730240169546e+01
-8.129167418451858396e+01
-8.129317427092024673e+01
-8.129465779238907430e+01
-8.129612497583606512e+01
-8.129757604437864416e+01
-8.129901121741698944e+01
-8.130043071070832639e+01
-8.130183473643931791e+01
-8.130322350329716130e+01
-8.130459721653839722e+01
-8.130595607805599911e+01
-8.130730028644696006e+01
-8.130863003707489156e+01
-8.130994552213414295e+01
-8.131124693071062381e+01
-8.131253444884221437e+01
-8.131380825957772629e+01
-8.131506854303358978e+01
-8.131506837817316580e+01
