-8.152835132043810518e+01
-8.158618924593977795e+01
-8.163144057433295586e+01
-8.166559055884769691e+01
-8.169222904263152429e+01
-8.171226068582461721e+01
-8.172849933277652212e+01
-8.174054380119449092e+01
-8.174970921829853410e+01
-8.175764832340989585e+01
-8.176331591782151520e+01
-8.176702616818775482e+01
-8.177108030081252821e+01
-8.177378590744712028e+01
-8.177643771334254552e+01
-8.177774307779488083e+01
-8.177901439921865290e+01
-8.177971613699807563e+01
-8.177978163206940110e+01
-8.178121904545626819e+01
-8.178211525917099323e+01
-8.178221094323482987e+01
-8.178197031198661193e+01
-8.178195426769329401e+01
-8.178305276288212156e+01
-8.178340979619940754e+01
-8.178380821338156181e+01
-8.178312904695989971e+01
-8.178391511077037990e+01
-8.178259302669508202e+01
-8.178201720664569052e+01
-8.178219584731688485e+01
-8.178314687110739101e+01
-8.178316990421694754e+01
-8.178357788415017637e+01
-8.178281729155507662e+01
-8.178284143524386707e+01
-8.178334935884522849e+01
-8.178290517157641659e+01
-8.178266884083268451e+01
-8.178355232455578516e+01
-8.178381715580202638e+01
-8.178382992020910081e+01
-8.178239702500133035e+01
-8.178192259848339063e+01
-8.178178114291274881e+01
-8.178333126422811006e+01
-8.178377756622973038e+01
-8.178278481041856196e+01
-8.178394054431792881e+01
-8.178261301641965986e+01
-8.178320367060301521e+01
-8.178103634388885723e+01
-8.177878809607099697e+01
-8.165915783012668783e+01
-8.293677628186098616e+01
-6.458958551779173263e+01
2.012509930969928718e+01
2.341059429888145260e+01
2.092444805759587467e+01
2.024073152298878853e+01
2.017961253948215372e+01
2.027476634076503714e+01
2.047292544165071604e+01
2.075484172694292795e+01
2.108916009291536753e+01
2.144788211456432947e+01
2.181021548892315565e+01
2.215979436953395876e+01
2.248363599836338267e+01
2.277061235561009767e+01
2.301184994481368307e+01
2.319688842106082660e+01
2.331137704816987721e+01
2.333887949042822640e+01
2.326123387846229917e+01
2.306252088337971173e+01
2.274801963718844888e+01
2.236230523222197064e+01
2.196410396558136213e+01
2.159012329896475890e+01
2.125089427794771169e+01
2.094477791478654183e+01
2.066754744122419396e+01
2.041554463321854485e+01
2.018602110110080261e+01
1.997678361751706078e+01
1.978587361408551715e+01
1.961141444722144911e+01
1.945157943344270635e+01
1.930460837605181368e+01
1.916883530231988431e+01
1.904271787691619622e+01
1.892485512239169410e+01
1.881398952349723075e+01
1.870900281924383179e+01
1.860891164031922429e+01
1.851286469136160306e+01
1.842013473705831927e+01
1.833009907197898158e+01
1.824221917610680421e+01
1.815602747081487678e+01
1.807111822535367551e+01
1.798713957264170560e+01
1.790378603868368756e+01
1.782079175945473537e+01
1.773792453871359243e+01
1.765498076878790101e+01
1.757178115036669652e+01
1.748816711194653095e+01
1.740399782460388423e+01
1.731914771637381634e+01
1.723350440325074473e+01
1.714696696654948482e+01
1.705944451767808800e+01
1.697085500102847888e+01
1.688112419383552520e+01
1.679018486869816940e+01
1.669797609021539486e+01
1.660444262202673116e+01
1.650953442461172571e+01
1.641320622760634151e+01
1.631541716324061042e+01
1.621613044987463681e+01
1.611531311658167098e+01
1.601293576136228580e+01
1.590897233692535373e+01
1.580339995908658501e+01
1.569619873375268604e+01
1.558735159921058866e+01
1.547684418106064541e+01
1.536466465763250966e+01
1.525080363413492890e+01
1.513525402412388132e+01
1.501801093714368918e+01
1.489907157161411000e+01
1.477843511221421835e+01
1.465610263115376988e+01
1.453207699283889376e+01
1.440636276152811490e+01
1.427896611164927521e+01
1.414989474050414131e+01
1.401915778313544436e+01
1.388676572916603469e+01
1.375273034145114615e+01
1.361706457640649326e+01
1.347978250589477689e+01
1.334089924056890730e+01
1.320043085458228305e+01
1.305839431158800501e+01
1.291480739195820959e+01
1.276968862116324566e+01
1.262305719925754666e+01
1.247493293142767179e+01
1.232533615956318052e+01
1.217428769481974093e+01
1.202180875114895464e+01
1.186792087977723398e+01
1.171264590462204858e+01
1.155600585864051233e+01
1.139802292111176740e+01
1.123871935586119264e+01
1.107811745043944107e+01
1.091623945627587489e+01
1.075310752983072859e+01
1.058874367477441858e+01
1.042316968522661469e+01
1.025640709009005569e+01
1.008847709851628061e+01
9.919400546540369845e+00
9.749197844921715372e+00
9.577888928225295473e+00
9.405493205174760618e+00
9.232029510303398467e+00
9.057516056923274661e+00
8.881970391425372924e+00
8.705409348914406209e+00
8.527849010174058719e+00
8.349304659946467311e+00
8.169790746499423051e+00
7.989320842442696247e+00
7.807907606739816764e+00
7.625562747846611700e+00
7.442296987887545789e+00
7.258120027757686721e+00
7.073040513010569796e+00
6.887066000359785001e+00
6.700202924587651765e+00
6.512456565621067561e+00
6.323831015508212694e+00
6.134329145018460494e+00
5.943952569602120484e+00
5.752701614492957916e+00
5.560575278824314793e+00
5.367571198753663175e+00
5.173685609745222180e+00
4.978913308322030495e+00
4.783247613742108051e+00
4.586680330146701401e+00
4.389201709746422431e+00
4.190800417540844869e+00
3.991463497913292802e+00
3.791176343228843670e+00
3.589922664324310286e+00
3.387684462554639619e+00
3.184442002884519507e+00
2.980173787408011865e+00
2.774856528648128151e+00
2.568465122024558234e+00
2.360972616962737636e+00
2.152350186230287843e+00
1.942567093206955420e+00
1.731590656906618175e+00
1.519386214664548262e+00
1.305917082476823365e+00
1.091144513030971153e+00
8.750276515015016354e-01
6.575234892052440605e-01
4.385868152238346362e-01
2.181701661090034716e-01
-3.776226206258588049e-03
-2.273044881582082233e-01
-4.524691598193024689e-01
-6.793272515177416482e-01
-9.079383016224801262e-01
-1.138364435276068898e+00
-1.370670423820874895e+00
-1.604923744620674775e+00
-1.841194640928546233e+00
-2.079556181393856118e+00
-2.320084318734718654e+00
-2.562857947028205352e+00
-2.807958956987263832e+00
-3.055472288501183353e+00
-3.305485979614248837e+00
-3.558091211005248056e+00
-3.813382344907518817e+00
-4.071456957275986888e+00
-4.332415861863843531e+00
-4.596363124718199522e+00
-4.863406067442568315e+00
-5.133655257407685468e+00
-5.407224482923301601e+00
-5.684230711218474674e+00
-5.964794026920620773e+00
-6.249037548586661828e+00
-6.537087320726286954e+00
-6.829072178686494965e+00
-7.125123583750956335e+00
-7.425375425870461399e+00
-7.729963791608183143e+00
-8.039026695190239380e+00
-8.352703771040770775e+00
-8.671135926900378266e+00
-8.994464957638292901e+00
-9.322833121236000053e+00
-9.656382680216522019e+00
-9.995255414100322255e+00
-1.033959211135985079e+01
-1.068953205288187469e+01
-1.104521250320744841e+01
-1.140676823080377034e+01
-1.177433108432894571e+01
-1.214802965819201575e+01
-1.252798908752519402e+01
-1.291433101969869668e+01
-1.330717381631754925e+01
-1.370663304569600704e+01
-1.411282233039602652e+01
-1.452585461665555755e+01
-1.494584393137456679e+01
-1.537290768662441387e+01
-1.580716958024816599e+01
-1.624876312312039417e+01
-1.669783579868364143e+01
-1.715455382885816249e+01
-1.761910748322835119e+01
-1.809171682619037114e+01
-1.857263774926760647e+01
-1.906216808209891056e+01
-1.956065351544491904e+01
-2.006849300573561834e+01
-2.058614327081768991e+01
-2.111412194249426477e+01
-2.165300892547876188e+01
-2.220344553368687457e+01
-2.276613104063664395e+01
-2.334181640146270453e+01
-2.393129509284478473e+01
-2.453539128125551017e+01
-2.515494585915155668e+01
-2.579080125029937420e+01
-2.644378622637773901e+01
-2.711470223319359718e+01
-2.780431283283953903e+01
-2.851333777626720334e+01
-2.924245290330145153e+01
-2.999229654454593330e+01
-3.076348245137858939e+01
-3.155661862873154533e+01
-3.237233091361154891e+01
-3.321128981517181700e+01
-3.407423904124642888e+01
-3.496202426051120682e+01
-3.587562091935338060e+01
-3.681616024690465139e+01
-3.778495284366356088e+01
-3.878350939591823732e+01
-3.981355805312882268e+01
-4.087705783766053003e+01
-4.197620694274993269e+01
-4.311344393234970340e+01
-4.429143887008478231e+01
-4.551306952057200306e+01
-4.678137541337275707e+01
-4.809947939295904717e+01
-4.947046223320444369e+01
-5.089717109792106697e+01
-5.238193765024775672e+01
-5.392617798962358933e+01
-5.552984759522581726e+01
-5.719073591148174529e+01
-5.890361569129469643e+01
-6.065932091017849359e+01
-6.244391690267804762e+01
-6.423823083866898287e+01
-6.601807965805387823e+01
-6.775548598813973911e+01
-6.942094601883758287e+01
-7.098643870807217127e+01
-7.242851168526183869e+01
-7.373066603438320499e+01
-7.488448712732942170e+01
-7.588941147165597556e+01
-7.675143535891190538e+01
-7.748127682718939013e+01
-7.809247638926365198e+01
-7.859976091513891561e+01
-7.901781338109135788e+01
-7.936045663381719351e+01
-7.964018706719839713e+01
-7.986797020955980031e+01
-8.005321412252057200e+01
-8.020385218159425733e+01
-8.032648484485716267e+01
-8.042654604734273960e+01
-8.050847244257934676e+01
-8.057586283800583260e+01
-8.063162139459910804e+01
-8.067808216763548046e+01
-8.071711497872291829e+01
-8.075021393399052272e+01
-8.077857052254053372e+01
-8.080313341795299209e+01
-8.082465705041174431e+01
-8.084374083761409224e+01
-8.086086073174101330e+01
-8.087639449921623225e+01
-8.089064192209460202e+01
-8.090384090533348171e+01
-8.091618029664488176e+01
-8.092781007505482194e+01
-8.093884943867618631e+01
-8.094939321865309978e+01
-8.095951696165251121e+01
-8.096928095466012110e+01
-8.097873341046732776e+01
-8.098791298774168013e+01
-8.099685078394261950e+01
-8.100557191087268905e+01
-8.101409673996263905e+01
-8.102244188633356714e+01
-8.103062098632025823e+01
-8.103864531174951935e+01
-8.104652425523013903e+01
-8.105426571354774978e+01
-8.106187639058228456e+01
-8.106936203668102792e+01
-8.107672763786413839e+01
-8.108397756542304080e+01
-8.109111569426495691e+01
-8.109814549658426586e+01
-8.110507011606496519e+01
-8.111189242671838429e+01
-8.111861507959309847e+01
-8.112524053991609208e+01
-8.113177111667522468e+01
-8.113820898624005906e+01
-8.114455621126779761e+01
-8.115081475588931426e+01
-8.115698649795058373e+01
-8.116307323892731063e+01
-8.116907671199527385e+01
-8.117499858864115936e+01
-8.118084048411296294e+01
-8.118660396194914597e+01
-8.119229053777337413e+01
-8.119790168250520423e+01
-8.120343882509817490e+01
-8.120890335490418011e+01
-8.121429662373270730e+01
-8.121961994766327564e+01
-8.122487460865792741e+01
-8.123006185600989681e+01
-8.123518290765495919e+01
-8.124023895137158036e+01
-8.124523114588531314e+01
-8.125016062189433796e+01
-8.125502848302524228e+01
-8.125983580673036499e+01
-8.126458364513482024e+01
-8.126927302583644064e+01
-8.127390495266610060e+01
-8.127848040641359262e+01
-8.128300034551789111e+01
-8.128746570673038718e+01
-8.129187740574887755e+01
-8.129623633782733805e+01
-8.130054337836115508e+01
-8.130479938345135338e+01
-8.130900519044708119e+01
-8.131316161846972079e+01
-8.131726946891647856e+01
-8.132132952594889730e+01
-8.132534255696293712e+01
-8.132930931304296962e+01
-8.133323052940177433e+01
-8.133710692580586965e+01
-8.134093920698467173e+01
-8.134472806302945003e+01
-8.134847416977653722e+01
-8.135217818918104626e+01
-8.135584076967646183e+01
-8.135946254652373000e+01
-8.136304414214870917e+01
-8.136658616647129350e+01
-8.137008921722079435e+01
-8.137355388024458591e+01
-8.137698072980630570e+01
-8.138037032887427813e+01
-8.138372322940206516e+01
-8.138703997260080314e+01
-8.139032108920201836e+01
-8.139356709971367820e+01
-8.139677851466915115e+01
-8.139995583486697228e+01
-8.140309955160556399e+01
-8.140621014690998436e+01
-8.140928809375233755e+01
-8.141233385626520658e+01
-8.141534788995151928e+01
-8.141833064188428182e+01
-8.142128255090395328e+01
-8.142420404780932586e+01
-8.142709555554154122e+01
-8.142995748936642997e+01
-8.143279025704769936e+01
-8.143559425901754878e+01
-8.143836988854332049e+01
-8.144111753188721536e+01
-8.144383756846370659e+01
-8.144653037099155313e+01
-8.144919630564227475e+01
-8.145183573218457695e+01
-8.145444900412410050e+01
-8.145703646884062721e+01
-8.145959846772143464e+01
-8.146213533628980485e+01
-8.146464740433221152e+01
-8.146713499602050490e+01
-8.146959843003205037e+01
-8.147203801966587378e+01
-8.147445407295619191e+01
-8.147684689278349879e+01
-8.147921677698195708e+01
-8.148156401844470054e+01
-8.148388890522618055e+01
-8.148619172064212535e+01
-8.148847274336672797e+01
-8.149073224752734745e+01
-8.149297050279827204e+01
-8.149518777448909645e+01
-8.149738432363456297e+01
-8.149956040707895966e+01
-8.150171627756155601e+01
-8.150385218379717855e+01
-8.150596837055645949e+01
-8.150806507874344220e+01
-8.151014254547189353e+01
-8.151220100413972602e+01
-8.151424068450099014e+01
-8.151626181273698535e+01
-8.151826461152478487e+01
-8.152024930010603043e+01
-8.152221609435135008e+01
-8.152416520682500334e+01
-8.152609684684871638e+01
-8.152801122056203553e+01
-8.152990853098324919e+01
-8.153178897806715497e+01
-8.153178881641417775e+01
