-8.145715731102654900e+01
-8.145983387042576851e+01
-8.146258607295652610e+01
-8.146336085305622987e+01
-8.146419654706645019e+01
-8.146443799603140690e+01
-8.146526253591889599e+01
-8.146523697879597137e+01
-8.146569185489701681e+01
-8.146618710951597109e+01
-8.146620562485489359e+01
-8.146588181256571204e+01
-8.146682625639823527e+01
-8.146697931170128015e+01
-8.146793925430725380e+01
-8.146742313241888667e+01
-8.146791706515654141e+01
-8.146734964504238974e+01
-8.146700540559288584e+01
-8.146814249290564192e+01
-8.146878982364584942e+01
-8.146794889575464538e+01
-8.146791948705666186e+01
-8.146819138726937126e+01
-8.146867981122252900e+01
-8.146918782839794915e+01
-8.146910859498716206e+01
-8.146898413729499566e+01
-8.146931855300154268e+01
-8.146785513271879609e+01
-8.146750178310210799e+01
-8.146754902824605438e+01
-8.146862931836918165e+01
-8.146876682914896151e+01
-8.146878860678324941e+01
-8.146822439992568832e+01
-8.146888320119695948e+01
-8.146854087417939638e+01
-8.146822037029241415e+01
-8.146871881597557774e+01
-8.146888100515739950e+01
-8.146943545294426769e+01
-8.146865451772465860e+01
-8.146746884489934359e+01
-8.146725933637880246e+01
-8.146793217294711553e+01
-8.146900176830362739e+01
-8.146905109141589207e+01
-8.146851271757894608e+01
-8.146904397589490543e+01
-8.146797984173002760e+01
-8.146768791171614055e+01
-8.146293935077181914e+01
-8.145881512710217009e+01
-8.127520667024658962e+01
-8.345691628729107947e+01
-4.193673928075518376e+01
1.604942521470281847e+01
2.115043240402002311e+01
2.276099877198600296e+01
2.317427628286683472e+01
2.351873544934670335e+01
2.386829614762365992e+01
2.419814738704427626e+01
2.451057165749806543e+01
2.480835574866404158e+01
2.509064642508253939e+01
2.535362162380164364e+01
2.559329106253781916e+01
2.580539273200905370e+01
2.598615624854561901e+01
2.613388358858948024e+01
2.624440717633484965e+01
2.631217368948261992e+01
2.633325985954600412e+01
2.630196458409719895e+01
2.620799021570907783e+01
2.603901538618369216e+01
2.578391049061313467e+01
2.543859802869819831e+01
2.501773307372341648e+01
2.455784854488268820e+01
2.409955759439863954e+01
2.366754685046061368e+01
2.326903243729521265e+01
2.290237613137060180e+01
2.256371530858868724e+01
2.224958351664776757e+01
2.195737296981686271e+01
2.168510317585563385e+01
2.143112477608949007e+01
2.119393058605967539e+01
2.097207166224609409e+01
2.076413581408105813e+01
2.056875606016690838e+01
2.038462960368660859e+01
2.021053396932924784e+01
2.004533627639897375e+01
1.988799786770545452e+01
1.973757606457204972e+01
1.959322437770328662e+01
1.945419063033707019e+01
1.931980930913089978e+01
1.918948885751713718e+01
1.906270012907553735e+01
1.893896867188733779e+01
1.881786911226345538e+01
1.869902005336143702e+01
1.858207914208248823e+01
1.846673843858706832e+01
1.835272023568619915e+01
1.823977338682620442e+01
1.812767013163506391e+01
1.801620337251920745e+01
1.790518434430206796e+01
1.779444061982024294e+01
1.768381440026326956e+01
1.757316104608581142e+01
1.746234781099138189e+01
1.735125274731938205e+01
1.723976375612889456e+01
1.712777775946693737e+01
1.701519997584951227e+01
1.690194328298559157e+01
1.678792765431393974e+01
1.667307965807574988e+01
1.655733200946454531e+01
1.644062316793129597e+01
1.632289697301271758e+01
1.620410231313517002e+01
1.608419282275527351e+01
1.596312660395364524e+01
1.584086596923080315e+01
1.571737720277920758e+01
1.559263033794182718e+01
1.546659894892749953e+01
1.533925995515580176e+01
1.521059343684956033e+01
1.508058246070005026e+01
1.494921291459988844e+01
1.481647335057911974e+01
1.468235483519708140e+01
1.454685080674017250e+01
1.440995693865620986e+01
1.427167100872414629e+01
1.413199277351500704e+01
1.399092384774773734e+01
1.384846758818520662e+01
1.370462898175053645e+01
1.355941453757502657e+01
1.341283218271521704e+01
1.326489116130129098e+01
1.311560193689933662e+01
1.296497609789091499e+01
1.281302626568998448e+01
1.265976600563437771e+01
1.250520974040510325e+01
1.234937266584026894e+01
1.219227066902573675e+01
1.203392024855693165e+01
1.187433843687976598e+01
1.171354272463025659e+01
1.155155098690458537e+01
1.138838141140250393e+01
1.122405242839729844e+01
1.105858264249601675e+01
1.089199076616283079e+01
1.072429555498722564e+01
1.055551574468646159e+01
1.038566998983893974e+01
1.021477680435092061e+01
1.004285450366400134e+01
9.869921148713734382e+00
9.695994491652788483e+00
9.521091923351862718e+00
9.345230422690882222e+00
9.168426507649785506e+00
8.990696188205030026e+00
8.812054921030084031e+00
8.632517565992101183e+00
8.452098344427165344e+00
8.270810799166159910e+00
8.088667756271435749e+00
7.905681288431805953e+00
7.721862679948071850e+00
7.537222393225556871e+00
7.351770036669998731e+00
7.165514333862170737e+00
6.978463093860042932e+00
6.790623182449620820e+00
6.602000494134071751e+00
6.412599924622554681e+00
6.222425343556695410e+00
6.031479567203892778e+00
5.839764330859932073e+00
5.647280260748331671e+00
5.454026845286430003e+00
5.260002405708548601e+00
5.065204066188560006e+00
4.869627723768183536e+00
4.673268018548445646e+00
4.476118304710242413e+00
4.278170622966836589e+00
4.079415675003054353e+00
3.879842800321096963e+00
3.679439955712154209e+00
3.478193697338629153e+00
3.276089165183909024e+00
3.073110069440377234e+00
2.869238678286868627e+00
2.664455806462747489e+00
2.458740804071029462e+00
2.252071545122316554e+00
2.044424415442267051e+00
1.835774299687905842e+00
1.626094567335381269e+00
1.415357057602734336e+00
1.203532063350822412e+00
9.905883140633053863e-01
7.764929580450510294e-01
5.612115440017937384e-01
3.447080021769187153e-01
1.269446252282915855e-01
-9.211795096677298511e-02
-3.125207663914704170e-01
-5.343065556430741658e-01
-7.575197661718249265e-01
-9.822065757685770615e-01
-1.208414909072324184e+00
-1.436194452838968960e+00
-1.665596669691354892e+00
-1.896674810043755599e+00
-2.129483921864966156e+00
-2.364080857912258082e+00
-2.600524280034895330e+00
-2.838874660110365156e+00
-3.079194277140138603e+00
-3.321547209994221816e+00
-3.565999325256205665e+00
-3.812618259583757663e+00
-4.061473395963481892e+00
-4.312635833205805014e+00
-4.566178347995305309e+00
-4.822175348787131277e+00
-5.080702820821313637e+00
-5.341838261517376729e+00
-5.605660605514743544e+00
-5.872250138636598393e+00
-6.141688400095636879e+00
-6.414058072313245873e+00
-6.689442857811185306e+00
-6.967927342753794662e+00
-7.249596846880409728e+00
-7.534537259776316276e+00
-7.822834863698292729e+00
-8.114576143503988703e+00
-8.409847584645532947e+00
-8.708735460686746421e+00
-9.011325612402414365e+00
-9.317703221227152000e+00
-9.627952580655056991e+00
-9.942156870154450488e+00
-1.026039793726647886e+01
-1.058275609480048551e+01
-1.090930994142276589e+01
-1.124013621544388641e+01
-1.157530969322133529e+01
-1.191490314526568994e+01
-1.225898736483162921e+01
-1.260763128538596156e+01
-1.296090220480284572e+01
-1.331886613531184160e+01
-1.368158829896321471e+01
-1.404913378852035599e+01
-1.442156841304629111e+01
-1.479895974582331242e+01
-1.518137838942187123e+01
-1.556889946851585016e+01
-1.596160435523714405e+01
-1.635958262432786725e+01
-1.676293422596917537e+01
-1.717177185290617203e+01
-1.758622346537939762e+01
-1.800643492257589529e+01
-1.843257265308686499e+01
-1.886482627966382708e+01
-1.930341109606128214e+01
-1.974857027688189604e+01
-2.020057668640075477e+01
-2.065973414105084061e+01
-2.112637797475726842e+01
-2.160087475917275057e+01
-2.208362104487762068e+01
-2.257504101753075787e+01
-2.307558300710087096e+01
-2.358571484999741230e+01
-2.410591818281606891e+01
-2.463668183965226177e+01
-2.517849462692089091e+01
-2.573183784985567257e+01
-2.629717805154613330e+01
-2.687496048191449916e+01
-2.746560382694873681e+01
-2.806949668710894841e+01
-2.868699619587330218e+01
-2.931842902217854530e+01
-2.996409482081035591e+01
-3.062427200604284749e+01
-3.129922555161270381e+01
-3.198921638688237934e+01
-3.269451187953190185e+01
-3.341539687360186406e+01
-3.415218478212505460e+01
-3.490522830207054028e+01
-3.567492940819817449e+01
-3.646174837406388747e+01
-3.726621164778031670e+01
-3.808891846589038721e+01
-3.893054611325383974e+01
-3.979185372518326602e+01
-4.067368450293820814e+01
-4.157696607422093393e+01
-4.250270852890733408e+01
-4.345199966049326434e+01
-4.442599654500677531e+01
-4.542591229985391976e+01
-4.645299648658136249e+01
-4.750850715205190511e+01
-4.859367195895043068e+01
-4.970963526273285993e+01
-5.085738740975610028e+01
-5.203767208263960953e+01
-5.325086741804017976e+01
-5.449683721035196982e+01
-5.577475028800689927e+01
-5.708286974562300742e+01
-5.841831981412278196e+01
-5.977684720472029767e+01
-6.115260550582627275e+01
-6.253800397568564762e+01
-6.392367216205582992e+01
-6.529859349247301736e+01
-6.665044806526618970e+01
-6.796617379009393289e+01
-6.923270895688480664e+01
-7.043783013206274290e+01
-7.157096458375575310e+01
-7.262385155388263058e+01
-7.359095605561525133e+01
-7.446959275220334007e+01
-7.525977678713721275e+01
-7.596386439492883369e+01
-7.658606831369260703e+01
-7.713193164066147745e+01
-7.760782637527005079e+01
-7.802051911066685363e+01
-7.837682380993958020e+01
-7.868334444186638166e+01
-7.894629943542337003e+01
-7.917141455205120337e+01
-7.936386928458827583e+01
-7.952828273224801592e+01
-7.966872689205705171e+01
-7.978875767292709043e+01
-7.989145623275581443e+01
-7.997947524376537842e+01
-8.005508633023902121e+01
-8.012022619846756299e+01
-8.017653993230631215e+01
-8.022542061489684784e+01
-8.026804491437339095e+01
-8.030540458942098780e+01
-8.033833407167874441e+01
-8.036753439974251023e+01
-8.039359383954800364e+01
-8.041700554732928197e+01
-8.043818262791596396e+01
-8.045747092265094125e+01
-8.047515983441871867e+01
-8.049149146669211063e+01
-8.050666832207430446e+01
-8.052085977536816586e+01
-8.053420750777905823e+01
-8.054683006300946602e+01
-8.055882666291456928e+01
-8.057028040006839831e+01
-8.058126090686589293e+01
-8.059182658548431277e+01
-8.060202646988354047e+01
-8.061190177979638349e+01
-8.062148721711629662e+01
-8.063081204700011995e+01
-8.063990099916031795e+01
-8.064877501906519797e+01
-8.065745189390347036e+01
-8.066594677410498093e+01
-8.067427260778453046e+01
-8.068244050260710765e+01
-8.069046002718486932e+01
-8.069833946209806186e+01
-8.070608600896467522e+01
-8.071370596457330748e+01
-8.072120486593402688e+01
-8.072858761111861270e+01
-8.073585855994875260e+01
-8.074302161791425192e+01
-8.075008030613621202e+01
-8.075703781971611761e+01
-8.076389707642189819e+01
-8.077066075733543471e+01
-8.077733134080662580e+01
-8.078391113084424546e+01
-8.079040228087131936e+01
-8.079680681362630423e+01
-8.080312663785507254e+01
-8.080936356233077333e+01
-8.081551930765033376e+01
-8.082159551617510829e+01
-8.082759376043175337e+01
-8.083351555022208856e+01
-8.083936233866180032e+01
-8.084513552732391872e+01
-8.085083647063179058e+01
-8.085646647963002920e+01
-8.086202682522960572e+01
-8.086751874101766191e+01
-8.087294342569850869e+01
-8.087830204522620647e+01
-8.088359573467791108e+01
-8.088882559991019150e+01
-8.089399271902792066e+01
-8.089909814369835317e+01
-8.090414290033241684e+01
-8.090912799115375265e+01
-8.091405439516873344e+01
-8.091892306905677401e+01
-8.092373494798714262e+01
-8.092849094637418261e+01
-8.093319195858042292e+01
-8.093783885957205371e+01
-8.094243250553226687e+01
-8.094697373444060418e+01
-8.095146336661861142e+01
-8.095590220524641722e+01
-8.096029103685529549e+01
-8.096463063179540143e+01
-8.096892174468240455e+01
-8.097316511482685542e+01
-8.097736146664277612e+01
-8.098151151004253734e+01
-8.098561594081590442e+01
-8.098967544099352267e+01
-8.099369067919998599e+01
-8.099766231099178526e+01
-8.100159097918647433e+01
-8.100547731417775310e+01
-8.100932193424340255e+01
-8.101312544584084208e+01
-8.101688844389413191e+01
-8.102061151207297485e+01
-8.102429522306186982e+01
-8.102794013882183322e+01
-8.103154681084380684e+01
-8.103511578039484675e+01
-8.103864757875777514e+01
-8.104214272746236247e+01
-8.104560173851085381e+01
-8.104902511459734171e+01
-8.105241334932001962e+01
-8.105576692738793554e+01
-8.105908632482267251e+01
-8.106237200915286678e+01
-8.106562443960449116e+01
-8.106884406728630665e+01
-8.107203133536891926e+01
-8.107518667925982925e+01
-8.107831052677460093e+01
-8.108140329830104065e+01
-8.108446540696196791e+01
-8.108749725877106584e+01
-8.109049925278688420e+01
-8.109347178126093070e+01
-8.109641522978303385e+01
-8.109932997742276939e+01
-8.110221639686676554e+01
-8.110507485455305243e+01
-8.110790571080188727e+01
-8.111070931994268562e+01
-8.111348603043870753e+01
-8.111623618500780708e+01
-8.111896012074041096e+01
-8.112165816921482531e+01
-8.112433065660923148e+01
-8.112697790381146490e+01
-8.112960022652514169e+01
-8.113219793537494695e+01
-8.113477133600672175e+01
-8.113732072918794813e+01
-8.113984641090435446e+01
-8.114234867245383498e+01
-8.114234843095155725e+01
