-8.145719519111281670e+01
-8.145990277909625377e+01
-8.146268009201023119e+01
-8.146349272411899278e+01
-8.146440045544910902e+01
-8.146469983756141175e+01
-8.146566935060039327e+01
-8.146574923940450219e+01
-8.146628000165954120e+01
-8.146685375428798181e+01
-8.146693168806736196e+01
-8.146658483338599410e+01
-8.146750759543846243e+01
-8.146759949105272369e+01
-8.146852429462640544e+01
-8.146794478663845496e+01
-8.146838949372276772e+01
-8.146778583165767884e+01
-8.146740774058024215e+01
-8.146853226033064743e+01
-8.146916548651162771e+01
-8.146829431310429470e+01
-8.146825864678399398e+01
-8.146853959039073345e+01
-8.146899515103068268e+01
-8.146950087343783764e+01
-8.146937984298598678e+01
-8.146926365792401725e+01
-8.146957224646337181e+01
-8.146808260277026648e+01
-8.146774716070882505e+01
-8.146781880081810812e+01
-8.146887498772257175e+01
-8.146899844545055203e+01
-8.146899775777896480e+01
-8.146845566258286908e+01
-8.146911580122450403e+01
-8.146874825713805990e+01
-8.146844850054537801e+01
-8.146896466436227513e+01
-8.146911744853042592e+01
-8.146970035005551836e+01
-8.146885579350993112e+01
-8.146767800544230909e+01
-8.146749614845627718e+01
-8.146821242718215217e+01
-8.146926179874870400e+01
-8.146928307387716472e+01
-8.146875551522899173e+01
-8.146922980215703092e+01
-8.146814097887838102e+01
-8.146781006769293754e+01
-8.146306757021031331e+01
-8.145810225079812028e+01
-8.127528068836231512e+01
-8.338071241543373446e+01
-4.068629647010890693e+01
1.583909418219967513e+01
1.942863585917345404e+01
2.000429776088894229e+01
1.969590585239657088e+01
1.959125025314387614e+01
1.970530942943560504e+01
1.994688815368774470e+01
2.026538363696433720e+01
2.062675496013800469e+01
2.100518288735235473e+01
2.137992691589101923e+01
2.173525464890899173e+01
2.205801153543206539e+01
2.233650264857605805e+01
2.256070719173063210e+01
2.271644948440600231e+01
2.278518639294825476e+01
2.274719992493809784e+01
2.258461280360104695e+01
2.229854209947400889e+01
2.193079966167924511e+01
2.154356467073048975e+01
2.117818661955345050e+01
2.084762220357715989e+01
2.055087048595969890e+01
2.028373194535983970e+01
2.004244814019668297e+01
1.982415658229109212e+01
1.962654838637267929e+01
1.944754597337008661e+01
1.928515280342601201e+01
1.913742804914820894e+01
1.900250906867288947e+01
1.887864143261938921e+01
1.876420948755415097e+01
1.865775450498160026e+01
1.855797521691753715e+01
1.846372134918558316e+01
1.837398764411899421e+01
1.828791015783003715e+01
1.820475668543961589e+01
1.812390488050803938e+01
1.804482058532745725e+01
1.796704391725566197e+01
1.789017943003737798e+01
1.781388738440142916e+01
1.773787566094485868e+01
1.766189250176197234e+01
1.758572020777062050e+01
1.750916978580941574e+01
1.743207646022539237e+01
1.735429593458755804e+01
1.727570128853451692e+01
1.719618040607515752e+01
1.711563384610156291e+01
1.703397307976778308e+01
1.695111903159504507e+01
1.686700087155157135e+01
1.678155501411376704e+01
1.669472428768119343e+01
1.660645724391163824e+01
1.651670758174633846e+01
1.642543366525775639e+01
1.633259811810540896e+01
1.623816748043171643e+01
1.614211191656664823e+01
1.604440496401571181e+01
1.594502331594818578e+01
1.584394663084160015e+01
1.574115736412444555e+01
1.563664061763115321e+01
1.553038400348350834e+01
1.542237751966263204e+01
1.531261343507110340e+01
1.520108618231398445e+01
1.508779225678141422e+01
1.497273012089785915e+01
1.485590011263323262e+01
1.473730435755427948e+01
1.461694668384279971e+01
1.449483253982393194e+01
1.437096891364260642e+01
1.424536425479907464e+01
1.411802839731350367e+01
1.398897248433524965e+01
1.385820889404881484e+01
1.372575116675582230e+01
1.359161393303524257e+01
1.345581284290101998e+01
1.331836449588989879e+01
1.317928637202326314e+01
1.303859676359594921e+01
1.289631470775231925e+01
1.275245991981694438e+01
1.260705272735203408e+01
1.246011400492093379e+01
1.231166510954098925e+01
1.216172781681464876e+01
1.201032425773342638e+01
1.185747685615401004e+01
1.170320826695147964e+01
1.154754131485955781e+01
1.139049893401396041e+01
1.123210410821898897e+01
1.107237981196357879e+01
1.091134895221743761e+01
1.074903431104197082e+01
1.058545848905517595e+01
1.042064384979224201e+01
1.025461246500653090e+01
1.008738606095605839e+01
9.918985965722137976e+00
9.749433057604226960e+00
9.578747714634303634e+00
9.406949765248731055e+00
9.234058440151663660e+00
9.060092325396526647e+00
8.885069316705116904e+00
8.709006575034210940e+00
8.531920483389892951e+00
8.353826604879452944e+00
8.174739641977435411e+00
7.994673396971558432e+00
7.813640733537766891e+00
7.631653539377744266e+00
7.448722689832584010e+00
7.264858012361645301e+00
7.080068251747423602e+00
6.894361035854259967e+00
6.707742841732366124e+00
6.520218961823510462e+00
6.331793469995057322e+00
6.142469187115617402e+00
5.952247645895063499e+00
5.761129054756893630e+00
5.569112260596434716e+00
5.376194710404949895e+00
5.182372411897741671e+00
4.987639893453928330e+00
4.791990163827905214e+00
4.595414672194794825e+00
4.397903269117851899e+00
4.199444168958604173e+00
4.000023914095381272e+00
3.799627341095656696e+00
3.598237548738075553e+00
3.395835867544791498e+00
3.192401830298313037e+00
2.987913142903334318e+00
2.782345654919192501e+00
2.575673329124284816e+00
2.367868209561186710e+00
2.158900387628158501e+00
1.948737965907584302e+00
1.737347019539156490e+00
1.524691555044131341e+00
1.310733466584037110e+00
1.095432489691724021e+00
8.787461525494594250e-01
6.606297249115011816e-01
4.410361647830798870e-01
2.199160629780550769e-01
-2.782414312287677469e-03
-2.271135847941106456e-01
-4.531343110267861962e-01
-6.809040628735213430e-01
-9.104849812295658928e-01
-1.141941942773622598e+00
-1.375342625439760491e+00
-1.610757574253055990e+00
-1.848260267106666799e+00
-2.087927179983385617e+00
-2.329837851039107122e+00
-2.574074942868468607e+00
-2.820724302163261310e+00
-3.069875015851004196e+00
-3.321619462663166544e+00
-3.576053358929199177e+00
-3.833275797222465364e+00
-4.093389276296747425e+00
-4.356499720546861631e+00
-4.622716487003355468e+00
-4.892152357631134763e+00
-5.164923514444036634e+00
-5.441149494677876675e+00
-5.720953122980630745e+00
-6.004460417294002816e+00
-6.291800464815097804e+00
-6.583105264155570069e+00
-6.878509529570484560e+00
-7.178150452930634806e+00
-7.482167418984619900e+00
-7.790701669433024001e+00
-8.103895911456396206e+00
-8.421893866654079019e+00
-8.744839756920102403e+00
-9.072877724679058176e+00
-9.406151186209978476e+00
-9.744802118591186613e+00
-1.008897028319990596e+01
-1.043879239179162965e+01
-1.079440122505008759e+01
-1.115592471821516085e+01
-1.152348503395780632e+01
-1.189719764907535549e+01
-1.227717048868131933e+01
-1.266350314913010600e+01
-1.305628625857582570e+01
-1.345560103128185858e+01
-1.386151907786382331e+01
-1.427410253770044335e+01
-1.469340460076554322e+01
-1.511947048305327179e+01
-1.555233891149716641e+01
-1.599204415988454286e+01
-1.643861865604639405e+01
-1.689209615230756611e+01
-1.735251541609448722e+01
-1.781992435672061603e+01
-1.829438445946293612e+01
-1.877597535171464926e+01
-1.926479928164616240e+01
-1.976098525160971775e+01
-2.026469252124671527e+01
-2.077611318407487673e+01
-2.129547353144031163e+01
-2.182303395381261524e+01
-2.235908719497125219e+01
-2.290395487101453753e+01
-2.345798229144759262e+01
-2.402153176772556264e+01
-2.459497475430125135e+01
-2.517868332199511983e+01
-2.577302159235970080e+01
-2.637833784235703760e+01
-2.699495800056348216e+01
-2.762318118717590210e+01
-2.826327780029326320e+01
-2.891549043552075204e+01
-2.958003767341209311e+01
-3.025712051632488198e+01
-3.094693103963215819e+01
-3.164966267069725703e+01
-3.236552143765832312e+01
-3.309473753827843012e+01
-3.383757665264543846e+01
-3.459435053942218730e+01
-3.536542658812167872e+01
-3.615123612669904674e+01
-3.695228138758699998e+01
-3.776914110575609129e+01
-3.860247475471542344e+01
-3.945302541885632763e+01
-4.032162126599482121e+01
-4.120917551715073301e+01
-4.211668455294242364e+01
-4.304522381803457876e+01
-4.399594091037369736e+01
-4.497004494014355913e+01
-4.596879094974947577e+01
-4.699345780006144224e+01
-4.804531747408685050e+01
-4.912559323746577178e+01
-5.023540355886459707e+01
-5.137568820566998085e+01
-5.254711262747799339e+01
-5.374994684946008761e+01
-5.498391596815788063e+01
-5.624802145698514977e+01
-5.754033643435926137e+01
-5.885778438499697529e+01
-6.019591980161115430e+01
-6.154874027874922859e+01
-6.290857078281045744e+01
-6.426606833008096942e+01
-6.561039376516204413e+01
-6.692958153957258105e+01
-6.821110647187333598e+01
-6.944260317771144742e+01
-7.061265130431355885e+01
-7.171151353094907677e+01
-7.273171528855490919e+01
-7.366838658389167449e+01
-7.451933664405861180e+01
-7.528488415757814778e+01
-7.596750417079095996e+01
-7.657136953182143202e+01
-7.710186141829323958e+01
-7.756510696120648163e+01
-7.796758060208175323e+01
-7.831578597911298800e+01
-7.861602015753996398e+01
-7.887421261723527266e+01
-7.909582676377728205e+01
-7.928581045510603076e+01
-7.944858280139197859e+01
-7.958804627691870337e+01
-7.970761530158856090e+01
-7.981025451194379627e+01
-7.989852175193462358e+01
-7.997461230102742036e+01
-8.004040202115733393e+01
-8.009748797917740148e+01
-8.014722573616599277e+01
-8.019076293907933461e+01
-8.022906914886748098e+01
-8.026296203028309151e+01
-8.029313014247192370e+01
-8.032015262942803702e+01
-8.034451613295948391e+01
-8.036662925069400387e+01
-8.038683484692327852e+01
-8.040542050105906924e+01
-8.042262735144967678e+01
-8.043865756406592027e+01
-8.045368062792417163e+01
-8.046783865309360806e+01
-8.048125082331523572e+01
-8.049401713386005497e+01
-8.050622152633357587e+01
-8.051793451554993908e+01
-8.052921538922932143e+01
-8.054011404887567949e+01
-8.055067254957219802e+01
-8.056092638737038669e+01
-8.057090557523726204e+01
-8.058063554200266765e+01
-8.059013788321720995e+01
-8.059943098817225859e+01
-8.060853056341022693e+01
-8.061745006974769012e+01
-8.062620108705635857e+01
-8.063479361872504114e+01
-8.064323634576263089e+01
-8.065153683887625391e+01
-8.065970173547869138e+01
-8.066773688744066817e+01
-8.067564748443609801e+01
-8.068343815693476984e+01
-8.069111306221985558e+01
-8.069867595625105139e+01
-8.070613025372682614e+01
-8.071347907830535462e+01
-8.072072530462240536e+01
-8.072787159346898989e+01
-8.073492042126630963e+01
-8.074187410478386084e+01
-8.074873482189396157e+01
-8.075550462901823323e+01
-8.076218547581474638e+01
-8.076877921756305057e+01
-8.077528762562965881e+01
-8.078171239632698075e+01
-8.078805515843454543e+01
-8.079431747959897336e+01
-8.080050087179913021e+01
-8.080660679602615915e+01
-8.081263666630876230e+01
-8.081859185318712946e+01
-8.082447368672613663e+01
-8.083028345914046042e+01
-8.083602242709186214e+01
-8.084169181371305513e+01
-8.084729281039805926e+01
-8.085282657839529463e+01
-8.085829425023506190e+01
-8.086369693101282508e+01
-8.086903569955318005e+01
-8.087431160946874797e+01
-8.087952569013036452e+01
-8.088467894755959264e+01
-8.088977236525508374e+01
-8.089480690496034754e+01
-8.089978350738108759e+01
-8.090470309285727524e+01
-8.090956656199578845e+01
-8.091437479626848983e+01
-8.091912865857767656e+01
-8.092382899379504124e+01
-8.092847662927279373e+01
-8.093307237533379350e+01
-8.093761702573924310e+01
-8.094211135813721114e+01
-8.094655613449333487e+01
-8.095095210150427079e+01
-8.095529999099659335e+01
-8.095960052031070120e+01
-8.096385439267071149e+01
-8.096806229754255924e+01
-8.097222491097922159e+01
-8.097634289595494295e+01
-8.098041690268811976e+01
-8.098444756895410990e+01
-8.098843552038907490e+01
-8.099238137078212674e+01
-8.099628572236218815e+01
-8.100014916607135262e+01
-8.100397228183450693e+01
-8.100775563881873609e+01
-8.101149979568533865e+01
-8.101520530083496396e+01
-8.101887269264503288e+01
-8.102250249970126106e+01
-8.102609524102200567e+01
-8.102965142627554940e+01
-8.103317155599388855e+01
-8.103665612177729827e+01
-8.104010560649518879e+01
-8.104352048448170365e+01
-8.104690122172439715e+01
-8.105024827604916027e+01
-8.105356209730011585e+01
-8.105684312751316156e+01
-8.106009180108740964e+01
-8.106330854494974858e+01
-8.106649377871605111e+01
-8.106964791484891464e+01
-8.107277135880907792e+01
-8.107586450920517507e+01
-8.107892775793905571e+01
-8.108196149034617406e+01
-8.108496608533359051e+01
-8.108794191551437791e+01
-8.109088934733759402e+01
-8.109380874121697502e+01
-8.109670045165405838e+01
-8.109956482735918826e+01
-8.110240221137101457e+01
-8.110521294117027935e+01
-8.110799734879267930e+01
-8.111075576093860207e+01
-8.111348849907984970e+01
-8.111619587956410271e+01
-8.111887821371649920e+01
-8.112153580793881247e+01
-8.112416896380743481e+01
-8.112677797816654390e+01
-8.112936314322207920e+01
-8.113192474663026132e+01
-8.113446307158697834e+01
-8.113697839691312197e+01
-8.113947099713934108e+01
-8.114194114258718571e+01
-8.114194090242496316e+01
