-8.145714470468610102e+01
-8.145981093248636284e+01
-8.146255477409015100e+01
-8.146331681988853290e+01
-8.146412560391526370e+01
-8.146434117037280487e+01
-8.146510214307797071e+01
-8.146502693742338863e+01
-8.146544005358896356e+01
-8.146588978960294014e+01
-8.146587144988455975e+01
-8.146555199971241734e+01
-8.146649554613587441e+01
-8.146667428894448904e+01
-8.146764858908322537e+01
-8.146716378251474566e+01
-8.146768312422015867e+01
-8.146713658657114365e+01
-8.146681325235785209e+01
-8.146795853377295771e+01
-8.146861700333570866e+01
-8.146779411929310299e+01
-8.146777270533891624e+01
-8.146804482763899102e+01
-8.146854803527966737e+01
-8.146906045400137941e+01
-8.146899886503014443e+01
-8.146887474655403594e+01
-8.146921947341893144e+01
-8.146776881485581612e+01
-8.146741189540196615e+01
-8.146745156273951238e+01
-8.146854161180185372e+01
-8.146868805047880358e+01
-8.146872307195847895e+01
-8.146815573193076432e+01
-8.146881781921230470e+01
-8.146848876352548530e+01
-8.146816550621838360e+01
-8.146866134816059457e+01
-8.146882866562636138e+01
-8.146937439797339664e+01
-8.146861805111500132e+01
-8.146743138301410170e+01
-8.146721191688510544e+01
-8.146786476126983700e+01
-8.146893645275713425e+01
-8.146899243759723674e+01
-8.146844564219004781e+01
-8.146899112810014287e+01
-8.146793759963681225e+01
-8.146765641367443322e+01
-8.146290575612785290e+01
-8.145907752358154141e+01
-8.127553511344842718e+01
-8.348166664801149750e+01
-4.234467449493283198e+01
1.611922271299370379e+01
2.175646203068435014e+01
2.377351983542253677e+01
2.450561018106881406e+01
2.507623843815014553e+01
2.556807414079760932e+01
2.597417370038065343e+01
2.631433927814997631e+01
2.660556906065339433e+01
2.685800151651449852e+01
2.707612751177806487e+01
2.726215312353538422e+01
2.741650404280873943e+01
2.753912286451948432e+01
2.763141347740452858e+01
2.769201335866033276e+01
2.771823328829822941e+01
2.770947342374859446e+01
2.766387334451576407e+01
2.757630744647788035e+01
2.743972926563437653e+01
2.724673763530041981e+01
2.698853684436064171e+01
2.665754885540577135e+01
2.625390994470788897e+01
2.579369542351061995e+01
2.530849387420778385e+01
2.483080490297651721e+01
2.438008637881630492e+01
2.396208834480675165e+01
2.357531922825700121e+01
2.321626310536738913e+01
2.288163671803693688e+01
2.256888923383529999e+01
2.227606090753240764e+01
2.200153733245257115e+01
2.174387203299026439e+01
2.150169478112498211e+01
2.127367856364873333e+01
2.105853845286531723e+01
2.085504357459095104e+01
2.066202990709322052e+01
2.047840943699312533e+01
2.030317582278777522e+01
2.013540711074283962e+01
1.997426633574916011e+01
1.981900039999503704e+01
1.966893553366117686e+01
1.952346845986622981e+01
1.938205635261717674e+01
1.924420902660465416e+01
1.910948347647174828e+01
1.897747939294993103e+01
1.884783491127874910e+01
1.872022251758980360e+01
1.859434523579674092e+01
1.846993319103813391e+01
1.834674058066645941e+01
1.822454303736133596e+01
1.810313534625698750e+01
1.798232947119184644e+01
1.786195284654878890e+01
1.774184689571850271e+01
1.762186574249620463e+01
1.750187508669054637e+01
1.738175121956584945e+01
1.726138015844626139e+01
1.714065688294998324e+01
1.701948465798549037e+01
1.689777443090584441e+01
1.677544429214533395e+01
1.665241899030196038e+01
1.652862949402445381e+01
1.640401259424647407e+01
1.627851054131100028e+01
1.615207071237533398e+01
1.602464530519872454e+01
1.589619105501548368e+01
1.576666897169767445e+01
1.563604409483447988e+01
1.550428526470714452e+01
1.537136490743451844e+01
1.523725883280957305e+01
1.510194604355560166e+01
1.496540855490184185e+01
1.482763122352377749e+01
1.468860158501529511e+01
1.454830969916074146e+01
1.440674800236283915e+01
1.426391116665397263e+01
1.411979596478240140e+01
1.397440114091582508e+01
1.382772728655398886e+01
1.367977672127871891e+01
1.353055337800729241e+01
1.338006269244452895e+01
1.322831149645803173e+01
1.307530791512428081e+01
1.292106126721750492e+01
1.276558196893351926e+01
1.260888144065970984e+01
1.245097201662086839e+01
1.229186685724715389e+01
1.213157986412663192e+01
1.197012559741921756e+01
1.180751919562456465e+01
1.164377629760819843e+01
1.147891296680471207e+01
1.131294561752826766e+01
1.114589094333222619e+01
1.097776584737131245e+01
1.080858737472916609e+01
1.063837264668416260e+01
1.046713879689484727e+01
1.029490290949402542e+01
1.012168195908760104e+01
9.947492752659469417e+00
9.772351873388547716e+00
9.596275626386756130e+00
9.419279986368623625e+00
9.241380547262361134e+00
9.062592473771138302e+00
8.882930454888740002e+00
8.702408659368726873e+00
8.521040693137940991e+00
8.338839558636260918e+00
8.155817616052615904e+00
7.971986546414179919e+00
7.787357316469842416e+00
7.601940145292008566e+00
7.415744472499993023e+00
7.228778927986209801e+00
7.041051302999354888e+00
6.852568522410988905e+00
6.663336617960054831e+00
6.473360702239712161e+00
6.282644943163965046e+00
6.091192538634908615e+00
5.899005691133026197e+00
5.706085581981394483e+00
5.512432345097926678e+00
5.318045040152264313e+00
5.122921625183552763e+00
4.927058928899255008e+00
4.730452623042826765e+00
4.533097195360706877e+00
4.334985923785175110e+00
4.136110852457044906e+00
3.936462770128243083e+00
3.736031191319522105e+00
3.534804340386745736e+00
3.332769138408608001e+00
3.129911192589845736e+00
2.926214787708257603e+00
2.721662879041792937e+00
2.516237086195666439e+00
2.309917687298646882e+00
2.102683613132583673e+00
1.894512440878775239e+00
1.685380387287879200e+00
1.475262301192841630e+00
1.264131655377728203e+00
1.051960537886011293e+00
8.387196429012964138e-01
6.243782613642878676e-01
4.089042715074308609e-01
1.922641294969443249e-01
-2.557713962455414672e-02
-2.446559505002795509e-01
-4.650101653302531890e-01
-6.866791008511429206e-01
-9.097035342197264951e-01
-1.134125707586022713e+00
-1.359989331131142620e+00
-1.587339584331404208e+00
-1.816223115194960158e+00
-2.046688037200266486e+00
-2.278783923647909493e+00
-2.512561799119058303e+00
-2.748074127715627313e+00
-2.985374797739876573e+00
-3.224519102454929342e+00
-3.465563716553753171e+00
-3.708566667953038021e+00
-3.953587304520560952e+00
-4.200686255342071185e+00
-4.449925386136553307e+00
-4.701367748438910255e+00
-4.955077522187462336e+00
-5.211119951382677584e+00
-5.469561272524986251e+00
-5.730468635592988136e+00
-5.993910017396643752e+00
-6.259954127230801468e+00
-6.528670304866974305e+00
-6.800128411060901712e+00
-7.074398710921857791e+00
-7.351551750691645459e+00
-7.631658228721158288e+00
-7.914788861714800561e+00
-8.201014247642264721e+00
-8.490404727097651261e+00
-8.783030245322443363e+00
-9.078960217604173266e+00
-9.378263401319495429e+00
-9.681007778512778827e+00
-9.987260453585777853e+00
-1.029708757142225828e+01
-1.061055426207706454e+01
-1.092772461901368253e+01
-1.124866171876625565e+01
-1.157342769080998579e+01
-1.190208384732527236e+01
-1.223469088339925293e+01
-1.257130915897712597e+01
-1.291199907452031148e+01
-1.325682155274781238e+01
-1.360583863900097512e+01
-1.395911423256308481e+01
-1.431671496060256032e+01
-1.467871120518512384e+01
-1.504517829190998768e+01
-1.541619784605429722e+01
-1.579185931854799030e+01
-1.617226167953529625e+01
-1.655751527161699954e+01
-1.694774380802284952e+01
-1.734308649287616078e+01
-1.774370023135433172e+01
-1.814976188694387815e+01
-1.856147053122554524e+01
-1.897904961890097297e+01
-1.940274900743069253e+01
-1.983284672725009301e+01
-2.026965039590653106e+01
-2.071349815883703371e+01
-2.116475903254044155e+01
-2.162383252469506090e+01
-2.209114741281469207e+01
-2.256715958093861474e+01
-2.305234884510885252e+01
-2.354721474481623034e+01
-2.405227133996428535e+01
-2.456804113001513912e+01
-2.509504830042589063e+01
-2.563381159449549784e+01
-2.618483719619499084e+01
-2.674861207853720657e+01
-2.732559830855932859e+01
-2.791622879185272765e+01
-2.852090488001536528e+01
-2.913999615446337543e+01
-2.977384254978348821e+01
-3.042275880709896185e+01
-3.108704107536478389e+01
-3.176697532902191412e+01
-3.246284716246915991e+01
-3.317495246557847111e+01
-3.390360848037133223e+01
-3.464916477853152088e+01
-3.541201376834850123e+01
-3.619260042145053546e+01
-3.699143098850048261e+01
-3.780908053563311455e+01
-3.864619916981877878e+01
-3.950351682358113692e+01
-4.038184644715918381e+01
-4.128208538740283018e+01
-4.220521447134570536e+01
-4.315229433454239683e+01
-4.412445820853526612e+01
-4.512290004760221507e+01
-4.614885651771108144e+01
-4.720358090499642856e+01
-4.828830645365686536e+01
-4.940419603313094399e+01
-5.055227441503622998e+01
-5.173333892204049533e+01
-5.294784399243778950e+01
-5.419575561053692780e+01
-5.547637306756638509e+01
-5.678811878436025751e+01
-5.812830266807120694e+01
-5.949287625274092051e+01
-6.087620362005744568e+01
-6.227088941792167986e+01
-6.366771575954327034e+01
-6.505574375430730072e+01
-6.642262523502388660e+01
-6.775514133072940126e+01
-6.903993866444996286e+01
-7.026438202152829149e+01
-7.141740228318917616e+01
-7.249020752081331409e+01
-7.347675043181477861e+01
-7.437389876584717285e+01
-7.518131782177935918e+01
-7.590112497415687187e+01
-7.653740296450139624e+01
-7.709566014415410962e+01
-7.758230924117231098e+01
-7.800421170945527649e+01
-7.836831076284263986e+01
-7.868135756864484165e+01
-7.894972311494262840e+01
-7.917928217658345602e+01
-7.937535394276437728e+01
-7.954268458563180388e+01
-7.968545906157737591e+01
-7.980733189366071656e+01
-7.991146909132037024e+01
-8.000059547860003306e+01
-8.007704343620002874e+01
-8.014280041460851578e+01
-8.019955358717723470e+01
-8.024873074138442064e+01
-8.029153701329941839e+01
-8.032898740809658022e+01
-8.036193526322550440e+01
-8.039109693614855701e+01
-8.041707306266897604e+01
-8.044036675503299705e+01
-8.046139910587291411e+01
-8.048052234499392910e+01
-8.049803096816822290e+01
-8.051417112524670472e+01
-8.052914852214951225e+01
-8.054313505957392749e+01
-8.055627440165594066e+01
-8.056868664092363019e+01
-8.058047220186821846e+01
-8.059171510434791230e+01
-8.060248568964217952e+01
-8.061284289610220810e+01
-8.062283615772534517e+01
-8.063250698736229083e+01
-8.064189029638953343e+01
-8.065101549432885975e+01
-8.065990740482695287e+01
-8.066858702847466134e+01
-8.067707217793956431e+01
-8.068537800669632531e+01
-8.069351744911872970e+01
-8.070150158675723162e+01
-8.070933995316445930e+01
-8.071704078756660294e+01
-8.072461124597062110e+01
-8.073205757685492756e+01
-8.073938526739621580e+01
-8.074659916519303238e+01
-8.075370357960692047e+01
-8.076070236615544218e+01
-8.076759899681364629e+01
-8.077439661859501996e+01
-8.078109810239328681e+01
-8.078770608372006734e+01
-8.079422299671053054e+01
-8.080065110252829186e+01
-8.080699251311398257e+01
-8.081324921106022430e+01
-8.081942306626883976e+01
-8.082551584992756943e+01
-8.083152924625669300e+01
-8.083746486240210061e+01
-8.084332423678333157e+01
-8.084910884615464965e+01
-8.085482011159440674e+01
-8.086045940360074269e+01
-8.086602804644127218e+01
-8.087152732188027926e+01
-8.087695847238401825e+01
-8.088232270389320888e+01
-8.088762118822729974e+01
-8.089285506518496049e+01
-8.089802544438693133e+01
-8.090313340690083521e+01
-8.090818000668507182e+01
-8.091316627187661936e+01
-8.091809320594809662e+01
-8.092296178875415080e+01
-8.092777297748143894e+01
-8.093252770751732328e+01
-8.093722689324862074e+01
-8.094187142879985686e+01
-8.094646218871920951e+01
-8.095100002861643418e+01
-8.095548578576382681e+01
-8.095992027965912996e+01
-8.096430431255818405e+01
-8.096863866997892956e+01
-8.097292412118079596e+01
-8.097716141962087022e+01
-8.098135130338997101e+01
-8.098549449562953839e+01
-8.098959170493111515e+01
-8.099364362572066511e+01
-8.099765093862761489e+01
-8.100161431084049468e+01
-8.100553439644907883e+01
-8.100941183677603874e+01
-8.101324726069594817e+01
-8.101704128494384349e+01
-8.102079451441382218e+01
-8.102450754244878794e+01
-8.102818095112041874e+01
-8.103181531149921568e+01
-8.103541118391959230e+01
-8.103896911823306937e+01
-8.104248965405658112e+01
-8.104597332101272400e+01
-8.104942063896255888e+01
-8.105283211823231682e+01
-8.105620825983284305e+01
-8.105954955567332831e+01
-8.106285648876928462e+01
-8.106612953344419736e+01
-8.106936915552537926e+01
-8.107257581253497847e+01
-8.107574995387516026e+01
-8.107889202100943749e+01
-8.108200244763716569e+01
-8.108508165986502547e+01
-8.108813007637309056e+01
-8.109114810857631994e+01
-8.109413616078271048e+01
-8.109709463034629096e+01
-8.110002390781632187e+01
-8.110292437708339719e+01
-8.110579641552010344e+01
-8.110864039411984550e+01
-8.111145667763136657e+01
-8.111424562468931754e+01
-8.111700758794179933e+01
-8.111974291417563165e+01
-8.112245194443728735e+01
-8.112513501415054407e+01
-8.112779245323255850e+01
-8.113042458620687114e+01
-8.113303173231138032e+01
-8.113561420560689896e+01
-8.113817231508058114e+01
-8.114070636474859555e+01
-8.114321665375467774e+01
-8.114321641203068225e+01
