-8.145715406925231150e+01
-8.145983259089138073e+01
-8.146278635436166837e+01
-8.146315110428672313e+01
-8.146350617250915604e+01
-8.146425932432821071e+01
-8.146491244518485075e+01
-8.146501830391210319e+01
-8.146595919775623429e+01
-8.146580058984548600e+01
-8.146548649929799524e+01
-8.146641372607065534e+01
-8.146687810047578182e+01
-8.146717264514362000e+01
-8.146715494429700755e+01
-8.146678751454614087e+01
-8.146630294596616295e+01
-8.146746941876642722e+01
-8.146801304243831510e+01
-8.146711047465942102e+01
-8.146704362514320508e+01
-8.146796704799075428e+01
-8.146830182383197894e+01
-8.146830876219189577e+01
-8.146823154100846409e+01
-8.146816280708389968e+01
-8.146660766338719384e+01
-8.146662806971215787e+01
-8.146750861077316586e+01
-8.146764998740844987e+01
-8.146780952509742235e+01
-8.146727290523850229e+01
-8.146788730163738990e+01
-8.146740498072747982e+01
-8.146697797819997788e+01
-8.146783535610612148e+01
-8.146816156168999612e+01
-8.146786804320795738e+01
-8.146632670984004676e+01
-8.146607517529616871e+01
-8.146704812147336838e+01
-8.146805726282825333e+01
-8.146703532574633755e+01
-8.146815680960382622e+01
-8.146662605780730360e+01
-8.146675065468977550e+01
-8.145990054803604608e+01
-8.147275502144007930e+01
-8.165577444503331606e+01
-7.433805069776579444e+01
2.861627185528231010e+01
2.808285513799183519e+01
2.443430629005766974e+01
2.235738811463608400e+01
2.128039124484465816e+01
2.081773968361443039e+01
2.073467029074995338e+01
2.088216685293329888e+01
2.116087825085063656e+01
2.150646863732622549e+01
2.187630236566307573e+01
2.224297825665924933e+01
2.258813770272397292e+01
2.290153193430485246e+01
2.317176683725794106e+01
2.338914764459350337e+01
2.354550111845427907e+01
2.362718371895613245e+01
2.361635394255347720e+01
2.349457322829918837e+01
2.325121844962306739e+01
2.290367118688702419e+01
2.250331471667664474e+01
2.210411551810559061e+01
2.173397567969579569e+01
2.139859628951180426e+01
2.109503269102983580e+01
2.081907578574467621e+01
2.056732772177821289e+01
2.033723928970612249e+01
2.012673741769329538e+01
1.993394746910647086e+01
1.975706822883796221e+01
1.959434329493719318e+01
1.944408007507291103e+01
1.930468048103001877e+01
1.917466324869102223e+01
1.905267865509600256e+01
1.893751999916326767e+01
1.882812805324661909e+01
1.872358046731188708e+01
1.862307336538242808e+01
1.852590626901451998e+01
1.843147040904116452e+01
1.833923792486957893e+01
1.824875144288849427e+01
1.815961435010018477e+01
1.807148204663608837e+01
1.798405428482582735e+01
1.789706857460383205e+01
1.781029456839346992e+01
1.772352931318830827e+01
1.763659325438702652e+01
1.754932688301343191e+01
1.746158792892908096e+01
1.737324901453745341e+01
1.728419569498037234e+01
1.719432482140884844e+01
1.710354317338811470e+01
1.701176631483695090e+01
1.691891763515231162e+01
1.682492754341540930e+01
1.672973278890310667e+01
1.663327588565331538e+01
1.653550462264662357e+01
1.643637164436861653e+01
1.633583408919323077e+01
1.623385327525825872e+01
1.613039442535348300e+01
1.602542642387579264e+01
1.591892160017009061e+01
1.581085553361796237e+01
1.570120687669199988e+01
1.558995719289763038e+01
1.547709080709824292e+01
1.536259466618897207e+01
1.524645820846807709e+01
1.512867324036380623e+01
1.500923381942904911e+01
1.488813614271722408e+01
1.476537843982078968e+01
1.464096086998312884e+01
1.451488542280235450e+01
1.438715582213117727e+01
1.425777743284387711e+01
1.412675717019764754e+01
1.399410341155698312e+01
1.385982591028632527e+01
1.372393571164329273e+01
1.358644507052706984e+01
1.344736737095541557e+01
1.330671704715838111e+01
1.316450950618941107e+01
1.302076105196563383e+01
1.287548881065806583e+01
1.272871065736103446e+01
1.258044514397837688e+01
1.243071142827028197e+01
1.227952920401260606e+01
1.212691863222636179e+01
1.197290027344295993e+01
1.181749502097604854e+01
1.166072403517825329e+01
1.150260867866769487e+01
1.134317045251506251e+01
1.118243093338934635e+01
1.102041171166624345e+01
1.085713433050988108e+01
1.069262022594466721e+01
1.052689066794025230e+01
1.035996670253835639e+01
1.019186909505598315e+01
1.002261827440435482e+01
9.852234278567300052e+00
9.680736701287157686e+00
9.508144640007966331e+00
9.334476645127772088e+00
9.159750670611259693e+00
8.983984026011388124e+00
8.807193329944885463e+00
8.629394465058547681e+00
8.450602534514221276e+00
8.270831820007304103e+00
8.090095741319531797e+00
7.908406817388659249e+00
7.725776628859403417e+00
7.542215782060331719e+00
7.357733874329612789e+00
7.172339460592347393e+00
6.986040021068393280e+00
6.798841929964881459e+00
6.610750424977065443e+00
6.421769577384115912e+00
6.231902262478658194e+00
6.041150130012911568e+00
5.849513574280138073e+00
5.656991703390526816e+00
5.463582307259502002e+00
5.269281823828341871e+00
5.074085303107249700e+00
4.877986368790558913e+00
4.680977177448345294e+00
4.483048375629683058e+00
4.284189055568298876e+00
4.084386710488979944e+00
3.883627190689261433e+00
3.681894661553047232e+00
3.479171564421412288e+00
3.275438580836383284e+00
3.070674600169174706e+00
2.864856690150771712e+00
2.657960069435967743e+00
2.449958081110961583e+00
2.240822166013680228e+00
2.030521834846389151e+00
1.819024638270760885e+00
1.606296134428442546e+00
1.392299853577377400e+00
1.176997259743548074e+00
9.603477094454122565e-01
7.423084076534189890e-01
5.228343612075292413e-01
3.018783299440691015e-01
7.939077579137820972e-02
-1.446801899075009223e-01
-3.703888605893828068e-01
-5.977919899253288927e-01
-8.269488482681572883e-01
-1.057921279807448656e+00
-1.290773760117159830e+00
-1.525573453741137842e+00
-1.762390271411405251e+00
-2.001296926433094203e+00
-2.242368989698545700e+00
-2.485684942711113177e+00
-2.731326227906310411e+00
-2.979377295454069596e+00
-3.229925645610115748e+00
-3.483061865556716263e+00
-3.738879659532583499e+00
-3.997475870898358874e+00
-4.258950494617012694e+00
-4.523406678449070739e+00
-4.790950710969378967e+00
-5.061691994308685771e+00
-5.335742999308525469e+00
-5.613219200560139122e+00
-5.894238988573344606e+00
-6.178923556107634774e+00
-6.467396755492957894e+00
-6.759784923592909500e+00
-7.056216670928077583e+00
-7.356822631406191526e+00
-7.661735169122362521e+00
-7.971088038830070666e+00
-8.285015996979222308e+00
-8.603654360718747895e+00
-8.927138513022260469e+00
-9.255603353177921377e+00
-9.589182693358594634e+00
-9.928008603927990450e+00
-1.027221071261866214e+01
-1.062191546580826085e+01
-1.097724536387326211e+01
-1.133831818704464389e+01
-1.170524623331234793e+01
-1.207813559564845818e+01
-1.245708551198984360e+01
-1.284218782777586831e+01
-1.323352661701062161e+01
-1.363117801329412160e+01
-1.403521030638401434e+01
-1.444568436188793115e+01
-1.486265442073566767e+01
-1.528616933028709113e+01
-1.571627424942727380e+01
-1.615301285508319395e+01
-1.659643005680469940e+01
-1.704657519929018861e+01
-1.750350570040650666e+01
-1.796729103532473815e+01
-1.843801693747805359e+01
-1.891578964644294913e+01
-1.940073999452775766e+01
-1.989302709139683500e+01
-2.039284134361617262e+01
-2.090040653805941773e+01
-2.141598072928027818e+01
-2.193985570557220655e+01
-2.247235486995276332e+01
-2.301382946245627537e+01
-2.356465316778925967e+01
-2.412521529247782226e+01
-2.469591284790991992e+01
-2.527714202433268298e+01
-2.586928966659798945e+01
-2.647272544055684662e+01
-2.708779539353642107e+01
-2.771481754658231367e+01
-2.835408001265485112e+01
-2.900584192660216587e+01
-2.967033722701861720e+01
-3.034778108228988813e+01
-3.103837853899720045e+01
-3.174233481887473829e+01
-3.245986661612253954e+01
-3.319121375031679833e+01
-3.393665059831266717e+01
-3.469649683958233766e+01
-3.547112717870628984e+01
-3.626097983362134869e+01
-3.706656368125752721e+01
-3.788846402193125584e+01
-3.872734695450738229e+01
-3.958396234372957423e+01
-4.045914533060118146e+01
-4.135381626606132244e+01
-4.226897860731820344e+01
-4.320571447608299565e+01
-4.416517719714504864e+01
-4.514857983608013114e+01
-4.615717845291218424e+01
-4.719224838169837710e+01
-4.825505137157696112e+01
-4.934679089478069614e+01
-5.046855237928173921e+01
-5.162122463955751073e+01
-5.280539850965341486e+01
-5.402123888056010514e+01
-5.526832739197983813e+01
-5.654547545011295284e+01
-5.785051165664501127e+01
-5.918005469806378471e+01
-6.052929242851233482e+01
-6.189179953234276610e+01
-6.325943746293745562e+01
-6.462238705185319532e+01
-6.596936052437250453e+01
-6.728802047092320038e+01
-6.856559750971537426e+01
-6.978965219940057807e+01
-7.094888400972780573e+01
-7.203386732026378070e+01
-7.303760252738533154e+01
-7.395580845354035660e+01
-7.478693724353439620e+01
-7.553194607407800731e+01
-7.619389595638162405e+01
-7.677746051709829089e+01
-7.728841999382821371e+01
-7.773319607198884285e+01
-7.811846033757552732e+01
-7.845082914285144682e+01
-7.873664336272074138e+01
-7.898182307017070514e+01
-7.919178342743002474e+01
-7.937139754096807565e+01
-7.952499329910250481e+01
-7.965637330537234106e+01
-7.976884930843247901e+01
-7.986528466189722053e+01
-7.994814016686861180e+01
-8.001952011203029258e+01
-8.008121644906071879e+01
-8.013474987097397673e+01
-8.018140715259859519e+01
-8.022227451863169279e+01
-8.025826707164635820e+01
-8.029015447789871018e+01
-8.031858320242210425e+01
-8.034409562926988713e+01
-8.036714641448348573e+01
-8.038811641043504608e+01
-8.040732447901494595e+01
-8.042503748351563786e+01
-8.044147871881179412e+01
-8.045683500903460583e+01
-8.047126267288403767e+01
-8.048489252984269626e+01
-8.049783409627808339e+01
-8.051017909882580170e+01
-8.052200441351571669e+01
-8.053337452263620833e+01
-8.054434356714115495e+01
-8.055495706023938851e+01
-8.056525331742307117e+01
-8.057526464937998867e+01
-8.058501835676604230e+01
-8.059453755950818277e+01
-8.060384188799382343e+01
-8.061294805903499139e+01
-8.062187035573710148e+01
-8.063062102725916702e+01
-8.063921062180902766e+01
-8.064764826401292908e+01
-8.065594188594793934e+01
-8.066409841958615345e+01
-8.067212395710835438e+01
-8.068002388446696216e+01
-8.068780299268264855e+01
-8.069546557060930070e+01
-8.070301548227529054e+01
-8.071045623138785174e+01
-8.071779101516138155e+01
-8.072502276925452236e+01
-8.073215420531450093e+01
-8.073918784236798274e+01
-8.074612603309019221e+01
-8.075297098581134492e+01
-8.075972478297777002e+01
-8.076638939665740224e+01
-8.077296670158686709e+01
-8.077945848617025604e+01
-8.078586646177022601e+01
-8.079219227057664909e+01
-8.079843749228808747e+01
-8.080460364980353916e+01
-8.081069221408594672e+01
-8.081670460833605318e+01
-8.082264221158605721e+01
-8.082850636180992865e+01
-8.083429835862713730e+01
-8.084001946566557706e+01
-8.084567091263669170e+01
-8.085125389716880306e+01
-8.085676958643622925e+01
-8.086221911861521505e+01
-8.086760360419255278e+01
-8.087292412714961642e+01
-8.087818174603781074e+01
-8.088337749496425033e+01
-8.088851238449694847e+01
-8.089358740250138169e+01
-8.089860351491877566e+01
-8.090356166649117142e+01
-8.090846278144182691e+01
-8.091330776411419379e+01
-8.091809749957664621e+01
-8.092283285419402716e+01
-8.092751467617031835e+01
-8.093214379606718012e+01
-8.093672102729725282e+01
-8.094124716659634089e+01
-8.094572299447618491e+01
-8.095014927565927110e+01
-8.095452675949667309e+01
-8.095885618036905385e+01
-8.096313825807548881e+01
-8.096737369820606034e+01
-8.097156319250288448e+01
-8.097570741920897319e+01
-8.097980704340497482e+01
-8.098386271733502895e+01
-8.098787508072209107e+01
-8.099184476107524233e+01
-8.099577237398374052e+01
-8.099965852340510253e+01
-8.100350380194370814e+01
-8.100730879111992522e+01
-8.101107406163349367e+01
-8.101480017361659236e+01
-8.101848767688176167e+01
-8.102213711116097272e+01
-8.102574900633861432e+01
-8.102932388267852559e+01
-8.103286225104297102e+01
-8.103636461310738071e+01
-8.103983146156699036e+01
-8.104326328033963023e+01
-8.104666054476244597e+01
-8.105002372178228143e+01
-8.105335327014226721e+01
-8.105664964056202848e+01
-8.105991327591448226e+01
-8.106314461139692185e+01
-8.106634407469691439e+01
-8.106951208615633675e+01
-8.107264905892770912e+01
-8.107575539912961915e+01
-8.107883150599563749e+01
-8.108187777202094537e+01
-8.108489458310407372e+01
-8.108788231868641105e+01
-8.109084135188643927e+01
-8.109377204963163877e+01
-8.109667477278712511e+01
-8.109954987628073297e+01
-8.110239770922395053e+01
-8.110521861503306695e+01
-8.110801293154247560e+01
-8.111078099111975348e+01
-8.111352312077525539e+01
-8.111623964226966166e+01
-8.111893087221942267e+01
-8.112159712219867913e+01
-8.112423869883959071e+01
-8.112685590392976565e+01
-8.112944903450809875e+01
-8.113201838295663038e+01
-8.113456423709243381e+01
-8.113708688025519677e+01
-8.113958659139501606e+01
-8.114206364515607106e+01
-8.114451831195877674e+01
-8.114695085808210706e+01
-8.114936154574057525e+01
-8.115175063316199555e+01
-8.115411837466267286e+01
-8.115646502072117130e+01
-8.115879081804966688e+01
-8.115879060282389901e+01
