-8.145731026588256896e+01
-8.146011456482054314e+01
-8.146297206646484312e+01
-8.146385295210903621e+01
-8.146481597476176262e+01
-8.146516274939841651e+01
-8.146614664111304194e+01
-8.146625018048260358e+01
-8.146680525892384139e+01
-8.146737785199589155e+01
-8.146745783711665467e+01
-8.146714185168856659e+01
-8.146808368261723388e+01
-8.146819487290211725e+01
-8.146914904338171937e+01
-8.146857872817570012e+01
-8.146903789160195686e+01
-8.146844840563322521e+01
-8.146808946708573274e+01
-8.146924110563432464e+01
-8.146989627567877790e+01
-8.146902046639522155e+01
-8.146901055849541251e+01
-8.146933613960436560e+01
-8.146976639226474504e+01
-8.147029160726970076e+01
-8.147013128955893535e+01
-8.147005054275845737e+01
-8.147034369370540219e+01
-8.146883183866404465e+01
-8.146853020558859271e+01
-8.146864713111175149e+01
-8.146969119752418464e+01
-8.146979912445706873e+01
-8.146976890272999583e+01
-8.146925321103486795e+01
-8.146991269375969580e+01
-8.146949926761880079e+01
-8.146921197587190022e+01
-8.146973712242478882e+01
-8.146985954215485037e+01
-8.147046569149081563e+01
-8.146951337820075878e+01
-8.146834646936845559e+01
-8.146818363969231314e+01
-8.146895242746334986e+01
-8.146996388217473850e+01
-8.146993821503978950e+01
-8.146944635043354310e+01
-8.146982638284684697e+01
-8.146874044801010939e+01
-8.146833447455810528e+01
-8.146365100968071715e+01
-8.145723237368571290e+01
-8.128028252675670728e+01
-8.321829509906169164e+01
-3.793376794172593947e+01
1.575776800688132440e+01
1.749852888148170038e+01
1.692525862566496642e+01
1.566358049336061953e+01
1.477879568561591483e+01
1.427480793741911391e+01
1.402962805463312534e+01
1.396527596287947404e+01
1.402760411361135873e+01
1.417557880014936345e+01
1.437766248855100137e+01
1.461105093742443906e+01
1.485882232646433110e+01
1.510870293792573982e+01
1.535364141514812708e+01
1.558728442753436561e+01
1.580458954803365934e+01
1.600370905473695871e+01
1.618346745918915630e+01
1.634197364496163019e+01
1.647829464137521427e+01
1.659214144189522600e+01
1.668344134326004990e+01
1.675238310995715807e+01
1.679918323738293040e+01
1.682398954699446136e+01
1.682691158894112604e+01
1.680802083540176639e+01
1.676734514719099778e+01
1.670488758068839985e+01
1.662068918926618366e+01
1.651495735892371286e+01
1.638827988339756203e+01
1.624192433795788304e+01
1.607816341429759532e+01
1.590047021678147487e+01
1.571336471293934167e+01
1.552180346555534207e+01
1.533030944829449638e+01
1.514226574382506918e+01
1.495967517796388258e+01
1.478335608282663927e+01
1.461333875026818063e+01
1.444924496978273076e+01
1.429054850842120850e+01
1.413671017024740806e+01
1.398722480275093538e+01
1.384162280840233983e+01
1.369945667738547179e+01
1.356028852712822719e+01
1.342368407834362465e+01
1.328921287327108125e+01
1.315645250942296940e+01
1.302499455734545108e+01
1.289445043973035254e+01
1.276445623716357503e+01
1.263467594501897295e+01
1.250480312435047914e+01
1.237456117124818000e+01
1.224370255243473338e+01
1.211200734074987828e+01
1.197928130983057748e+01
1.184535377688797020e+01
1.171007533358067931e+01
1.157331557102514630e+01
1.143496087800692962e+01
1.129491236794016729e+01
1.115308396958901227e+01
1.100940069959032819e+01
1.086379712179984836e+01
1.071621598927715624e+01
1.056660705876304540e+01
1.041492606405060073e+01
1.026113383300908666e+01
1.010519553260139958e+01
9.947080026614537829e+00
9.786759331679697027e+00
9.624208158281646774e+00
9.459403524700601196e+00
9.292324433100061398e+00
9.122951598207528434e+00
8.951267220197120622e+00
8.777254794450893627e+00
8.600898951839921480e+00
8.422185324022956721e+00
8.241100429014602824e+00
8.057631572926624131e+00
7.871766764349280798e+00
7.683494638319284142e+00
7.492804387234976993e+00
7.299685696438640292e+00
7.104128682514196491e+00
6.906123832660600037e+00
6.705661943819928972e+00
6.502734060574645980e+00
6.297331411186308792e+00
6.089445341518080035e+00
5.879067246940892666e+00
5.666188502633614732e+00
5.450800392912069192e+00
5.232894040328851304e+00
5.012460335262647781e+00
4.789489866571862819e+00
4.563972853657480400e+00
4.335899080013436269e+00
4.105257828090881134e+00
3.872037815111008197e+00
3.636227129353628573e+00
3.397813166433631515e+00
3.156782565141686092e+00
2.913121142548273479e+00
2.666813828225248706e+00
2.417844597602514689e+00
2.166196404632243055e+00
1.911851114067235402e+00
1.654789433770540885e+00
1.394990847559627989e+00
1.132433549154053587e+00
8.670943778461778217e-01
5.989487565538256231e-01
3.279706329479140647e-01
5.413242437951835961e-02
-2.225950326371837207e-01
-5.022425275951013512e-01
-7.848425149885884800e-01
-1.070429146260583275e+00
-1.359038293784168738e+00
-1.650707565908173802e+00
-1.945476312039526867e+00
-2.243385616673622796e+00
-2.544478281217227966e+00
-2.848798792377743805e+00
-3.156393275817881428e+00
-3.467309433696366128e+00
-3.781596464635549104e+00
-4.099304964576658605e+00
-4.420486806906278154e+00
-4.745195000168340727e+00
-5.073483521619045256e+00
-5.405407124849351597e+00
-5.741021119697884423e+00
-6.080381122726119081e+00
-6.423542776645262187e+00
-6.770561437293965312e+00
-7.121491827101711358e+00
-7.476387654469312416e+00
-7.835301199201747835e+00
-8.198282865087701765e+00
-8.565380701990962464e+00
-8.936639901457761326e+00
-9.312102271904524997e+00
-9.691805701979623322e+00
-1.007578362371440228e+01
-1.046406449059466048e+01
-1.085667128964652939e+01
-1.125362111094115392e+01
-1.165492480240640916e+01
-1.206058674223757876e+01
-1.247060476517499161e+01
-1.288497028203045858e+01
-1.330366863358235818e+01
-1.372667971976604306e+01
-1.415397894237110421e+01
-1.458553849371633504e+01
-1.502132901456545788e+01
-1.546132163165520623e+01
-1.590549036863599497e+01
-1.635381490428446227e+01
-1.680628362919589947e+01
-1.726289692778312812e+01
-1.772367058759730085e+01
-1.818863921431273667e+01
-1.865785950991410402e+01
-1.913141325554628835e+01
-1.960940983097476575e+01
-2.009198810143895031e+01
-2.057931751145219579e+01
-2.107159824516038071e+01
-2.156906034515716186e+01
-2.207196172654253630e+01
-2.258058508006569554e+01
-2.309523372584251533e+01
-2.361622655436462637e+01
-2.414389226958625656e+01
-2.467856322326230867e+01
-2.522056919238271178e+01
-2.577023149349047770e+01
-2.632785784111572625e+01
-2.689373833544222947e+01
-2.746814290543106551e+01
-2.805132044038675687e+01
-2.864349972443293169e+01
-2.924489215785964547e+01
-2.985569612268319162e+01
-3.047610274229654692e+01
-3.110630270869735980e+01
-3.174649381188239161e+01
-3.239688880485433486e+01
-3.305772326907667491e+01
-3.372926320009919721e+01
-3.441181210081040831e+01
-3.510571743994437810e+01
-3.581137639732710909e+01
-3.652924086844345908e+01
-3.725982173532761976e+01
-3.800369242682380388e+01
-3.876149178895767022e+01
-3.953392626558814982e+01
-4.032177136441484322e+01
-4.112587233921973251e+01
-4.194714382380851703e+01
-4.278656824622400023e+01
-4.364519265047734820e+01
-4.452412337752831917e+01
-4.542451789485604507e+01
-4.634757283624274748e+01
-4.729450703921594368e+01
-4.826653804443678553e+01
-4.926485015390591826e+01
-5.029055175177214210e+01
-5.134461921529959483e+01
-5.242782446448344302e+01
-5.354064315266513319e+01
-5.468314089757479479e+01
-5.585483609128627336e+01
-5.705454008984455783e+01
-5.828017938118610175e+01
-5.952860997407658772e+01
-6.079544170228172817e+01
-6.207489864709317828e+01
-6.335974960545890156e+01
-6.464134638463946203e+01
-6.590980383118419184e+01
-6.715434070103239605e+01
-6.836377440293277630e+01
-6.952712970489297106e+01
-7.063429079582326153e+01
-7.167660849171807058e+01
-7.264737752035586027e+01
-7.354212302534658363e+01
-7.435867308571573631e+01
-7.509703313193703877e+01
-7.575910768302323106e+01
-7.634832905508426393e+01
-7.686925194474189027e+01
-7.732716163930719233e+01
-7.772772790440960478e+01
-7.807672118166796338e+01
-7.837979541371831260e+01
-7.864233352452500014e+01
-7.886934699310138797e+01
-7.906541917794847052e+01
-7.923468210405670220e+01
-7.938081750166159622e+01
-7.950707440692337968e+01
-7.961629723475370213e+01
-7.971095971136139724e+01
-7.979320131643294189e+01
-7.986486390686533809e+01
-7.992752698732638805e+01
-7.998254068697006858e+01
-8.003105593171503074e+01
-8.007405160226716134e+01
-8.011235867025841628e+01
-8.014668143412220047e+01
-8.017761605300351846e+01
-8.020566661684900112e+01
-8.023125900561107926e+01
-8.025475278890920094e+01
-8.027645140569100590e+01
-8.029661084581309183e+01
-8.031544703495617910e+01
-8.033314210294228985e+01
-8.034984969453027759e+01
-8.036569946197118952e+01
-8.038080086035704142e+01
-8.039524635034537425e+01
-8.040911409817978495e+01
-8.042247025002095029e+01
-8.043537084633926781e+01
-8.044786343234036963e+01
-8.045998841197619811e+01
-8.047178018584779124e+01
-8.048326810712458723e+01
-8.049447728431972848e+01
-8.050542925526958982e+01
-8.051614255285456068e+01
-8.052663317976546864e+01
-8.053691500688488247e+01
-8.054700010754424966e+01
-8.055689903796643137e+01
-8.056662107255947092e+01
-8.057617440133888920e+01
-8.058556629559491569e+01
-8.059480324693326736e+01
-8.060389108399662916e+01
-8.061283507047906483e+01
-8.062163998746238747e+01
-8.063031020261502135e+01
-8.063884972838098975e+01
-8.064726227094517697e+01
-8.065555127146767234e+01
-8.066371994084180130e+01
-8.067177128902289951e+01
-8.067970814980822070e+01
-8.068753320180196908e+01
-8.069524898618269049e+01
-8.070285792178819406e+01
-8.071036231794950311e+01
-8.071776438543618326e+01
-8.072506624581497192e+01
-8.073226993947425001e+01
-8.073937743252831467e+01
-8.074639062277749701e+01
-8.075331134487267093e+01
-8.076014137480933641e+01
-8.076688243385564192e+01
-8.077353619200141566e+01
-8.078010427100019797e+01
-8.078658824706818109e+01
-8.079298965328908366e+01
-8.079930998176938317e+01
-8.080555068558048504e+01
-8.081171318051697483e+01
-8.081779884669774106e+01
-8.082380903003074479e+01
-8.082974504356074874e+01
-8.083560816871380439e+01
-8.084139965645218240e+01
-8.084712072835155539e+01
-8.085277257760793646e+01
-8.085835636998390896e+01
-8.086387324469963289e+01
-8.086932431527581855e+01
-8.087471067033131078e+01
-8.088003337434129492e+01
-8.088529346836122613e+01
-8.089049197071405217e+01
-8.089562987765040702e+01
-8.090070816397948761e+01
-8.090572778367317142e+01
-8.091068967044819260e+01
-8.091559473832349170e+01
-8.092044388215961703e+01
-8.092523797817348452e+01
-8.092997788444060348e+01
-8.093466444137435190e+01
-8.093929847219273199e+01
-8.094388078336611159e+01
-8.094841216505199100e+01
-8.095289339151410957e+01
-8.095732522152968613e+01
-8.096170839878161019e+01
-8.096604365223960542e+01
-8.097033169652760876e+01
-8.097457323228272230e+01
-8.097876894649986923e+01
-8.098291951286799417e+01
-8.098702559209550600e+01
-8.099108783222469299e+01
-8.099510686893974309e+01
-8.099908332586277027e+01
-8.100301781484171215e+01
-8.100691093623044026e+01
-8.101076327916162256e+01
-8.101457542180914118e+01
-8.101834793164512405e+01
-8.102208136568913233e+01
-8.102577627074950328e+01
-8.102943318365912262e+01
-8.103305263150365079e+01
-8.103663513184346812e+01
-8.104018119293023403e+01
-8.104369131391646874e+01
-8.104716598505991954e+01
-8.105060568792237063e+01
-8.105401089556332295e+01
-8.105738207272653995e+01
-8.106071967602554196e+01
-8.106402415411936602e+01
-8.106729594788754412e+01
-8.107053549059826025e+01
-8.107374320807231527e+01
-8.107691951884444848e+01
-8.108006483431780964e+01
-8.108317955891646989e+01
-8.108626409023351300e+01
-8.108931881917482087e+01
-8.109234413009896514e+01
-8.109534040095533669e+01
-8.109830800341643453e+01
-8.110124730300833562e+01
-8.110415865923690149e+01
-8.110704242571276268e+01
-8.110989895026956731e+01
-8.111272857508387801e+01
-8.111553163678783562e+01
-8.111830846658230598e+01
-8.112105939034552193e+01
-8.112378472873874102e+01
-8.112648479731166162e+01
-8.112915990660283683e+01
-8.113181036223760145e+01
-8.113443646502719275e+01
-8.113703851106049569e+01
-8.113961679179725195e+01
-8.114217159415825620e+01
-8.114470320061197128e+01
-8.114721188926108653e+01
-8.114969793392648967e+01
-8.115216160422768610e+01
-8.115460316566432653e+01
-8.115702287969304507e+01
-8.115942100380416946e+01
-8.116179779159688223e+01
-8.116415349285030345e+01
-8.116648835359738712e+01
-8.116880261619103010e+01
-8.117109651937585113e+01
-8.117337029835189810e+01
-8.117562418484055797e+01
-8.117785840714903145e+01
-8.118007319023105595e+01
-8.118226875574877965e+01
-8.118444532213250397e+01
-8.118660310463758378e+01
-8.118874231540235087e+01
-8.119086316350390575e+01
-8.119296585501243158e+01
-8.119505059304428585e+01
-8.119711757781449535e+01
-8.119916700668809995e+01
-8.120119907422950689e+01
-8.120321397225191618e+01
-8.120521188986590744e+01
-8.120719301352455943e+01
-8.120915752707148272e+01
-8.121110561178424803e+01
-8.121303744641970468e+01
-8.121495320725581735e+01
-8.121685306813579075e+01
-8.121873720050675161e+01
-8.122060577346377386e+01
-8.122060556731774739e+01
