-8.145718851303314523e+01
-8.145989062979553808e+01
-8.146266351131883710e+01
-8.146346966811587720e+01
-8.146436607195491320e+01
-8.146465741683523731e+01
-8.146560673538203901e+01
-8.146567265687451709e+01
-8.146619455740214732e+01
-8.146675968233195420e+01
-8.146683147173523309e+01
-8.146648849742663856e+01
-8.146741569519845427e+01
-8.146751570581133706e+01
-8.146844500354491458e+01
-8.146787338247354171e+01
-8.146832395879090427e+01
-8.146772430148001831e+01
-8.146734976277059559e+01
-8.146847548121817795e+01
-8.146910976382926606e+01
-8.146824206322347095e+01
-8.146820632829567899e+01
-8.146848520598328491e+01
-8.146894552364125275e+01
-8.146945096948374498e+01
-8.146933621950667259e+01
-8.146921807789404113e+01
-8.146953053822822710e+01
-8.146804405707082708e+01
-8.146770457999573978e+01
-8.146777138977260790e+01
-8.146883056686021973e+01
-8.146895517237976492e+01
-8.146895658204650204e+01
-8.146840978422936530e+01
-8.146906876594522373e+01
-8.146870460426806915e+01
-8.146840114917010567e+01
-8.146891495622462287e+01
-8.146907031407891964e+01
-8.146964996510898516e+01
-8.146881662169701599e+01
-8.146763771413954203e+01
-8.146745257837223164e+01
-8.146816385767162672e+01
-8.146921792526100603e+01
-8.146924410592558274e+01
-8.146871480730270321e+01
-8.146919876204177058e+01
-8.146811219461476128e+01
-8.146778730738981267e+01
-8.146304253758269454e+01
-8.145821218512065798e+01
-8.127516169739415375e+01
-8.339369774494414855e+01
-4.089811645683334262e+01
1.587377599163579234e+01
1.970609687484614270e+01
2.043724515502003314e+01
2.022886921643146252e+01
2.018045810540224139e+01
2.031922451951852437e+01
2.056560743690297954e+01
2.087743110636623811e+01
2.122606228505559756e+01
2.158907323677108181e+01
2.194787435790671992e+01
2.228818518840220619e+01
2.259801372587004309e+01
2.286687128830643090e+01
2.308624931060701257e+01
2.324404546365650504e+01
2.332450706437770549e+01
2.331076995221514991e+01
2.318424664557263526e+01
2.293444913893480575e+01
2.258316965764024076e+01
2.218591811493890376e+01
2.179521331535879369e+01
2.143553760824941179e+01
2.111066426775803251e+01
2.081716570043038672e+01
2.055090363516948671e+01
2.030862699449350117e+01
2.008786694124631822e+01
1.988655625874647725e+01
1.970277907428489428e+01
1.953467794959751913e+01
1.938044962349640699e+01
1.923836816586965526e+01
1.910681482911101625e+01
1.898430422935495798e+01
1.886949467434943628e+01
1.876118653451453255e+01
1.865831773409378513e+01
1.855996033700852976e+01
1.846531682533556662e+01
1.837370647879607333e+01
1.828454362516339415e+01
1.819732043213886641e+01
1.811159607244159986e+01
1.802698826570843593e+01
1.794316546129443068e+01
1.785983959899571616e+01
1.777675965151430759e+01
1.769370603926842378e+01
1.761048589219819860e+01
1.752692907255628185e+01
1.744288485382441678e+01
1.735821915381583125e+01
1.727281223134501076e+01
1.718655676891974338e+01
1.709935627611351094e+01
1.701112375887726458e+01
1.692178060904124948e+01
1.683125567582688475e+01
1.673948448755898610e+01
1.664640859712654120e+01
1.655197502924496078e+01
1.645613581134976400e+01
1.635884757311866977e+01
1.626007120225723313e+01
1.615977154638691005e+01
1.605791715269584330e+01
1.595448003852949093e+01
1.584943548734413810e+01
1.574276186547680467e+01
1.563444045602953025e+01
1.552445530686011388e+01
1.541279309023841826e+01
1.529944297218989746e+01
1.518439648992373670e+01
1.506764743605103796e+01
1.494919174854419452e+01
1.482902740558974486e+01
1.470715432464851347e+01
1.458357426516526267e+01
1.445829073447539237e+01
1.433130889653803308e+01
1.420263548319202052e+01
1.407227870768283395e+01
1.394024818025206081e+01
1.380655482561300751e+01
1.367121080216334406e+01
1.353422942280744046e+01
1.339562507727766238e+01
1.325541315585878444e+01
1.311360997443139276e+01
1.297023270076048185e+01
1.282529928196414026e+01
1.267882837310572341e+01
1.253083926686043625e+01
1.238135182421389047e+01
1.223038640615772543e+01
1.207796380635405420e+01
1.192410518474704517e+01
1.176883200210655289e+01
1.161216595549634611e+01
1.145412891466419758e+01
1.129474285935951094e+01
1.113402981758883392e+01
1.097201180482617033e+01
1.080871076420059396e+01
1.064414850768732101e+01
1.047834665833434364e+01
1.031132659355797543e+01
1.014310938954450947e+01
9.973715766794876814e+00
9.803166036849951581e+00
9.631480050231603585e+00
9.458677145632250927e+00
9.284776100380115693e+00
9.109795082202390759e+00
8.933751602300183947e+00
8.756662469741504751e+00
8.578543747168239975e+00
8.399410707803140141e+00
8.219277793731322390e+00
8.038158575418163920e+00
7.856065712411117730e+00
7.673010915157670198e+00
7.489004907850978832e+00
7.304057392192865095e+00
7.118177011934103682e+00
6.931371318021500194e+00
6.743646734144948418e+00
6.555008522442261842e+00
6.365460749092349602e+00
6.175006249513423917e+00
5.983646592893447469e+00
5.791382045825910652e+00
5.598211534909856013e+00
5.404132608300227680e+00
5.209141396353058617e+00
5.013232571679547611e+00
4.816399309076092372e+00
4.618633245899378181e+00
4.419924443482145193e+00
4.220261350118141408e+00
4.019630765990333643e+00
3.818017810196755679e+00
3.615405889779257365e+00
3.411776670425667124e+00
3.207110048329341101e+00
3.001384122577021696e+00
2.794575167400932258e+00
2.586657603667168459e+00
2.377603969060435141e+00
2.167384886542929934e+00
1.955969030791025132e+00
1.743323092431895871e+00
1.529411740002292408e+00
1.314197579629901247e+00
1.097641112493893178e+00
8.797006901593417139e-01
6.603324679042374967e-01
4.394903561735594710e-01
2.171259703061480251e-01
-6.811421308731102110e-03
-2.323749504744951067e-01
-4.596202036424218429e-01
-6.886052773658007942e-01
-9.193908345112443703e-01
-1.152040160946376401e+00
-1.386619222377990512e+00
-1.623196720960797590e+00
-1.861844151234721467e+00
-2.102635854877266564e+00
-2.345649073676560281e+00
-2.590964000039942761e+00
-2.838663824250931444e+00
-3.088834777574440249e+00
-3.341566170184690598e+00
-3.596950422752325238e+00
-3.855083090375908128e+00
-4.116062877378261042e+00
-4.379991641310041928e+00
-4.646974384311895356e+00
-4.917119229783743606e+00
-5.190537382097282659e+00
-5.467343066868816770e+00
-5.747653449087207989e+00
-6.031588526173223386e+00
-6.319270992840261947e+00
-6.610826074440218747e+00
-6.906381325330268162e+00
-7.206066388700787861e+00
-7.510012714288316182e+00
-7.818353230487378625e+00
-8.131221967609649326e+00
-8.448753629461238646e+00
-8.771083111072456973e+00
-9.098344961379684293e+00
-9.430672790994194088e+00
-9.768198626972328213e+00
-1.011105221880084848e+01
-1.045936030270421391e+01
-1.081324583492304647e+01
-1.117282720885900993e+01
-1.153821747590618862e+01
-1.190952359536436411e+01
-1.228684574491905401e+01
-1.267027672954756135e+01
-1.305990153304128576e+01
-1.345579706214946114e+01
-1.385803213804700640e+01
-1.426666779267560337e+01
-1.468175792766539978e+01
-1.510335039012570313e+01
-1.553148851171970968e+01
-1.596621314434029415e+01
-1.640756520682198172e+01
-1.685558873224283971e+01
-1.731033437470593483e+01
-1.777186329881916649e+01
-1.824025133581447378e+01
-1.871559324942933245e+01
-1.919800691507869317e+01
-1.968763718089127934e+01
-2.018465915289469947e+01
-2.068928063348050017e+01
-2.120174344695188040e+01
-2.172232341293928926e+01
-2.225132878148427551e+01
-2.278909702478844679e+01
-2.333598998961055315e+01
-2.389238754709892731e+01
-2.445868002493678972e+01
-2.503525985658339081e+01
-2.562251301549686744e+01
-2.622081089797558207e+01
-2.683050335488591998e+01
-2.745191353565715886e+01
-2.808533509169695819e+01
-2.873103209998044960e+01
-2.938924183349612562e+01
-3.006018025635885138e+01
-3.074404989389664067e+01
-3.144104955339065910e+01
-3.215138526973317568e+01
-3.287528182762979156e+01
-3.361299425936000773e+01
-3.436481881515906167e+01
-3.513110302772219740e+01
-3.591225461951070486e+01
-3.670874911244172978e+01
-3.752113608130255784e+01
-3.835004403790658500e+01
-3.919618393971239811e+01
-4.006035128780024479e+01
-4.094342674035774365e+01
-4.184637494828994875e+01
-4.277024124305950892e+01
-4.371614568171458615e+01
-4.468527359302908053e+01
-4.567886150126100375e+01
-4.669817693575624418e+01
-4.774449019442231901e+01
-4.881903562613395309e+01
-4.992295945701354043e+01
-5.105725066937265666e+01
-5.222265106786687738e+01
-5.341954063767870764e+01
-5.464779493171510438e+01
-5.590661297107038763e+01
-5.719431757857201859e+01
-5.850813578369849921e+01
-5.984397531014725757e+01
-6.119622389423500408e+01
-6.255760972852297641e+01
-6.391917032594533055e+01
-6.527037844455016113e+01
-6.659946184817920312e+01
-6.789392549725964443e+01
-6.914124312317429144e+01
-7.032964054611025517e+01
-7.144886107605880454e+01
-7.249079756505965122e+01
-7.344990053484865200e+01
-7.432331936025168773e+01
-7.511078728526221937e+01
-7.581430422323289520e+01
-7.643769380618016385e+01
-7.698611223055858943e+01
-7.746557220098542018e+01
-7.788252417435919028e+01
-7.824351627411283516e+01
-7.855493779345383132e+01
-7.882284040624338672e+01
-7.905282549228626010e+01
-7.924998402383073426e+01
-7.941887585604607125e+01
-7.956353689692836895e+01
-7.968750473701935277e+01
-7.979385543847000406e+01
-7.988524607944782474e+01
-7.996395922839870707e+01
-8.003194677016892911e+01
-8.009087145178169465e+01
-8.014214520689340304e+01
-8.018696380542041879e+01
-8.022633770558725530e+01
-8.026111919982278664e+01
-8.029202607586441331e+01
-8.031966208525604145e+01
-8.034453454199072553e+01
-8.036706937823038288e+01
-8.038762397170870599e+01
-8.040649803754277514e+01
-8.042394285045187985e+01
-8.044016903494896553e+01
-8.045535313290402257e+01
-8.046964313120325585e+01
-8.048316310766077208e+01
-8.049601713123222169e+01
-8.050829253293348131e+01
-8.052006264666744073e+01
-8.053138910419457375e+01
-8.054232375558234480e+01
-8.055291027539992399e+01
-8.056318550546569668e+01
-8.057318057692368996e+01
-8.058292184760257726e+01
-8.059243168484478304e+01
-8.060172911912451355e+01
-8.061083038967854009e+01
-8.061974939991830524e+01
-8.062849809749462793e+01
-8.063708679145739211e+01
-8.064552441690909745e+01
-8.065381875584080262e+01
-8.066197662141536284e+01
-8.067000401175832280e+01
-8.067790623831571395e+01
-8.068568803300647119e+01
-8.069335363769390312e+01
-8.070090687891129733e+01
-8.070835123030266800e+01
-8.071568986481449315e+01
-8.072292569834918652e+01
-8.073006142629978399e+01
-8.073709955414940964e+01
-8.074404242312476754e+01
-8.075089223172302866e+01
-8.075765105380131104e+01
-8.076432085379636305e+01
-8.077090349955209092e+01
-8.077740077315098688e+01
-8.078381438007764359e+01
-8.079014595699304380e+01
-8.079639707834348883e+01
-8.080256926200050316e+01
-8.080866397408462376e+01
-8.081468263311133171e+01
-8.082062661356526689e+01
-8.082649724899671639e+01
-8.083229583471413093e+01
-8.083802363014180514e+01
-8.084368186089007224e+01
-8.084927172058642952e+01
-8.085479437250170065e+01
-8.086025095100609406e+01
-8.086564256287617525e+01
-8.087097028847851732e+01
-8.087623518284524948e+01
-8.088143827665787455e+01
-8.088658057715252880e+01
-8.089166306895627656e+01
-8.089668671486272444e+01
-8.090165245655805393e+01
-8.090656121529772804e+01
-8.091141389254654825e+01
-8.091621137057973101e+01
-8.092095451305404197e+01
-8.092564416554832007e+01
-8.093028115608029793e+01
-8.093486629559767209e+01
-8.093940037844842550e+01
-8.094388418283249109e+01
-8.094831847123394652e+01
-8.095270399083624113e+01
-8.095704147392315519e+01
-8.096133163826297618e+01
-8.096557518748207372e+01
-8.096977281142166305e+01
-8.097392518648616999e+01
-8.097803297597754124e+01
-8.098209683041969242e+01
-8.098611738787212744e+01
-8.099009527423459076e+01
-8.099403110354049318e+01
-8.099792547824284838e+01
-8.100177898949171151e+01
-8.100559221740175531e+01
-8.100936573131316720e+01
-8.101310009004451729e+01
-8.101679584213839291e+01
-8.102045352609974316e+01
-8.102407367062778576e+01
-8.102765679484005545e+01
-8.103120340849201853e+01
-8.103471401218972403e+01
-8.103818909759561961e+01
-8.104162914762987668e+01
-8.104503463666623020e+01
-8.104840603072119620e+01
-8.105174378763986454e+01
-8.105504835727491297e+01
-8.105832018166194075e+01
-8.106155969519092253e+01
-8.106476732477018743e+01
-8.106794348998946020e+01
-8.107108860327642219e+01
-8.107420307004980486e+01
-8.107728728886881697e+01
-8.108034165157852158e+01
-8.108336654345107775e+01
-8.108636234332354320e+01
-8.108932942373282060e+01
-8.109226815104611319e+01
-8.109517888558839616e+01
-8.109806198176862324e+01
-8.110091778819847264e+01
-8.110374664781244292e+01
-8.110654889798294676e+01
-8.110932487063243457e+01
-8.111207489234386969e+01
-8.111479928446695453e+01
-8.111749836322364615e+01
-8.112017243980936598e+01
-8.112282182049260371e+01
-8.112544680671241792e+01
-8.112804769517296677e+01
-8.113062477793639005e+01
-8.113317834251249394e+01
-8.113570867194759728e+01
-8.113821604491067774e+01
-8.114070073577673270e+01
-8.114316301471032489e+01
-8.114316277505635355e+01
