-8.145718869448086252e+01
-8.145989095430789462e+01
-8.146266395382185976e+01
-8.146347019646069043e+01
-8.146436667768881534e+01
-8.146465808095882721e+01
-8.146560744790855324e+01
-8.146567340407105462e+01
-8.146619534022003961e+01
-8.146676049145254694e+01
-8.146683230688969957e+01
-8.146648934786496454e+01
-8.146741656419315802e+01
-8.146751658243529448e+01
-8.146844589684810956e+01
-8.146787428206910420e+01
-8.146832486618285429e+01
-8.146772521463026351e+01
-8.146735067697309773e+01
-8.146847640295510473e+01
-8.146911069017032503e+01
-8.146824298988335045e+01
-8.146820725497593685e+01
-8.146848613427735586e+01
-8.146894644934486962e+01
-8.146945189653720831e+01
-8.146933715194134606e+01
-8.146921900739839373e+01
-8.146953147249794824e+01
-8.146804498573885667e+01
-8.146770550224246676e+01
-8.146777231151190790e+01
-8.146883148827608068e+01
-8.146895609196309351e+01
-8.146895750750923071e+01
-8.146841070659256445e+01
-8.146906968905106794e+01
-8.146870552078681271e+01
-8.146840206293312292e+01
-8.146891587207255725e+01
-8.146907122333023210e+01
-8.146965087474188749e+01
-8.146881753676393600e+01
-8.146763862741590856e+01
-8.146745348905662354e+01
-8.146816476788214345e+01
-8.146921882958244510e+01
-8.146924501925626316e+01
-8.146871572456082333e+01
-8.146919968589725158e+01
-8.146811311212385931e+01
-8.146778820664579257e+01
-8.146304344575526102e+01
-8.145821305390644795e+01
-8.127516260302036244e+01
-8.339369895547145006e+01
-4.089811835071707691e+01
1.587377879940654779e+01
1.970610248946018217e+01
2.043725337292927335e+01
2.022888045278938662e+01
2.018047293996897196e+01
2.031924370110120392e+01
2.056563183898921565e+01
2.087746169485313175e+01
2.122610013147405894e+01
2.158911949871433933e+01
2.194793029832554154e+01
2.228825218070745962e+01
2.259809328466272405e+01
2.286696510523761461e+01
2.308635913105475268e+01
2.324417324861600065e+01
2.332465510613939941e+01
2.331094076550238370e+01
2.318444293487291574e+01
2.293467323867793795e+01
2.258342307466546472e+01
2.218620217100204073e+01
2.179553030666119540e+01
2.143589067640408530e+01
2.111105680002056317e+01
2.081760097433576817e+01
2.055138473645989805e+01
2.030915685653669911e+01
2.008844840764008666e+01
1.988719213466070812e+01
1.970347216089908571e+01
1.953543106416453412e+01
1.938126561018367155e+01
1.923924990230062448e+01
1.910776523001367977e+01
1.898532624843326033e+01
1.887059130635580573e+01
1.876236081701647507e+01
1.865957274739023930e+01
1.856129920307177983e+01
1.846674270709258536e+01
1.837522257884726429e+01
1.828615318416267854e+01
1.819902672817556422e+01
1.811340242120513722e+01
1.802889802071333847e+01
1.794518201391762346e+01
1.786196637837400303e+01
1.777900012439270938e+01
1.769606370985740895e+01
1.761296430206115460e+01
1.752953180052868021e+01
1.744561551596107662e+01
1.736108140336089178e+01
1.727580975872213642e+01
1.718969330174135735e+01
1.710263557921004107e+01
1.701454963434763101e+01
1.692535689632686413e+01
1.683498625181109531e+01
1.674337326669484938e+01
1.665045953159546599e+01
1.655619210914816719e+01
1.646052306493646000e+01
1.636340906705270015e+01
1.626481104192611227e+01
1.616469387625495102e+01
1.606302615670570333e+01
1.595977994055462545e+01
1.585493055169535737e+01
1.574845639746621373e+01
1.564033880259528964e+01
1.553056185725492355e+01
1.541911227678573404e+01
1.530597927111021583e+01
1.519115442223516865e+01
1.507463156854706732e+01
1.495640669485208996e+01
1.483647782731305398e+01
1.471484493259678850e+01
1.459150982067468227e+01
1.446647605082349486e+01
1.433974884045592724e+01
1.421133497647754496e+01
1.408124272891799933e+01
1.394948176662838435e+01
1.381606307486797292e+01
1.368099887463145770e+01
1.354430254358944374e+01
1.340598853853141570e+01
1.326607231921494900e+01
1.312457027353788064e+01
1.298149964395869205e+01
1.283687845510053904e+01
1.269072544248230550e+01
1.254305998232698904e+01
1.239390202240563177e+01
1.224327201388130604e+01
1.209119084412471956e+01
1.193767977048005413e+01
1.178276035496542562e+01
1.162645439990001073e+01
1.146878388445564134e+01
1.130977090213751701e+01
1.114943759920473632e+01
1.098780611404689722e+01
1.082489851753926935e+01
1.066073675440267543e+01
1.049534258559976685e+01
1.032873753180166254e+01
1.016094281796182663e+01
9.991979319035067419e+00
9.821867506879490506e+00
9.650627398378114563e+00
9.478278504813093974e+00
9.304839782522561720e+00
9.130329584863034142e+00
8.954765615493792907e+00
8.778164882991774220e+00
8.600543656795348824e+00
8.421917424465664936e+00
8.242300850242855859e+00
8.061707734862222807e+00
7.880150976581777655e+00
7.697642533356995997e+00
7.514193386080060932e+00
7.329813502778949719e+00
7.144511803644721049e+00
6.958296126724494712e+00
6.771173194083078606e+00
6.583148578200539447e+00
6.394226668342639641e+00
6.204410636622899489e+00
6.013702403477722669e+00
5.822102602311725050e+00
5.629610543144365487e+00
5.436224175204653619e+00
5.241940048571573030e+00
5.046753275125954730e+00
4.850657489239144304e+00
4.653644808743099048e+00
4.455705796774896754e+00
4.256829425048780813e+00
4.057003038977506471e+00
3.856212324861218121e+00
3.654441279118013419e+00
3.451672179289346776e+00
3.247885556351401082e+00
3.043060167729610743e+00
2.837172970357367152e+00
2.630199093137726152e+00
2.422111808242511266e+00
2.212882500793748264e+00
2.002480636597872010e+00
1.790873727723556685e+00
1.578027295819506515e+00
1.363904833152308926e+00
1.148467761405812526e+00
9.316753883257145041e-01
7.134848623200000794e-01
4.938511251427107895e-01
2.727268628002271211e-01
5.006245482935097607e-02
-1.741940778917439037e-01
-4.000971266229389478e-01
-6.277035493342120187e-01
-8.570727261451803747e-01
-1.088266615372631252e+00
-1.321349809884686088e+00
-1.556389593410476779e+00
-1.793455996396387198e+00
-2.032621850933171714e+00
-2.273962844202697120e+00
-2.517557569807708173e+00
-2.763487576252184219e+00
-3.011837411733468084e+00
-3.262694664289098156e+00
-3.516149996210585993e+00
-3.772297171493399492e+00
-4.031233074935799188e+00
-4.293057721329443410e+00
-4.557874253002299092e+00
-4.825788923779195549e+00
-5.096911067220750269e+00
-5.371353046787762153e+00
-5.649230185361004963e+00
-5.930660671327872002e+00
-6.215765438240159035e+00
-6.504668014853086433e+00
-6.797494342193012073e+00
-7.094372554183164148e+00
-7.395432718304257413e+00
-7.700806532806931948e+00
-8.010626977157709661e+00
-8.325027912729998647e+00
-8.644143631294287644e+00
-8.968108349673283186e+00
-9.297055650072016064e+00
-9.631117867140403632e+00
-9.970425424850281715e+00
-1.031510612884266997e+01
-1.066528442309155444e+01
-1.102108062358343687e+01
-1.138261014625948420e+01
-1.174998275165192574e+01
-1.212330183442575482e+01
-1.250266379219685042e+01
-1.288815751428292344e+01
-1.327986403705205198e+01
-1.367785641773730276e+01
-1.408219988232470499e+01
-1.449295230462651318e+01
-1.491016507205830166e+01
-1.533388438809036636e+01
-1.576415305100911901e+01
-1.620101273285861865e+01
-1.664450676083061609e+01
-1.709468337594293175e+01
-1.755159941105410226e+01
-1.801532429317501638e+01
-1.848594423534522946e+01
-1.896356644340495379e+01
-1.944832312584476952e+01
-1.994037506420470862e+01
-2.043991448141118994e+01
-2.094716694052348060e+01
-2.146239202118077927e+01
-2.198588255973755778e+01
-2.251796230468869098e+01
-2.305898193255659478e+01
-2.360931348901513971e+01
-2.416934345971428399e+01
-2.473946482432592120e+01
-2.532006859003097787e+01
-2.591153541751038247e+01
-2.651422802161285830e+01
-2.712848503271406386e+01
-2.775461693102288052e+01
-2.839290451693594619e+01
-2.904360017063357446e+01
-2.970693191138810363e+01
-3.038311002632289259e+01
-3.107233583413644240e+01
-3.177481200824533403e+01
-3.249075381947616847e+01
-3.322040066956363091e+01
-3.396402735926135819e+01
-3.472195464675635890e+01
-3.549455877900264511e+01
-3.628227979892205468e+01
-3.708562852906425888e+01
-3.790519219728294331e+01
-3.874163869759216539e+01
-3.959571946750148186e+01
-4.046827093041498813e+01
-4.136021435839937510e+01
-4.227255376380819030e+01
-4.320637146467240086e+01
-4.416282063372472066e+01
-4.514311385962320600e+01
-4.614850643317254253e+01
-4.718027266687975896e+01
-4.823967308415033273e+01
-4.932790978774541912e+01
-5.044606677590167720e+01
-5.159503150346611022e+01
-5.277539373852216187e+01
-5.398731799546655452e+01
-5.523038691406000567e+01
-5.650341541727448202e+01
-5.780423992403882494e+01
-5.912949385094922405e+01
-6.047439024062936141e+01
-6.183254380038896869e+01
-6.319587556673212703e+01
-6.455464957076212329e+01
-6.589768666373043970e+01
-6.721278120129917966e+01
-6.848731086291844861e+01
-6.970898497548888884e+01
-7.086663586344768362e+01
-7.195093669361868649e+01
-7.295493813886281487e+01
-7.387435350451764293e+01
-7.470757491059013944e+01
-7.545545389384059831e+01
-7.612091402123469663e+01
-7.670847512985075412e+01
-7.722376161755582302e+01
-7.767304862518092534e+01
-7.806287818910159615e+01
-7.839975830156306813e+01
-7.868994397830007870e+01
-7.893929115775024741e+01
-7.915317049481213019e+01
-7.933642742999202824e+01
-7.949337601949108034e+01
-7.962781594964012299e+01
-7.974306431882109791e+01
-7.984199580845877620e+01
-7.992708662056702451e+01
-8.000045898256138344e+01
-8.006392412171734918e+01
-8.011902243204728791e+01
-8.016706014582031514e+01
-8.020914223029411971e+01
-8.024620150153663189e+01
-8.027902411805865768e+01
-8.030827171620170191e+01
-8.033450049892215361e+01
-8.035817760613275595e+01
-8.037969508999496782e+01
-8.039938180088843467e+01
-8.041751346503424713e+01
-8.043432120681418951e+01
-8.044999874024948383e+01
-8.046470842646785115e+01
-8.047858636819798051e+01
-8.049174668885724770e+01
-8.050428512282776694e+01
-8.051628202500454279e+01
-8.052780489156040744e+01
-8.053891046988660207e+01
-8.054964652364738242e+01
-8.056005330859294133e+01
-8.057016480600805153e+01
-8.058000975322687509e+01
-8.058961250433482348e+01
-8.059899374885715417e+01
-8.060817111173237492e+01
-8.061715965409595697e+01
-8.062597229121065823e+01
-8.063462014122075061e+01
-8.064311281615735538e+01
-8.065145866475293701e+01
-8.065966497504797417e+01
-8.066773814345472715e+01
-8.067568381584753467e+01
-8.068350700532461417e+01
-8.069121219051703520e+01
-8.069880339768309341e+01
-8.070628426928089993e+01
-8.071365812127385198e+01
-8.072092799104034100e+01
-8.072809667745427475e+01
-8.073516677443922163e+01
-8.074214069908069291e+01
-8.074902071520345714e+01
-8.075580895316811336e+01
-8.076250742651271253e+01
-8.076911804596554134e+01
-8.077564263126416222e+01
-8.078208292114338462e+01
-8.078844058179431897e+01
-8.079471721404733842e+01
-8.080091435948962442e+01
-8.080703350568822430e+01
-8.081307609066958264e+01
-8.081904350677187665e+01
-8.082493710397503150e+01
-8.083075819278951712e+01
-8.083650804677709800e+01
-8.084218790475823369e+01
-8.084779897275943483e+01
-8.085334242573786412e+01
-8.085881940911841070e+01
-8.086423104017013941e+01
-8.086957840925016683e+01
-8.087486258092793889e+01
-8.088008459501338621e+01
-8.088524546749785316e+01
-8.089034619142167060e+01
-8.089538773767851865e+01
-8.090037105576254817e+01
-8.090529707446768271e+01
-8.091016670254440157e+01
-8.091498082931713043e+01
-8.091974032526894689e+01
-8.092444604259527807e+01
-8.092909881573015696e+01
-8.093369946184876085e+01
-8.093824878134653034e+01
-8.094274755829854939e+01
-8.094719656089890236e+01
-8.095159654188347531e+01
-8.095594823893686964e+01
-8.096025237508271744e+01
-8.096450965906245756e+01
-8.096872078569764142e+01
-8.097288643624237636e+01
-8.097700727872233983e+01
-8.098108396826425803e+01
-8.098511714741297851e+01
-8.098910744643893622e+01
-8.099305548363736307e+01
-8.099696186561656930e+01
-8.100082718757825262e+01
-8.100465203358886868e+01
-8.100843697684354083e+01
-8.101218257992219662e+01
-8.101588939503672293e+01
-8.101955796427330370e+01
-8.102318881982610321e+01
-8.102678248422473928e+01
-8.103033947055587305e+01
-8.103386028267689767e+01
-8.103734541542654313e+01
-8.104079535482634356e+01
-8.104421057827882180e+01
-8.104759155475973387e+01
-8.105093874500475692e+01
-8.105425260169083401e+01
-8.105753356961372447e+01
-8.106078208586008316e+01
-8.106399857997452330e+01
-8.106718347412316916e+01
-8.107033718325216398e+01
-8.107346011524319351e+01
-8.107655267106284214e+01
-8.107961524491069838e+01
-8.108264822436068187e+01
-8.108565199050229921e+01
-8.108862691807478029e+01
-8.109157337559983603e+01
-8.109449172551092033e+01
-8.109738232427848459e+01
-8.110024552253254626e+01
-8.110308166518255746e+01
-8.110589109153345078e+01
-8.110867413539935455e+01
-8.111143112521452281e+01
-8.111416238414142299e+01
-8.111686823017636527e+01
-8.111954897625197702e+01
-8.112220493033805724e+01
-8.112483639553977355e+01
-8.112744367019253389e+01
-8.113002704795631814e+01
-8.113258681790604498e+01
-8.113512326462112867e+01
-8.113763666827233578e+01
-8.114012730470652457e+01
-8.114259544552950842e+01
-8.114259520553788718e+01
