-8.145711604172696241e+01
-8.145975732490713028e+01
-8.146247982316998559e+01
-8.146324147595284160e+01
-8.146409834120775884e+01
-8.146435681176573951e+01
-8.146528490345890816e+01
-8.146532831018426180e+01
-8.146582978274692266e+01
-8.146638818150388772e+01
-8.146645371246341938e+01
-8.146609553993340569e+01
-8.146701345450024689e+01
-8.146710504351520399e+01
-8.146801985994542861e+01
-8.146744732433462843e+01
-8.146789149428923338e+01
-8.146728744462473060e+01
-8.146690466086188565e+01
-8.146801827757518311e+01
-8.146864220219137565e+01
-8.146777923545707267e+01
-8.146772866444550232e+01
-8.146798271629381816e+01
-8.146845643210230037e+01
-8.146894802587497963e+01
-8.146885189182297893e+01
-8.146871125969755667e+01
-8.146903276667609362e+01
-8.146755691287556544e+01
-8.146720136451294536e+01
-8.146725756625910719e+01
-8.146833938955546728e+01
-8.146847944294087540e+01
-8.146850359331500613e+01
-8.146794944308321362e+01
-8.146862164028726738e+01
-8.146828338432878525e+01
-8.146797187618393821e+01
-8.146848074074536328e+01
-8.146865410927435391e+01
-8.146921807840475083e+01
-8.146843558513825201e+01
-8.146723263766034506e+01
-8.146702838874564634e+01
-8.146770666210372269e+01
-8.146878438816609957e+01
-8.146882551467368216e+01
-8.146827155579664748e+01
-8.146880377028621467e+01
-8.146769877720210218e+01
-8.146740996159070392e+01
-8.146265395988852731e+01
-8.145873479305282672e+01
-8.127520941425783008e+01
-8.348026476614600710e+01
-4.233503610068354561e+01
1.593482804057977553e+01
2.086279789417323016e+01
2.215824100349831838e+01
2.232802560823353488e+01
2.252775709909838753e+01
2.282077937051425920e+01
2.315979047759874376e+01
2.352252503219597912e+01
2.389039418206144560e+01
2.424499364573003746e+01
2.456720880165153176e+01
2.483777366102460959e+01
2.503440067226844690e+01
2.512884913569040179e+01
2.508529484814394550e+01
2.486130989288780668e+01
2.444490796081636574e+01
2.391094494829768990e+01
2.337955784832947614e+01
2.291730706884344215e+01
2.253073996291515257e+01
2.220665069901368938e+01
2.193151794623902617e+01
2.169548017194174605e+01
2.149178422846282643e+01
2.131553176134982408e+01
2.116278936837339586e+01
2.103016009958338017e+01
2.091463271419242176e+01
2.081352673768895301e+01
2.072445785188607204e+01
2.064533448122074688e+01
2.057434957378046647e+01
2.050994704115009881e+01
2.045079010344582571e+01
2.039573958450459301e+01
2.034384454069559212e+01
2.029433306213826427e+01
2.024657534870370412e+01
2.020004312857522422e+01
2.015428989197471310e+01
2.010894064808300996e+01
2.006368218381644297e+01
2.001825329114721796e+01
1.997243586318829855e+01
1.992604726707865126e+01
1.987893400992076920e+01
1.983096655220415272e+01
1.978203508506890529e+01
1.973204609962729350e+01
1.968091960249283190e+01
1.962858685769401390e+01
1.957498855731370568e+01
1.952007334119807425e+01
1.946379660059228556e+01
1.940611951233422872e+01
1.934700825985368766e+01
1.928643340513002613e+01
1.922436938227426140e+01
1.916079408877751078e+01
1.909568855490082484e+01
1.902903667533334442e+01
1.896082499025095558e+01
1.889104250537212337e+01
1.881968054262889822e+01
1.874673261472281638e+01
1.867219431818230291e+01
1.859606324063424054e+01
1.851833887889323194e+01
1.843902256519150740e+01
1.835811739945461341e+01
1.827562818599537309e+01
1.819156137337321866e+01
1.810592499646584486e+01
1.801872862003647668e+01
1.792998328326833146e+01
1.783970144488441534e+01
1.774789692858530543e+01
1.765458486862593190e+01
1.755978165541967684e+01
1.746350488110823562e+01
1.736577328507428675e+01
1.726660669939998627e+01
1.716602599429483433e+01
1.706405302352908748e+01
1.696071056991688053e+01
1.685602229090011761e+01
1.675001266428477820e+01
1.664270693418425751e+01
1.653413105722266252e+01
1.642431164905161722e+01
1.631327593123187825e+01
1.620105167853044037e+01
1.608766716668261054e+01
1.597315112066724474e+01
1.585753266354262792e+01
1.574084126589080590e+01
1.562310669591634316e+01
1.550435897024728860e+01
1.538462830548494686e+01
1.526394507054983229e+01
1.514233973987252391e+01
1.501984284747667076e+01
1.489648494200396911e+01
1.477229654272951898e+01
1.464730809661696043e+01
1.452154993646293768e+01
1.439505224017945828e+01
1.426784499126197936e+01
1.413995794049170662e+01
1.401142056891633914e+01
1.388226205215488562e+01
1.375251122606782417e+01
1.362219655383245964e+01
1.349134609446006827e+01
1.335998747278815557e+01
1.322814785097776635e+01
1.309585390154138551e+01
1.296313178192328586e+01
1.283000711064903854e+01
1.269650494505670046e+01
1.256264976061697958e+01
1.242846543184461083e+01
1.229397521479821620e+01
1.215920173116079006e+01
1.202416695388721557e+01
1.188889219440094358e+01
1.175339809131636493e+01
1.161770460065857868e+01
1.148183098754783060e+01
1.134579581931113168e+01
1.120961695997938889e+01
1.107331156612477763e+01
1.093689608398878299e+01
1.080038624784858747e+01
1.066379707956652112e+01
1.052714288926414454e+01
1.039043727706113884e+01
1.025369313581645692e+01
1.011692265480878383e+01
9.980137324291337819e+00
9.843347940855821321e+00
9.706564613540253461e+00
9.569796770615178971e+00
9.433053166983153659e+00
9.296341892127614415e+00
9.159670378547783542e+00
9.023045410618466988e+00
8.886473133814163816e+00
8.749959064240341533e+00
8.613508098415410430e+00
8.477124523250477495e+00
8.340812026175800753e+00
8.204573705365776348e+00
8.068412080016862831e+00
7.932329100635614694e+00
7.796326159296458336e+00
7.660404099831497504e+00
7.524563227916976516e+00
7.388803321022948900e+00
7.253123638194683309e+00
7.117522929635817341e+00
6.981999446064152792e+00
6.846550947812397148e+00
6.711174713645702283e+00
6.575867549269056589e+00
6.440625795496713657e+00
6.305445336056252792e+00
6.170321604999515763e+00
6.035249593692296521e+00
5.900223857354881751e+00
5.765238521125366944e+00
5.630287285616786264e+00
5.495363431939019883e+00
5.360459826153528340e+00
5.225568923125980980e+00
5.090682769735300539e+00
4.955793007388535010e+00
4.820890873778583163e+00
4.685967203805612158e+00
4.551012429565234996e+00
4.416016579288271515e+00
4.280969275102536109e+00
4.145859729480823042e+00
4.010676740247308913e+00
3.875408684041221186e+00
3.740043508186845944e+00
3.604568720991350173e+00
3.468971380582495989e+00
3.333238082496130072e+00
3.197354946312783497e+00
3.061307601706831694e+00
2.925081174293763908e+00
2.788660271632639187e+00
2.652028969661138547e+00
2.515170799720685135e+00
2.378068736187557874e+00
2.240705184585294329e+00
2.103061969936164122e+00
1.965120325028826276e+00
1.826860878243329545e+00
1.688263640579893865e+00
1.549307991576933219e+00
1.409972663862993025e+00
1.270235726155299893e+00
1.130074564583320562e+00
9.894658622719617602e-01
8.483855771620780750e-01
7.068089180747669786e-01
5.647103190417234186e-01
4.220634119290319619e-01
2.788409973789603979e-01
1.350150140863122239e-01
-9.443493585075967561e-03
-1.545644096523129674e-01
-3.003785822484238421e-01
-4.469178622450987182e-01
-5.942151356718821109e-01
-7.423043764338908002e-01
-8.912206840345379133e-01
-1.041000324688636125e+00
-1.191680780588383115e+00
-1.343300799011304614e+00
-1.495900443239960076e+00
-1.649521145644788245e+00
-1.804205763028960297e+00
-1.959998634300825326e+00
-2.116945640534206419e+00
-2.275094267474168319e+00
-2.434493670541262755e+00
-2.595194742381513819e+00
-2.757250183001250576e+00
-2.920714572516172058e+00
-3.085644446531987217e+00
-3.252098374159433813e+00
-3.420137038649674555e+00
-3.589823320615233904e+00
-3.761222383778693779e+00
-3.934401763162854948e+00
-4.109431455604113381e+00
-4.286384012433213542e+00
-4.465334634124108248e+00
-4.646361266661509504e+00
-4.829544699320225121e+00
-5.014968663484964395e+00
-5.202719932055646090e+00
-5.392888418920754212e+00
-5.585567277845781220e+00
-5.780853000056655588e+00
-5.978845509646009582e+00
-6.179648255807464352e+00
-6.383368300750716706e+00
-6.590116401985410377e+00
-6.800007087484233104e+00
-7.013158722043773885e+00
-7.229693562957798747e+00
-7.449737802902353323e+00
-7.673421597708749431e+00
-7.900879076471831297e+00
-8.132248331212529990e+00
-8.367671383092817550e+00
-8.607294121977201229e+00
-8.851266215963967454e+00
-9.099740987384860702e+00
-9.352875251720970340e+00
-9.610829115930888733e+00
-9.873765732866763400e+00
-1.014185100880912316e+01
-1.041525326172312838e+01
-1.069414282868297761e+01
-1.097869162208613147e+01
-1.126907263585094476e+01
-1.156545940480223322e+01
-1.186802542299974661e+01
-1.217694352986267603e+01
-1.249238527664801524e+01
-1.281452029014359262e+01
-1.314351565529942789e+01
-1.347953534384673269e+01
-1.382273972156110631e+01
-1.417328517245597297e+01
-1.453132388345060200e+01
-1.489700383746072987e+01
-1.527046906577710672e+01
-1.565186021128911342e+01
-1.604131545175100726e+01
-1.643897182598436402e+01
-1.684496699481761439e+01
-1.725944145190850421e+01
-1.768254117687288485e+01
-1.811442069418853862e+01
-1.855524646652579435e+01
-1.900520051148332357e+01
-1.946448408796063845e+01
-1.993332125520610631e+01
-2.041196206750924702e+01
-2.090068513512626325e+01
-2.139979926293787926e+01
-2.190964387908547195e+01
-2.243058799349874022e+01
-2.296302748757406320e+01
-2.350738063611597894e+01
-2.406408190176586359e+01
-2.463357421476780118e+01
-2.521630014308832202e+01
-2.581269254714471018e+01
-2.642316547045258091e+01
-2.704810611084865712e+01
-2.768786871928958959e+01
-2.834277116861495571e+01
-2.901309472642137877e+01
-2.969908727829465533e+01
-3.040096992270011000e+01
-3.111894654839149155e+01
-3.185321575742880285e+01
-3.260398434477278329e+01
-3.337148150012700398e+01
-3.415597294875028922e+01
-3.495777436909601477e+01
-3.577726358262048478e+01
-3.661489117165017149e+01
-3.747118931730497593e+01
-3.834677874197029013e+01
-3.924237367797577036e+01
-4.015878476649199769e+01
-4.109691973773084328e+01
-4.205778144395350182e+01
-4.304246272357464420e+01
-4.405213731764966667e+01
-4.508804560575708109e+01
-4.615147351683889809e+01
-4.724372243352164702e+01
-4.836606728125551768e+01
-4.951969930599906888e+01
-5.070564936529713407e+01
-5.192468702749783915e+01
-5.317719064144412755e+01
-5.446298420580648525e+01
-5.578113892168855870e+01
-5.712974151628853292e+01
-5.850563858686670926e+01
-5.990417684998787706e+01
-6.131897289646008176e+01
-6.274176068374899273e+01
-6.416237586546532157e+01
-6.556893612325801257e+01
-6.694825862292925933e+01
-6.828651632738871058e+01
-6.957007986332344274e+01
-7.078643702108006153e+01
-7.192504895566030143e+01
-7.297800653729841258e+01
-7.394039298585948927e+01
-7.481032460775726634e+01
-7.558870660661592922e+01
-7.627878566291182949e+01
-7.688559697573751350e+01
-7.741539440235450797e+01
-7.787512862742875086e+01
-7.827201085465746644e+01
-7.861317585780159334e+01
-7.890544161762754527e+01
-7.915515327347269192e+01
-7.936809518781552697e+01
-7.954945463613064760e+01
-7.970382234867949478e+01
-7.983521768770411597e+01
-7.994712893585099778e+01
-8.004256162635330440e+01
-8.012408990495862326e+01
-8.019390754552301814e+01
-8.025387647812557645e+01
-8.030557159070360740e+01
-8.035032119930593808e+01
-8.038924301043489606e+01
-8.042327567481461870e+01
-8.045320619812183338e+01
-8.047969356393858220e+01
-8.050328896221861896e+01
-8.052445302105252267e+01
-8.054357042327745830e+01
-8.056096226148096662e+01
-8.057689645117355326e+01
-8.059159648630448203e+01
-8.060524878632230639e+01
-8.061800885108455361e+01
-8.063000640986548717e+01
-8.064134972380881550e+01
-8.065212917745412824e+01
-8.066242027431150063e+01
-8.067228613360099132e+01
-8.068177956997848810e+01
-8.069094482501422760e+01
-8.069981900811153253e+01
-8.070843329518197606e+01
-8.071681392549157863e+01
-8.072498303043876433e+01
-8.073295932245366657e+01
-8.074075866751992692e+01
-8.074839456091169154e+01
-8.075587852246229659e+01
-8.076322042495603171e+01
-8.077042876693920448e+01
-8.077751089936246842e+01
-8.078447321387071156e+01
-8.079132129924246897e+01
-8.079806007138061830e+01
-8.080469388134476105e+01
-8.081122660515194411e+01
-8.081766171844516577e+01
-8.082400235859934412e+01
-8.083025137640090918e+01
-8.083641137907358143e+01
-8.084248476611949741e+01
-8.084847375919929391e+01
-8.085438042706255146e+01
-8.086020670636922603e+01
-8.086595441909982185e+01
-8.087162528713353993e+01
-8.087722094447254051e+01
-8.088274294751164462e+01
-8.088819278368545440e+01
-8.089357187876176170e+01
-8.089888160301416065e+01
-8.090412327645867663e+01
-8.090929817331239349e+01
-8.091440752580156470e+01
-8.091945252743147421e+01
-8.092443433580078249e+01
-8.092935407504120349e+01
-8.093421283793750831e+01
-8.093901168778536714e+01
-8.094375166002362221e+01
-8.094843376368075383e+01
-8.095305898266161648e+01
-8.095762827690093388e+01
-8.096214258340255299e+01
-8.096660281718263263e+01
-8.097100987212770917e+01
-8.097536462178614158e+01
-8.097966792009297876e+01
-8.098392060204649567e+01
-8.098812348433470731e+01
-8.098812314539293311e+01
