-8.145718260468743210e+01
-8.145987987331572810e+01
-8.146264883622711750e+01
-8.146344890687008444e+01
-8.146433400099517996e+01
-8.146461694399677356e+01
-8.146554481213526344e+01
-8.146559564820782384e+01
-8.146610756756899718e+01
-8.146666272127755803e+01
-8.146672728503780547e+01
-8.146638837989161175e+01
-8.146731999180079242e+01
-8.146742898368796659e+01
-8.146836338956182999e+01
-8.146780061313344845e+01
-8.146825788165001825e+01
-8.146766291666116899e+01
-8.146729259991019489e+01
-8.146841981466843663e+01
-8.146905555570556601e+01
-8.146819181539385113e+01
-8.146815633446770732e+01
-8.146843328045167709e+01
-8.146889858098705872e+01
-8.146940393598484320e+01
-8.146929567635599767e+01
-8.146917578555061823e+01
-8.146949235076201035e+01
-8.146800955788975784e+01
-8.146766652899199812e+01
-8.146772887362004667e+01
-8.146879141572897254e+01
-8.146891755580250560e+01
-8.146892167967247644e+01
-8.146837051018495401e+01
-8.146902851997727169e+01
-8.146866770974266103e+01
-8.146836013224000794e+01
-8.146887065043399900e+01
-8.146902779418775253e+01
-8.146960343729104181e+01
-8.146878119844558341e+01
-8.146760136893952620e+01
-8.146741267397015918e+01
-8.146811837673431000e+01
-8.146917697213524434e+01
-8.146920828024157402e+01
-8.146867735241571040e+01
-8.146917118317931283e+01
-8.146808758342126566e+01
-8.146776899001866923e+01
-8.146302252306310265e+01
-8.145833042435498328e+01
-8.127507678690321313e+01
-8.340669726258268213e+01
-4.111171077415792752e+01
1.590867508317560031e+01
1.998771774103402166e+01
2.088037762769944550e+01
2.077925055262126719e+01
2.079346755508428046e+01
2.096173629966669338e+01
2.121604152716896152e+01
2.152285097341413689e+01
2.185923704000833112e+01
2.220644426290155593e+01
2.254826173872457673e+01
2.287201986396182463e+01
2.316697487905767971e+01
2.342384871172109584e+01
2.363555159497638058e+01
2.379185116881913586e+01
2.387954179084901085e+01
2.388481262724334186e+01
2.379066929050431156e+01
2.358079757643123031e+01
2.325888881814784526e+01
2.286417032035318897e+01
2.245289858765482549e+01
2.206327353696737248e+01
2.170775880713243566e+01
2.138552643493607874e+01
2.109243874702001875e+01
2.082473503386088609e+01
2.057960104988333683e+01
2.035485750353766221e+01
2.014861594459795668e+01
1.995909234267794119e+01
1.978455049582912295e+01
1.962330661193580994e+01
1.947375302457994550e+01
1.933438695376049310e+01
1.920383054301458259e+01
1.908083659827807566e+01
1.896428727909941259e+01
1.885319142179053742e+01
1.874668263577258998e+01
1.864401391453691659e+01
1.854454156707713253e+01
1.844770569815861805e+01
1.835301662856808136e+01
1.826004601805871630e+01
1.816841938583495875e+01
1.807780906221388051e+01
1.798792767648981084e+01
1.789852236951370301e+01
1.780936979539279719e+01
1.772027187784166102e+01
1.763105223924506504e+01
1.754155320783178240e+01
1.745163331282532937e+01
1.736116518811121523e+01
1.727003381662999004e+01
1.717813505840942057e+01
1.708537441439303350e+01
1.699166598603959955e+01
1.689693159725796079e+01
1.680110005078154956e+01
1.670410649575689632e+01
1.660589188724600618e+01
1.650640252164140165e+01
1.640558963475497123e+01
1.630340905165382992e+01
1.619982087923797565e+01
1.609478923415645468e+01
1.598828199998368937e+01
1.588027060867141493e+01
1.577072984219858043e+01
1.565963765107971284e+01
1.554697498700840264e+01
1.543272564740611230e+01
1.531687613005823856e+01
1.519941549635115052e+01
1.508033524189496077e+01
1.495962917353647548e+01
1.483729329194531310e+01
1.471332567910039302e+01
1.458772639012008909e+01
1.446049734897402317e+01
1.433164224768899331e+01
1.420116644872358513e+01
1.406907689023456776e+01
1.393538199399752919e+01
1.380009157577730861e+01
1.366321675796937818e+01
1.352476988435454608e+01
1.338476443682872130e+01
1.324321495398353932e+01
1.310013695142697721e+01
1.295554684374564225e+01
1.280946186801978115e+01
1.266190000881227462e+01
1.251287992456194509e+01
1.236242087532005307e+01
1.221054265177741982e+01
1.205726550553731435e+01
1.190261008059821535e+01
1.174659734601710959e+01
1.158924852973340336e+01
1.143058505353921284e+01
1.127062846919083583e+01
1.110940039566193960e+01
1.094692245754628779e+01
1.078321622462368801e+01
1.061830315260793967e+01
1.045220452510117326e+01
1.028494139678159769e+01
1.011653453785519474e+01
9.947004379803070506e+00
9.776370962456672586e+00
9.604653882431627210e+00
9.431872242948420748e+00
9.258044605064249311e+00
9.083188940334485650e+00
8.907322584915378982e+00
8.730462195111899248e+00
8.552623704364807011e+00
8.373822281661277955e+00
8.194072291342367365e+00
8.013387254268565130e+00
7.831779810290851351e+00
7.649261681959801606e+00
7.465843639387269803e+00
7.281535466153215452e+00
7.096345926124702608e+00
6.910282731024284253e+00
6.723352508550981987e+00
6.535560770823744647e+00
6.346911882887528833e+00
6.157409031005101951e+00
5.967054190460864049e+00
5.775848092638123710e+00
5.583790191203695130e+00
5.390878627347120755e+00
5.197110194169652253e+00
5.002480300483174602e+00
4.806982934437312949e+00
4.610610627511276149e+00
4.413354419458096700e+00
4.215203824752530970e+00
4.016146800968849462e+00
3.816169719317013431e+00
3.615257337328171339e+00
3.413392773442820438e+00
3.210557483055771932e+00
3.006731235437523075e+00
2.801892090894125165e+00
2.596016377542821552e+00
2.389078667153087032e+00
2.181051749611456980e+00
1.971906605691398751e+00
1.761612377929454354e+00
1.550136339513523032e+00
1.337443861172796788e+00
1.123498376120600328e+00
9.082613431432120521e-01
6.916922079547813684e-01
4.737483629545952701e-01
2.543851055335013545e-01
3.355559508492725329e-02
-1.887891911148951440e-01
-4.127005029791738777e-01
-6.382318634408011837e-01
-8.654391148234253928e-01
-1.094380465504635191e+00
-1.325116536591124383e+00
-1.557710408281065551e+00
-1.792227665541286985e+00
-2.028736442671026818e+00
-2.267307466261333282e+00
-2.508014095988698511e+00
-2.750932362603497605e+00
-2.996141002387469499e+00
-3.243721487259711544e+00
-3.493758049607128324e+00
-3.746337700802647497e+00
-4.001550242252900347e+00
-4.259488267686841745e+00
-4.520247155257695937e+00
-4.783925047884699744e+00
-5.050622820109519573e+00
-5.320444029585817525e+00
-5.593494851164077630e+00
-5.869883991404654111e+00
-6.149722581147025302e+00
-6.433124043731195840e+00
-6.720203936304085524e+00
-7.011079761612454497e+00
-7.305870747682191357e+00
-7.604697592858278732e+00
-7.907682173852839114e+00
-8.214947214750164761e+00
-8.526615915380267197e+00
-8.842811538137079097e+00
-9.163656953229908808e+00
-9.489274143564715658e+00
-9.819783672009254616e+00
-1.015530411575590364e+01
-1.049595147490387248e+01
-1.084183856527644529e+01
-1.119307440888657901e+01
-1.154976363936895467e+01
-1.191200594402145718e+01
-1.227989556879250088e+01
-1.265352091739260487e+01
-1.303296428047163680e+01
-1.341830173513339908e+01
-1.380960325851901693e+01
-1.420693310125234987e+01
-1.461035046660075665e+01
-1.501991053861017456e+01
-1.543566589658953880e+01
-1.585766834354847532e+01
-1.628597116208607076e+01
-1.672063179252474185e+01
-1.716171490482886597e+01
-1.760929580842037012e+01
-1.806346411322384427e+01
-1.852432752241770331e+01
-1.899201560422626400e+01
-1.946668335897368607e+01
-1.994851437137807437e+01
-2.043772332004344250e+01
-2.093455761005214555e+01
-2.143929790441711347e+01
-2.195225735970617009e+01
-2.247377942350794910e+01
-2.300423412827615977e+01
-2.354401291689994835e+01
-2.409352215631736982e+01
-2.465317562875043222e+01
-2.522338642334601744e+01
-2.580455876739687682e+01
-2.639708041697644703e+01
-2.700131625296990023e+01
-2.761760368695402335e+01
-2.824625036835321268e+01
-2.888753450852108173e+01
-2.954170792002328483e+01
-3.020900164035389679e+01
-3.088963380118393331e+01
-3.158381924524342566e+01
-3.229178030112687736e+01
-3.301375810644955067e+01
-3.375002391372369459e+01
-3.450088990334509020e+01
-3.526671914203799929e+01
-3.604793444136727487e+01
-3.684502597200121699e+01
-3.765855756313329294e+01
-3.848917165602508561e+01
-3.933759288235655305e+01
-4.020463020872205107e+01
-4.109117754076176965e+01
-4.199821243198567089e+01
-4.292679252978128801e+01
-4.387804917418972650e+01
-4.485317723195588258e+01
-4.585341995802095028e+01
-4.688004728637852736e+01
-4.793432548927557946e+01
-4.901747561862201508e+01
-5.013061758807013035e+01
-5.127469624066355181e+01
-5.245038541102831431e+01
-5.365796606202713548e+01
-5.489717540727206568e+01
-5.616702601799527628e+01
-5.746559786329455477e+01
-5.878981263957586378e+01
-6.013520889404676240e+01
-6.149574781913596411e+01
-6.286369122802563680e+01
-6.422960123123438336e+01
-6.558250998419181599e+01
-6.691029209772921149e+01
-6.820023977059891251e+01
-6.943979610704252536e+01
-7.061735785213220140e+01
-7.172303122211270932e+01
-7.274922610146849422e+01
-7.369100616629539502e+01
-7.454616457368881299e+01
-7.531504879858297841e+01
-7.600019778669417292e+01
-7.660587184199117416e+01
-7.713755196168320083e+01
-7.760146805432680139e+01
-7.800419330594118605e+01
-7.835232150480889857e+01
-7.865222879355941643e+01
-7.890991177048088900e+01
-7.913088921459274161e+01
-7.932015350798205588e+01
-7.948215869211833251e+01
-7.962083397045641675e+01
-7.973961366725443156e+01
-7.984147677495619178e+01
-7.992899107566773864e+01
-8.000435833828387899e+01
-8.006945827465951027e+01
-8.012588982357733869e+01
-8.017500897098561552e+01
-8.021796276072970500e+01
-8.025571944826722870e+01
-8.028909493945248244e+01
-8.031877576833727517e+01
-8.034533892575576886e+01
-8.036926887194064761e+01
-8.039097206438754029e+01
-8.041078931578982747e+01
-8.042900627242478606e+01
-8.044586227514990640e+01
-8.046155783597366451e+01
-8.047626093472545961e+01
-8.049011231371464703e+01
-8.050322992393570587e+01
-8.051571265460624716e+01
-8.052764345858348349e+01
-8.053909196939653725e+01
-8.055011669108378669e+01
-8.056076682948625489e+01
-8.057108382293030502e+01
-8.058110262109578059e+01
-8.059085275309961105e+01
-8.060035921925903324e+01
-8.060964323544175159e+01
-8.061872285423527273e+01
-8.062761348322540300e+01
-8.063632831736532580e+01
-8.064487869963633671e+01
-8.065327442187181362e+01
-8.066152397566362708e+01
-8.066963476163604696e+01
-8.067761326399990196e+01
-8.068546519616241142e+01
-8.069319562220925945e+01
-8.070080905827251172e+01
-8.070830955714058064e+01
-8.071570077889749939e+01
-8.072298604992545279e+01
-8.073016841220859874e+01
-8.073725066455591559e+01
-8.074423539709134445e+01
-8.075112502013386973e+01
-8.075792178840147528e+01
-8.076462782132004747e+01
-8.077124512008425938e+01
-8.077777558201017882e+01
-8.078422101263123523e+01
-8.079058313591217200e+01
-8.079686360288874880e+01
-8.080306399899892256e+01
-8.080918585031693624e+01
-8.081523062887269759e+01
-8.082119975720505067e+01
-8.082709461227449310e+01
-8.083291652883912093e+01
-8.083866680238051572e+01
-8.084434669165126763e+01
-8.084995742090382009e+01
-8.085550018185242038e+01
-8.086097613540880502e+01
-8.086638641322555543e+01
-8.087173211907710879e+01
-8.087701433010509788e+01
-8.088223409794260021e+01
-8.088739244974031806e+01
-8.089249038910443801e+01
-8.089752889696110572e+01
-8.090250893235591434e+01
-8.090743143319630803e+01
-8.091229731694568272e+01
-8.091710748127442798e+01
-8.092186280467143433e+01
-8.092656414702329926e+01
-8.093121235016174353e+01
-8.093580823838478011e+01
-8.094035261895231770e+01
-8.094484628256103065e+01
-8.094929000379610784e+01
-8.095368454156658800e+01
-8.095803063952259038e+01
-8.096232902645576246e+01
-8.096658041668689521e+01
-8.097078551043559003e+01
-8.097494499418183977e+01
-8.097905954101078407e+01
-8.098312981094971974e+01
-8.098715645128937979e+01
-8.099114009690060811e+01
-8.099508137053521750e+01
-8.099898088312129119e+01
-8.100283923404862207e+01
-8.100665701144347963e+01
-8.101043479243817558e+01
-8.101417314342927511e+01
-8.101787262033212755e+01
-8.102153376882340297e+01
-8.102515712458088615e+01
-8.102874321351305298e+01
-8.103229255198412773e+01
-8.103580564703274547e+01
-8.103928299658278434e+01
-8.104272508964956501e+01
-8.104613240654121853e+01
-8.104950541905273553e+01
-8.105284459065509850e+01
-8.105615037668070499e+01
-8.105942322450145809e+01
-8.106266357370479625e+01
-8.106587185626172243e+01
-8.106904849669405166e+01
-8.107219391223404159e+01
-8.107530851298177765e+01
-8.107839270205766979e+01
-8.108144687575132536e+01
-8.108447142366576088e+01
-8.108746672885929740e+01
-8.109043316798256740e+01
-8.109337111141196885e+01
-8.109628092338198257e+01
-8.109916296211036979e+01
-8.110201757992332716e+01
-8.110484512337647800e+01
-8.110764593337248130e+01
-8.111042034527599753e+01
-8.111316868902613919e+01
-8.111589128924613590e+01
-8.111858846534936163e+01
-8.112126053164371342e+01
-8.112390779743351743e+01
-8.112653056711884858e+01
-8.112912914029205069e+01
-8.113170381183161339e+01
-8.113425487199535269e+01
-8.113678260651013829e+01
-8.113928729665978778e+01
-8.114176921937099962e+01
-8.114176897866111915e+01
