-8.143261170620753830e+01
-8.141479041975696873e+01
-8.140048512342929143e+01
-8.138682159256079274e+01
-8.137559372611013941e+01
-8.136586590714898648e+01
-8.135838283231070989e+01
-8.135134230622918494e+01
-8.134605665578017408e+01
-8.134160652782125567e+01
-8.133739614876992619e+01
-8.133366224305318326e+01
-8.133170535674405244e+01
-8.132939219981263079e+01
-8.132824684632309697e+01
-8.132592627252878970e+01
-8.132503989820837376e+01
-8.132309167160082097e+01
-8.132175463791794812e+01
-8.132207547912442180e+01
-8.132201228395587123e+01
-8.132046680025725038e+01
-8.132000071142766728e+01
-8.132007753498444913e+01
-8.132000438696356071e+01
-8.132032003808041054e+01
-8.131971014863648861e+01
-8.131964884796407489e+01
-8.131966689357761879e+01
-8.131799113591043238e+01
-8.131760873384156696e+01
-8.131760508561906420e+01
-8.131854561904958700e+01
-8.131865092783586135e+01
-8.131849947128397105e+01
-8.131801272480191756e+01
-8.131863262577699913e+01
-8.131815236276959524e+01
-8.131784913452189301e+01
-8.131844477394292880e+01
-8.131850774685517536e+01
-8.131917331792141113e+01
-8.131795408970550909e+01
-8.131694162427979222e+01
-8.131678340785236969e+01
-8.131772053790304255e+01
-8.131864010411261745e+01
-8.131840815497992025e+01
-8.131823875075694730e+01
-8.131830333521280352e+01
-8.131767896012600261e+01
-8.131699487990333353e+01
-8.131339862446701261e+01
-8.130322582372193096e+01
-8.126453838761156589e+01
-8.188527146703104620e+01
-1.093061039692072001e+01
1.965633913521648068e+01
1.956675045982003880e+01
2.019343337357485879e+01
2.016854200149484910e+01
2.018085258949903604e+01
2.034035966052584854e+01
2.060082439760143913e+01
2.092175233684216806e+01
2.127463431811446526e+01
2.163836055662340385e+01
2.199518572834870511e+01
2.233171809208531400e+01
2.263598462944218781e+01
2.289797669547769843e+01
2.310907870893148086e+01
2.325641384955293489e+01
2.332394736387912815e+01
2.329455809289200374e+01
2.314973552586740269e+01
2.288229044268967272e+01
2.252021999515391570e+01
2.212134986144372917e+01
2.173463420589532902e+01
2.138046830755633465e+01
2.106081330049314815e+01
2.077188543036321988e+01
2.050964735397966976e+01
2.027098925853755773e+01
2.005352569616954028e+01
1.985522335936780181e+01
1.967417733423143389e+01
1.950853675934446585e+01
1.935650767618652068e+01
1.921637778666406149e+01
1.908654671773382816e+01
1.896555027461421261e+01
1.885206827029139731e+01
1.874492202584056955e+01
1.864306989615892363e+01
1.854560417265416916e+01
1.845174644558717247e+01
1.836083195276133395e+01
1.827228782347359370e+01
1.818561709295152795e+01
1.810038848018984226e+01
1.801622806355284823e+01
1.793281152623508845e+01
1.784985701557980065e+01
1.776711881080638022e+01
1.768438186755958341e+01
1.760145720009601433e+01
1.751817800951377535e+01
1.743439645238797198e+01
1.734998094919251699e+01
1.726481394382905776e+01
1.717879003864235443e+01
1.709181444128209648e+01
1.700380167011802612e+01
1.691467447367667987e+01
1.682436292694366031e+01
1.673280367358103504e+01
1.663993928833278346e+01
1.654571773827706593e+01
1.645009192526800490e+01
1.635301929498718465e+01
1.625446150059915240e+01
1.615438411114238448e+01
1.605275635656556332e+01
1.594955090278685539e+01
1.584474365136810903e+01
1.573831355939586274e+01
1.563024247598055538e+01
1.552051499245926891e+01
1.540911830393732096e+01
1.529604208025187262e+01
1.518127834480703875e+01
1.506482136002533601e+01
1.494666751840148677e+01
1.482681523833693937e+01
1.470526486409064049e+01
1.458201856930690710e+01
1.445708026368075494e+01
1.433045550240205834e+01
1.420215139808404814e+01
1.407217653493160014e+01
1.394054088494659283e+01
1.380725572599867590e+01
1.367233356161633218e+01
1.353578804237410260e+01
1.339763388876743733e+01
1.325788681548185899e+01
1.311656345697407922e+01
1.297368129429251482e+01
1.282925858307401690e+01
1.268331428266103522e+01
1.253586798629104848e+01
1.238693985231715189e+01
1.223655053642604962e+01
1.208472112482490068e+01
1.193147306837706267e+01
1.177682811767228088e+01
1.162080825902327241e+01
1.146343565138783482e+01
1.130473256422183681e+01
1.114472131627395335e+01
1.098342421533969926e+01
1.082086349899710243e+01
1.065706127635174205e+01
1.049203947082269117e+01
1.032581976400478929e+01
1.015842354064448116e+01
9.989871834768772274e+00
9.820185277005865743e+00
9.649384043135748712e+00
9.477487803905770392e+00
9.304515676142605329e+00
9.130486175185749786e+00
8.955417168661615079e+00
8.779325831608467468e+00
8.602228602953475800e+00
8.424141143332908754e+00
8.245078294235280936e+00
8.065054038434956496e+00
7.884081461670542801e+00
7.702172715507240142e+00
7.519338981304026781e+00
7.335590435185959102e+00
7.150936213896107674e+00
6.965384381371721112e+00
6.778941895855061794e+00
6.591614577314492962e+00
6.403407074917805808e+00
6.214322834278537933e+00
6.024364064190916856e+00
5.833531702596122415e+00
5.641825381584708587e+00
5.449243391345677701e+00
5.255782643115129105e+00
5.061438631344510775e+00
4.866205395473381046e+00
4.670075481826656549e+00
4.473039906226302875e+00
4.275088117893089290e+00
4.076207965106342535e+00
3.876385662902274376e+00
3.675605762853925818e+00
3.473851124728997153e+00
3.271102889605785435e+00
3.067340453873224959e+00
2.862541443463823221e+00
2.656681687668392744e+00
2.449735191943624546e+00
2.241674109228342981e+00
2.032468709407809548e+00
1.822087346689372112e+00
1.610496424763184109e+00
1.397660359711616618e+00
1.183541540697959471e+00
9.681002885120358892e-01
7.512948120803348839e-01
5.330811630672357415e-01
3.134131887062605037e-01
9.224248301016237106e-02
-1.304816634804835396e-01
-3.548123152362642196e-01
-5.808049443723282135e-01
-8.085174841577793536e-01
-1.038010383150302474e+00
-1.269346659665729904e+00
-1.502591956245106886e+00
-1.737814593725945267e+00
-1.975085624460942713e+00
-2.214478884154068794e+00
-2.456071041701640478e+00
-2.699941646333381851e+00
-2.946173171244693467e+00
-3.194851052796512381e+00
-3.446063724231783088e+00
-3.699902642717321832e+00
-3.956462308365966685e+00
-4.215840273726731979e+00
-4.478137142049020802e+00
-4.743456552432713913e+00
-5.011905149768519863e+00
-5.283592537155605839e+00
-5.558631208258504763e+00
-5.837136456833736275e+00
-6.119226260432483855e+00
-6.405021135064087545e+00
-6.694643957408916712e+00
-6.988219751003575730e+00
-7.285875432707952015e+00
-7.587739515723468386e+00
-7.893941765494534302e+00
-8.204612805024931177e+00
-8.519883666520009058e+00
-8.839885286875135861e+00
-9.164747945427446751e+00
-9.494600643636232462e+00
-9.829570428029036577e+00
-1.016978165991130822e+01
-1.051535523806167483e+01
-1.086640778397057616e+01
-1.122305080316513504e+01
-1.158538984079282308e+01
-1.195352365486465551e+01
-1.232754343623500048e+01
-1.270753211035003361e+01
-1.309356376166608449e+01
-1.348570322701377755e+01
-1.388400590849073524e+01
-1.428851785903578531e+01
-1.469927619391241436e+01
-1.511630987810511684e+01
-1.553964093234043631e+01
-1.596928608843621333e+01
-1.640525890751418103e+01
-1.684757235218638982e+01
-1.729624177645790795e+01
-1.775128826563189932e+01
-1.821274222436248280e+01
-1.868064707619357989e+01
-1.915506290501516418e+01
-1.963606984092345797e+01
-2.012377097339718546e+01
-2.061829456708120745e+01
-2.111979536328693996e+01
-2.162845477661806015e+01
-2.214447984306364248e+01
-2.266810084413416959e+01
-2.319956761971794634e+01
-2.373914468606029970e+01
-2.428710538716262946e+01
-2.484372541721405980e+01
-2.540927614509338284e+01
-2.598401823526895882e+01
-2.656819607905342551e+01
-2.716203352017326011e+01
-2.776573127099396032e+01
-2.837946628754586698e+01
-2.900339320708346236e+01
-2.963764778023551827e+01
-3.028235207015477926e+01
-3.093762106500710374e+01
-3.160357027118067563e+01
-3.228032382761278285e+01
-3.296802270276596403e+01
-3.366683259428271668e+01
-3.437695123280028042e+01
-3.509861488091036108e+01
-3.583210390283820601e+01
-3.657774735059511073e+01
-3.733592656234180396e+01
-3.810707779608247137e+01
-3.889169392678155646e+01
-3.969032521848616568e+01
-4.050357916751666920e+01
-4.133211934122657283e+01
-4.217666297513034124e+01
-4.303797720285215433e+01
-4.391687355742589460e+01
-4.481420026545303870e+01
-4.573083172118972328e+01
-4.666765435358928471e+01
-4.762554790309295072e+01
-4.860536091056484764e+01
-4.960787900038954490e+01
-5.063378433783042709e+01
-5.168360450044470866e+01
-5.275764899436237698e+01
-5.385593187294173845e+01
-5.497807952229649686e+01
-5.612322384776368978e+01
-5.728988302785778330e+01
-5.847583486634008665e+01
-5.967799161300962396e+01
-6.089228971934830525e+01
-6.211361269373846739e+01
-6.333576881107573087e+01
-6.455154618262216104e+01
-6.575286371944919495e+01
-6.693102654942053675e+01
-6.807707879393018402e+01
-6.918222789015614183e+01
-7.023829754538510883e+01
-7.123815627278038676e+01
-7.217606912531174146e+01
-7.304793224684263464e+01
-7.385136998942101627e+01
-7.458569693411902790e+01
-7.525176636170505162e+01
-7.585173863125820048e+01
-7.638880647309744631e+01
-7.686691079152275563e+01
-7.729047291706802980e+01
-7.766416015298948139e+01
-7.799269303152249222e+01
-7.828069608059399798e+01
-7.853258942495294548e+01
-7.875251600188151713e+01
-7.894429811556983623e+01
-7.911141700351150519e+01
-7.925700963057825277e+01
-7.938387775579491290e+01
-7.949450522990458978e+01
-7.959108035727251718e+01
-7.967552093071810759e+01
-7.974950019799184986e+01
-7.981447254225280119e+01
-7.987169806681922068e+01
-7.992226558297787165e+01
-7.996711372637631143e+01
-8.000705008922906813e+01
-8.004276836695643738e+01
-8.007486359125859110e+01
-8.010384556697587755e+01
-8.013015065522330360e+01
-8.015415205623334316e+01
-8.017616874664435045e+01
-8.019647322095875097e+01
-8.021529817801658169e+01
-8.023284228229982773e+01
-8.024927511789594803e+01
-8.026474144081531392e+01
-8.027936482359581305e+01
-8.029325077505524177e+01
-8.030648940784678302e+01
-8.031915771720866815e+01
-8.033132152599270626e+01
-8.034303714367864302e+01
-8.035435278056971242e+01
-8.036530975266035171e+01
-8.037594350769157359e+01
-8.038628449858512681e+01
-8.039635892670395378e+01
-8.040618937415173662e+01
-8.041579534154136866e+01
-8.042519370526818534e+01
-8.043439910626810274e+01
-8.044342428047717419e+01
-8.045228033970501258e+01
-8.046097701034399563e+01
-8.046952283623261337e+01
-8.047792535105429579e+01
-8.048619122484825539e+01
-8.049432638852672994e+01
-8.050233613971023772e+01
-8.051022523269305964e+01
-8.051799795493563749e+01
-8.052565819211140763e+01
-8.053320948344115493e+01
-8.054065506877583402e+01
-8.054799792867544284e+01
-8.055524081854662199e+01
-8.056238629772710169e+01
-8.056943675428868801e+01
-8.057639442619947090e+01
-8.058326141939913612e+01
-8.059003972324751430e+01
-8.059673122374856291e+01
-8.060333771487913168e+01
-8.060986090831032413e+01
-8.061630244176352278e+01
-8.062266388620228952e+01
-8.062894675203880013e+01
-8.063515249449694977e+01
-8.064128251826251415e+01
-8.064733818152207334e+01
-8.065332079948257160e+01
-8.065923164744917528e+01
-8.066507196352340259e+01
-8.067084295097761526e+01
-8.067654578035576662e+01
-8.068218159133328982e+01
-8.068775149437689720e+01
-8.069325657222881887e+01
-8.069869788123945398e+01
-8.070407645257249385e+01
-8.070939329329729617e+01
-8.071464938738296269e+01
-8.071984569660939712e+01
-8.072498316140536190e+01
-8.073006270162122178e+01
-8.073508521724527043e+01
-8.074005158907203850e+01
-8.074496267932622118e+01
-8.074981933224648856e+01
-8.075462237463733572e+01
-8.075937261638858899e+01
-8.076407085096704463e+01
-8.076871785588386388e+01
-8.077331439313972794e+01
-8.077786120964883310e+01
-8.078235903764419845e+01
-8.078680859506535228e+01
-8.079121058593128168e+01
-8.079556570069865984e+01
-8.079987461660473969e+01
-8.080413799799988794e+01
-8.080835649666681775e+01
-8.081253075212860892e+01
-8.081666139194759069e+01
-8.082074903201265670e+01
-8.082479427681906259e+01
-8.082879771973686900e+01
-8.083275994327388503e+01
-8.083668151932879198e+01
-8.084056300943591111e+01
-8.084440496500511131e+01
-8.084820792755255070e+01
-8.085197242892579084e+01
-8.085569899152172013e+01
-8.085938812849887825e+01
-8.086304034398334295e+01
-8.086665613326968582e+01
-8.087023598301536254e+01
-8.087378037143051301e+01
-8.087728976846227624e+01
-8.088076463597406018e+01
-8.088420542792007950e+01
-8.088761259051622687e+01
-8.089098656240425100e+01
-8.089432777481420089e+01
-8.089763665172009155e+01
-8.090091360999397807e+01
-8.090415905955437381e+01
-8.090737340351051898e+01
-8.091055703830632240e+01
-8.091371035385530774e+01
-8.091683373367678200e+01
-8.091992755502639056e+01
-8.092299218902373070e+01
-8.092602800077675340e+01
-8.092903534950428934e+01
-8.093201458865343056e+01
-8.093496606601546262e+01
-8.093789012383888348e+01
-8.094078709893953771e+01
-8.094365732280759573e+01
-8.094650112171275680e+01
-8.094931881680658137e+01
-8.095211072422226550e+01
-8.095487715517246841e+01
-8.095487688022825523e+01
