-8.145707515328021486e+01
-8.145965207937867092e+01
-8.146230468983598882e+01
-8.146300100059711724e+01
-8.146379972024588767e+01
-8.146400540308124505e+01
-8.146487975650099145e+01
-8.146488008080019938e+01
-8.146534492011581108e+01
-8.146585957764528985e+01
-8.146588676298212306e+01
-8.146550461652962838e+01
-8.146639680629111524e+01
-8.146646532703223897e+01
-8.146736614130139742e+01
-8.146676849791100494e+01
-8.146719565750090908e+01
-8.146657370563306699e+01
-8.146617910536257057e+01
-8.146728601840663941e+01
-8.146790252463416948e+01
-8.146701737223500572e+01
-8.146696559716401964e+01
-8.146722995777129483e+01
-8.146767369862143937e+01
-8.146816366846458379e+01
-8.146803054113102860e+01
-8.146789776761995938e+01
-8.146819283551675994e+01
-8.146669192929935832e+01
-8.146634034242939038e+01
-8.146639946283104905e+01
-8.146745421730196313e+01
-8.146757280293707026e+01
-8.146756710194938478e+01
-8.146701830927580090e+01
-8.146767791345583021e+01
-8.146730639113542338e+01
-8.146699582727706002e+01
-8.146750764277685164e+01
-8.146765551443165521e+01
-8.146822946967782286e+01
-8.146737834943519374e+01
-8.146617999484729467e+01
-8.146598475233622594e+01
-8.146669423437920443e+01
-8.146774354904025017e+01
-8.146775308203868349e+01
-8.146721395095001128e+01
-8.146768468178323985e+01
-8.146657543096578991e+01
-8.146623338303591311e+01
-8.146147155041502685e+01
-8.145661325092845573e+01
-8.127359031191919314e+01
-8.338850141323533194e+01
-4.084121159432991988e+01
1.588720971994824005e+01
1.970363113664425470e+01
2.043509985180569899e+01
2.022694687461985552e+01
2.017745558489761137e+01
2.031399473891045560e+01
2.055667103602190693e+01
2.086270136783194928e+01
2.120256655784620392e+01
2.155256190379514081e+01
2.189215005920801005e+01
2.220396490175900794e+01
2.247095596692352615e+01
2.267402039649013545e+01
2.278975314218936177e+01
2.277996331849653799e+01
2.259041931005899428e+01
2.218880843715134432e+01
2.164574355618033863e+01
2.109382819343466409e+01
2.059882394002892880e+01
2.016514337436197479e+01
1.978281034726912679e+01
1.944361928622152291e+01
1.914228763639047060e+01
1.887506678565949869e+01
1.863865325244769622e+01
1.842977439291874120e+01
1.824516226593323509e+01
1.808167442715057405e+01
1.793639458499109907e+01
1.780666748205489469e+01
1.769013316998047003e+01
1.758473732601859396e+01
1.748869698224147484e+01
1.740046568512573799e+01
1.731870835945247933e+01
1.724229174406950804e+01
1.717027721547684393e+01
1.710187554493287010e+01
1.703640550991134361e+01
1.697327696069035596e+01
1.691197998524273771e+01
1.685207382113039287e+01
1.679317626008895203e+01
1.673495436124333224e+01
1.667711665935555132e+01
1.661940673979104943e+01
1.656159796110043914e+01
1.650348911297394849e+01
1.644490083221806387e+01
1.638567263476778280e+01
1.632566045050462478e+01
1.626473456982267507e+01
1.620277792805005745e+01
1.613968466738346308e+01
1.607535892689485024e+01
1.600971382005275956e+01
1.594267056648739000e+01
1.587415775072376611e+01
1.580411068553671328e+01
1.573247086163769737e+01
1.565918546873045436e+01
1.558420697570028501e+01
1.550749275993683796e+01
1.542900477761456557e+01
1.534870926824896920e+01
1.526657648806183687e+01
1.518258046768284331e+01
1.509669879052254693e+01
1.500891238881026979e+01
1.491920535482629795e+01
1.482756476529204370e+01
1.473398051723742341e+01
1.463844517394945832e+01
1.454095381984046575e+01
1.444150392326264587e+01
1.434009520644815971e+01
1.423672952187893159e+01
1.413141073448906937e+01
1.402414460918590500e+01
1.391493870323973070e+01
1.380380226314824199e+01
1.369074612562311444e+01
1.357578262238425637e+01
1.345892548847604075e+01
1.334018977384448768e+01
1.321959175793701036e+01
1.309714886710269433e+01
1.297287959458864037e+01
1.284680342294199740e+01
1.271894074863912394e+01
1.258931280877822623e+01
1.245794160968116415e+01
1.232484985726256532e+01
1.219006088903547003e+01
1.205359860763348578e+01
1.191548741574042403e+01
1.177575215232919170e+01
1.163441803012272580e+01
1.149151057420010424e+01
1.134705556168274754e+01
1.120107896244460832e+01
1.105360688080249076e+01
1.090466549815105601e+01
1.075428101651831447e+01
1.060247960302570114e+01
1.044928733524558773e+01
1.029473014745785875e+01
1.013883377781339590e+01
9.981623716418406289e+00
9.823125154359823696e+00
9.663362933693873558e+00
9.502361498424443553e+00
9.340144846497294040e+00
9.176736482837615227e+00
9.012159373455949307e+00
8.846435900645099437e+00
8.679587819287673867e+00
8.511636214287671365e+00
8.342601459136639974e+00
8.172503175616055771e+00
8.001360194633290845e+00
7.829190518179216518e+00
7.656011282387866324e+00
7.481838721666826508e+00
7.306688133854419398e+00
7.130573846341705213e+00
6.953509183076338473e+00
6.775506432337869533e+00
6.596576815143734507e+00
6.416730454111143622e+00
6.235976342568972264e+00
6.054322313689156410e+00
5.871775009399615719e+00
5.688339848856637460e+00
5.504020996304814339e+00
5.318821328237074653e+00
5.132742399888773122e+00
4.945784411242262202e+00
4.757946172865749723e+00
4.569225072033823665e+00
4.379617039650865351e+00
4.189116518500468622e+00
3.997716433265219749e+00
3.805408162608827638e+00
3.612181513410023470e+00
3.418024697017788327e+00
3.222924307195700777e+00
3.026865299269955845e+00
2.829830969906266258e+00
2.631802936920891511e+00
2.432761118569733316e+00
2.232683711840989016e+00
2.031547169381405116e+00
1.829326174796173987e+00
1.625993616163759814e+00
1.421520557692049991e+00
1.215876209507195327e+00
1.009027895612445436e+00
8.009410200837686622e-01
5.915790315863083126e-01
3.809033863053405966e-01
1.688735093906957585e-01
-4.455324498203223904e-02
-2.594216348231159208e-01
-4.757785726961435979e-01
-6.936731691072391959e-01
-9.131567767665113022e-01
-1.134283035547283935e+00
-1.357107917939377240e+00
-1.581689774757724987e+00
-1.808089380826349846e+00
-2.036369980310505756e+00
-2.266597331315795660e+00
-2.498839749312474101e+00
-2.733168148875153580e+00
-2.969656083152396597e+00
-3.208379780396874104e+00
-3.449418176794043056e+00
-3.692852944725637521e+00
-3.938768515492663713e+00
-4.187252095401518659e+00
-4.438393673985398635e+00
-4.692286022992238514e+00
-4.949024684620346726e+00
-5.208707947324074716e+00
-5.471436807349058462e+00
-5.737314913985463782e+00
-6.006448496362733813e+00
-6.278946269444268147e+00
-6.554919316730236645e+00
-6.834480947044079713e+00
-7.117746522679540888e+00
-7.404833256129915497e+00
-7.695859972629746970e+00
-7.990946835832995809e+00
-8.290215034158011420e+00
-8.593786425679860841e+00
-8.901783139983244553e+00
-9.214327136148218855e+00
-9.531539717073227891e+00
-9.853541001696823898e+00
-1.018044935841664689e+01
-1.051238080516651863e+01
-1.084944838424753577e+01
-1.119176152313615802e+01
-1.153942539613115770e+01
-1.189254030579275323e+01
-1.225120110761526071e+01
-1.261549670611471363e+01
-1.298550965527526380e+01
-1.336131590080324116e+01
-1.374298470548404616e+01
-1.413057880165611913e+01
-1.452415481585037149e+01
-1.492376400939473235e+01
-1.532945337462353130e+01
-1.574126711869902273e+01
-1.615924855545776850e+01
-1.658344240985108442e+01
-1.701389751939770534e+01
-1.745066989288564585e+01
-1.789382605899363909e+01
-1.834344660761816570e+01
-1.879962979600993123e+01
-1.926249506230605490e+01
-1.973218626309731860e+01
-2.020887443210286705e+01
-2.069275984696790971e+01
-2.118407319397151767e+01
-2.168307563927581683e+01
-2.219005765306858180e+01
-2.270533649139196086e+01
-2.322925231983248295e+01
-2.376216306143465218e+01
-2.430443816304082461e+01
-2.485645159080270972e+01
-2.541857447744540011e+01
-2.599116792471166804e+01
-2.657457652716520258e+01
-2.716912316856118181e+01
-2.777510559153703085e+01
-2.839279511907350795e+01
-2.902243774157139455e+01
-2.966425759130889261e+01
-3.031846263338388781e+01
-3.098525223512012872e+01
-3.166482615528521904e+01
-3.235739443212730038e+01
-3.306318764627734907e+01
-3.378246708232408935e+01
-3.451553439583897642e+01
-3.526274049244655373e+01
-3.602449342471091853e+01
-3.680126519728170820e+01
-3.759359743156478117e+01
-3.840210587311568702e+01
-3.922748372562391950e+01
-4.007050376822980553e+01
-4.093201918173301834e+01
-4.181296280239954655e+01
-4.271434447412894997e+01
-4.363724605829069958e+01
-4.458281333738258922e+01
-4.555224381676581658e+01
-4.654676910403824763e+01
-4.756763015480706969e+01
-4.861604322263757894e+01
-4.969315385750810066e+01
-5.079997580722831430e+01
-5.193731128179442891e+01
-5.310564890258675774e+01
-5.430503603390546630e+01
-5.553492345962442300e+01
-5.679398301621359479e+01
-5.807990337532608294e+01
-5.938917611973552368e+01
-6.071689356086540812e+01
-6.205659043865066593e+01
-6.340017127211348935e+01
-6.473796954513628066e+01
-6.605897898105165211e+01
-6.735127684802930048e+01
-6.860262473793153504e+01
-6.980119044363573266e+01
-7.093629830570191075e+01
-7.199909875967648532e+01
-7.298305899553788834e+01
-7.388421315196033845e+01
-7.470115991564728120e+01
-7.543484158188688582e+01
-7.608816899325672978e+01
-7.666556674460221643e+01
-7.717250570629305173e+01
-7.761507248248720714e+01
-7.799960529524571484e+01
-7.833240815070628571e+01
-7.861954238489519753e+01
-7.886668702389074781e+01
-7.907905587589000618e+01
-7.926135860037267378e+01
-7.941779399337684708e+01
-7.955206551115085745e+01
-7.966741105960451819e+01
-7.976664098134637015e+01
-7.985217982109313084e+01
-7.992610879325202689e+01
-7.999020691994404331e+01
-8.004598958931812547e+01
-8.009474384857395535e+01
-8.013756013958084168e+01
-8.017536044837602560e+01
-8.020892300732347735e+01
-8.023890378750158447e+01
-8.026585506982242180e+01
-8.029024140206765026e+01
-8.031245324677436770e+01
-8.033281860983029787e+01
-8.035161291733713540e+01
-8.036906738259452254e+01
-8.038537607844476440e+01
-8.040070190426213514e+01
-8.041518161250361629e+01
-8.042893003747134628e+01
-8.044204364892598846e+01
-8.045460353550581090e+01
-8.046667790740475823e+01
-8.047832419431901485e+01
-8.048959080306356384e+01
-8.050051858931661286e+01
-8.051114208944343886e+01
-8.052149055112541021e+01
-8.053158879537592441e+01
-8.054145793733081860e+01
-8.055111598881511270e+01
-8.056057836197871325e+01
-8.056985829018425704e+01
-8.057896717970020006e+01
-8.058791490355409337e+01
-8.059671004705101893e+01
-8.060536011290363945e+01
-8.061387169263011288e+01
-8.062225060977655744e+01
-8.063050203961363138e+01
-8.063863060918889403e+01
-8.064664048098518379e+01
-8.065453542288550182e+01
-8.066231886671702966e+01
-8.066999395725768807e+01
-8.067756359328362237e+01
-8.068503046197544393e+01
-8.069239706777969445e+01
-8.069966575664234654e+01
-8.070683873638002126e+01
-8.071391809382585336e+01
-8.072090580928137626e+01
-8.072780376872060515e+01
-8.073461377411238971e+01
-8.074133755217438591e+01
-8.074797676181134420e+01
-8.075453300045613503e+01
-8.076100780948961244e+01
-8.076740267889148583e+01
-8.077371905124313400e+01
-8.077995832518963937e+01
-8.078612185844581006e+01
-8.079221097041825317e+01
-8.079822694450550102e+01
-8.080417103012393909e+01
-8.081004444450576329e+01
-8.081584837429844015e+01
-8.082158397700028729e+01
-8.082725238225354758e+01
-8.083285469301740989e+01
-8.083839198663625325e+01
-8.084386531581982638e+01
-8.084927570954603482e+01
-8.085462417389541656e+01
-8.085991169283030899e+01
-8.086513922891938932e+01
-8.087030772402010825e+01
-8.087541809991942898e+01
-8.088047125894105704e+01
-8.088546808451845038e+01
-8.089040944174105618e+01
-8.089529617787492555e+01
-8.090012912285898494e+01
-8.090490908978000562e+01
-8.090963687532776305e+01
-8.091431326023320025e+01
-8.091893900968784692e+01
-8.092351487374891406e+01
-8.092804158772891299e+01
-8.093251987257264091e+01
-8.093695043521897503e+01
-8.094133396895259125e+01
-8.094567115374380251e+01
-8.094996265657567847e+01
-8.095420913176238287e+01
-8.095841122125719380e+01
-8.096256955495033480e+01
-8.096668475095768258e+01
-8.097075741590266773e+01
-8.097478814518662205e+01
-8.097877752325275935e+01
-8.098272612384440095e+01
-8.098663451025048232e+01
-8.099050323554959618e+01
-8.099433284284414469e+01
-8.099812386548704524e+01
-8.100187682730496874e+01
-8.100559224281255410e+01
-8.100927061742234514e+01
-8.101291244764757948e+01
-8.101651822130163794e+01
-8.102008841768918046e+01
-8.102362350779389999e+01
-8.102712395446189930e+01
-8.103059021257674033e+01
-8.103402272923477767e+01
-8.103742194391173825e+01
-8.104078828862662931e+01
-8.104412218810131208e+01
-8.104742405991540011e+01
-8.105069431465767593e+01
-8.105393335607364236e+01
-8.105714158120797208e+01
-8.106031938054564989e+01
-8.106346713814740212e+01
-8.106658523178253972e+01
-8.106967403305890230e+01
-8.107273390754812681e+01
-8.107576521490962307e+01
-8.107876830901038545e+01
-8.108174353804179191e+01
-8.108469124463314870e+01
-8.108761176596439668e+01
-8.109050543387382959e+01
-8.109337257496409279e+01
-8.109621351070612150e+01
-8.109902855753929884e+01
-8.110181802697100295e+01
-8.110181776778243545e+01
