-8.145716995171100905e+01
-8.145985686229889211e+01
-8.146261744220288392e+01
-8.146340489669026397e+01
-8.146426599987404416e+01
-8.146452976537058532e+01
-8.146540962241461159e+01
-8.146542570237329528e+01
-8.146591288424046695e+01
-8.146644258955207363e+01
-8.146648805925646286e+01
-8.146615718842402032e+01
-8.146709662565318411e+01
-8.146722606041127790e+01
-8.146817228226458951e+01
-8.146763036395134350e+01
-8.146810377132440806e+01
-8.146752056983606849e+01
-8.146716114286580535e+01
-8.146829237092464382e+01
-8.146893251776070599e+01
-8.146807850680474417e+01
-8.146804482032918315e+01
-8.146831858393332482e+01
-8.146879465817929145e+01
-8.146930059470795982e+01
-8.146920609471443697e+01
-8.146908331290298122e+01
-8.146940852044809844e+01
-8.146793456432914127e+01
-8.146758576533744645e+01
-8.146764026501794831e+01
-8.146871095117455752e+01
-8.146884156381779007e+01
-8.146885295541893868e+01
-8.146829425113890011e+01
-8.146895174529288397e+01
-8.146859903320438434e+01
-8.146828389967370754e+01
-8.146878729909911954e+01
-8.146894644088018822e+01
-8.146951157250778408e+01
-8.146870978010201725e+01
-8.146752744735773888e+01
-8.146732968370110939e+01
-8.146802162342864051e+01
-8.146908772754707684e+01
-8.146912913142627133e+01
-8.146859539951091733e+01
-8.146910870162817275e+01
-8.146803360456799226e+01
-8.146772815715299032e+01
-8.146298001440729308e+01
-8.145856585083717505e+01
-8.127505067505026659e+01
-8.343175346510932400e+01
-4.152399749799216977e+01
1.598096297856168491e+01
2.056115371671230818e+01
2.179782320191606004e+01
2.193561079446634210e+01
2.209736409933780266e+01
2.234195907293993244e+01
2.262379882240810502e+01
2.292715983617016917e+01
2.324143054491543481e+01
2.355613846282969348e+01
2.386063450286667020e+01
2.414607243074173937e+01
2.440458022231085877e+01
2.462942918177838081e+01
2.481620847102384175e+01
2.495792198379513138e+01
2.504564505821290865e+01
2.507114668031232085e+01
2.502321674193868972e+01
2.488586248025828951e+01
2.464527438695970574e+01
2.430290683232945881e+01
2.388832673132855078e+01
2.345058035840207822e+01
2.302891988434646819e+01
2.263959743990990603e+01
2.228387405187044834e+01
2.195806524611565891e+01
2.165825148516194432e+01
2.138142301343854257e+01
2.112534082904214472e+01
2.088818364838628128e+01
2.066830355807167763e+01
2.046411724290701528e+01
2.027408009270806133e+01
2.009669623879090139e+01
1.993054212056879848e+01
1.977428843540830883e+01
1.962671163980284561e+01
1.948669776378568486e+01
1.935324299931252057e+01
1.922545323628066782e+01
1.910254243215691972e+01
1.898382423217804060e+01
1.886869624341564133e+01
1.875662560131889123e+01
1.864713963996869950e+01
1.853981918877028789e+01
1.843429248458956593e+01
1.833022934524313641e+01
1.822733578103225582e+01
1.812534919919716714e+01
1.802403424567543055e+01
1.792317925216264740e+01
1.782259322173579719e+01
1.772210327790287110e+01
1.762155250609110979e+01
1.752079812513659363e+01
1.741970993548476443e+01
1.731816899914445074e+01
1.721606651361659246e+01
1.711330284809195135e+01
1.700978671533064812e+01
1.690543445695424296e+01
1.680016942352285980e+01
1.669392143384630600e+01
1.658662630056667098e+01
1.647822541122905804e+01
1.636866535588466931e+01
1.625789759379530253e+01
1.614587815308546581e+01
1.603256735824617962e+01
1.591792958127172319e+01
1.580193301294374031e+01
1.568454945137137635e+01
1.556575410539615767e+01
1.544552541087648834e+01
1.532384485820196218e+01
1.520069682966206592e+01
1.507606844552037550e+01
1.494994941782866249e+01
1.482233191116747761e+01
1.469321040962262082e+01
1.456258158940878289e+01
1.443044419663396560e+01
1.429679892976724354e+01
1.416164832642786742e+01
1.402499665416094388e+01
1.388684980490234544e+01
1.374721519286986293e+01
1.360610165564332874e+01
1.346351935822123735e+01
1.331947969986128477e+01
1.317399522353066743e+01
1.302707952780819767e+01
1.287874718109471495e+01
1.272901363800251495e+01
1.257789515780663159e+01
1.242540872485326098e+01
1.227157197083255546e+01
1.211640309883283351e+01
1.195992080910578004e+01
1.180214422648107231e+01
1.164309282937945689e+01
1.148278638038351041e+01
1.132124485833402971e+01
1.115848839192855912e+01
1.099453719480800018e+01
1.082941150212379711e+01
1.066313150858648662e+01
1.049571730800135150e+01
1.032718883430331935e+01
1.015756580410671361e+01
9.986867660789192414e+00
9.815113520130305247e+00
9.642322117525523595e+00
9.468511756795791712e+00
9.293700260608995123e+00
9.117904922526232525e+00
8.941142460679362358e+00
8.763428973078848827e+00
8.584779894543444811e+00
8.405209955232251673e+00
8.224733140750052129e+00
8.043362653784750904e+00
7.861110877223217663e+00
7.677989338676594500e+00
7.494008676330417451e+00
7.309178606014022250e+00
7.123507889361689216e+00
6.937004302909385522e+00
6.749674607940819193e+00
6.561524520864642440e+00
6.372558683874958163e+00
6.182780635627261212e+00
5.992192781659129608e+00
5.800796364309373843e+00
5.608591431948375394e+00
5.415576807431409456e+00
5.221750055822040437e+00
5.027107451592434550e+00
4.831643945669132911e+00
4.635353132827725098e+00
4.438227220017551211e+00
4.240256996195778783e+00
4.041431804158830410e+00
3.841739514689414658e+00
3.641166503114456443e+00
3.439697628131649143e+00
3.237316212549197658e+00
3.034004025424971385e+00
2.829741265006799011e+00
2.624506541865073928e+00
2.418276861661900146e+00
2.211027607097977743e+00
2.002732518696968889e+00
1.793363674209654146e+00
1.582891466530297553e+00
1.371284580109580542e+00
1.158509965917809303e+00
9.445328150608999218e-01
7.293165311831758535e-01
5.128227018102379242e-01
2.950110687962076428e-01
7.583949804704423481e-02
-1.447360513016475725e-01
-3.667615580655130825e-01
-5.902849703514825297e-01
-8.153562368528389781e-01
-1.042027337835295553e+00
-1.270352315593028303e+00
-1.500387304067057004e+00
-1.732190557290221866e+00
-1.965822476308018096e+00
-2.201345634162340748e+00
-2.438824798479743983e+00
-2.678326951153027657e+00
-2.919921304547175911e+00
-3.163679313599065068e+00
-3.409674683114440885e+00
-3.657983369496398574e+00
-3.908683576066541931e+00
-4.161855741064845127e+00
-4.417582517336687609e+00
-4.675948742637429767e+00
-4.937041399408332865e+00
-5.200949562801358894e+00
-5.467764335667694375e+00
-5.737578769155100566e+00
-6.010487767525963143e+00
-6.286587975773437975e+00
-6.565977648615436202e+00
-6.848756499480652238e+00
-7.135025528177787457e+00
-7.424886826072283341e+00
-7.718443357797550419e+00
-8.015798718814492574e+00
-8.317056868524121072e+00
-8.622321839153741507e+00
-8.931697421300551554e+00
-9.245286827854178213e+00
-9.563192339057209779e+00
-9.885514932726819026e+00
-1.021235390517433750e+01
-1.054380649014332683e+01
-1.087996748514780343e+01
-1.122092889692851259e+01
-1.156677962033135998e+01
-1.191760516771546463e+01
-1.227348746890119457e+01
-1.263450476460622873e+01
-1.300073161908262520e+01
-1.337223908007129758e+01
-1.374909501596630612e+01
-1.413136466092258381e+01
-1.451911139820192886e+01
-1.491239780996595954e+01
-1.531128701760814970e+01
-1.571584433022947280e+01
-1.612613920970148484e+01
-1.654224754872409520e+01
-1.696425424329077813e+01
-1.739225602311644181e+01
-1.782636448314847399e+01
-1.826670923680551795e+01
-1.871344108788016669e+01
-1.916673509424079924e+01
-1.962679337407443469e+01
-2.009384748636227158e+01
-2.056816020394421329e+01
-2.105002649272507043e+01
-2.153977351741966118e+01
-2.203775951594138860e+01
-2.254437142401241090e+01
-2.306002119088572400e+01
-2.358514080673488422e+01
-2.412017616046221846e+01
-2.466557995831894345e+01
-2.522180405014399085e+01
-2.578929161745561771e+01
-2.636846976176098067e+01
-2.695974307268464187e+01
-2.756348874231191814e+01
-2.818005371536000325e+01
-2.880975422813105169e+01
-2.945287790645265957e+01
-3.010968838739368891e+01
-3.078043222973956716e+01
-3.146534771134704300e+01
-3.216467499826778464e+01
-3.287866712094404420e+01
-3.360760120489677405e+01
-3.435178946505016029e+01
-3.511158956577194346e+01
-3.588741405286934594e+01
-3.667973866131278982e+01
-3.748910937961672829e+01
-3.831614819950606687e+01
-3.916155749216985527e+01
-4.002612293019700473e+01
-4.091071484207574827e+01
-4.181628767742096642e+01
-4.274387716560775630e+01
-4.369459464150089190e+01
-4.466961763188185586e+01
-4.567017551424036270e+01
-4.669752867049402312e+01
-4.775293909016294691e+01
-4.883762984160605924e+01
-4.995273025488344132e+01
-5.109920311372098212e+01
-5.227774976783006622e+01
-5.348868907493137215e+01
-5.473180681534906000e+01
-5.600617419025710575e+01
-5.730993784327056062e+01
-5.864009016791777640e+01
-5.999223783790231579e+01
-6.136039810298997565e+01
-6.273686456995731220e+01
-6.411219308968944119e+01
-6.547535834275967659e+01
-6.681411692413290382e+01
-6.811558047007592620e+01
-6.936695680399201080e+01
-7.055637056739712420e+01
-7.167364434040808874e+01
-7.271092053159044610e+01
-7.366303593189724097e+01
-7.452761413417287883e+01
-7.530489742374983564e+01
-7.599738191938079979e+01
-7.660933878828790000e+01
-7.714630130941606012e+01
-7.761457998433679961e+01
-7.802084491642467867e+01
-7.837179332686740452e+01
-7.867390400455857957e+01
-7.893327046691634052e+01
-7.915549972117534594e+01
-7.934566224059612694e+01
-7.950827965652977980e+01
-7.964733861161136019e+01
-7.976632149858176035e+01
-7.986824700867126126e+01
-7.995571533144389775e+01
-8.003095441472250116e+01
-8.009586491251762652e+01
-8.015206236067166401e+01
-8.020091577738305944e+01
-8.024358234281497460e+01
-8.028103811692702152e+01
-8.031410494777108511e+01
-8.034347383577794233e+01
-8.036972507750148509e+01
-8.039334553311415732e+01
-8.041474335888055691e+01
-8.043426052822103145e+01
-8.045218343930807237e+01
-8.046875187775560789e+01
-8.048416657270537655e+01
-8.049859555525603128e+01
-8.051217950073717589e+01
-8.052503621133475065e+01
-8.053726437322791298e+01
-8.054894670269801793e+01
-8.056015257847315070e+01
-8.057094024271478361e+01
-8.058135864025909711e+01
-8.059144895480908133e+01
-8.060124589146322194e+01
-8.061077874708175273e+01
-8.062007230331171570e+01
-8.062914757145806277e+01
-8.063802241364790291e+01
-8.064671206074005738e+01
-8.065522954408075407e+01
-8.066358605540445126e+01
-8.067179124681496205e+01
-8.067985348081379016e+01
-8.068778003869834947e+01
-8.069557729426557557e+01
-8.070325085861321668e+01
-8.071080570086070338e+01
-8.071824624881598709e+01
-8.072557647293837135e+01
-8.073279995639100548e+01
-8.073991995351052253e+01
-8.074693943863206869e+01
-8.075386114688187433e+01
-8.076068760828378856e+01
-8.076742117629567019e+01
-8.077406405170984272e+01
-8.078061830269129473e+01
-8.078708588159707915e+01
-8.079346863911806054e+01
-8.079976833618594867e+01
-8.080598665401845437e+01
-8.081212520261279053e+01
-8.081818552794510424e+01
-8.082416911808655868e+01
-8.083007740842020894e+01
-8.083591178610090822e+01
-8.084167359388563057e+01
-8.084736413343600248e+01
-8.085298466817660312e+01
-8.085853642578335609e+01
-8.086402060035942441e+01
-8.086943835434691152e+01
-8.087479082021812360e+01
-8.088007910198014372e+01
-8.088530427651794241e+01
-8.089046739480532722e+01
-8.089556948299866690e+01
-8.090061154343393923e+01
-8.090559455553875523e+01
-8.091051947667033062e+01
-8.091538724289318907e+01
-8.092019876969887093e+01
-8.092495495268077832e+01
-8.092965666816466808e+01
-8.093430477380384502e+01
-8.093890010913924016e+01
-8.094344349613194822e+01
-8.094793573966946099e+01
-8.095237762804563886e+01
-8.095676993342055994e+01
-8.096111341226212232e+01
-8.096540880576658594e+01
-8.096965684026284293e+01
-8.097385822760365670e+01
-8.097801366553942159e+01
-8.098212383807963022e+01
-8.098618941584177833e+01
-8.099021105638864526e+01
-8.099418940455295512e+01
-8.099812509275227512e+01
-8.100201874129432156e+01
-8.100587095867126664e+01
-8.100968234184621508e+01
-8.101345347652896578e+01
-8.101718493744620275e+01
-8.102087728860074378e+01
-8.102453108352511890e+01
-8.102814686552619605e+01
-8.103172516792400870e+01
-8.103526651428306593e+01
-8.103877141863625866e+01
-8.104224038570441735e+01
-8.104567391110801111e+01
-8.104907248157255140e+01
-8.105243657513061351e+01
-8.105576666131557317e+01
-8.105906320135201781e+01
-8.106232664833974866e+01
-8.106555744743344860e+01
-8.106875603601746150e+01
-8.107192284387541292e+01
-8.107505829335590875e+01
-8.107816279953340199e+01
-8.108123677036543597e+01
-8.108428060684430250e+01
-8.108729470314685273e+01
-8.109027944677873734e+01
-8.109323521871561979e+01
-8.109616239354093636e+01
-8.109906133957967711e+01
-8.110193241902825889e+01
-8.110477598808310518e+01
-8.110759239706356993e+01
-8.111038199053311359e+01
-8.111314510741804895e+01
-8.111588208112137011e+01
-8.111859323963508928e+01
-8.112127890565055566e+01
-8.112393939666426945e+01
-8.112657502508159268e+01
-8.112918609832007633e+01
-8.113177291890639253e+01
-8.113433578457467377e+01
-8.113687498836017653e+01
-8.113939081869163772e+01
-8.114188355948111564e+01
-8.114188331832104950e+01
