-8.121957780415131367e+01
-8.099261413787824893e+01
-8.077283562985168430e+01
-8.055827285424966533e+01
-8.034962060666123307e+01
-8.014755188342002157e+01
-7.995198439161075044e+01
-7.976104098432760736e+01
-7.957704472675722229e+01
-7.939772494795494140e+01
-7.922250528837356853e+01
-7.905358926710614753e+01
-7.888924929258989494e+01
-7.872996551466340520e+01
-7.857408861883749296e+01
-7.842300574853186390e+01
-7.827524846011272075e+01
-7.813148660680720070e+01
-7.799313062105667882e+01
-7.785807928531592381e+01
-7.772501259028533127e+01
-7.759633810459648373e+01
-7.747169828910944034e+01
-7.734976326749662690e+01
-7.723155398134977645e+01
-7.711483293095830049e+01
-7.700262807386143038e+01
-7.689131559858272169e+01
-7.678301517150148925e+01
-7.667817820022996500e+01
-7.657685021329783126e+01
-7.647725097588492815e+01
-7.638012940464908240e+01
-7.628451018047397270e+01
-7.619242220148765909e+01
-7.610158705550544767e+01
-7.601289955472911686e+01
-7.592719378902322092e+01
-7.584301433246679380e+01
-7.576126664093050067e+01
-7.567950131124652557e+01
-7.560014147586899469e+01
-7.552292332607584058e+01
-7.544907452689889737e+01
-7.537636150128167856e+01
-7.530371680665061263e+01
-7.523464815059655564e+01
-7.516480185941352943e+01
-7.509795313318031162e+01
-7.502910541308924053e+01
-7.496854925595462760e+01
-7.474831150250219025e+01
-7.694878731325667331e+01
-4.122675542071591082e+01
1.205725243443691852e+01
1.639238827989300518e+01
1.803510130037999915e+01
1.876300306410211860e+01
1.931660798671637025e+01
1.980102176477845077e+01
2.024084487467769478e+01
2.065579915473641037e+01
2.105501467886669786e+01
2.143951547720610051e+01
2.180430126704658989e+01
2.214273585140979250e+01
2.244604055438922430e+01
2.270645002597446904e+01
2.291494134271952987e+01
2.305820130034848603e+01
2.312049589221168233e+01
2.308332209827910475e+01
2.292878676937484883e+01
2.265131345424698850e+01
2.228427090846705383e+01
2.188759409207217743e+01
2.150731117532156844e+01
2.116060471338308346e+01
2.084813584125874186e+01
2.056593781105834395e+01
2.031010184191315204e+01
2.007763957077706962e+01
1.986621561420725968e+01
1.967379473612353635e+01
1.949844904919465804e+01
1.933830243853901010e+01
1.919153824611409576e+01
1.905642835624794174e+01
1.893136629876689270e+01
1.881488699492434336e+01
1.870567158864569990e+01
1.860254645009998598e+01
1.850448141379874301e+01
1.841058748268233813e+01
1.832010513923765060e+01
1.823238235791317763e+01
1.814685543180285165e+01
1.806303650617533307e+01
1.798050396347508695e+01
1.789889359121761814e+01
1.781789038405326409e+01
1.773722120064873309e+01
1.765664838737605535e+01
1.757596435160060366e+01
1.749498699598298401e+01
1.741355590052480906e+01
1.733152913974477372e+01
1.724878063343200907e+01
1.716519794317619585e+01
1.708068044011791642e+01
1.699513778109602669e+01
1.690848864045557320e+01
1.682065965336062519e+01
1.673158453372967358e+01
1.664120333606696889e+01
1.654946183565315110e+01
1.645631100593380225e+01
1.636170657560893105e+01
1.626560865099725461e+01
1.616798139180623650e+01
1.606879273056669533e+01
1.596801412775310425e+01
1.586562035606855225e+01
1.576158930857594420e+01
1.565590182634546501e+01
1.554854154209892592e+01
1.543949473699782970e+01
1.532875020826341128e+01
1.521629914575967035e+01
1.510213501602971853e+01
1.498625345256851915e+01
1.486865215134872464e+01
1.474933077080874888e+01
1.462829083566368560e+01
1.450553564402278539e+01
1.438107017739564775e+01
1.425490101324646730e+01
1.412703623981902723e+01
1.399748537300367879e+01
1.386625927505679279e+01
1.373337007501426577e+01
1.359883109066600682e+01
1.346265675197659206e+01
1.332486252585474062e+01
1.318546484218597215e+01
1.304448102105498641e+01
1.290192920109214114e+01
1.275782826888754684e+01
1.261219778942329128e+01
1.246505793748080926e+01
1.231642942998748325e+01
1.216633345927219345e+01
1.201479162720643501e+01
1.186182588021306472e+01
1.170745844513171363e+01
1.155171176593547955e+01
1.139460844129999906e+01
1.123617116303257113e+01
1.107642265537426951e+01
1.091538561519476858e+01
1.075308265310524192e+01
1.058953623551967382e+01
1.042476862770100432e+01
1.025880183783184840e+01
1.009165756215443288e+01
9.923357131226886452e+00
9.753921457344997492e+00
9.583370983179378300e+00
9.411725631677027692e+00
9.239004757274496882e+00
9.065227098464905708e+00
8.890410731755954643e+00
8.714573027047713083e+00
8.537730604449420113e+00
8.359899292543680360e+00
8.181094088092990546e+00
8.001329117169973415e+00
7.820617597677803623e+00
7.638971803210558242e+00
7.456403028186316284e+00
7.272921554165947100e+00
7.088536617247843452e+00
6.903256376401701644e+00
6.717087882571657786e+00
6.530037048339511152e+00
6.342108617894941958e+00
6.153306137012369170e+00
5.963631922694542453e+00
5.773087032118104922e+00
5.581671230524933414e+00
5.389382957756216008e+00
5.196219293234779713e+00
5.002175919409801885e+00
4.807247083785862962e+00
4.611425560095787191e+00
4.414702609196903715e+00
4.217067940518774982e+00
4.018509674894680472e+00
3.819014309492795967e+00
3.618566685329345223e+00
3.417149957524652670e+00
3.214745568117277852e+00
3.011333220943537725e+00
2.806890857870564915e+00
2.601394635564555635e+00
2.394818901982165293e+00
2.187136171868669710e+00
1.978317100699553022e+00
1.768330456677862816e+00
1.557143090569775179e+00
1.344719903307278974e+00
1.131023811400933665e+00
9.160157102869471712e-01
6.996544357857689134e-01
4.818967238814182430e-01
2.626971690493254408e-01
4.200818137273951147e-02
-1.802200573009739848e-01
-4.040396378977401115e-01
-6.295049690618250704e-01
-8.566728221924366782e-01
-1.085602376218795850e+00
-1.316355261713325842e+00
-1.548995603884602001e+00
-1.783590063923687241e+00
-2.020207878098114751e+00
-2.258920893896987359e+00
-2.499803602427161930e+00
-2.742933166144262191e+00
-2.988389440871495051e+00
-3.236254990913471463e+00
-3.486615095909861850e+00
-3.739557747894137751e+00
-3.995173636823638130e+00
-4.253556122629114533e+00
-4.514801191592245466e+00
-4.779007394599446457e+00
-5.046275764537391240e+00
-5.316709709792633909e+00
-5.590414880495443661e+00
-5.867499003804153901e+00
-6.148071684177498497e+00
-6.432244164216430526e+00
-6.720129041300149098e+00
-7.011839934893489001e+00
-7.307491099085638098e+00
-7.607196974652381094e+00
-7.911071674742309767e+00
-8.219228398205011388e+00
-8.531778764645244095e+00
-8.848832065551889059e+00
-9.170494426367438834e+00
-9.496867875199493270e+00
-9.828049315098978056e+00
-1.016412939851353414e+01
-1.050519130474264529e+01
-1.085130942403663923e+01
-1.120254795544577142e+01
-1.155895942965716650e+01
-1.192058317283855651e+01
-1.228744373286567004e+01
-1.265954929509782723e+01
-1.303689012086281096e+01
-1.341943704769848900e+01
-1.380714009577406109e+01
-1.419992722929398887e+01
-1.459770332454079700e+01
-1.500034939698836389e+01
-1.540772213811646196e+01
-1.581965380777597829e+01
-1.623595251997849687e+01
-1.665640294883040085e+01
-1.708076746730800366e+01
-1.750878771529604094e+01
-1.794018657569056785e+01
-1.837467051954959629e+01
-1.881193226453631695e+01
-1.925165367656489934e+01
-1.969350883376796091e+01
-2.013716716559953568e+01
-2.058229657859249784e+01
-2.102856648406552509e+01
-2.147565065153705888e+01
-2.192322982391496566e+01
-2.237099404553039150e+01
-2.281864467041495459e+01
-2.326589603451113319e+01
-2.371247679051487722e+01
-2.415813091680478664e+01
-2.460261842181279945e+01
-2.504571577199394028e+01
-2.548721607538624667e+01
-2.592692905399814407e+01
-2.636468083749087654e+01
-2.680031360845373811e+01
-2.723368512660218244e+01
-2.766466815595500606e+01
-2.809314981584626736e+01
-2.851903087371314172e+01
-2.894222499509521285e+01
-2.936265796418792107e+01
-2.978026688657693555e+01
-3.019499938435410513e+01
-3.060681279260472110e+01
-3.101567336518047568e+01
-3.142155549668386882e+01
-3.182444096664277922e+01
-3.222431821093576332e+01
-3.262118162463621474e+01
-3.301503089957626003e+01
-3.340587039910951717e+01
-3.379370857177476495e+01
-3.417855740485445182e+01
-3.456043191818560700e+01
-3.493934969801924950e+01
-3.531533047024740313e+01
-3.568839571191816162e+01
-3.605856829963724408e+01
-3.642587219320365222e+01
-3.679033215264413315e+01
-3.715197348668347388e+01
-3.751082183061117803e+01
-3.786690295147176499e+01
-3.822024257850886642e+01
-3.857086625683159298e+01
-3.891879922232682532e+01
-3.926406629589620678e+01
-3.960669179516354177e+01
-3.994669946229744539e+01
-4.028411242076465015e+01
-4.061895312770526800e+01
-4.095124331706845311e+01
-4.128100398063941157e+01
-4.160825535423228416e+01
-4.193301691051046021e+01
-4.225530735807322458e+01
-4.257514464604337689e+01
-4.289254597342409880e+01
-4.320752780253044278e+01
-4.352010587584965862e+01
-4.383029523574831643e+01
-4.413811024650200210e+01
-4.444356461817785942e+01
-4.474667143195882346e+01
-4.504744316654115011e+01
-4.534589172528396972e+01
-4.564202846383273027e+01
-4.593586421797578367e+01
-4.622740933152424958e+01
-4.651667368403825265e+01
-4.680366671825054681e+01
-4.708839746705938722e+01
-4.737087457998925544e+01
-4.765110634903214049e+01
-4.792910073380321023e+01
-4.820486538595694981e+01
-4.847840767282360730e+01
-4.874973470023854816e+01
-4.901885333454392679e+01
-4.928577022375303329e+01
-4.955049181787500601e+01
-4.981302438840253188e+01
-5.007337404697003080e+01
-5.033154676319627896e+01
-5.058754838172834667e+01
-5.084138463850556633e+01
-5.109306117626530153e+01
-5.134258355931666529e+01
-5.158995728760480404e+01
-5.183518781009635035e+01
-5.207828053750950659e+01
-5.231924085442079075e+01
-5.255807413077464929e+01
-5.279478573282547416e+01
-5.302938103353950083e+01
-5.326186542248517952e+01
-5.349224431524024226e+01
-5.372052316233984470e+01
-5.394670745779349375e+01
-5.417080274719484834e+01
-5.439281463544828910e+01
-5.461274879413345928e+01
-5.483061096853075611e+01
-5.504640698432510248e+01
-5.526014275400835629e+01
-5.547182428299407775e+01
-5.568145767546236158e+01
-5.588904913994564083e+01
-5.609460499466794658e+01
-5.629813167264745033e+01
-5.649963572657100030e+01
-5.669912383344553319e+01
-5.689660279903418427e+01
-5.709207956207786339e+01
-5.728556119830632554e+01
-5.747705492423918372e+01
-5.766656810077639506e+01
-5.785410823657724677e+01
-5.803968299122437458e+01
-5.822330017817176184e+01
-5.840496776747047392e+01
-5.858469388826988933e+01
-5.876248683108814674e+01
-5.893835504984755858e+01
-5.911230716367047933e+01
-5.928435195842887850e+01
-5.945449838804431408e+01
-5.962275557553343930e+01
-5.978913281379450950e+01
-5.995363956613144296e+01
-6.011628546651258631e+01
-6.027708031956245094e+01
-6.043603410028325129e+01
-6.059315695350835540e+01
-6.074845919308526021e+01
-6.090195130079071362e+01
-6.105364392498060511e+01
-6.120354787897625215e+01
-6.135167413919241852e+01
-6.149803384301112885e+01
-6.164263828640874010e+01
-6.178549892134036980e+01
-6.192662735289244580e+01
-6.206603533620815227e+01
-6.220373477319849087e+01
-6.233973770904552225e+01
-6.247405632850888679e+01
-6.260670295204740654e+01
-6.273769003176460046e+01
-6.286703014719169147e+01
-6.299473600091701542e+01
-6.312082041407695243e+01
-6.324529632171709181e+01
-6.336817676803634924e+01
-6.348947490152750106e+01
-6.360920397002327320e+01
-6.372737731566144248e+01
-6.384400836978015548e+01
-6.395911064775262389e+01
-6.407269774377463989e+01
-6.418478332561453215e+01
-6.429538112933454386e+01
-6.440450495399578301e+01
-6.451216865635355191e+01
-6.461838614555392724e+01
-6.472317137784051511e+01
-6.482653835127784703e+01
-6.492850110050035539e+01
-6.502907369149492922e+01
-6.512827021642299030e+01
-6.522610478848898197e+01
-6.532259153686089803e+01
-6.541774460165123628e+01
-6.551157812895964128e+01
-6.560410626598645933e+01
-6.569534315621841358e+01
-6.578530293469394508e+01
-6.587399972334921472e+01
-6.596144762645070614e+01
-6.604766072611653271e+01
-6.613265307793137993e+01
-6.621643870665491249e+01
-6.629903160202833590e+01
-6.638044571468132915e+01
-6.646069495214146627e+01
-6.653979317494479062e+01
-6.661775419285547173e+01
-6.669459176118938615e+01
-6.677031957724589972e+01
-6.684495127684965610e+01
-6.691850043099901768e+01
-6.699098054262843505e+01
-6.706240504347675824e+01
-6.713278729106947651e+01
-6.720214056580911688e+01
-6.727047806817785158e+01
-6.733781291604823593e+01
-6.740415814210520296e+01
-6.746952669137608893e+01
-6.753393141886981255e+01
-6.759738508732327489e+01
-6.765990036505317562e+01
-6.772148982391638583e+01
-6.778216593737137430e+01
-6.784194107864499301e+01
-6.790082751900082769e+01
-6.795883742610735112e+01
-6.801598286250469982e+01
-6.807227578417028724e+01
-6.812772803917927433e+01
-6.818235136645812133e+01
-6.823615739463174634e+01
-6.828915764096134922e+01
-6.834136351036821111e+01
-6.839278629454791769e+01
-6.844343717116576897e+01
-6.849332720313665845e+01
-6.854246733798640889e+01
-6.859086840728903667e+01
-6.863854112618324166e+01
-6.863853808348477514e+01
