-8.145764219131004324e+01
-8.146084342760227059e+01
-8.146409415687563182e+01
-8.146533507509711569e+01
-8.146661649193414689e+01
-8.146724383015769888e+01
-8.146848560647424620e+01
-8.146880591145402661e+01
-8.146954770598638618e+01
-8.147030594113138591e+01
-8.147054715599756491e+01
-8.147035179630317714e+01
-8.147140986262382967e+01
-8.147162661614348167e+01
-8.147266067425280767e+01
-8.147218399392038179e+01
-8.147271920865611605e+01
-8.147219962330682108e+01
-8.147189647123499867e+01
-8.147308853837135700e+01
-8.147378496685382743e+01
-8.147297764789090024e+01
-8.147299616598877492e+01
-8.147332390403322222e+01
-8.147383755095839319e+01
-8.147438986931058480e+01
-8.147432627091419022e+01
-8.147424951614235056e+01
-8.147461024931990892e+01
-8.147317103768349966e+01
-8.147287660709126556e+01
-8.147298407188503688e+01
-8.147407976155243148e+01
-8.147424329789042474e+01
-8.147429001771850210e+01
-8.147377400767597067e+01
-8.147446204873240561e+01
-8.147413591035936520e+01
-8.147386557538814600e+01
-8.147439976068274348e+01
-8.147458075760910390e+01
-8.147517818267893119e+01
-8.147439648478615482e+01
-8.147326805881620260e+01
-8.147311280053163784e+01
-8.147382652176546003e+01
-8.147489011264096348e+01
-8.147496184754986359e+01
-8.147445302564548797e+01
-8.147497300494048034e+01
-8.147395287872714675e+01
-8.147368053716745351e+01
-8.146898811130509444e+01
-8.146425608187661282e+01
-8.128110650476381238e+01
-8.341328197131974775e+01
-4.111266475003512255e+01
1.582444997617496263e+01
1.971626049247997514e+01
2.044574901508653753e+01
2.023641094555541287e+01
2.019172879103800966e+01
2.033796747383036063e+01
2.059609914595909075e+01
2.092502819252502633e+01
2.129749917068745901e+01
2.169266660370516675e+01
2.209394738369751465e+01
2.248969899944414763e+01
2.287150969587367300e+01
2.323384997973136379e+01
2.357468257706015535e+01
2.389142319805543835e+01
2.418182599463689186e+01
2.444656611986271244e+01
2.468689296101802455e+01
2.490206424522146378e+01
2.509175236191370217e+01
2.525701943422148688e+01
2.539910523171847956e+01
2.551908150201430558e+01
2.561796895318409995e+01
2.569682984681513815e+01
2.575675823245858709e+01
2.579886102865148345e+01
2.582424351291727049e+01
2.583399813067678963e+01
2.582919552065932223e+01
2.581087721441210547e+01
2.578004971569669479e+01
2.573767976546170289e+01
2.568469064386316347e+01
2.562195938668827466e+01
2.555031481116428083e+01
2.547053625947204125e+01
2.538335297875682528e+01
2.528944406465143047e+01
2.518943890170162092e+01
2.508391803896528316e+01
2.497341444280630540e+01
2.485841507187224408e+01
2.473936272176033313e+01
2.461665808921947374e+01
2.449066200813089011e+01
2.436169781211944141e+01
2.423005378155436418e+01
2.409598563594407139e+01
2.395971903628747413e+01
2.382145206576027618e+01
2.368135766110396290e+01
2.353958597114893081e+01
2.339626662294684678e+01
2.325151087990743903e+01
2.310541368006114737e+01
2.295805554601993137e+01
2.280950436134880732e+01
2.265981701084351485e+01
2.250904088462928954e+01
2.235721524804486293e+01
2.220437248096274629e+01
2.205053919154877917e+01
2.189573721049496768e+01
2.173998447251373278e+01
2.158329579238332485e+01
2.142568354312057011e+01
2.126715824396213605e+01
2.110772906579221697e+01
2.094740426148877432e+01
2.078619152840347084e+01
2.062409830986051418e+01
2.046113204218587356e+01
2.029730035336440253e+01
2.013261121899634176e+01
1.996707308079150422e+01
1.980069493240507228e+01
1.963348637700163479e+01
1.946545766052384252e+01
1.929661968425959273e+01
1.912698399993379184e+01
1.895656279021137891e+01
1.878536883718009065e+01
1.861341548108957511e+01
1.844071657135343045e+01
1.826728641157630406e+01
1.809313970014324369e+01
1.791829146770718495e+01
1.774275701272589600e+01
1.756655183603717418e+01
1.738969157531123599e+01
1.721219194008894604e+01
1.703406864799634590e+01
1.685533736262095061e+01
1.667601363344334331e+01
1.649611283813581508e+01
1.631565012746754917e+01
1.613464037299261733e+01
1.595309811764280816e+01
1.577103752929851233e+01
1.558847235736941883e+01
1.540541589238138265e+01
1.522188092853547481e+01
1.503787972917861993e+01
1.485342399510330580e+01
1.466852483557625320e+01
1.448319274198079576e+01
1.429743756394483789e+01
1.411126848781745657e+01
1.392469401734992118e+01
1.373772195643123517e+01
1.355035939372458564e+01
1.336261268904987531e+01
1.317448746135604232e+01
1.298598857812798002e+01
1.279712014607437176e+01
1.260788550294529564e+01
1.241828721033236960e+01
1.222832704730789821e+01
1.203800600476487048e+01
1.184732428032533669e+01
1.165628127369058120e+01
1.146487558231322978e+01
1.127310499727941462e+01
1.108096649929547439e+01
1.088845625468270484e+01
1.069556961129119088e+01
1.050230109425208980e+01
1.030864440149556494e+01
1.011459239896966800e+01
9.920137115501706404e+00
9.725269737249410795e+00
9.529980601694571618e+00
9.334259191132016298e+00
9.138094125607519658e+00
8.941473155254758609e+00
8.744383151972549229e+00
8.546810100372129071e+00
8.348739087906325906e+00
8.150154294068673977e+00
7.951038978520387879e+00
7.751375467964899180e+00
7.551145141544867379e+00
7.350328414483851880e+00
7.148904719637307892e+00
6.946852486558431572e+00
6.744149117631222268e+00
6.540770960785442512e+00
6.336693278300901788e+00
6.131890211248334666e+00
5.926334739213911185e+00
5.719998635125369546e+00
5.512852415233188808e+00
5.304865284579128648e+00
5.096005078567420910e+00
4.886238201485708643e+00
4.675529562950924145e+00
4.463842513239106857e+00
4.251138778288266806e+00
4.037378394862765951e+00
3.822519645993132098e+00
3.606518996425048140e+00
3.389331027492898052e+00
3.170908370622735895e+00
2.951201638583773157e+00
2.730159353637450881e+00
2.507727871849660062e+00
2.283851302997914168e+00
2.058471425686859479e+00
1.831527597456040990e+00
1.602956659807544204e+00
1.372692838192805631e+00
1.140667637079009200e+00
9.068097302723617803e-01
6.710448467160742281e-01
4.332956520136689305e-01
1.934816259596497667e-01
-4.848106360473596749e-02
-2.926796902404997791e-01
-5.392051012583267688e-01
-7.881518524443744678e-01
-1.039618344599511301e+00
-1.293706961185924653e+00
-1.550524206258398818e+00
-1.810180841702101695e+00
-2.072792022621538610e+00
-2.338477429521301776e+00
-2.607361395685021677e+00
-2.879573027893341575e+00
-3.155246318320610754e+00
-3.434520245112248293e+00
-3.717538858766911591e+00
-4.004451351029525874e+00
-4.295412102541203758e+00
-4.590580704991754857e+00
-4.890121952981641762e+00
-5.194205800228215431e+00
-5.503007274153209671e+00
-5.816706342278973985e+00
-6.135487723250631298e+00
-6.459540634728604402e+00
-6.789058469885211444e+00
-7.124238393845333306e+00
-7.465280851205704948e+00
-7.812388975834188898e+00
-8.165767894607718347e+00
-8.525623917738327506e+00
-8.892163610036702082e+00
-9.265592740080579759e+00
-9.646115108030667074e+00
-1.003393125802893593e+01
-1.042923708799285087e+01
-1.083222237842829649e+01
-1.124306927280401069e+01
-1.166195075512657198e+01
-1.208902918548464989e+01
-1.252445497108173633e+01
-1.296836546782364685e+01
-1.342088422459197439e+01
-1.388212069708146679e+01
-1.435217056810156500e+01
-1.483111681365177148e+01
-1.531903164563683184e+01
-1.581597943954056618e+01
-1.632202071584323733e+01
-1.683721718549321622e+01
-1.736163779186789924e+01
-1.789536558603445116e+01
-1.843850516303781362e+01
-1.899119027175510510e+01
-1.955359110017088042e+01
-2.012592064556302773e+01
-2.070843952156280565e+01
-2.130145854948435158e+01
-2.190533854753661558e+01
-2.252048688310040347e+01
-2.314735059738278267e+01
-2.378640624324760111e+01
-2.443814697178776285e+01
-2.510306782042603757e+01
-2.578165052144770542e+01
-2.647434940185184615e+01
-2.718157999869195862e+01
-2.790371183414961465e+01
-2.864106638131725191e+01
-2.939392066518351143e+01
-3.016251628848558752e+01
-3.094707307214512682e+01
-3.174780606158947904e+01
-3.256494443468051969e+01
-3.339875085856944281e+01
-3.424954003659319568e+01
-3.511769548861721546e+01
-3.600368394023649898e+01
-3.690806699233187516e+01
-3.783150995906464686e+01
-3.877478787798158066e+01
-3.973878870520331219e+01
-4.072451364320153289e+01
-4.173307432540527628e+01
-4.276568622554214727e+01
-4.382365751013066557e+01
-4.490837194568356949e+01
-4.602126393284147099e+01
-4.716378308200412306e+01
-4.833734496769116618e+01
-4.954326385288092638e+01
-5.078266235171029308e+01
-5.205635238727364111e+01
-5.336468173678058236e+01
-5.470734148184326529e+01
-5.608313258768352938e+01
-5.748969562387393495e+01
-5.892321730908569322e+01
-6.037814157982148089e+01
-6.184693025993900051e+01
-6.331993552774871148e+01
-6.478545622122830139e+01
-6.623004306298727784e+01
-6.763908597886415919e+01
-6.899765954856840722e+01
-7.029153320112904169e+01
-7.150819559575221263e+01
-7.263772311674946991e+01
-7.367335232274669465e+01
-7.461168565957666488e+01
-7.545254219064193535e+01
-7.619853169378338009e+01
-7.685446392210594979e+01
-7.742670417237516745e+01
-7.792256240567759562e+01
-7.834977032412085407e+01
-7.871607024625733118e+01
-7.902891706461186061e+01
-7.929528104109238029e+01
-7.952153309089963784e+01
-7.971339309760834624e+01
-7.987592350434908894e+01
-8.001355336644868999e+01
-8.013012126284588987e+01
-8.022892843428037679e+01
-8.031279602471879286e+01
-8.038412229585837565e+01
-8.044493719636689377e+01
-8.049695276888458295e+01
-8.054160864983090562e+01
-8.058011243644062915e+01
-8.061347502809125842e+01
-8.064254124799894896e+01
-8.066801615774539869e+01
-8.069048752137670988e+01
-8.071044488011465035e+01
-8.072829567861519706e+01
-8.074437884995838033e+01
-8.075897622629587147e+01
-8.077232209997900725e+01
-8.078461121890154573e+01
-8.079600546134854255e+01
-8.080663940071849538e+01
-8.081662493938547698e+01
-8.082605516367451060e+01
-8.083500754827197454e+01
-8.084354661804131581e+01
-8.085172615785486983e+01
-8.085959104630173044e+01
-8.086717877667442167e+01
-8.087452071813294197e+01
-8.088164316113063990e+01
-8.088856818380524771e+01
-8.089531436984856327e+01
-8.090189740322702505e+01
-8.090833056081744701e+01
-8.091462512044306266e+01
-8.092079069881937414e+01
-8.092683553144364339e+01
-8.093276670440117471e+01
-8.093859034635731575e+01
-8.094431178758557621e+01
-8.094993569170731007e+01
-8.095546616484203639e+01
-8.096090684606170385e+01
-8.096626098237084079e+01
-8.097153149087841939e+01
-8.097672101037339587e+01
-8.098183194412631281e+01
-8.098686649543373051e+01
-8.099182669715283112e+01
-8.099671443626404255e+01
-8.100153147431797152e+01
-8.100627946447282568e+01
-8.101095996571142166e+01
-8.101557445472086272e+01
-8.102012433583703910e+01
-8.102461094938280439e+01
-8.102903557867989548e+01
-8.103339945595526217e+01
-8.103770376733309888e+01
-8.104194965706797404e+01
-8.104613823114563331e+01
-8.105027056035956434e+01
-8.105434768295006620e+01
-8.105837060688007512e+01
-8.106234031180625266e+01
-8.106625775079615437e+01
-8.107012385183371350e+01
-8.107393951914505692e+01
-8.107770563437534861e+01
-8.108142305763828972e+01
-8.108509262846010301e+01
-8.108871516663145940e+01
-8.109229147298317741e+01
-8.109582233009510333e+01
-8.109930850294961147e+01
-8.110275073953472713e+01
-8.110614977140690485e+01
-8.110950631421502521e+01
-8.111282106819359683e+01
-8.111609471862632859e+01
-8.111932793628525928e+01
-8.112252137784723516e+01
-8.112567568629030745e+01
-8.112879149127144274e+01
-8.113186940948810388e+01
-8.113491004502473913e+01
-8.113791398968466240e+01
-8.114088182331029486e+01
-8.114381411409088685e+01
-8.114671141885881411e+01
-8.114957428337531553e+01
-8.115240324260894056e+01
-8.115519882100100801e+01
-8.115796153272445679e+01
-8.116069188193532113e+01
-8.116339036301422993e+01
-8.116605746080212214e+01
-8.116869365082725096e+01
-8.117129939952803852e+01
-8.117387516446534335e+01
-8.117642139453296579e+01
-8.117893853015833372e+01
-8.118142700349963548e+01
-8.118388723863658640e+01
-8.118631965175627840e+01
-8.118872465133247829e+01
-8.119110263830205554e+01
-8.119345400623484466e+01
-8.119577914150006848e+01
-8.119807842342606818e+01
-8.120035222445950751e+01
-8.120260091031651939e+01
-8.120482484013125202e+01
-8.120702436660172907e+01
-8.120919983612976978e+01
-8.121135158895855000e+01
-8.121347995930604213e+01
-8.121558527549483131e+01
-8.121766786007978567e+01
-8.121972802997011343e+01
-8.122176609655126356e+01
-8.122378236580088640e+01
-8.122577713840378522e+01
-8.122775070986307355e+01
-8.122970337060880297e+01
-8.123163540610346445e+01
-8.123354709694588394e+01
-8.123543871897155100e+01
-8.123731054335073054e+01
-8.123916283668393135e+01
-8.124099586109643667e+01
-8.124280987432769052e+01
-8.124460512982200555e+01
-8.124638187681424029e+01
-8.124814036041485110e+01
-8.124988082169261361e+01
-8.125160349775491397e+01
-8.125330862182697444e+01
-8.125499642332886197e+01
-8.125666712795010937e+01
-8.125832095772338448e+01
-8.125995813109567223e+01
-8.126157886299951372e+01
-8.126318336491964089e+01
-8.126318317828962279e+01
