-8.145745410772846640e+01
-8.146037253489504337e+01
-8.146332019596668772e+01
-8.146427145030335737e+01
-8.146528575904231673e+01
-8.146567069175615927e+01
-8.146669624634910178e+01
-8.146682443145274988e+01
-8.146739354768391195e+01
-8.146799899883541229e+01
-8.146810338064246082e+01
-8.146778356888080452e+01
-8.146872897845250350e+01
-8.146884304234454532e+01
-8.146978292775067132e+01
-8.146921952428627378e+01
-8.146967350699333110e+01
-8.146907893060352990e+01
-8.146870468368912555e+01
-8.146982965236010443e+01
-8.147046231505018454e+01
-8.146959428459889807e+01
-8.146955410355165839e+01
-8.146982573826058172e+01
-8.147028575134177686e+01
-8.147078543554820840e+01
-8.147066994577593846e+01
-8.147054229028651662e+01
-8.147085146074958573e+01
-8.146935983192793174e+01
-8.146901397018473290e+01
-8.146907535506791476e+01
-8.147012850187050503e+01
-8.147024709711470791e+01
-8.147024440364820919e+01
-8.146968980365504365e+01
-8.147034298865567337e+01
-8.146997503885796732e+01
-8.146966519933170048e+01
-8.147017111727616623e+01
-8.147032260908565604e+01
-8.147089452025211642e+01
-8.147006160608673042e+01
-8.146887319207037592e+01
-8.146868137349133576e+01
-8.146938261582542395e+01
-8.147043426478950323e+01
-8.147045641949331696e+01
-8.146991741742924376e+01
-8.147040283289206286e+01
-8.146930393036060991e+01
-8.146897995889642630e+01
-8.146422697750936948e+01
-8.145954747671700602e+01
-8.127622136463766367e+01
-8.341007204815599607e+01
-4.114623908318256440e+01
1.581002777354868982e+01
1.971126399834888332e+01
2.043922338915735537e+01
2.022677524271957950e+01
2.017691604586588028e+01
2.031464313420218915e+01
2.055995573982045599e+01
2.087070843323961356e+01
2.121826859472088600e+01
2.158018126024508376e+01
2.193783941364074863e+01
2.227693789820385462e+01
2.258547098784180207e+01
2.285293192713949750e+01
2.307079310282084705e+01
2.322693891187681459e+01
2.330558182069150774e+01
2.328981959159944637e+01
2.316102889354364791e+01
2.290874852422498620e+01
2.255483519565731498e+01
2.215483667614515184e+01
2.176121359119726861e+01
2.139839967171996449e+01
2.107017295928123701e+01
2.077314135745060497e+01
2.050320657244419564e+01
2.025715065743115417e+01
2.003252931933538150e+01
1.982729286315700534e+01
1.963953795967329086e+01
1.946741643956969270e+01
1.930913215480396872e+01
1.916296470226566484e+01
1.902729966396653793e+01
1.890065507856072813e+01
1.878169187538332352e+01
1.866921234533210949e+01
1.856215582752504645e+01
1.845959545894099918e+01
1.836073452907606196e+01
1.826489291398785042e+01
1.817148534931815362e+01
1.808000420414153453e+01
1.799000864701826785e+01
1.790111621823576016e+01
1.781299504813551593e+01
1.772535664577517167e+01
1.763794946099724470e+01
1.755055331320129852e+01
1.746297466380385188e+01
1.737504264769411932e+01
1.728660575942876676e+01
1.719752909247300821e+01
1.710769204099552354e+01
1.701698638676864661e+01
1.692531470593452170e+01
1.683258904100178199e+01
1.673872979242615244e+01
1.664366479168937119e+01
1.654732852414955246e+01
1.644966147528134215e+01
1.635060957841568197e+01
1.625012374585918096e+01
1.614815946842548300e+01
1.604467647104926797e+01
1.593963841434263173e+01
1.583301263377919099e+01
1.572476990969704147e+01
1.561488426255775508e+01
1.550333276892655654e+01
1.539009539448021435e+01
1.527515484104134202e+01
1.515849640520495534e+01
1.504010784658164823e+01
1.491997926406011032e+01
1.479810297879487102e+01
1.467447342287329271e+01
1.454908703281454407e+01
1.442194214721425993e+01
1.429303890797817544e+01
1.416237916469013847e+01
1.402996638174441557e+01
1.389580554793630540e+01
1.375990308825909025e+01
1.362226677769663041e+01
1.348290565683395492e+01
1.334182994913620490e+01
1.319905097976615593e+01
1.305458109583004500e+01
1.290843358795482487e+01
1.276062261311267498e+01
1.261116311861971262e+01
1.246007076724520779e+01
1.230736186337623828e+01
1.215305328019106312e+01
1.199716238780248645e+01
1.183970698233945562e+01
1.168070521594256839e+01
1.152017552765574848e+01
1.135813657520317221e+01
1.119460716764517016e+01
1.102960619891299388e+01
1.086315258222589009e+01
1.069526518539652038e+01
1.052596276703351741e+01
1.035526391364934362e+01
1.018318697768122938e+01
1.000975001643036144e+01
9.834970731921060860e+00
9.658866411676841679e+00
9.481453870405138318e+00
9.302749392576753706e+00
9.122768675880640998e+00
8.941526775529080595e+00
8.759038049382933622e+00
8.575316103862027362e+00
8.390373740598752406e+00
8.204222903785241883e+00
8.016874628152516280e+00
7.828338987502001523e+00
7.638625043686167793e+00
7.447740795902370259e+00
7.255693130125348667e+00
7.062487768461873650e+00
6.868129218172007278e+00
6.672620720075568279e+00
6.475964196060512990e+00
6.278160195445533276e+00
6.079207840029473786e+00
5.879104767789748109e+00
5.677847075358558371e+00
5.475429259593586728e+00
5.271844158731737728e+00
5.067082893739223159e+00
4.861134810512524496e+00
4.653987423525657086e+00
4.445626361359727774e+00
4.236035314314970712e+00
4.025195984031973317e+00
3.813088034784304803e+00
3.599689045890496875e+00
3.384974464556228746e+00
3.168917558407400747e+00
2.951489367003792275e+00
2.732658651711938447e+00
2.512391843440578310e+00
2.290652987878940561e+00
2.067403688009093354e+00
1.842603043776571026e+00
1.616207588893730840e+00
1.388171224817430049e+00
1.158445151990336264e+00
9.269777984682294747e-01
6.937147460814051536e-01
4.585986542962196544e-01
2.215691819689849518e-01
-1.743709279345654478e-02
-2.584867544137126050e-01
-5.016496329770774310e-01
-7.469988883717404438e-01
-9.946110950275506291e-01
-1.244566326767617026e+00
-1.496948241197400886e+00
-1.751844162949631523e+00
-2.009345164982853316e+00
-2.269546146993177249e+00
-2.532545909842933263e+00
-2.798447224734914585e+00
-3.067356895665952266e+00
-3.339385813477782072e+00
-3.614648999586287825e+00
-3.893265637211141605e+00
-4.175359087646815404e+00
-4.461056888813179633e+00
-4.750490732998968291e+00
-5.043796420368825473e+00
-5.341113784443774826e+00
-5.642586585399901544e+00
-5.948362366659990741e+00
-6.258592269903211047e+00
-6.573430803301749670e+00
-6.893035557541824510e+00
-7.217566864033372553e+00
-7.547187389706596861e+00
-7.882061662992467355e+00
-8.222355526064216491e+00
-8.568235509261162619e+00
-8.919868124949816846e+00
-9.277419080001283902e+00
-9.641052408732038614e+00
-1.001092953172618927e+01
-1.038720825055231778e+01
-1.077004169416223078e+01
-1.115957723979045646e+01
-1.155595543948481385e+01
-1.195930899290198646e+01
-1.236976181744846670e+01
-1.278742827779087676e+01
-1.321241264749394340e+01
-1.364480888509501177e+01
-1.408470081400317220e+01
-1.453216279867400118e+01
-1.498726100680559981e+01
-1.545005533701802491e+01
-1.592060207192358234e+01
-1.639895728635170968e+01
-1.688518099909502013e+01
-1.737934200415726238e+01
-1.788152325555373423e+01
-1.839182761103533181e+01
-1.891038366893980438e+01
-1.943735136447549294e+01
-1.997292693433864486e+01
-2.051734682017990608e+01
-2.107089007156136162e+01
-2.163387883749710383e+01
-2.220667661146813288e+01
-2.278968402439958041e+01
-2.338333216477681731e+01
-2.398807363795694414e+01
-2.460437183993215982e+01
-2.523268918442511932e+01
-2.587347524616986050e+01
-2.652715592303957948e+01
-2.719412473603620128e+01
-2.787473725608988673e+01
-2.856930937357137879e+01
-2.927811974461101840e+01
-3.000141631778713602e+01
-3.073942643798192265e+01
-3.149236970757601028e+01
-3.226047260220743595e+01
-3.304398380080996134e+01
-3.384318927887725437e+01
-3.465842639031814088e+01
-3.549009637931876426e+01
-3.633867497526097878e+01
-3.720472089745830147e+01
-3.808888221170958133e+01
-3.899190052807229279e+01
-3.991461300857452699e+01
-4.085795209599946531e+01
-4.182294264576083975e+01
-4.281069591882978642e+01
-4.382239977026542022e+01
-4.485930386838166584e+01
-4.592269838930910453e+01
-4.701388412720978494e+01
-4.813413137066550718e+01
-4.928462425390384283e+01
-5.046638666148272279e+01
-5.168018527645466520e+01
-5.292640524408167835e+01
-5.420489454416664188e+01
-5.551477506311061205e+01
-5.685422222869521391e+01
-5.822022165885169187e+01
-5.960832107117323631e+01
-6.101240839044857012e+01
-6.242456069125395146e+01
-6.383501916536847176e+01
-6.523234634145285327e+01
-6.660380646725693055e+01
-6.793597479341653411e+01
-6.921553083046255495e+01
-7.043013849142606375e+01
-7.156928190357109543e+01
-7.262492525363063578e+01
-7.359190107121294488e+01
-7.446799134027372702e+01
-7.525372838473519721e+01
-7.595198813498676316e+01
-7.656746767695125300e+01
-7.710613379698840220e+01
-7.757470856926708791e+01
-7.798023222347366357e+01
-7.832972023399275940e+01
-7.862991452157049821e+01
-7.888711840381922968e+01
-7.910710025290033798e+01
-7.929504994699635745e+01
-7.945557352396755846e+01
-7.959271377321690011e+01
-7.970998708132380273e+01
-7.981042926236547430e+01
-7.989664516557714080e+01
-7.997085850749678571e+01
-8.003495964247544237e+01
-8.009054991732925544e+01
-8.013898191625654022e+01
-8.018139535216869263e+01
-8.021874865360062756e+01
-8.025184647586472408e+01
-8.028136346497697673e+01
-8.030786464861070328e+01
-8.033182283857073003e+01
-8.035363341734078801e+01
-8.037362685638670712e+01
-8.039207928240858791e+01
-8.040922137375478940e+01
-8.042524583536561522e+01
-8.044031366848899722e+01
-8.045455942185196818e+01
-8.046809558437782073e+01
-8.048101625600310172e+01
-8.049340021255660815e+01
-8.050531346283334244e+01
-8.051681138066463461e+01
-8.052794048167616836e+01
-8.053873990328276022e+01
-8.054924263701467169e+01
-8.055947655429412180e+01
-8.056946526005214082e+01
-8.057922880292829859e+01
-8.058878426604073297e+01
-8.059814625835055324e+01
-8.060732732330723138e+01
-8.061633827868232061e+01
-8.062518849917782404e+01
-8.063388615145115068e+01
-8.064243838958475408e+01
-8.065085151767854654e+01
-8.065913112511856298e+01
-8.066728219914051579e+01
-8.067530921853021653e+01
-8.068321623164824530e+01
-8.069100692143524611e+01
-8.069868465959895332e+01
-8.070625255181303714e+01
-8.071371347545040464e+01
-8.072107011111211250e+01
-8.072832496900191757e+01
-8.073548041101487627e+01
-8.074253866926642331e+01
-8.074950186165838772e+01
-8.075637200498485413e+01
-8.076315102598563556e+01
-8.076984077069728585e+01
-8.077644301238180446e+01
-8.078295945827187552e+01
-8.078939175532916295e+01
-8.079574149517824821e+01
-8.080201021835198105e+01
-8.080819941796140427e+01
-8.081431054288208315e+01
-8.082034500053703141e+01
-8.082630415933829227e+01
-8.083218935084221357e+01
-8.083800187166353624e+01
-8.084374298518366686e+01
-8.084941392308761010e+01
-8.085501588674962647e+01
-8.086055004849544048e+01
-8.086601755275572145e+01
-8.087141951712460752e+01
-8.087675703333945876e+01
-8.088203116818962712e+01
-8.088724296436387817e+01
-8.089239344124466413e+01
-8.089748359565382430e+01
-8.090251440255754289e+01
-8.090748681573222711e+01
-8.091240176839748699e+01
-8.091726017381780878e+01
-8.092206292587744088e+01
-8.092681089962873386e+01
-8.093150495181832582e+01
-8.093614592139066133e+01
-8.094073462997330637e+01
-8.094527188234199855e+01
-8.094975846686901377e+01
-8.095419515595540361e+01
-8.095858270644882282e+01
-8.096292186004438918e+01
-8.096721334367502720e+01
-8.097145786988691896e+01
-8.097565613720277611e+01
-8.097980883047389966e+01
-8.098391662122047308e+01
-8.098798016796258992e+01
-8.099200011653844911e+01
-8.099597710041524579e+01
-8.099991174098923352e+01
-8.100380464787696155e+01
-8.100765641919829818e+01
-8.101146764185007498e+01
-8.101523889177295246e+01
-8.101897073420965967e+01
-8.102266372395521898e+01
-8.102631840560188436e+01
-8.102993531377536840e+01
-8.103351497336372233e+01
-8.103705789974277707e+01
-8.104056459899207709e+01
-8.104403556810717646e+01
-8.104747129520320925e+01
-8.105087225971620057e+01
-8.105423893259644785e+01
-8.105757177649745415e+01
-8.106087124596000137e+01
-8.106413778759109334e+01
-8.106737184023640452e+01
-8.107057383515183346e+01
-8.107374419616721184e+01
-8.107688333984626183e+01
-8.107999167564409504e+01
-8.108306960605821700e+01
-8.108611752677774120e+01
-8.108913582682696131e+01
-8.109212488870615232e+01
-8.109508508852907482e+01
-8.109801679615553383e+01
-8.110092037532277232e+01
-8.110379618377118049e+01
-8.110664457336868338e+01
-8.110946589023021147e+01
-8.111226047483707191e+01
-8.111502866214974006e+01
-8.111777078172092104e+01
-8.112048715780350960e+01
-8.112317810945729946e+01
-8.112584395065383092e+01
-8.112848499037598060e+01
-8.113110153271786373e+01
-8.113369387698023161e+01
-8.113626231776635223e+01
-8.113880714507237712e+01
-8.114132864437726766e+01
-8.114382709673053284e+01
-8.114630277883802023e+01
-8.114875596314510631e+01
-8.115118691791866468e+01
-8.115359590732580841e+01
-8.115598319151295925e+01
-8.115834902668109407e+01
-8.116069366516032346e+01
-8.116301735548205443e+01
-8.116532034245081206e+01
-8.116760286721314799e+01
-8.116986516732514190e+01
-8.117210747681895100e+01
-8.117433002626739835e+01
-8.117432980219652450e+01
