-8.145720781984756798e+01
-8.145992575137589142e+01
-8.146271143463957287e+01
-8.146353657020020478e+01
-8.146446569266687732e+01
-8.146477913772002921e+01
-8.146578478917943755e+01
-8.146588902815337008e+01
-8.146643420228271282e+01
-8.146702151305611039e+01
-8.146710884582829237e+01
-8.146675469355724886e+01
-8.146766861567128615e+01
-8.146774650862222700e+01
-8.146866384902644143e+01
-8.146807090111069272e+01
-8.146850584064245027e+01
-8.146789578170906054e+01
-8.146751212289615296e+01
-8.146863485739751809e+01
-8.146926686298343157e+01
-8.146838987916632391e+01
-8.146835506664363891e+01
-8.146864037340922948e+01
-8.146908698330112486e+01
-8.146959367399213647e+01
-8.146946082640971554e+01
-8.146934914534871552e+01
-8.146965108554356050e+01
-8.146815666109361587e+01
-8.146783052937330183e+01
-8.146791277470386206e+01
-8.146896406085043907e+01
-8.146908613542997557e+01
-8.146908244520523112e+01
-8.146854927783337530e+01
-8.146921040340998843e+01
-8.146883499074668578e+01
-8.146854081588666929e+01
-8.146905918758599796e+01
-8.146920568475717062e+01
-8.146979415719870588e+01
-8.146892781577851395e+01
-8.146775324740018220e+01
-8.146757770237393004e+01
-8.146830283726499999e+01
-8.146934275129109437e+01
-8.146935478713621137e+01
-8.146883122675494349e+01
-8.146928654240230117e+01
-8.146819518159236395e+01
-8.146785272641334075e+01
-8.146311583277969248e+01
-8.145788572636932656e+01
-8.127565630984021539e+01
-8.335463114085142422e+01
-4.025601409835319089e+01
1.576792914104180454e+01
1.888382382937238901e+01
1.916640872004066765e+01
1.867783297654816721e+01
1.847757227987920103e+01
1.855435139839341829e+01
1.879382464993742019e+01
1.912928702688528304e+01
1.951677704594206730e+01
1.992446943072445720e+01
2.032790826605689105e+01
2.070883121780155278e+01
2.105191308159670882e+01
2.134295736436613566e+01
2.156853886928361774e+01
2.170968430457023146e+01
2.174195537221880059e+01
2.164285841840391811e+01
2.140777393512868798e+01
2.107375170076706183e+01
2.070783194079117706e+01
2.035923245098864598e+01
2.004535860176638096e+01
1.976667970281619802e+01
1.951915428918699646e+01
1.929886959697719107e+01
1.910274147581353787e+01
1.892821072749551092e+01
1.877293251294352672e+01
1.863464077122741358e+01
1.851114087538108777e+01
1.840034629201366911e+01
1.830031264962211779e+01
1.820926873798155654e+01
1.812563479736900973e+01
1.804801923666023455e+01
1.797520649475273302e+01
1.790614676995883059e+01
1.783994993267934248e+01
1.777587320183599218e+01
1.771329506639004592e+01
1.765169071173886195e+01
1.759061633281258352e+01
1.752969765614226105e+01
1.746861974035071796e+01
1.740711770159507310e+01
1.734496853401666172e+01
1.728198409862422125e+01
1.721800522553251511e+01
1.715289680697321018e+01
1.708654373958903250e+01
1.701884758094583461e+01
1.694972380110151633e+01
1.687909952760981014e+01
1.680691169849753308e+01
1.673310555174601788e+01
1.665763339167098067e+01
1.658045358258397073e+01
1.650152972851803668e+01
1.642083000485338573e+01
1.633832661359341998e+01
1.625399533899074100e+01
1.616781518435499265e+01
1.607976807431366950e+01
1.598983860965562798e+01
1.589801386425279084e+01
1.580428321551251791e+01
1.570863820142366230e+01
1.561107239858783124e+01
1.551158131671269658e+01
1.541016230593665348e+01
1.530681447407963880e+01
1.520153861150706831e+01
1.509433712177532882e+01
1.498521395661443201e+01
1.487417455411763889e+01
1.476122577926056323e+01
1.464637586607214104e+01
1.452963436094143468e+01
1.441101206667041268e+01
1.429052098698336692e+01
1.416817427128060025e+01
1.404398615948582218e+01
1.391797192688177098e+01
1.379014782886514112e+01
1.366053104557791364e+01
1.352913962639200030e+01
1.339599243423905506e+01
1.326110908978775882e+01
1.312450991547861179e+01
1.298621587943157074e+01
1.284624853924693255e+01
1.270462998572142688e+01
1.256138278650514550e+01
1.241652992972705860e+01
1.227009476761836559e+01
1.212210096016555738e+01
1.197257241882732615e+01
1.182153325035179137e+01
1.166900770073369920e+01
1.151502009935314774e+01
1.135959480334219585e+01
1.120275614222658689e+01
1.104452836289522821e+01
1.088493557495097086e+01
1.072400169650051716e+01
1.056175040044254843e+01
1.039820506131529676e+01
1.023338870276535140e+01
1.006732394570035716e+01
9.900032957185647575e+00
9.731537400144802064e+00
9.561858383918426796e+00
9.391016415732217126e+00
9.219031353118223748e+00
9.045922357326304564e+00
8.871707847753127041e+00
8.696405457407552220e+00
8.520031989419093676e+00
8.342603374584896869e+00
8.164134629938063270e+00
7.984639818305422132e+00
7.804132008807566301e+00
7.622623238234481846e+00
7.440124473208863165e+00
7.256645573022144191e+00
7.072195252996642090e+00
6.886781048191306986e+00
6.700409277230111371e+00
6.513085005994893706e+00
6.324812010895783487e+00
6.135592741422213336e+00
5.945428281693891037e+00
5.754318310786269208e+00
5.562261061703265064e+00
5.369253279008519897e+00
5.175290175294210648e+00
4.980365386838609965e+00
4.784470928949246193e+00
4.587597151574710708e+00
4.389732695767874837e+00
4.190864451487945175e+00
3.990977517045505962e+00
3.790055160254195865e+00
3.588078781094345526e+00
3.385027875461118718e+00
3.180879999396097890e+00
2.975610733106615946e+00
2.769193644061904713e+00
2.561600248508485222e+00
2.352799970846437549e+00
2.142760100431211345e+00
1.931445745491025212e+00
1.718819783963442038e+00
1.504842811147598214e+00
1.289473084138495595e+00
1.072666463058528086e+00
8.543763491327730497e-01
6.345536196742080914e-01
4.131465600577238773e-01
1.901007927723109281e-01
-3.464079634720897138e-02
-2.611381345914042251e-01
-4.894540414105012505e-01
-7.196543098414819317e-01
-9.518077901188941592e-01
-1.185986475211165070e+00
-1.422265587964723688e+00
-1.660723669466797725e+00
-1.901442668153681126e+00
-2.144508029093159074e+00
-2.390008782756131822e+00
-2.638037632461815551e+00
-2.888691039531333882e+00
-3.142069305013916125e+00
-3.398276646656616329e+00
-3.657421269569884892e+00
-3.919615428795593548e+00
-4.184975481709338752e+00
-4.453621927883029130e+00
-4.725679433695876064e+00
-5.001276838611065756e+00
-5.280547139631326381e+00
-5.563627450013313158e+00
-5.850658927855428182e+00
-6.141786669691072120e+00
-6.437159563722930855e+00
-6.736930096839145676e+00
-7.041254109082617063e+00
-7.350290488829939406e+00
-7.664200801614652114e+00
-7.983148845355596102e+00
-8.307300124792529772e+00
-8.636821238273084234e+00
-8.971879170782433022e+00
-9.312640488382786685e+00
-9.659270431178937244e+00
-1.001193190470677408e+01
-1.037078437341839532e+01
-1.073598266488155240e+01
-1.110767569955233647e+01
-1.148600516861027465e+01
-1.187110419138115347e+01
-1.226309599417162310e+01
-1.266209266361782682e+01
-1.306819403937361379e+01
-1.348148682234652718e+01
-1.390204398464120494e+01
-1.432992457451612545e+01
-1.476517401239133420e+01
-1.520782497050592141e+01
-1.565789891748334917e+01
-1.611540838832532074e+01
-1.658036000923209130e+01
-1.705275826491654811e+01
-1.753260994455845179e+01
-1.801992914328891970e+01
-1.851474263250603158e+01
-1.901709534913078414e+01
-1.952705569706485988e+01
-2.004472031044851477e+01
-2.057021790517094928e+01
-2.110371184965956814e+01
-2.164540112454871235e+01
-2.219551941776446924e+01
-2.275433221808940942e+01
-2.332213192320189421e+01
-2.389923115870101356e+01
-2.448595469755201393e+01
-2.508263055333564751e+01
-2.568958096967937266e+01
-2.630711411546482381e+01
-2.693551729813901829e+01
-2.757505241403461582e+01
-2.822595416886193576e+01
-2.888843134526155509e+01
-2.956267110404827392e+01
-3.024884602546611845e+01
-3.094712336784678897e+01
-3.165767587324452492e+01
-3.238069339528825452e+01
-3.311639465785653158e+01
-3.386503855405430841e+01
-3.462693453530301468e+01
-3.540245179131475339e+01
-3.619202705920601915e+01
-3.699617100746983311e+01
-3.781547320906645382e+01
-3.865060574481260858e+01
-3.950232546369473141e+01
-4.037147488720171395e+01
-4.125898166555980140e+01
-4.216585623633859825e+01
-4.309318736650868686e+01
-4.404213496563730246e+01
-4.501391927193168385e+01
-4.600980522309248499e+01
-4.703108044675431643e+01
-4.807902486377194862e+01
-4.915486940134385918e+01
-5.025974079424682373e+01
-5.139458898219162108e+01
-5.256009332106605569e+01
-5.375654393505099193e+01
-5.498369538037410109e+01
-5.624059183405707074e+01
-5.752536682587572159e+01
-5.883502663958028478e+01
-6.016523516510897451e+01
-6.151012867605133039e+01
-6.286219988491651378e+01
-6.421229806575047405e+01
-6.554979088706954826e+01
-6.686291880402272625e+01
-6.813934245535438095e+01
-6.936684182357677741e+01
-7.053408437947824439e+01
-7.163135306318328333e+01
-7.265112538269862341e+01
-7.358842393087667233e+01
-7.444090665204484480e+01
-7.520871592700896713e+01
-7.589414380212959088e+01
-7.650118851049823832e+01
-7.703507548087431189e+01
-7.750180077044194604e+01
-7.790773430655306697e+01
-7.825930082962381107e+01
-7.856274144320684627e+01
-7.882394907834712683e+01
-7.904836627663723903e+01
-7.924093218521535675e+01
-7.940606623720711355e+01
-7.954767764325646340e+01
-7.966919185725674879e+01
-7.977358719585535596e+01
-7.986343658000291157e+01
-7.994095084783617722e+01
-8.000802125461491698e+01
-8.006625965763515751e+01
-8.011703552759304614e+01
-8.016150938098833478e+01
-8.020066253508207410e+01
-8.023532328520980172e+01
-8.026618972412590836e+01
-8.029384948788914755e+01
-8.031879674022832205e+01
-8.034144671018684392e+01
-8.036214808541477339e+01
-8.038119354217029411e+01
-8.039882866734194522e+01
-8.041525950050977656e+01
-8.043065889708142890e+01
-8.044517188799920859e+01
-8.045892018801171730e+01
-8.047200598332749166e+01
-8.048451511066924979e+01
-8.049651972325710858e+01
-8.050808052490566524e+01
-8.051924864103834523e+01
-8.053006718479382187e+01
-8.054057256731637437e+01
-8.055079559358806307e+01
-8.056076237859564060e+01
-8.057049511307711498e+01
-8.058001270338692734e+01
-8.058933130607223916e+01
-8.059846477441509194e+01
-8.060742503139407233e+01
-8.061622238116258643e+01
-8.062486576917154935e+01
-8.063336299940021945e+01
-8.064172091577535184e+01
-8.064994555369622731e+01
-8.065804226660492304e+01
-8.066601583173408585e+01
-8.067387053847815537e+01
-8.068161026226474064e+01
-8.068923852633280092e+01
-8.069675855341679949e+01
-8.070417330901477726e+01
-8.071148553763312350e+01
-8.071869779317125904e+01
-8.072581246442031500e+01
-8.073283179648170460e+01
-8.073975790878313319e+01
-8.074659281025286361e+01
-8.075333841212430741e+01
-8.075999653875770434e+01
-8.076656893680923588e+01
-8.077305728301671195e+01
-8.077946319082934679e+01
-8.078578821606978977e+01
-8.079203386178700441e+01
-8.079820158242996797e+01
-8.080429278745151578e+01
-8.081030884443592299e+01
-8.081625108182288386e+01
-8.082212079129351423e+01
-8.082791922987176747e+01
-8.083364762178256058e+01
-8.083930716010844719e+01
-8.084489900827001918e+01
-8.085042430136066116e+01
-8.085588414735360629e+01
-8.086127962820309278e+01
-8.086661180085012290e+01
-8.087188169814953653e+01
-8.087709032972813361e+01
-8.088223868277988515e+01
-8.088732772281146310e+01
-8.089235839433837327e+01
-8.089733162154078627e+01
-8.090224830888378449e+01
-8.090710934170265034e+01
-8.091191558676207762e+01
-8.091666789278443161e+01
-8.092136709095815661e+01
-8.092601399542064655e+01
-8.093060940372359369e+01
-8.093515409727750409e+01
-8.093964884178032548e+01
-8.094409438762932041e+01
-8.094849147031763437e+01
-8.095284081081722150e+01
-8.095714311594915102e+01
-8.096139907873929076e+01
-8.096560937876398611e+01
-8.096977468248415732e+01
-8.097389564356751634e+01
-8.097797290320207253e+01
-8.098200709039986123e+01
-8.098599882228845104e+01
-8.098994870439857152e+01
-8.099385733093851059e+01
-8.099772528506345282e+01
-8.100155313913408861e+01
-8.100534145497043426e+01
-8.100909078409701181e+01
-8.101280166798018456e+01
-8.101647463826061824e+01
-8.102011021697722981e+01
-8.102370891678658893e+01
-8.102727124117446067e+01
-8.103079768466318455e+01
-8.103428873301201918e+01
-8.103774486341235672e+01
-8.104116654467834735e+01
-8.104455423743151243e+01
-8.104790839427984395e+01
-8.105122945999451645e+01
-8.105451787167855571e+01
-8.105777405893427101e+01
-8.106099844402358201e+01
-8.106419144202597238e+01
-8.106735346099124229e+01
-8.107048490208927660e+01
-8.107358615975499561e+01
-8.107665762182972458e+01
-8.107969966969980646e+01
-8.108271267843085184e+01
-8.108569701689856402e+01
-8.108865304791660833e+01
-8.109158112836126975e+01
-8.109448160929333937e+01
-8.109735483607536821e+01
-8.110020114848880723e+01
-8.110302088084476679e+01
-8.110581436209588446e+01
-8.110858191594186906e+01
-8.111132386093521518e+01
-8.111404051058289610e+01
-8.111673217344578291e+01
-8.111939915323631567e+01
-8.112204174891331832e+01
-8.112466025477452547e+01
-8.112725496054721930e+01
-8.112982615147626575e+01
-8.113237410841085762e+01
-8.113489910788844384e+01
-8.113740142221732299e+01
-8.113988131955711935e+01
-8.114233906399682894e+01
-8.114233882443188861e+01
