-8.145718848252060695e+01
-8.145989056890472568e+01
-8.146266342578542208e+01
-8.146346955288193215e+01
-8.146436593837864848e+01
-8.146465726355017978e+01
-8.146560656649654675e+01
-8.146567247078304774e+01
-8.146619436349165255e+01
-8.146675947955884567e+01
-8.146683126566773581e+01
-8.146648828314391722e+01
-8.146741547949119422e+01
-8.146751548205435256e+01
-8.146844478244673837e+01
-8.146787315689901732e+01
-8.146832373203763211e+01
-8.146772407309634900e+01
-8.146734953001391943e+01
-8.146847525108739774e+01
-8.146910953435369152e+01
-8.146824183090942029e+01
-8.146820609385858347e+01
-8.146848497195222194e+01
-8.146894528586359741e+01
-8.146945073216930666e+01
-8.146933598598741355e+01
-8.146921784142259071e+01
-8.146953030571550869e+01
-8.146804381814867213e+01
-8.146770433524211796e+01
-8.146777114588041968e+01
-8.146883032470793751e+01
-8.146895492869550992e+01
-8.146895634351348292e+01
-8.146840954404898127e+01
-8.146906852908551855e+01
-8.146870436125620074e+01
-8.146840090378137234e+01
-8.146891471550988229e+01
-8.146907006835085951e+01
-8.146964972141708472e+01
-8.146881637940316523e+01
-8.146763746434463371e+01
-8.146745232663170100e+01
-8.146816361107534021e+01
-8.146921767836842321e+01
-8.146924386418784536e+01
-8.146871456919002696e+01
-8.146919853027242198e+01
-8.146811194541291457e+01
-8.146778703994836235e+01
-8.146304227665991959e+01
-8.145821191122000471e+01
-8.127516141480163014e+01
-8.339369816020156634e+01
-4.089812734460509347e+01
1.587377224857514513e+01
1.970609538831764951e+01
2.043724260832596329e+01
2.022886551296477720e+01
2.018045316633019226e+01
2.031921810492714897e+01
2.056559926743763711e+01
2.087742087853838058e+01
2.122604964360917279e+01
2.158905778649392104e+01
2.194785567870016862e+01
2.228816282421940187e+01
2.259798717539752033e+01
2.286683998742918789e+01
2.308621268138627869e+01
2.324400285601594618e+01
2.332445771334671747e+01
2.331071302173980442e+01
2.318418124542996139e+01
2.293437448779131671e+01
2.258308524459829769e+01
2.218582349192349668e+01
2.179510771248571999e+01
2.143541997655233189e+01
2.111053347823960280e+01
2.081702066119624916e+01
2.055074331818724076e+01
2.030845042233093167e+01
2.008767316624880905e+01
1.988634434602102274e+01
1.970254809031652954e+01
1.953442695556582720e+01
1.938017767157953486e+01
1.923807429704516636e+01
1.910649807197730610e+01
1.898396359949639489e+01
1.886912917363144970e+01
1.876079515052109770e+01
1.865789944019225288e+01
1.855951409271238361e+01
1.846484157652327696e+01
1.837320115811306920e+01
1.828400715255387965e+01
1.819675171505631184e+01
1.811099400580070906e+01
1.802635173181493045e+01
1.794249332983526202e+01
1.785913072707531768e+01
1.777601288370575361e+01
1.769292020766171447e+01
1.760965981643846590e+01
1.752606155987082204e+01
1.744197469904090170e+01
1.735726513937240156e+01
1.727181312729385354e+01
1.718551133292426414e+01
1.709826325343863829e+01
1.700998188237266717e+01
1.692058859911702839e+01
1.683001224042019217e+01
1.673818832209153129e+01
1.664505838445183272e+01
1.655056943958416227e+01
1.645467350221566250e+01
1.635732718922639606e+01
1.625849137542155276e+01
1.615813089540371550e+01
1.605621428320819533e+01
1.595271354287646481e+01
1.584760394439148001e+01
1.574086384042840692e+01
1.563247450021876084e+01
1.552241995751939818e+01
1.541068687024684536e+01
1.529726438979659875e+01
1.518214403844708649e+01
1.506531959355159778e+01
1.494678697747086638e+01
1.482654415239785983e+01
1.470459101938843460e+01
1.458092932104092654e+01
1.445556254737118884e+01
1.432849584451309610e+01
1.419973592594059042e+01
1.406929098595996130e+01
1.393717061526307432e+01
1.380338571836568384e+01
1.366794843278194982e+01
1.353087204980700520e+01
1.339217093679756587e+01
1.325186046085464575e+01
1.310995691382371220e+01
1.296647743853927892e+01
1.282143995624814181e+01
1.267486309515523679e+01
1.252676612004259482e+01
1.237716886291917540e+01
1.222609165466703374e+01
1.207355525765499848e+01
1.191958079929852587e+01
1.176418970655136143e+01
1.160740364131993907e+01
1.144924443679985337e+01
1.128973403473888837e+01
1.112889442363717940e+01
1.096674757790228760e+01
1.080331539798031315e+01
1.063861965149099653e+01
1.047268191539725457e+01
1.030552351924385235e+01
1.013716548950117335e+01
9.967628495051618742e+00
9.796932793855640753e+00
9.625098180832528882e+00
9.452143936987452477e+00
9.278088779812684095e+00
9.102950814983394423e+00
8.926747489362057308e+00
8.749495545316394285e+00
8.571210976346318233e+00
8.391908984004732730e+00
8.211603936085996480e+00
8.030309326042408102e+00
7.848037733575655039e+00
7.664800786333434424e+00
7.480609122621374674e+00
7.295472355017278865e+00
7.109399034745940149e+00
6.922396616640059896e+00
6.734471424477473711e+00
6.545628616450183124e+00
6.355872150493119932e+00
6.165204749189189037e+00
5.973627863980274455e+00
5.781141638463375365e+00
5.587744870640795725e+00
5.393434974123939796e+00
5.198207938451267829e+00
5.002058288850417256e+00
4.804979045924213210e+00
4.606961685837402065e+00
4.407996101598087968e+00
4.208070565953264008e+00
4.007171696255319659e+00
3.805284421431870623e+00
3.602391950941525423e+00
3.398475745365922229e+00
3.193515488107698364e+00
2.987489057557634275e+00
2.780372499066663394e+00
2.572139996100051729e+00
2.362763840043001107e+00
2.152214398246385940e+00
1.940460080027585077e+00
1.727467300458402910e+00
1.513200441870797386e+00
1.297621813087131759e+00
1.080691606436458674e+00
8.623678526549118928e-01
6.426063737916337670e-01
4.213607342569434810e-01
1.985821901608378071e-01
-2.578036289856306881e-02
-2.517804434230048738e-01
-4.794740387860457753e-01
-7.089196609718587672e-01
-9.401784030321603813e-01
-1.173313995973425561e+00
-1.408392865739974908e+00
-1.645484189902933325e+00
-1.884659953601659499e+00
-2.125995004210937900e+00
-2.369567104124867374e+00
-2.615456980955241928e+00
-2.863748374338649150e+00
-3.114528078430840896e+00
-3.367885979039371591e+00
-3.623915084204917036e+00
-3.882711546887441134e+00
-4.144374678246458998e+00
-4.409006949822899202e+00
-4.676713982736981912e+00
-4.947604521810904821e+00
-5.221790392309910267e+00
-5.499386436774744702e+00
-5.780510429195800270e+00
-6.065282963559096352e+00
-6.353827313589819781e+00
-6.646269260336396201e+00
-6.942736884094872885e+00
-7.243360317087318201e+00
-7.548271453304185030e+00
-7.857603612029543605e+00
-8.171491151827840582e+00
-8.490069032226612578e+00
-8.813472321037226109e+00
-9.141835646274911298e+00
-9.475292593043347367e+00
-9.813975047610195901e+00
-1.015801249329592082e+01
-1.050753126580122476e+01
-1.086265377926454967e+01
-1.122349773871710532e+01
-1.159017535965644008e+01
-1.196279262116095232e+01
-1.234144858515120191e+01
-1.272623482083768565e+01
-1.311723497971758867e+01
-1.351452457220510084e+01
-1.391817100146941577e+01
-1.432823391255774226e+01
-1.474476591453725760e+01
-1.516781372930698524e+01
-1.559741981202822636e+01
-1.603362447405617530e+01
-1.647646851930373657e+01
-1.692599637898414500e+01
-1.738225969795694681e+01
-1.784532128932908890e+01
-1.831525933405302808e+01
-1.879217166121759419e+01
-1.927617990543652482e+01
-1.976743330375815688e+01
-2.026611186997934055e+01
-2.077242867371186819e+01
-2.128663095972409991e+01
-2.180899987439901722e+01
-2.233984862413564443e+01
-2.287951897697201531e+01
-2.342837613267631625e+01
-2.398680212332339678e+01
-2.455518805651230352e+01
-2.513392566240198178e+01
-2.572339873446360770e+01
-2.632397514098042990e+01
-2.693600010910377662e+01
-2.755979143229237849e+01
-2.819563712181639659e+01
-2.884379582549758680e+01
-2.950450009668705675e+01
-3.017796234790669985e+01
-3.086438310261794626e+01
-3.156396099533613153e+01
-3.227690388269308386e+01
-3.300344041894003766e+01
-3.374383150773189755e+01
-3.449838114706182779e+01
-3.526744631128170937e+01
-3.605144564011462194e+01
-3.685086681141557108e+01
-3.766627255038051914e+01
-3.849830526696013067e+01
-3.934769031282115748e+01
-4.021523781746406456e+01
-4.110184301208552426e+01
-4.200848469937108831e+01
-4.293622151891560179e+01
-4.388618543726995824e+01
-4.485957156553502756e+01
-4.585762312254961159e+01
-4.688160998005231050e+01
-4.793279877450759585e+01
-4.901241205855654925e+01
-5.012157342397104998e+01
-5.126123502692590961e+01
-5.243208361598451006e+01
-5.363442122390046762e+01
-5.486801747628474857e+01
-5.613193246996717534e+01
-5.742431296818631381e+01
-5.874217082585133909e+01
-6.008116138794910910e+01
-6.143539063071765582e+01
-6.279729119937142912e+01
-6.415761554804257116e+01
-6.550559378473225536e+01
-6.682928920171721643e+01
-6.811615353514737592e+01
-6.935374091904654392e+01
-7.053049598494095562e+01
-7.163650336705936184e+01
-7.266408550437152769e+01
-7.360816533211817614e+01
-7.446636036414268744e+01
-7.523882764342513951e+01
-7.592791901805779275e+01
-7.653772475849211787e+01
-7.707358137410118104e+01
-7.754160345381048103e+01
-7.794827788977480054e+01
-7.830013858931835102e+01
-7.860352430494052101e+01
-7.886441238175557089e+01
-7.908831627159079858e+01
-7.928023320854025258e+01
-7.944462912095029594e+01
-7.958544961282704833e+01
-7.970614797837329490e+01
-7.980972330394726555e+01
-7.989876355518920548e+01
-7.997549006613159861e+01
-8.004180103842112715e+01
-8.009931255606265665e+01
-8.014939627289415114e+01
-8.019321338675590027e+01
-8.023174482200377611e+01
-8.026581773935738795e+01
-8.029612861009557889e+01
-8.032326315424121788e+01
-8.034771346750490295e+01
-8.036989266247911701e+01
-8.039014733519546496e+01
-8.040876814517574189e+01
-8.042599876992851193e+01
-8.044204346636227854e+01
-8.045707344364109304e+01
-8.047123222567485357e+01
-8.048464015731191523e+01
-8.049739818662720836e+01
-8.050959103650191651e+01
-8.052128986190253102e+01
-8.053255447468031036e+01
-8.054343520515163846e+01
-8.055397445895334840e+01
-8.056420801847370683e+01
-8.057416613035627506e+01
-8.058387441394251027e+01
-8.059335461993430272e+01
-8.060262526382246051e+01
-8.061170215465514843e+01
-8.062059883637421365e+01
-8.062932695613375245e+01
-8.063789657165905567e+01
-8.064631640772583410e+01
-8.065459407018042270e+01
-8.066273622453931580e+01
-8.067074874504233151e+01
-8.067863683906283256e+01
-8.068640515096986121e+01
-8.069405784885744026e+01
-8.070159869698696298e+01
-8.070903111632362936e+01
-8.071635823514414199e+01
-8.072358293137106955e+01
-8.073070786800485621e+01
-8.073773552280957233e+01
-8.074466821320154963e+01
-8.075150811714222243e+01
-8.075825729069684655e+01
-8.076491768281353245e+01
-8.077149114778275418e+01
-8.077797945576246263e+01
-8.078438430168641560e+01
-8.079070731282421036e+01
-8.079695005521374185e+01
-8.080311403915139579e+01
-8.080920072389307052e+01
-8.081521152169615618e+01
-8.082114780130726217e+01
-8.082701089098458169e+01
-8.083280208113238530e+01
-8.083852262660523991e+01
-8.084417374873724782e+01
-8.084975663713534288e+01
-8.085527245127666163e+01
-8.086072232193824050e+01
-8.086610735248160609e+01
-8.087142862001898891e+01
-8.087668717647318317e+01
-8.088188404954647126e+01
-8.088702024361698761e+01
-8.089209674056213828e+01
-8.089711450052810449e+01
-8.090207446264682289e+01
-8.090697754570724953e+01
-8.091182464878970393e+01
-8.091661665186084917e+01
-8.092135441634162873e+01
-8.092603878564356990e+01
-8.093067058568155403e+01
-8.093525062536208736e+01
-8.093977969705115072e+01
-8.094425857702248095e+01
-8.094868802588776191e+01
-8.095306878900929348e+01
-8.095740159689927395e+01
-8.096168716560318046e+01
-8.096592619706829907e+01
-8.097011937950313154e+01
-8.097426738772021793e+01
-8.097837088347148438e+01
-8.098243051577108531e+01
-8.098644692120632271e+01
-8.099042072424239791e+01
-8.099435253751437358e+01
-8.099824296211143349e+01
-8.100209258785362465e+01
-8.100590199355868037e+01
-8.100967174730146780e+01
-8.101340240666570480e+01
-8.101709451898986458e+01
-8.102074862160259272e+01
-8.102436524205592150e+01
-8.102794489834738556e+01
-8.103148809913861328e+01
-8.103499534396817694e+01
-8.103846712345544745e+01
-8.104190391950258743e+01
-8.104530620548847253e+01
-8.104867444645822161e+01
-8.105200909930746889e+01
-8.105531061296110806e+01
-8.105857942854900955e+01
-8.106181597957494489e+01
-8.106502069208210060e+01
-8.106819398481314920e+01
-8.107133626936898452e+01
-8.107444795035955565e+01
-8.107752942555343623e+01
-8.108058108602196512e+01
-8.108360331628148288e+01
-8.108659649442904538e+01
-8.108956099227809489e+01
-8.109249717548776459e+01
-8.109540540369125949e+01
-8.109828603061933450e+01
-8.110113940422115775e+01
-8.110396586678224651e+01
-8.110676575504001562e+01
-8.110953940029547482e+01
-8.111228712852359024e+01
-8.111500926047793314e+01
-8.111770611179797186e+01
-8.112037799310789410e+01
-8.112302521011747558e+01
-8.112564806371824488e+01
-8.112824685007824144e+01
-8.113082186073464186e+01
-8.113337338268296151e+01
-8.113590169846557387e+01
-8.113840708625772891e+01
-8.114088981995134020e+01
-8.114335016923691057e+01
-8.114334992968777271e+01
