-8.145719827874104624e+01
-8.145990354566457370e+01
-8.146270374749536813e+01
-8.146347586063450308e+01
-8.146435487305070922e+01
-8.146465930748428264e+01
-8.146561034382270350e+01
-8.146566753032237784e+01
-8.146621148946033486e+01
-8.146676496675318901e+01
-8.146682063525578599e+01
-8.146648933809167659e+01
-8.146742145709946215e+01
-8.146752176954615265e+01
-8.146844900990024030e+01
-8.146787020741216168e+01
-8.146833253648395612e+01
-8.146771605201833211e+01
-8.146734872896786328e+01
-8.146847922939447528e+01
-8.146911499528043521e+01
-8.146823407158692021e+01
-8.146820845055805194e+01
-8.146851172414115183e+01
-8.146894787890281009e+01
-8.146946121460594270e+01
-8.146932136903092214e+01
-8.146922995152550584e+01
-8.146953071265049573e+01
-8.146804157126614143e+01
-8.146770815958015532e+01
-8.146777559740665708e+01
-8.146883755943693473e+01
-8.146896324200471895e+01
-8.146895542387416356e+01
-8.146841998361934145e+01
-8.146907989862239674e+01
-8.146870464565110126e+01
-8.146840401872380255e+01
-8.146892923126165442e+01
-8.146907465993173503e+01
-8.146966404337511847e+01
-8.146879776954367003e+01
-8.146763424040960899e+01
-8.146745397394533938e+01
-8.146818802970351214e+01
-8.146922806836434461e+01
-8.146924417302260224e+01
-8.146873308712233097e+01
-8.146918401678507848e+01
-8.146812420737464322e+01
-8.146777102150205963e+01
-8.146304365337266518e+01
-8.145752865619782312e+01
-8.127633706039314632e+01
-8.332431282190640331e+01
-3.977741456306415557e+01
1.615383575971169350e+01
1.968437908866505737e+01
2.042272805816552861e+01
2.022782164194208221e+01
2.018192950725610046e+01
2.032143046255360019e+01
2.056856182104422359e+01
2.088094082787960559e+01
2.122986441893128173e+01
2.159296693209225637e+01
2.195169153128912498e+01
2.229181792945402663e+01
2.260135832050735161e+01
2.286982973236453986e+01
2.308874835579612750e+01
2.324595445668126814e+01
2.332566716524178574e+01
2.331101609600863611e+01
2.318342090328719252e+01
2.293257845175974907e+01
2.258069127535543075e+01
2.218344937931349747e+01
2.179315781946261410e+01
2.143402564855424686e+01
2.110969814719895510e+01
2.081671959958435281e+01
2.055095653129272648e+01
2.030916655042532781e+01
2.008888616138920113e+01
1.988805040416889014e+01
1.970474422639979650e+01
1.953711076617343423e+01
1.938334755697969669e+01
1.924172977326983158e+01
1.911064009572564615e+01
1.898859476796824453e+01
1.887425376017741740e+01
1.876641907349466010e+01
1.866403021838090126e+01
1.856616081390248851e+01
1.847201482021378283e+01
1.838091278828974495e+01
1.829227009861687137e+01
1.820557983534736124e+01
1.812040199787895745e+01
1.803635505337264888e+01
1.795310812334594885e+01
1.787037375049776955e+01
1.778790144941296347e+01
1.770547213016372368e+01
1.762289336837423193e+01
1.753999543527226024e+01
1.745662798278417682e+01
1.737265728182001823e+01
1.728796392326984943e+01
1.720244090430682959e+01
1.711599203477639008e+01
1.702853060903441573e+01
1.693997829756967022e+01
1.685026422030046334e+01
1.675932416979610196e+01
1.666709995802010624e+01
1.657353886468952808e+01
1.647859316911573657e+01
1.638221975055290258e+01
1.628437974471335181e+01
1.618503824630901633e+01
1.608416404929694465e+01
1.598172941801953328e+01
1.587770988367395830e+01
1.577208406157392417e+01
1.566483348551036947e+01
1.555594245620788030e+01
1.544539790144315461e+01
1.533318924584947496e+01
1.521930828880973685e+01
1.510374908914484493e+01
1.498650785555195242e+01
1.486758284194581670e+01
1.474697424701903081e+01
1.462468411746441177e+01
1.450071625440794776e+01
1.437507612268274571e+01
1.424777076264021147e+01
1.411880870424857726e+01
1.398819988326936681e+01
1.385595555933620382e+01
1.372208823578788461e+01
1.358661158112733602e+01
1.344954035199693720e+01
1.331089031757411334e+01
1.317067818530331991e+01
1.302892152789023150e+01
1.288563871149377604e+01
1.274084882505840710e+01
1.259457161073800258e+01
1.244682739536821536e+01
1.229763702295221961e+01
1.214702178813079492e+01
1.199500337061421895e+01
1.184160377056095292e+01
1.168684524489281173e+01
1.153075024454485309e+01
1.137334135265299118e+01
1.121464122368899297e+01
1.105467252355857255e+01
1.089345787068349658e+01
1.073101977809411700e+01
1.056738059656240836e+01
1.040256245881043462e+01
1.023658722483133232e+01
1.006947642836191825e+01
9.901251224547454655e+00
9.731932338837678387e+00
9.561540017152644566e+00
9.390093977352888643e+00
9.217613362044195569e+00
9.044116692741543062e+00
8.869621825409295113e+00
8.694145907386522154e+00
8.517705335696703628e+00
8.340315716730867024e+00
8.161991827282111700e+00
7.982747576896646713e+00
7.802595971493889948e+00
7.621549078191785398e+00
7.439617991256749718e+00
7.256812799074968900e+00
7.073142552017804618e+00
6.888615231042706455e+00
6.703237716838767568e+00
6.517015759290577748e+00
6.329953947003265746e+00
6.142055676610541859e+00
5.953323121586234556e+00
5.763757200307307649e+00
5.573357543180764040e+00
5.382122458752461647e+00
5.190048898856504778e+00
4.997132423027103698e+00
4.803367162554759595e+00
4.608745784696023584e+00
4.413259457610823056e+00
4.216897816581496095e+00
4.019648931958463400e+00
3.821499279092002155e+00
3.622433710276913299e+00
3.422435428497636600e+00
3.221485962553124693e+00
3.019565142993748896e+00
2.816651078230752780e+00
2.612720130181077405e+00
2.407746888872891677e+00
2.201704145539722379e+00
1.994562863851359724e+00
1.786292149049521161e+00
1.576859214862756042e+00
1.366229348161005497e+00
1.154365871374072539e+00
9.412301027422453892e-01
7.267813144948376269e-01
5.109766890690697894e-01
2.937712734916111401e-01
7.511793205254251038e-02
-1.450327025902737876e-01
-3.667322797277025592e-01
-5.900347821723704866e-01
-8.149965789018033258e-01
-1.041676478560284780e+00
-1.270135783571351151e+00
-1.500438344573764793e+00
-1.732650614845005821e+00
-1.966841704320710260e+00
-2.203083432754818105e+00
-2.441450381493106558e+00
-2.682019943251859662e+00
-2.924872369202755618e+00
-3.170090812564533955e+00
-3.417761367790488780e+00
-3.667973104317975075e+00
-3.920818093711549324e+00
-4.176391428884407730e+00
-4.434791233923690790e+00
-4.696118662874416927e+00
-4.960477885627134320e+00
-5.227976059016530286e+00
-5.498723280713699424e+00
-5.772832523572809293e+00
-6.050419547925703689e+00
-6.331602788878877952e+00
-6.616503215665411552e+00
-6.905244159917948821e+00
-7.197951109624773913e+00
-7.494751465489891906e+00
-7.795774256466134311e+00
-8.101149811394250833e+00
-8.411009384000111666e+00
-8.725484729019981955e+00
-9.044707627990337784e+00
-9.368809364314465427e+00
-9.697920148662715789e+00
-1.003216849764963925e+01
-1.037168057111633424e+01
-1.071657947630013297e+01
-1.106698455072520559e+01
-1.142301063983839171e+01
-1.178476739018409170e+01
-1.215235858422067672e+01
-1.252588154855170721e+01
-1.290542667313547653e+01
-1.329107708460215953e+01
-1.368290852167274529e+01
-1.408098946425955056e+01
-1.448538156944078104e+01
-1.489614046637555234e+01
-1.531331695757593714e+01
-1.573695866502659513e+01
-1.616711214581912515e+01
-1.660382548284314197e+01
-1.704715133157766616e+01
-1.749715037448895316e+01
-1.795389510081033535e+01
-1.841747379295520304e+01
-1.888799456350020023e+01
-1.936558925117442342e+01
-1.985041695380417437e+01
-2.034266695441360184e+01
-2.084256078779254295e+01
-2.135035320309664897e+01
-2.186633180748662042e+01
-2.239081522970131388e+01
-2.292414972249889971e+01
-2.346670422833012282e+01
-2.401886405926209633e+01
-2.458102348161957451e+01
-2.515357763497032551e+01
-2.573691433657658578e+01
-2.633140640665308396e+01
-2.693740517724170758e+01
-2.755523580529504457e+01
-2.818519489450940085e+01
-2.882755074996794775e+01
-2.948254636685796726e+01
-3.015040502024708502e+01
-3.083133811073136599e+01
-3.152555475951561803e+01
-3.223327255439172490e+01
-3.295472882966012662e+01
-3.369019190964305466e+01
-3.443997183873119639e+01
-3.520443023813464833e+01
-3.598398904863909564e+01
-3.677913802196579951e+01
-3.759044089870117489e+01
-3.841854025157014263e+01
-3.926416097588769816e+01
-4.012811237909049566e+01
-4.101128877915923709e+01
-4.191466828654687760e+01
-4.283930940103665108e+01
-4.378634488541572978e+01
-4.475697203119373313e+01
-4.575243815366087574e+01
-4.677401977516929321e+01
-4.782299350417670070e+01
-4.890059610280564328e+01
-5.000797068548680357e+01
-5.114609547122845612e+01
-5.231569114763637884e+01
-5.351710291019337262e+01
-5.475015394939804736e+01
-5.601396904471133098e+01
-5.730677058063572815e+01
-5.862565532833446724e+01
-5.996636908145131883e+01
-6.132310731887670840e+01
-6.268838176331701106e+01
-6.405300141262240743e+01
-6.540621699759570618e+01
-6.673606427093770321e+01
-6.802991129962140349e+01
-6.927517165947114108e+01
-7.046010055344220291e+01
-7.157456044420429464e+01
-7.261064013731598266e+01
-7.356303958013718614e+01
-7.442918263226131614e+01
-7.520907441176581187e+01
-7.590496175846695337e+01
-7.652087565803432767e+01
-7.706213334788401426e+01
-7.753486204326128473e+01
-7.794558444431277167e+01
-7.830088536693816081e+01
-7.860716279547995100e+01
-7.887045638176989826e+01
-7.909634118103896583e+01
-7.928987281356509698e+01
-7.945557086929319723e+01
-7.959742913540021902e+01
-7.971894339011736008e+01
-7.982314963906695482e+01
-7.991266755582410042e+01
-7.998974544435603207e+01
-8.005630426231957131e+01
-8.011397916473569580e+01
-8.016415769658733836e+01
-8.020801423197013946e+01
-8.024654057359558124e+01
-8.028057282940072525e+01
-8.031081480456190036e+01
-8.033785821188340037e+01
-8.036220002971637655e+01
-8.038425733766723624e+01
-8.040437994595406224e+01
-8.042286111101542190e+01
-8.043994660239802386e+01
-8.045584235701788600e+01
-8.047072092848107161e+01
-8.048472691237999754e+01
-8.049798150395261587e+01
-8.051058632245583624e+01
-8.052262661710037150e+01
-8.053417395232229126e+01
-8.054528845535763537e+01
-8.055602069632502094e+01
-8.056641326008978865e+01
-8.057650205985437708e+01
-8.058631743449655005e+01
-8.059588506495921933e+01
-8.060522673932011628e+01
-8.061436099138103373e+01
-8.062330363358644547e+01
-8.063206820169068578e+01
-8.064066632574238724e+01
-8.064910803957666019e+01
-8.065740203899319738e+01
-8.066555589712754681e+01
-8.067357624412227324e+01
-8.068146891702413370e+01
-8.068923908486047480e+01
-8.069689135301950955e+01
-8.070442985038273775e+01
-8.071185830208015943e+01
-8.071918009026330765e+01
-8.072639830489113422e+01
-8.073351578619693214e+01
-8.074053516021720611e+01
-8.074745886854390164e+01
-8.075428919325847232e+01
-8.076102827785030058e+01
-8.076767814479015328e+01
-8.077424071031232700e+01
-8.078071779686948162e+01
-8.078711114364654122e+01
-8.079342241545438696e+01
-8.079965321027182767e+01
-8.080580506565827648e+01
-8.081187946422072343e+01
-8.081787783829410898e+01
-8.082380157395843412e+01
-8.082965201450383574e+01
-8.083543046343132232e+01
-8.084113818706262578e+01
-8.084677641682344529e+01
-8.085234635125017633e+01
-8.085784915776319792e+01
-8.086328597424325437e+01
-8.086865791044108676e+01
-8.087396604924504118e+01
-8.087921144782616523e+01
-8.088439513868176789e+01
-8.088951813058898210e+01
-8.089458140948173082e+01
-8.089958593926108676e+01
-8.090453266254873199e+01
-8.090942250138880354e+01
-8.091425635790740500e+01
-8.091903511493033818e+01
-8.092375963656839133e+01
-8.092843076877134934e+01
-8.093304933985223215e+01
-8.093761616098973377e+01
-8.094213202670395901e+01
-8.094659771531523518e+01
-8.095101398938095372e+01
-8.095538159611629681e+01
-8.095970126779836562e+01
-8.096397372215493249e+01
-8.096819966273884006e+01
-8.097237977929034969e+01
-8.097651474808510841e+01
-8.098060523227212570e+01
-8.098465188219942945e+01
-8.098865533572987374e+01
-8.099261621854610382e+01
-8.099653514444683822e+01
-8.100041271563294742e+01
-8.100424952298592984e+01
-8.100804614633727851e+01
-8.101180315472981874e+01
-8.101552110667118711e+01
-8.101920055038111457e+01
-8.102284202402960034e+01
-8.102644605596955785e+01
-8.103001316496221307e+01
-8.103354386039728752e+01
-8.103703864250532263e+01
-8.104049800256487401e+01
-8.104392242310437666e+01
-8.104731237809748734e+01
-8.105066833315416375e+01
-8.105399074570577511e+01
-8.105728006518521056e+01
-8.106053673320224107e+01
-8.106376118371548500e+01
-8.106695384319692721e+01
-8.107011513079497433e+01
-8.107324545849130004e+01
-8.107634523125517489e+01
-8.107941484719172820e+01
-8.108245469768858982e+01
-8.108546516755737343e+01
-8.108844663517135132e+01
-8.109139947260074166e+01
-8.109432404574401687e+01
-8.109722071445540337e+01
-8.110008983266929761e+01
-8.110293174852247944e+01
-8.110574680447273010e+01
-8.110853533741413912e+01
-8.111129767878918528e+01
-8.111403415470023504e+01
-8.111674508601538491e+01
-8.111943078847360766e+01
-8.112209157278756777e+01
-8.112472774474214532e+01
-8.112733960529261878e+01
-8.112992745065908196e+01
-8.113249157241946818e+01
-8.113503225759932036e+01
-8.113754978876141877e+01
-8.114004444409121675e+01
-8.114004420259330175e+01
