-8.145724191680595538e+01
-8.145998753989182717e+01
-8.146279558391738362e+01
-8.146363093949240408e+01
-8.146455107248029037e+01
-8.146486126261633842e+01
-8.146582593817244344e+01
-8.146590440931738897e+01
-8.146643581314143034e+01
-8.146700907139648962e+01
-8.146708743887302262e+01
-8.146674913420822861e+01
-8.146768000805916188e+01
-8.146778286311626971e+01
-8.146871430213413134e+01
-8.146814434980720421e+01
-8.146859561361699775e+01
-8.146799699818079432e+01
-8.146762252503681623e+01
-8.146874809654146077e+01
-8.146938206070291244e+01
-8.146851431111736019e+01
-8.146847768647945998e+01
-8.146875509562671880e+01
-8.146921537645044964e+01
-8.146971966774302132e+01
-8.146960477201012907e+01
-8.146948471984720186e+01
-8.146979652870923871e+01
-8.146830902376041195e+01
-8.146796826859201701e+01
-8.146803399256535272e+01
-8.146909195015342675e+01
-8.146921535228850075e+01
-8.146921593826800745e+01
-8.146866757560238170e+01
-8.146932539528665984e+01
-8.146896048324867934e+01
-8.146865574900564866e+01
-8.146916796768688585e+01
-8.146932255278991875e+01
-8.146990064585234848e+01
-8.146906740390092239e+01
-8.146788659889436701e+01
-8.146770013058957716e+01
-8.146840937323300125e+01
-8.146946295914555947e+01
-8.146948834394501660e+01
-8.146895707491509597e+01
-8.146944134330377096e+01
-8.146835231150494394e+01
-8.146802764313856926e+01
-8.146328116038432654e+01
-8.145848176937479934e+01
-8.127537403848126019e+01
-8.339709515670111273e+01
-4.094959911021789623e+01
1.586058894408153819e+01
1.970726772294924345e+01
2.043773541039431763e+01
2.022848188081218268e+01
2.017977449631558429e+01
2.031833789153206027e+01
2.056451581497097436e+01
2.087613677244761590e+01
2.122456757311178421e+01
2.158737502409590192e+01
2.194596617844450037e+01
2.228605577414815997e+01
2.259564936582878758e+01
2.286425500372664388e+01
2.308336041735131161e+01
2.324086115809351938e+01
2.332099828203126535e+01
2.330690046288490791e+01
2.317997332417853329e+01
2.292973314453010403e+01
2.257798258789021872e+01
2.218023854380841442e+01
2.178901073946662237e+01
2.142877395636449833e+01
2.110330298807156879e+01
2.080917709860253950e+01
2.054226562035351122e+01
2.029932380333238839e+01
2.007788754881221038e+01
1.987589307412519446e+01
1.969142700949666036e+01
1.952263380114309754e+01
1.936771166088297846e+01
1.922493582602229267e+01
1.909268848287929288e+01
1.896948500352119993e+01
1.885398429568274636e+01
1.874498719247132783e+01
1.864143197842569677e+01
1.854239100713224886e+01
1.844706699755593249e+01
1.835477942380166283e+01
1.826494276799749983e+01
1.817704930955216369e+01
1.809065829197404085e+01
1.800538747122402583e+01
1.792090530542728999e+01
1.783692372097305068e+01
1.775319165881198913e+01
1.766948949206242503e+01
1.758562428998961380e+01
1.750142584257779887e+01
1.741674334094625820e+01
1.733144261171618439e+01
1.724540381473936890e+01
1.715851952666574576e+01
1.707069314503111102e+01
1.698183755814718054e+01
1.689187403506593910e+01
1.680073129745689187e+01
1.670834474160604799e+01
1.661465578409683275e+01
1.651961130923882948e+01
1.642316320008437458e+01
1.632526793803624443e+01
1.622588625868987577e+01
1.612498285375235341e+01
1.602252611070485599e+01
1.591848788338697496e+01
1.581284328793097949e+01
1.570557051949944238e+01
1.559665068612888028e+01
1.548606765667043028e+01
1.537380792038956479e+01
1.525986045624663490e+01
1.514421661025694021e+01
1.502686997963565574e+01
1.490781630267983893e+01
1.478705335353949124e+01
1.466458084119175176e+01
1.454040031206090333e+01
1.441451505583082593e+01
1.428693001407993002e+01
1.415765169143402069e+01
1.402668806898592457e+01
1.389404851977189459e+01
1.375974372612901675e+01
1.362378559878405859e+01
1.348618719754521322e+01
1.334696265348652666e+01
1.320612709252843686e+01
1.306369656032995508e+01
1.291968794841829826e+01
1.277411892149082817e+01
1.262700784583248392e+01
1.247837371879897894e+01
1.232823609932429143e+01
1.217661503941663526e+01
1.202353101661574364e+01
1.186900486738879934e+01
1.171305772145230151e+01
1.155571093701021290e+01
1.139698603690876233e+01
1.123690464571228453e+01
1.107548842771167230e+01
1.091275902588263591e+01
1.074873800181587313e+01
1.058344677664591238e+01
1.041690657300907041e+01
1.024913835806328066e+01
1.008016278760445239e+01
9.910000151313694161e+00
9.738670319168949874e+00
9.566192689051264963e+00
9.392586135572495110e+00
9.217868960145221280e+00
9.042058842308744460e+00
8.865172792317448369e+00
8.687227104988826554e+00
8.508237314798755335e+00
8.328218152201387170e+00
8.147183501139766193e+00
7.965146357700915836e+00
7.782118789854297169e+00
7.598111898195950786e+00
7.413135777598829357e+00
7.227199479644336400e+00
7.040310975678942818e+00
6.852477120304899749e+00
6.663703615078012454e+00
6.473994972153795935e+00
6.283354477602632215e+00
6.091784154117197758e+00
5.899284722868500808e+00
5.705855564340893693e+00
5.511494678091985122e+00
5.316198641535398117e+00
5.119962568013631810e+00
4.922780064590770444e+00
4.724643190114352187e+00
4.525542414146404901e+00
4.325466577322460537e+00
4.124402853564925309e+00
3.922336714370533439e+00
3.719251895144787490e+00
3.515130363310892569e+00
3.309952287716283692e+00
3.103696008722998112e+00
2.896338008311014178e+00
2.687852879540927553e+00
2.478213294798292665e+00
2.267389972353970329e+00
2.055351640901212029e+00
1.842065001852720041e+00
1.627494689287682483e+00
1.411603227523839932e+00
1.194350986352800570e+00
9.756961340196123045e-01
7.555945880560895889e-01
5.339999640951803572e-01
3.108635228065750322e-01
8.613411510479732081e-02
-1.402418742037927213e-01
-3.683205841551329129e-01
-5.981607365340060323e-01
-8.298236957192414165e-01
-1.063373529192422673e+00
-1.298877068392107592e+00
-1.536403969539430037e+00
-1.776026773998576003e+00
-2.017820967662894205e+00
-2.261865038774612202e+00
-2.508240533492712476e+00
-2.757032108418774108e+00
-3.008327579173473154e+00
-3.262217963986513425e+00
-3.518797521119212846e+00
-3.778163778781076676e+00
-4.040417556029300528e+00
-4.305662972953284040e+00
-4.574007448245137830e+00
-4.845561682042853313e+00
-5.120439621707629563e+00
-5.398758407962695571e+00
-5.680638298583901680e+00
-5.966202566593064915e+00
-6.255577369680331401e+00
-6.548891587371902467e+00
-6.846276622286898927e+00
-7.147866161706165400e+00
-7.453795895632165269e+00
-7.764203187584222121e+00
-8.079226694584674462e+00
-8.399005933196523443e+00
-8.723680789128259505e+00
-9.053390968891326551e+00
-9.388275393354389209e+00
-9.728471534867079384e+00
-1.007411470200803727e+01
-1.042533727902546659e+01
-1.078226793076859913e+01
-1.114503078837600114e+01
-1.151374463622639688e+01
-1.188852212661202934e+01
-1.226946905512678576e+01
-1.265668373665016766e+01
-1.305025652868821062e+01
-1.345026955520327938e+01
-1.385679668927221364e+01
-1.426990385614925216e+01
-1.468964971866153135e+01
-1.511608680333906918e+01
-1.554926311729887267e+01
-1.598922429179357074e+01
-1.643601626786327330e+01
-1.688968851243063796e+01
-1.735029771967774437e+01
-1.781791191349506676e+01
-1.829261482376046288e+01
-1.877451036453371813e+01
-1.926372699908736408e+01
-1.976042173895962506e+01
-2.026478349651262079e+01
-2.077703549788976645e+01
-2.129743647103429538e+01
-2.182628035648977161e+01
-2.236389435102332968e+01
-2.291063518779541042e+01
-2.346688368098781297e+01
-2.403303771242009645e+01
-2.460950400219935474e+01
-2.519668916899313871e+01
-2.579499072370529333e+01
-2.640478873499259294e+01
-2.702643892282571159e+01
-2.766026787417795418e+01
-2.830657092221951743e+01
-2.896561300659102045e+01
-2.963763256549741598e+01
-3.032284823996864276e+01
-3.102146793669125202e+01
-3.173369963032590491e+01
-3.245976320648389191e+01
-3.319990265251351502e+01
-3.395439797974286478e+01
-3.472357638300925231e+01
-3.550782228352223058e+01
-3.630758603470136592e+01
-3.712339117914571318e+01
-3.795584021688399190e+01
-3.880561887512954655e+01
-3.967349885576639679e+01
-4.056033900104522871e+01
-4.146708469822148402e+01
-4.239476509906371149e+01
-4.334448774894054424e+01
-4.431742984094383786e+01
-4.531482501643802863e+01
-4.633794428025240819e+01
-4.738806915674978626e+01
-4.846645470300165215e+01
-4.957427943728093567e+01
-5.071257868863140317e+01
-5.188215743383002376e+01
-5.308347855101425239e+01
-5.431652288827582709e+01
-5.558061906488664761e+01
-5.687424407303884522e+01
-5.819480116521408775e+01
-5.953838966716920567e+01
-6.089959213151263384e+01
-6.227131632095537128e+01
-6.364473974271687950e+01
-6.500940775841101527e+01
-6.635352672536805585e+01
-6.766446718298132623e+01
-6.892945048948398323e+01
-7.013634531089421387e+01
-7.127446385724907429e+01
-7.233523701179753118e+01
-7.331266895691474872e+01
-7.420351903243007996e+01
-7.500721485308447711e+01
-7.572554795719682375e+01
-7.636222968021144197e+01
-7.692238855119950358e+01
-7.741207707555879836e+01
-7.783783415441904197e+01
-7.820632738107457271e+01
-7.852408173671162217e+01
-7.879728938322828924e+01
-7.903168886372975521e+01
-7.923249970150357058e+01
-7.940439865199125791e+01
-7.955152550078403806e+01
-7.967750848077520232e+01
-7.978550160068681407e+01
-7.987822817310811274e+01
-7.995802649569172615e+01
-8.002689495694477273e+01
-8.008653483756540936e+01
-8.013838980866975703e+01
-8.018368164310689394e+01
-8.022344200515884438e+01
-8.025854040977407067e+01
-8.028970857939222583e+01
-8.031756150098135549e+01
-8.034261551809113655e+01
-8.036530379717245864e+01
-8.038598949455085574e+01
-8.040497692758437154e+01
-8.042252102564269478e+01
-8.043883530687887173e+01
-8.045409859743152481e+01
-8.046846068191787538e+01
-8.048204704855567115e+01
-8.049496286926925848e+01
-8.050729633477618563e+01
-8.051912144680846950e+01
-8.053050035414111107e+01
-8.054148530574988740e+01
-8.055212028298868177e+01
-8.056244236292114635e+01
-8.057248285664739740e+01
-8.058226825945537541e+01
-8.059182104367599209e+01
-8.060116032013806375e+01
-8.061030238988711005e+01
-8.061926120431095910e+01
-8.062804874883094897e+01
-8.063667536283315940e+01
-8.064515000642410314e+01
-8.065348048285132165e+01
-8.066167362396251406e+01
-8.066973544486059211e+01
-8.067767127288921358e+01
-8.068548585522714234e+01
-8.069318344866306347e+01
-8.070076789452569699e+01
-8.070824268124769674e+01
-8.071561099662707761e+01
-8.072287577151175242e+01
-8.073003971633616516e+01
-8.073710535170449987e+01
-8.074407503401550912e+01
-8.075095097695657387e+01
-8.075773526955350690e+01
-8.076442989135354367e+01
-8.077103672521563738e+01
-8.077755756810536525e+01
-8.078399414023006386e+01
-8.079034809278152807e+01
-8.079662101452332479e+01
-8.080281443740717862e+01
-8.080892984138162660e+01
-8.081496865852203371e+01
-8.082093227659471779e+01
-8.082682204214304988e+01
-8.083263926317616210e+01
-8.083838521152091516e+01
-8.084406112489043039e+01
-8.084966820871461834e+01
-8.085520763776817432e+01
-8.086068055762765994e+01
-8.086608808598208498e+01
-8.087143131382040906e+01
-8.087671130651180817e+01
-8.088192910479513387e+01
-8.088708572568913269e+01
-8.089218216333489408e+01
-8.089721938977835691e+01
-8.090219835570178475e+01
-8.090711999110790487e+01
-8.091198520596609001e+01
-8.091679489082044086e+01
-8.092154991736667569e+01
-8.092625113900049882e+01
-8.093089939133953692e+01
-8.093549549272185573e+01
-8.094004024468230796e+01
-8.094453443240981017e+01
-8.094897882518579024e+01
-8.095337417680568137e+01
-8.095772122598478404e+01
-8.096202069674889401e+01
-8.096627329881226842e+01
-8.097047972794054260e+01
-8.097464066630402613e+01
-8.097875678281538114e+01
-8.098282873346144584e+01
-8.098685716161934067e+01
-8.099084269836615135e+01
-8.099478596277748466e+01
-8.099868756221651722e+01
-8.100254809261562627e+01
-8.100636813874837117e+01
-8.101014827449370159e+01
-8.101388906309266247e+01
-8.101759105739769495e+01
-8.102125480011380887e+01
-8.102488082403360181e+01
-8.102846965226629550e+01
-8.103202179845834507e+01
-8.103553776700945832e+01
-8.103901805328224839e+01
-8.104246314380566218e+01
-8.104587351647295179e+01
-8.104924964073440208e+01
-8.105259197778485714e+01
-8.105590098074662819e+01
-8.105917709484498346e+01
-8.106242075758264320e+01
-8.106563239890746786e+01
-8.106881244137541387e+01
-8.107196130031023529e+01
-8.107507938395880842e+01
-8.107816709364175267e+01
-8.108122482390045604e+01
-8.108425296264117321e+01
-8.108725189127416400e+01
-8.109022198484964861e+01
-8.109316361219019598e+01
-8.109607713602102308e+01
-8.109896291309506466e+01
-8.110182129431581188e+01
-8.110465262485774929e+01
-8.110745724428214487e+01
-8.111023548665173166e+01
-8.111298768064220610e+01
-8.111571414964912208e+01
-8.111841521189461446e+01
-8.112109118053078305e+01
-8.112374236373960912e+01
-8.112636906483133714e+01
-8.112897158234132178e+01
-8.113155021012235579e+01
-8.113410523743642955e+01
-8.113663694904447254e+01
-8.113914562529284069e+01
-8.114163154219858143e+01
-8.114409497153280881e+01
-8.114653618090109433e+01
-8.114895543382391452e+01
-8.114895519703500781e+01
