-8.145733454156243170e+01
-8.146015921523418513e+01
-8.146303358959978880e+01
-8.146392938031966935e+01
-8.146490573107622879e+01
-8.146526360415583667e+01
-8.146625417641209310e+01
-8.146636513456071782e+01
-8.146692652842494908e+01
-8.146749969035496974e+01
-8.146758063924927740e+01
-8.146727030150181292e+01
-8.146821468370305297e+01
-8.146832732083494477e+01
-8.146928644120211516e+01
-8.146871645761410718e+01
-8.146917686237063094e+01
-8.146859019742542785e+01
-8.146823497553353377e+01
-8.146939276150820319e+01
-8.147005294141837339e+01
-8.146917600239002866e+01
-8.146917199875261417e+01
-8.146950830064376703e+01
-8.146993170155596431e+01
-8.147046094014950768e+01
-8.147029013143783516e+01
-8.147021671504596441e+01
-8.147050480056005028e+01
-8.146898468930049830e+01
-8.146868974865662949e+01
-8.146881933663870257e+01
-8.146986031977739628e+01
-8.146996311520337031e+01
-8.146992321176641383e+01
-8.146941526912263498e+01
-8.147007684562265695e+01
-8.146965115100655908e+01
-8.146936773739928128e+01
-8.146989691226033869e+01
-8.147001468615943054e+01
-8.147062934714057292e+01
-8.146964603234165736e+01
-8.146847465869001326e+01
-8.146831698352258400e+01
-8.146910407193155379e+01
-8.147011271512999997e+01
-8.147007137418486877e+01
-8.146958942729445141e+01
-8.146994535420400041e+01
-8.146884664031341572e+01
-8.146841702431177623e+01
-8.146375028033335752e+01
-8.145702366548775331e+01
-8.128223592082329674e+01
-8.317839496007522371e+01
-3.723900073944828648e+01
1.572686064799322736e+01
1.700651954921964659e+01
1.609946139752501892e+01
1.453024166827706942e+01
1.336919954433492563e+01
1.262501980846874083e+01
1.217298666240209570e+01
1.193094015723290902e+01
1.184091440446463395e+01
1.185833145293488400e+01
1.194863987861508470e+01
1.208642714042891519e+01
1.225251936838369282e+01
1.243264004236263531e+01
1.261791287184320431e+01
1.280059075000979618e+01
1.297460000464381835e+01
1.313690449419616257e+01
1.328531234995519306e+01
1.341765897155465481e+01
1.353268647085348775e+01
1.362982391098339363e+01
1.370880415477051528e+01
1.376969143766063297e+01
1.381280790956412474e+01
1.383856867919760347e+01
1.384744076949773017e+01
1.383995146441457713e+01
1.381667828285208088e+01
1.377823208456963044e+01
1.372524223266683663e+01
1.365834541747691766e+01
1.357817803457518835e+01
1.348537200071478104e+01
1.338055424127736615e+01
1.326435052343647847e+01
1.313739478741164213e+01
1.300034559350761931e+01
1.285391163009971827e+01
1.269888814503321939e+01
1.253620516618066105e+01
1.236698569172321349e+01
1.219260678748956117e+01
1.201474845467049413e+01
1.183540601548604876e+01
1.165683717144407971e+01
1.148142365585045788e+01
1.131145523400085295e+01
1.114888235899897495e+01
1.099510845444106266e+01
1.085088171944827273e+01
1.071630485018459567e+01
1.059093808664703396e+01
1.047395014108651345e+01
1.036427435332323910e+01
1.026074209596984943e+01
1.016218118872860998e+01
1.006747877734447982e+01
9.975614766632466157e+00
9.885674283102105164e+00
9.796847218130045221e+00
9.708421099384208830e+00
9.619771433589450638e+00
9.530351868095403134e+00
9.439685249656420751e+00
9.347355894210087612e+00
9.253002997777201699e+00
9.156314977400139554e+00
9.057024518857197393e+00
8.954904148621936955e+00
8.849762199560958109e+00
8.741439085675548171e+00
8.629803835990008665e+00
8.514750861684087013e+00
8.396196945465444372e+00
8.274078450067229085e+00
8.148348745670377369e+00
8.018975855787182638e+00
7.885940319129718823e+00
7.749233262262572808e+00
7.608854675079065544e+00
7.464811878741852702e+00
7.317118173874026077e+00
7.165791655526206227e+00
7.010854180743515407e+00
6.852330474342816835e+00
6.690247358697127389e+00
6.524633093830241037e+00
6.355516814873106490e+00
6.182928054862131262e+00
6.006896341910936243e+00
5.827450860906523644e+00
5.644620171017355581e+00
5.458431971401671134e+00
5.268912908520985816e+00
5.076088419357474457e+00
4.879982605580737598e+00
4.680618134305431610e+00
4.478016161541977347e+00
4.272196274799684446e+00
4.063176451593884408e+00
3.850973030874399239e+00
3.635600694659653964e+00
3.417072457446205025e+00
3.195399661269330505e+00
2.970591974610377939e+00
2.742657393668171739e+00
2.511602244820902552e+00
2.277431187390784650e+00
2.040147216078009862e+00
1.799751662650711292e+00
1.556244196663224111e+00
1.309622825130023704e+00
1.059883891211094609e+00
8.070220720716870799e-01
5.510303761704781200e-01
2.919001403091349145e-01
2.962102684739682107e-02
-2.358189784474474249e-01
-5.044335673794982933e-01
-7.762381085502010336e-01
-1.051249644160340280e+00
-1.329486883683614895e+00
-1.610970193627991875e+00
-1.895721582540409900e+00
-2.183764680342883402e+00
-2.475124711017707035e+00
-2.769828457586456683e+00
-3.067904218251525261e+00
-3.369381752490289816e+00
-3.674292215811190143e+00
-3.982668081799239701e+00
-4.294543049997493256e+00
-4.609951938093819201e+00
-4.928930556813240216e+00
-5.251515565860616519e+00
-5.577744309225827202e+00
-5.907654628165372124e+00
-6.241284650219733443e+00
-6.578672552745218560e+00
-6.919856299640074759e+00
-7.264873350269553498e+00
-7.613760340066515475e+00
-7.966552732947419280e+00
-8.323284446578592011e+00
-8.683987452700000276e+00
-9.048691356208490078e+00
-9.417422958561211033e+00
-9.790205813312644167e+00
-1.016705978426001877e+01
-1.054800061972709813e+01
-1.093303955991657794e+01
-1.132218299790597982e+01
-1.171543221859669970e+01
-1.211278324352428015e+01
-1.251422681260843639e+01
-1.291974853630380338e+01
-1.332932925279051162e+01
-1.374294562437236422e+01
-1.416057100468097829e+01
-1.458217660322026710e+01
-1.500773296591440520e+01
-1.543721177948652112e+01
-1.587058799373324902e+01
-1.630784223933861199e+01
-1.674896350031163550e+01
-1.719395198021772941e+01
-1.764282208111918493e+01
-1.809560539474421859e+01
-1.855235358821773062e+01
-1.901314105311459102e+01
-1.947806717806602350e+01
-1.994725810302303870e+01
-2.042086781881408086e+01
-2.089907848989550132e+01
-2.138209990200239119e+01
-2.187016797019663272e+01
-2.236354228648396614e+01
-2.286250273884897055e+01
-2.336734529334733423e+01
-2.387837709464816882e+01
-2.439591110358817971e+01
-2.492026054705189253e+01
-2.545173349904121451e+01
-2.599062793549439832e+01
-2.653722760295493543e+01
-2.709179900987438927e+01
-2.765458978813635582e+01
-2.822582858625056446e+01
-2.880572655236914770e+01
-2.939448035644759827e+01
-2.999227659906746979e+01
-3.059929737136255667e+01
-3.121572667469007811e+01
-3.184175738417190615e+01
-3.247759844615518432e+01
-3.312348203100058441e+01
-3.377967041167343609e+01
-3.444646239669370402e+01
-3.512419920486442493e+01
-3.581326972207138937e+01
-3.651411512239882740e+01
-3.722723286380781360e+01
-3.795318008127301823e+01
-3.869257639752549949e+01
-3.944610615343347604e+01
-4.021452003583897294e+01
-4.099863605543854561e+01
-4.179933964059897278e+01
-4.261758269109289188e+01
-4.345438129548391970e+01
-4.431081163571022330e+01
-4.518800347011153207e+01
-4.608713038865182909e+01
-4.700939579350026065e+01
-4.795601327132619929e+01
-4.892817969145454526e+01
-4.992703899700062919e+01
-5.095363428259727101e+01
-5.200884542964666934e+01
-5.309330939943806271e+01
-5.420732042886593405e+01
-5.535070807377397273e+01
-5.652269262580305309e+01
-5.772172027488020518e+01
-5.894528486447082827e+01
-6.018974935757402989e+01
-6.145018788156860978e+01
-6.272027728347129738e+01
-6.399227319703307870e+01
-6.525710633777683256e+01
-6.650462652367136229e+01
-6.772400270832066838e+01
-6.890425866490086548e+01
-7.003489218157442053e+01
-7.110650055023327809e+01
-7.211132628583264648e+01
-7.304364898687325081e+01
-7.389997898467095183e+01
-7.467904641124692944e+01
-7.538161397252511620e+01
-7.601016436132955789e+01
-7.656852082898100775e+01
-7.706145418141230152e+01
-7.749431649536457201e+01
-7.787272651549757541e+01
-7.820231787755221831e+01
-7.848855094308269997e+01
-7.873658248076311850e+01
-7.895118411758919308e+01
-7.913669950140992171e+01
-7.929703058251760694e+01
-7.943564464440616746e+01
-7.955559521954381808e+01
-7.965955152869297251e+01
-7.974983243095556418e+01
-7.982844200347163621e+01
-7.989710477433285973e+01
-7.995729932751152091e+01
-8.001028951475483098e+01
-8.005715288004650176e+01
-8.009880615919313129e+01
-8.013602788803146382e+01
-8.016947826036874858e+01
-8.019971643906234249e+01
-8.022721555432303830e+01
-8.025237563267916130e+01
-8.027553469554700882e+01
-8.029697825338729444e+01
-8.031694740371861485e+01
-8.033564572136795334e+01
-8.035324510896319339e+01
-8.036989075585597675e+01
-8.038570533508043070e+01
-8.040079255090739707e+01
-8.041524013421629036e+01
-8.042912236927310232e+01
-8.044250222351004709e+01
-8.045543314144715907e+01
-8.046796055481786425e+01
-8.048012315314893783e+01
-8.049195395232455041e+01
-8.050348119292013394e+01
-8.051472909518699339e+01
-8.052571849339867072e+01
-8.053646736872298106e+01
-8.054699129678115810e+01
-8.055730382350932928e+01
-8.056741678078834923e+01
-8.057734055148792152e+01
-8.058708429204101265e+01
-8.059665611937083440e+01
-8.060606326789975640e+01
-8.061531222146000175e+01
-8.062440882414514931e+01
-8.063335837350118140e+01
-8.064216569890302821e+01
-8.065083522750637712e+01
-8.065937103978248501e+01
-8.066777691631446601e+01
-8.067605637726749990e+01
-8.068421271571119746e+01
-8.069224902578974934e+01
-8.070016822656494071e+01
-8.070797308223174582e+01
-8.071566621928714369e+01
-8.072325014114247210e+01
-8.073072724058621930e+01
-8.073809981044264816e+01
-8.074537005271056955e+01
-8.075254008642686188e+01
-8.075961195445114527e+01
-8.076658762934613378e+01
-8.077346901848993355e+01
-8.078025796854446128e+01
-8.078695626937330587e+01
-8.079356565749789354e+01
-8.080008781915888960e+01
-8.080652439304307677e+01
-8.081287697272338733e+01
-8.081914710885406805e+01
-8.082533631115916251e+01
-8.083144605023630902e+01
-8.083747775920907941e+01
-8.084343283524165713e+01
-8.084931264093781067e+01
-8.085511850563686664e+01
-8.086085172662009768e+01
-8.086651357023789899e+01
-8.087210527296663543e+01
-8.087762804240378500e+01
-8.088308305820665112e+01
-8.088847147298118045e+01
-8.089379441312551933e+01
-8.089905297963278485e+01
-8.090424824885511157e+01
-8.090938127323504148e+01
-8.091445308200354702e+01
-8.091946468185037133e+01
-8.092441705756583303e+01
-8.092931117265752050e+01
-8.093414796994446192e+01
-8.093892837212776215e+01
-8.094365328233998014e+01
-8.094832358467721178e+01
-8.095294014470857746e+01
-8.095750380997218087e+01
-8.096201541045067529e+01
-8.096647575903328686e+01
-8.097088565196125387e+01
-8.097524586925898404e+01
-8.097955717515117158e+01
-8.098382031846718121e+01
-8.098803603303113618e+01
-8.099220503804227178e+01
-8.099632803844023954e+01
-8.100040572526178551e+01
-8.100443877598503661e+01
-8.100842785486482001e+01
-8.101237361325517838e+01
-8.101627668992560416e+01
-8.102013771136496700e+01
-8.102395729207829334e+01
-8.102773603487406717e+01
-8.103147453114291920e+01
-8.103517336112949465e+01
-8.103883309419433090e+01
-8.104245428907040605e+01
-8.104603749411089098e+01
-8.104958324753123122e+01
-8.105309207764226187e+01
-8.105656450307917282e+01
-8.106000103302248760e+01
-8.106340216741374149e+01
-8.106676839716466532e+01
-8.107010020436092645e+01
-8.107339806246004343e+01
-8.107666243648436932e+01
-8.107989378320861817e+01
-8.108309255134190607e+01
-8.108625918170571367e+01
-8.108939410740687492e+01
-8.109249775400495253e+01
-8.109557053967657225e+01
-8.109861287537560770e+01
-8.110162516498719754e+01
-8.110460780548010007e+01
-8.110756118705313611e+01
-8.111048569328006863e+01
-8.111338170124764702e+01
-8.111624958169407762e+01
-8.111908969913987733e+01
-8.112190241201895446e+01
-8.112468807280366434e+01
-8.112744702812858577e+01
-8.113017961891040386e+01
-8.113288618046466638e+01
-8.113556704262074959e+01
-8.113822252983140970e+01
-8.114085296128345703e+01
-8.114345865100264632e+01
-8.114603990795673383e+01
-8.114859703615741182e+01
-8.115113033475795135e+01
-8.115364009814933866e+01
-8.115612661605450739e+01
-8.115859017361972860e+01
-8.116103105150401120e+01
-8.116344952596593032e+01
-8.116584586895027087e+01
-8.116822034816952680e+01
-8.117057322718669354e+01
-8.117290476549376876e+01
-8.117521521858995470e+01
-8.117750483805747308e+01
-8.117977387163519154e+01
-8.118202256329172428e+01
-8.118425115329584685e+01
-8.118645987828543298e+01
-8.118864897133551040e+01
-8.119081866202478182e+01
-8.119296917649904799e+01
-8.119510073753578183e+01
-8.119721356460466666e+01
-8.119930787392901550e+01
-8.120138387854476036e+01
-8.120344178835821936e+01
-8.120548181020163270e+01
-8.120750414789085880e+01
-8.120950900227697389e+01
-8.121149657130096955e+01
-8.121346705004502553e+01
-8.121542063078322826e+01
-8.121735750303128043e+01
-8.121927785359525842e+01
-8.122118186661921868e+01
-8.122306972363121247e+01
-8.122494160359008220e+01
-8.122679768292901770e+01
-8.122863813559955304e+01
-8.123046313311508015e+01
-8.123227284459191821e+01
-8.123406743679041142e+01
-8.123406723468518464e+01
