-8.145627451459461099e+01
-8.145796420951550942e+01
-8.145976057485894728e+01
-8.145967060157100548e+01
-8.145976550404121497e+01
-8.145934934478351863e+01
-8.145967490919777276e+01
-8.145919057415437692e+01
-8.145922936440899775e+01
-8.145936325876313333e+01
-8.145905005155535150e+01
-8.145836521708338296e+01
-8.145898353186206009e+01
-8.145880266023310412e+01
-8.145947488771457756e+01
-8.145866575475159266e+01
-8.145889803505588134e+01
-8.145808374531945617e+01
-8.145751165881422651e+01
-8.145844395997958998e+01
-8.145889481324282144e+01
-8.145785125372434266e+01
-8.145766708105375642e+01
-8.145783476212575636e+01
-8.145817255571603255e+01
-8.145857338217265919e+01
-8.145833861020582845e+01
-8.145811930842366166e+01
-8.145832017513359347e+01
-8.145670264788685699e+01
-8.145625409665115058e+01
-8.145623604273940543e+01
-8.145722128804972328e+01
-8.145723967567212753e+01
-8.145712745506544650e+01
-8.145649028245222212e+01
-8.145707268814156521e+01
-8.145659436225489003e+01
-8.145618330698295040e+01
-8.145661837220617940e+01
-8.145667250919055391e+01
-8.145716466566496194e+01
-8.145618126975850259e+01
-8.145485979557764722e+01
-8.145457068112789045e+01
-8.145522415300848706e+01
-8.145620684667395039e+01
-8.145611028544891496e+01
-8.145550334482852861e+01
-8.145587943570971845e+01
-8.145465935600148555e+01
-8.145420839694057236e+01
-8.144934025240020503e+01
-8.144421555412711200e+01
-8.126166893779425493e+01
-8.334873240079379286e+01
-4.040163876719361724e+01
1.598843041311254609e+01
1.968459630374790947e+01
2.041826846321792743e+01
2.021164381789461828e+01
2.015255826164330344e+01
2.026721583248566105e+01
2.046746571265293113e+01
2.069091702541741640e+01
2.086011418743447265e+01
2.073435954265435299e+01
1.959727722720668197e+01
1.808212122136198019e+01
1.689558788931610778e+01
1.592792435961282926e+01
1.511124828016200361e+01
1.442445473641386577e+01
1.385397860819989191e+01
1.338605674539641299e+01
1.300521712343325831e+01
1.269686804318765461e+01
1.244790791643055172e+01
1.224794302731837270e+01
1.208850486653066625e+01
1.196275498822897276e+01
1.186502016901497392e+01
1.179068768275023515e+01
1.173607702738354597e+01
1.169806399768767768e+01
1.167403332093550539e+01
1.166172907525695557e+01
1.165928869280079283e+01
1.166521900827249603e+01
1.167820190733503161e+01
1.169708491945893769e+01
1.172086996797062142e+01
1.174868845379975113e+01
1.177977944349217587e+01
1.181347324788555220e+01
1.184917878109407319e+01
1.188637325775192188e+01
1.192459350441512278e+01
1.196342854512319320e+01
1.200251325543852410e+01
1.204152292234090282e+01
1.208016856904265346e+01
1.211819292281685101e+01
1.215536692251174777e+01
1.219148667959703047e+01
1.222637082157641686e+01
1.225985815920128807e+01
1.229180562928742759e+01
1.232208647337287211e+01
1.235058861928979290e+01
1.237721323825601161e+01
1.240187345458483570e+01
1.242449318876586162e+01
1.244500611765880826e+01
1.246335473799721960e+01
1.247948952141994283e+01
1.249336815092720876e+01
1.250495483005004083e+01
1.251421965718704499e+01
1.252113805853933748e+01
1.252569027389523093e+01
1.252786089021238425e+01
1.252763841853355054e+01
1.252501491027384084e+01
1.251998560934723770e+01
1.251254863696790487e+01
1.250270470627918229e+01
1.249045686423858115e+01
1.247581025842582214e+01
1.245877192664980448e+01
1.243935060741414489e+01
1.241755656946245168e+01
1.239340145876867183e+01
1.236689816146559018e+01
1.233806068131976907e+01
1.230690403046554060e+01
1.227344413220326480e+01
1.223769773475465783e+01
1.219968233494572729e+01
1.215941611085977492e+01
1.211691786257119752e+01
1.207220696013182071e+01
1.202530329804028320e+01
1.197622725547863176e+01
1.192499966165188674e+01
1.187164176561365814e+01
1.181617521000629090e+01
1.175862200818659709e+01
1.169900452424855608e+01
1.163734545549305288e+01
1.157366781692988944e+01
1.150799492743310459e+01
1.144035039720204061e+01
1.137075811621251553e+01
1.129924224337127825e+01
1.122582719611564528e+01
1.115053764022582783e+01
1.107339847964367330e+01
1.099443484611493815e+01
1.091367208849467474e+01
1.083113576157776592e+01
1.074685161433563430e+01
1.066084557746082950e+01
1.057314375013762664e+01
1.048377238597563377e+01
1.039275787805786777e+01
1.030012674307063492e+01
1.020590560449655371e+01
1.011012117486430739e+01
1.001280023706225109e+01
9.913969624732322572e+00
9.813656201773037324e+00
9.711886840987849823e+00
9.608688401925109090e+00
9.504087707962435516e+00
9.398111522696099840e+00
9.290786525700893250e+00
9.182139287732303146e+00
9.072196245446242813e+00
8.960983675715322505e+00
8.848527669623742042e+00
8.734854106224606340e+00
8.619988626144328592e+00
8.503956605119885381e+00
8.386783127553593786e+00
8.268492960169151473e+00
8.149110525851270381e+00
8.028659877747857720e+00
7.907164673710865621e+00
7.784648151147770534e+00
7.661133102351329605e+00
7.536641850369771412e+00
7.411196225474679267e+00
7.284817542277472135e+00
7.157526577539826462e+00
7.029343548717391421e+00
6.900288093269973722e+00
6.770379248766090541e+00
6.639635433803881881e+00
6.508074429765568603e+00
6.375713363417163215e+00
6.242568690360336348e+00
6.108656179336959369e+00
5.973990897381095344e+00
5.838587195803668806e+00
5.702458696985828190e+00
5.565618281942047219e+00
5.428078078598263190e+00
5.289849450709944279e+00
5.150942987321927902e+00
5.011368492648994533e+00
4.871134976234202441e+00
4.730250643226009188e+00
4.588722884610981545e+00
4.446558267248525098e+00
4.303762523586010857e+00
4.160340540984672764e+00
4.016296350660942593e+00
3.871633116335174485e+00
3.726353122771274506e+00
3.580457764470479809e+00
3.433947534835071647e+00
3.286822016131281998e+00
3.139079870546097162e+00
2.990718832553951767e+00
2.841735702695917798e+00
2.692126342742768408e+00
2.541885672085935965e+00
2.391007665093729972e+00
2.239485349098088385e+00
2.087310802645121477e+00
1.934475153648462120e+00
1.780968577121068597e+00
1.626780292217498980e+00
1.471898558384217015e+00
1.316310670480291600e+00
1.160002952788498076e+00
1.002960751882974177e+00
8.451684283533406061e-01
6.866093474070933400e-01
5.272658683835884652e-01
3.671193332172225099e-01
2.061500538860397969e-01
4.433729887757788951e-02
-1.183407213015643805e-01
-2.819068695529134416e-01
-4.463850985342809330e-01
-6.118004679180226724e-01
-7.781791625505326548e-01
-9.455485115046720068e-01
-1.113937008015995822e+00
-1.283374330290927512e+00
-1.453891363171162077e+00
-1.625520220632911128e+00
-1.798294269092920228e+00
-1.972248151485093581e+00
-2.147417812062048625e+00
-2.323840521865392361e+00
-2.501554904796474244e+00
-2.680600964205751335e+00
-2.861020109904383713e+00
-3.042855185484719005e+00
-3.226150495818336239e+00
-3.410951834580204789e+00
-3.597306511625156578e+00
-3.785263380018627721e+00
-3.974872862496880543e+00
-4.166186977102542599e+00
-4.359259361709354685e+00
-4.554145297114841284e+00
-4.750901728342085129e+00
-4.949587283750203071e+00
-5.150262291508663992e+00
-5.352988792943192742e+00
-5.557830552210384134e+00
-5.764853061702612358e+00
-5.974123542529486741e+00
-6.185710939360570038e+00
-6.399685908855689220e+00
-6.616120800844648819e+00
-6.835089631356929374e+00
-7.056668046542305284e+00
-7.280933276466811321e+00
-7.507964077720172824e+00
-7.737840663730226609e+00
-7.970644621655966766e+00
-8.206458814723207595e+00
-8.445367268886217360e+00
-8.687455042748023715e+00
-8.932808079761397124e+00
-9.181513041871117053e+00
-9.433657123955310198e+00
-9.689327848691666745e+00
-9.948612841826310671e+00
-1.021159958827166570e+01
-1.047837517001976515e+01
-1.074902598754108674e+01
-1.102363746716134685e+01
-1.130229375787546786e+01
-1.158507742217907399e+01
-1.187206912677128123e+01
-1.216334734039922338e+01
-1.245898804765794310e+01
-1.275906448919425173e+01
-1.306364694044198949e+01
-1.337280254268785562e+01
-1.368659520180188771e+01
-1.400508557131870013e+01
-1.432833113755205012e+01
-1.465638642493345145e+01
-1.498930333963394013e+01
-1.532713166858247966e+01
-1.566991974907355711e+01
-1.601771532111270346e+01
-1.637056657035422091e+01
-1.672852336386556260e+01
-1.709163867397140990e+01
-1.745997017714537236e+01
-1.783358200544446248e+01
-1.821254661755223125e+01
-1.859694674542168968e+01
-1.898687736121901182e+01
-1.938244759830458008e+01
-1.978378254997245023e+01
-2.019102486137933994e+01
-2.060433602436260614e+01
-2.102389728265366742e+01
-2.144991005736131129e+01
-2.188259581060680503e+01
-2.232219527985513707e+01
-2.276896703762446350e+01
-2.322318536127763267e+01
-2.368513743527149273e+01
-2.415511995241490695e+01
-2.463343522909208616e+01
-2.512038699857988888e+01
-2.561627609193082122e+01
-2.612139625224342510e+01
-2.663603034970468286e+01
-2.716044726778767071e+01
-2.769489971096138348e+01
-2.823962314185598288e+01
-2.879483599238933067e+01
-2.936074121469071940e+01
-2.993752915180331087e+01
-3.052538162469230087e+01
-3.112447706041773898e+01
-3.173499643384637992e+01
-3.235712976617335812e+01
-3.299108291836352436e+01
-3.363708443369546330e+01
-3.429539221585029907e+01
-3.496629987104608261e+01
-3.565014258790290569e+01
-3.634730247081732557e+01
-3.705821327655916519e+01
-3.778336452592358086e+01
-3.852330497047172742e+01
-3.927864538730995747e+01
-4.005006065543194183e+01
-4.083829105764112910e+01
-4.164414259079353542e+01
-4.246848606795116865e+01
-4.331225475362650457e+01
-4.417644003952725740e+01
-4.506208454097666305e+01
-4.597027179489241888e+01
-4.690211149568902727e+01
-4.785871891604923434e+01
-4.884118682751402218e+01
-4.985054787449116986e+01
-5.088772499675234684e+01
-5.195346720244300087e+01
-5.304826787419224843e+01
-5.417226301584639714e+01
-5.532510766476730169e+01
-5.650583043172491671e+01
-5.771266916286167969e+01
-5.894289537779188493e+01
-6.019264152612458219e+01
-6.145675279890492959e+01
-6.272869293222660048e+01
-6.400053872698553903e+01
-6.526309751933540326e+01
-6.650617219997651830e+01
-6.771897801875068978e+01
-6.889068648723483079e+01
-7.001104098889908300e+01
-7.107096601169895678e+01
-7.206308608360396306e+01
-7.298208501037865403e+01
-7.382486688064875580e+01
-7.459051767968989566e+01
-7.528009909971903824e+01
-7.589632643122369871e+01
-7.644318803296731346e+01
-7.692555747965039359e+01
-7.734883621588767255e+01
-7.771864950644052783e+01
-7.804060523125512816e+01
-7.832011531812260330e+01
-7.856227355284818259e+01
-7.877178054486584813e+01
-7.895290585907440573e+01
-7.910947790411402991e+01
-7.924489343507205774e+01
-7.936214003858660249e+01
-7.946382645242093190e+01
-7.955221689060020651e+01
-7.962926664376881547e+01
-7.969665709680752741e+01
-7.975582897224468581e+01
-7.980801310006191329e+01
-7.985425836588822790e+01
-7.989545673169868678e+01
-7.993236538297684035e+01
-7.996562615586009315e+01
-7.999578245433910695e+01
-8.002329389430538242e+01
-8.004854891795717720e+01
-8.007187561588615665e+01
-8.009355098021318042e+01
-8.011380879389561471e+01
-8.013284634125882633e+01
-8.015083010442957345e+01
-8.016790059070733321e+01
-8.018417641753752889e+01
-8.019975776499030928e+01
-8.021472929058640489e+01
-8.022916258795585520e+01
-8.024311825909353502e+01
-8.025664765974933346e+01
-8.026979436864954209e+01
-8.028259542361389833e+01
-8.029508236109361974e+01
-8.030728209005877716e+01
-8.031921762638816631e+01
-8.033090870985971321e+01
-8.034237232238172055e+01
-8.035362312319492162e+01
-8.036467381428690260e+01
-8.037553544717802367e+01
-8.038621768046635907e+01
-8.039672899602908274e+01
-8.040707688052042101e+01
-8.041726797774413171e+01
-8.042730821659094431e+01
-8.043720291847732540e+01
-8.044695688759084362e+01
-8.045657448671586565e+01
-8.046605970096948113e+01
-8.047541619139799707e+01
-8.048464734007525578e+01
-8.049375628807325711e+01
-8.050274596745903466e+01
-8.051161912828148104e+01
-8.052037836135782811e+01
-8.052902611753796691e+01
-8.053756472401482824e+01
-8.054599639815481282e+01
-8.055432325925066550e+01
-8.056254733852630068e+01
-8.057067058767647438e+01
-8.057869488617554055e+01
-8.058662204754912750e+01
-8.059445382477515807e+01
-8.060219191495146163e+01
-8.060983796334460294e+01
-8.061739356691737157e+01
-8.062486027741677219e+01
-8.063223960408608093e+01
-8.063953301606468926e+01
-8.064674194451679057e+01
-8.065386778453330408e+01
-8.066091189683862694e+01
-8.066787560933163093e+01
-8.067476021848293044e+01
-8.068156699061037784e+01
-8.068829716304716726e+01
-8.069495194522002635e+01
-8.070153251964542562e+01
-8.070804004285805888e+01
-8.071447564627571580e+01
-8.072084043701185863e+01
-8.072713549863996718e+01
-8.073336189191400081e+01
-8.073952065545144308e+01
-8.074561280638334893e+01
-8.075163934096934781e+01
-8.075760123518824685e+01
-8.076349944530151959e+01
-8.076933490839125795e+01
-8.077510854287763209e+01
-8.078082124901740713e+01
-8.078647390937982209e+01
-8.079206738930787424e+01
-8.079760253736283460e+01
-8.080308018575010465e+01
-8.080850115073498330e+01
-8.081386623304054240e+01
-8.081386582212580549e+01
