-8.145716802964709302e+01
-8.145985611687042649e+01
-8.146285646668285096e+01
-8.146323497984133155e+01
-8.146374791209346711e+01
-8.146419424854035185e+01
-8.146520026425851313e+01
-8.146496312203319690e+01
-8.146608437883418219e+01
-8.146636736397746859e+01
-8.146578196257321736e+01
-8.146664191077907446e+01
-8.146680314182681570e+01
-8.146774232672430571e+01
-8.146714892234926708e+01
-8.146773538174220164e+01
-8.146681583482677524e+01
-8.146699290140330163e+01
-8.146805053983565870e+01
-8.146832958527069479e+01
-8.146753782106445385e+01
-8.146736460350332720e+01
-8.146831777704939270e+01
-8.146872523960604440e+01
-8.146863740024595302e+01
-8.146859953515202335e+01
-8.146868800250537390e+01
-8.146708667779020629e+01
-8.146699120676841233e+01
-8.146774261567016140e+01
-8.146797409905735776e+01
-8.146844561291740661e+01
-8.146763852739867673e+01
-8.146789973615611302e+01
-8.146794301290837836e+01
-8.146756279882781371e+01
-8.146806922497924575e+01
-8.146822027074965433e+01
-8.146889901282455071e+01
-8.146745801921305485e+01
-8.146671399381494894e+01
-8.146644954457495658e+01
-8.146786764988756602e+01
-8.146842037590003827e+01
-8.146746087896222832e+01
-8.146858547737011236e+01
-8.146709034480039691e+01
-8.146687971364930547e+01
-8.146118549308486934e+01
-8.146563316979319325e+01
-8.155185598621703491e+01
-7.897827010316109408e+01
3.086273188810328705e+01
2.777902925448172766e+01
2.349630396066569560e+01
2.178905915797602688e+01
2.100324276656385436e+01
2.067837447873932888e+01
2.065085532114633438e+01
2.081733179429627612e+01
2.109909550203412820e+01
2.144136079518913363e+01
2.180606441916053129e+01
2.216838745871900684e+01
2.250991831684736866e+01
2.281964476841981693e+01
2.308801296820711002e+01
2.330380688412219214e+01
2.345663911938168056e+01
2.353461596670884148e+01
2.351947741978283446e+01
2.339138416410617438e+01
2.314087300108637635e+01
2.278856592903870393e+01
2.238827323748023446e+01
2.199272489205234749e+01
2.162746910901294228e+01
2.129695530277092175e+01
2.099792943791079836e+01
2.072622126044436897e+01
2.047852254841950526e+01
2.025233876197824401e+01
2.004561217146771668e+01
1.985646023921551162e+01
1.968306735448139477e+01
1.952366558831241861e+01
1.937655546642033855e+01
1.924013820691523691e+01
1.911293812551105020e+01
1.899361337169702324e+01
1.888096219941539644e+01
1.877392756609605939e+01
1.867159328809252017e+01
1.857316670117262092e+01
1.847795919471359838e+01
1.838537228308253901e+01
1.829488682248225118e+01
1.820605305723583456e+01
1.811848121681055446e+01
1.803183293136634546e+01
1.794581364866813900e+01
1.786016608524824534e+01
1.777466464955577408e+01
1.768911073242862386e+01
1.760332874985301999e+01
1.751716282809288927e+01
1.743047403236293391e+01
1.734313805272942588e+01
1.725504327297603879e+01
1.716608915910800093e+01
1.707618491382950054e+01
1.698524835174542602e+01
1.689320495729733196e+01
1.679998709366552490e+01
1.670553333616287617e+01
1.660978790813055639e+01
1.651270020112114523e+01
1.641422436432468146e+01
1.631431895083922257e+01
1.621294661059214448e+01
1.611007382154863521e+01
1.600567065235709308e+01
1.589971055083343643e+01
1.579217015371480493e+01
1.568302911395943511e+01
1.557226994256457608e+01
1.545987786244034012e+01
1.534584067234189853e+01
1.523014861923858732e+01
1.511279427780609019e+01
1.499377243597585263e+01
1.487307998567626477e+01
1.475071581806296450e+01
1.462668072266458807e+01
1.450097728997742408e+01
1.437360981712225438e+01
1.424458421624744808e+01
1.411390792541295802e+01
1.398158982173393028e+01
1.384764013659575177e+01
1.371207037278049512e+01
1.357489322336557613e+01
1.343612249227398259e+01
1.329577301637001874e+01
1.315386058900636712e+01
1.301040188493915117e+01
1.286541438653696900e+01
1.271891631121725119e+01
1.257092654005273502e+01
1.242146454749565443e+01
1.227055033217649793e+01
1.211820434873988361e+01
1.196444744068597288e+01
1.180930077419509772e+01
1.165278577291697637e+01
1.149492405371491266e+01
1.133573736336044568e+01
1.117524751618175571e+01
1.101347633267454285e+01
1.085044557909111873e+01
1.068617690802950904e+01
1.052069180004978399e+01
1.035401150635038192e+01
1.018615699254221774e+01
1.001714888356192823e+01
9.847007409769062747e+00
9.675752354273621236e+00
9.503403001541553152e+00
9.329978087323951286e+00
9.155495749953544760e+00
8.979973483046771676e+00
8.803428089643082544e+00
8.625875637803520846e+00
8.447331417680128851e+00
8.267809900054047034e+00
8.087324696326163576e+00
7.905888519928260472e+00
7.723513149106286946e+00
7.540209391009821793e+00
7.355987047003461399e+00
7.170854879095987400e+00
6.984820577359349691e+00
6.797890728181438469e+00
6.610070783161980934e+00
6.421365028418077436e+00
6.231776554016799530e+00
6.041307223201101806e+00
5.849957641029383204e+00
5.657727122024147626e+00
5.464613656437536271e+00
5.270613874809574106e+00
5.075723010632684939e+00
4.879934861144325176e+00
4.683241746529792415e+00
4.485634468092941418e+00
4.287102266186465727e+00
4.087632778828360181e+00
3.887212001920308690e+00
3.685824251813458297e+00
3.483452130659281831e+00
3.280076494596139813e+00
3.075676424431224909e+00
2.870229198155081374e+00
2.663710264420399376e+00
2.456093216047837036e+00
2.247349762674402562e+00
2.037449701802490853e+00
1.826360887697671131e+00
1.614049197782148282e+00
1.400478496350912039e+00
1.185610595582435645e+00
9.694052139207033347e-01
7.518199319736535990e-01
5.328101461120827720e-01
3.123290199718761762e-01
9.032743406972404410e-02
-1.332460662544158458e-01
-3.584453243509026499e-01
-5.853266270039456654e-01
-8.139487601631740787e-01
-1.044373065397216305e+00
-1.276663496770130690e+00
-1.510886677799173183e+00
-1.747111958100667550e+00
-1.985411469269444451e+00
-2.225860179466399025e+00
-2.468535946107985879e+00
-2.713519565959947588e+00
-2.960894821835802659e+00
-3.210748524987052654e+00
-3.463170552146587866e+00
-3.718253876049160134e+00
-3.976094588101670269e+00
-4.236791911712209924e+00
-4.500448204609378777e+00
-4.767168948293977415e+00
-5.037062722563004691e+00
-5.310241162835470874e+00
-5.586818897792334759e+00
-5.866913464621909213e+00
-6.150645198948959447e+00
-6.438137096323187869e+00
-6.729514641966938271e+00
-7.024905605345499460e+00
-7.324439796047450102e+00
-7.628248777470045816e+00
-7.936465534927536147e+00
-8.249224095074463747e+00
-8.566659094007256670e+00
-8.888905292127489588e+00
-9.216097034881910233e+00
-9.548367659902780247e+00
-9.885848852933371234e+00
-1.022866995730898587e+01
-1.057695724474420196e+01
-1.093083315880755002e+01
-1.129041554677672110e+01
-1.165581690054969854e+01
-1.202714363287849331e+01
-1.240449542123853455e+01
-1.278796465793669235e+01
-1.317763605118180514e+01
-1.357358642738190291e+01
-1.397588478921504773e+01
-1.438459268633434540e+01
-1.479976495507506407e+01
-1.522145087935528984e+01
-1.564969581625827288e+01
-1.608454331582806773e+01
-1.652603774490593835e+01
-1.697422739924924429e+01
-1.742916805701070615e+01
-1.789092689078531606e+01
-1.835958661634517597e+01
-1.883524971602820131e+01
-1.931804253633817581e+01
-1.980811902608756725e+01
-2.030566385734922719e+01
-2.081089466095938079e+01
-2.132406311590080605e+01
-2.184545466199229935e+01
-2.237538666158697254e+01
-2.291420492055635094e+01
-2.346227859118740611e+01
-2.401999361535710165e+01
-2.458774501611729590e+01
-2.516592849480167970e+01
-2.575493191974231166e+01
-2.635512737945591510e+01
-2.696686449839701538e+01
-2.759046566277513080e+01
-2.822622367545873701e+01
-2.887440216362717393e+01
-2.953523882494753749e+01
-3.020895135117486774e+01
-3.089574564794606815e+01
-3.159582580619801817e+01
-3.230940519209527650e+01
-3.303671801162360566e+01
-3.377803076233658430e+01
-3.453365308796206534e+01
-3.530394767756244079e+01
-3.608933897668608637e+01
-3.689032058491382315e+01
-3.770746128990417390e+01
-3.854140972592009717e+01
-3.939289764259858373e+01
-4.026274173685219182e+01
-4.115184396103570919e+01
-4.206118991597397638e+01
-4.299184499293775019e+01
-4.394494768678486452e+01
-4.492169915569986216e+01
-4.592334782359566958e+01
-4.695116743183464791e+01
-4.800642648812345925e+01
-4.909034654174497803e+01
-5.020404616661804198e+01
-5.134846702739593383e+01
-5.252427807282253269e+01
-5.373175397220805394e+01
-5.497062473651440229e+01
-5.623989553651096429e+01
-5.753763964903468064e+01
-5.886077381658475360e+01
-6.020483438318650826e+01
-6.156378386972261296e+01
-6.292988925342440609e+01
-6.429372128832747535e+01
-6.564432324617393988e+01
-6.696958197245382394e+01
-6.825680189080752314e+01
-6.949343806413246227e+01
-7.066789993637146949e+01
-7.177030929031366213e+01
-7.279309698416737717e+01
-7.373135503130198742e+01
-7.458291283300499686e+01
-7.534816083666942177e+01
-7.602968507176531432e+01
-7.663179365930460563e+01
-7.716001276952358978e+01
-7.762061205961381916e+01
-7.802019717608804683e+01
-7.836538618939377443e+01
-7.866257130379896978e+01
-7.891775754845014035e+01
-7.913646549057619950e+01
-7.932368383828405456e+01
-7.948385871162871297e+01
-7.962090828772055318e+01
-7.973825376843622337e+01
-7.983885977630507114e+01
-7.992527916080740624e+01
-7.999969872742175880e+01
-8.006398359071508253e+01
-8.011971874075099720e+01
-8.016824705175896781e+01
-8.021070340628502038e+01
-8.024804490413383462e+01
-8.028107731259795798e+01
-8.031047802389832668e+01
-8.033681584132234832e+01
-8.036056793497905915e+01
-8.038213430431953554e+01
-8.040185006669693735e+01
-8.041999586559862223e+01
-8.043680666301112581e+01
-8.045247915043186993e+01
-8.046717798403604149e+01
-8.048104102243983959e+01
-8.049418372086441309e+01
-8.050670281350427615e+01
-8.051867939651464212e+01
-8.053018150712298961e+01
-8.054126627975556119e+01
-8.055198174750593409e+01
-8.056236834653732615e+01
-8.057246017187388532e+01
-8.058228602528721751e+01
-8.059187028943200914e+01
-8.060123365684805208e+01
-8.061039373780198503e+01
-8.061936556701085976e+01
-8.062816202601557336e+01
-8.063679419521179170e+01
-8.064527164723196506e+01
-8.065360269144777305e+01
-8.066179457773611716e+01
-8.066985366631043064e+01
-8.067778556927910927e+01
-8.068559526865860221e+01
-8.069328721477836552e+01
-8.070086540835593780e+01
-8.070833346897747163e+01
-8.071569469225894977e+01
-8.072295209758379997e+01
-8.073010846799314777e+01
-8.073716638354555641e+01
-8.074412824923722098e+01
-8.075099631839368897e+01
-8.075777271229119947e+01
-8.076445943663584615e+01
-8.077105839542690546e+01
-8.077757140263911140e+01
-8.078400019208797289e+01
-8.079034642577917680e+01
-8.079661170099458900e+01
-8.080279755631990213e+01
-8.080890547679508984e+01
-8.081493689832400662e+01
-8.082089321146966654e+01
-8.082677576473210479e+01
-8.083258586739329132e+01
-8.083832479199912768e+01
-8.084399377653403462e+01
-8.084959402633914749e+01
-8.085512671581260236e+01
-8.086059298992522315e+01
-8.086599396557983255e+01
-8.087133073283816032e+01
-8.087660435603376641e+01
-8.088181587478801760e+01
-8.088696630494210638e+01
-8.089205663941631030e+01
-8.089708784900720673e+01
-8.090206088313081523e+01
-8.090697667051591679e+01
-8.091183611985728419e+01
-8.091664012042966192e+01
-8.092138954266961548e+01
-8.092608523872748094e+01
-8.093072804299221445e+01
-8.093531877259113116e+01
-8.093985822786920892e+01
-8.094434719284660673e+01
-8.094878643565773757e+01
-8.095317670897370022e+01
-8.095751875040842549e+01
-8.096181328290937529e+01
-8.096606101513421549e+01
-8.097026264181569388e+01
-8.097441884411232138e+01
-8.097853028994781255e+01
-8.098259763434055003e+01
-8.098662151972044398e+01
-8.099060257623798975e+01
-8.099454142206153051e+01
-8.099843866366720135e+01
-8.100229489611821521e+01
-8.100611070333825126e+01
-8.100988665837344627e+01
-8.101362332364949737e+01
-8.101732125121993988e+01
-8.102098098300794504e+01
-8.102460305103940641e+01
-8.102818797767220360e+01
-8.103173627581618632e+01
-8.103524844914952041e+01
-8.103872499232589632e+01
-8.104216639118023124e+01
-8.104557312292419624e+01
-8.104894565633918546e+01
-8.105228445196405573e+01
-8.105558996227594548e+01
-8.105886263186758356e+01
-8.106210289762070431e+01
-8.106531118887210141e+01
-8.106848792757772060e+01
-8.107163352847224758e+01
-8.107474839922251419e+01
-8.107783294057959722e+01
-8.108088754652507646e+01
-8.108391260441389647e+01
-8.108690849511401666e+01
-8.108987559314260807e+01
-8.109281426679746119e+01
-8.109572487828786791e+01
-8.109860778385767333e+01
-8.110146333390993334e+01
-8.110429187312674060e+01
-8.110709374058353660e+01
-8.110986926986528545e+01
-8.111261878917623847e+01
-8.111534262144816410e+01
-8.111804108444597716e+01
-8.112071449087086705e+01
-8.112336314846066898e+01
-8.112598736008790468e+01
-8.112858742385554933e+01
-8.113116363319090851e+01
-8.113371627693619814e+01
-8.113624563943780288e+01
-8.113875200063377235e+01
-8.114123563613799206e+01
-8.114369681732385686e+01
-8.114613581140484655e+01
-8.114855288151416346e+01
-8.115094828678113004e+01
-8.115332228240771428e+01
-8.115332205925042786e+01
