-8.145719584536099944e+01
-8.145990305811471899e+01
-8.146257465547628840e+01
-8.146356311070334755e+01
-8.146457487187220181e+01
-8.146478684747779653e+01
-8.146570938752536506e+01
-8.146595278910157845e+01
-8.146579777955236068e+01
-8.146683933495923213e+01
-8.146716941922211674e+01
-8.146660710630176538e+01
-8.146710899967969510e+01
-8.146772340729209816e+01
-8.146828390209576298e+01
-8.146871799314858720e+01
-8.146831798803030722e+01
-8.146853500223096489e+01
-8.146770671761002802e+01
-8.146783948092102889e+01
-8.146888673608411580e+01
-8.146933167709883605e+01
-8.146833020340788778e+01
-8.146841804387129571e+01
-8.146907646019634797e+01
-8.146921287346660279e+01
-8.146984139248270651e+01
-8.146944034362137188e+01
-8.146954791408528251e+01
-8.146980722608424230e+01
-8.146833436408967088e+01
-8.146800631062576770e+01
-8.146806636259493928e+01
-8.146909713101607053e+01
-8.146918219269130645e+01
-8.146938080606417998e+01
-8.146868761046462737e+01
-8.146892430433928212e+01
-8.146922397824229733e+01
-8.146884034164159516e+01
-8.146860435980514126e+01
-8.146951183861709467e+01
-8.146975977047532069e+01
-8.146989636430302539e+01
-8.146845017544038114e+01
-8.146792848309789292e+01
-8.146771409753584692e+01
-8.146906905766464035e+01
-8.146986936452205441e+01
-8.146903853063376744e+01
-8.146949848423973606e+01
-8.146910443252502887e+01
-8.146896490349251962e+01
-8.146801436005415553e+01
-8.146522281806261390e+01
-8.145063004787884609e+01
-8.138344729974345171e+01
-8.265259529694495200e+01
-3.775788926349751762e+01
1.372905265384821583e+01
1.831348467399469726e+01
1.957290670523097020e+01
1.966062355140421758e+01
1.984718308404005072e+01
2.013678865853819389e+01
2.046377398328423780e+01
2.081604892975969179e+01
2.118327808304328741e+01
2.155247999281364457e+01
2.191095196545323276e+01
2.224730551211657215e+01
2.255110769855723873e+01
2.281228736618026076e+01
2.302155827640984143e+01
2.316713222952346740e+01
2.323228032884495420e+01
2.319779859371314856e+01
2.304548786011703498e+01
2.277221095570233445e+01
2.240749336291800731e+01
2.201011582167965486e+01
2.162713137561910060e+01
2.127723517060601921e+01
2.096170599810701063e+01
2.067663897793766026e+01
2.041805708932239227e+01
2.018291843187390100e+01
1.996887056001883920e+01
1.977388370070475432e+01
1.959604095456032624e+01
1.943347486154188886e+01
1.928437887782679994e+01
1.914703512647600903e+01
1.901984177960252254e+01
1.890133698538383911e+01
1.879020791770551568e+01
1.868528617675738701e+01
1.858553973885433308e+01
1.849006595664580743e+01
1.839808704536159567e+01
1.830894173730293062e+01
1.822206599228365675e+01
1.813697271107356812e+01
1.805323884626552555e+01
1.797049704094622768e+01
1.788842845750937727e+01
1.780675605580071164e+01
1.772523846972915251e+01
1.764366464169302873e+01
1.756184924551135751e+01
1.747962884107045411e+01
1.739685866761145405e+01
1.731340997746161392e+01
1.722916782068725183e+01
1.714402920381563433e+01
1.705790155820802667e+01
1.697070146451102701e+01
1.688235358870405989e+01
1.679278979280674733e+01
1.670194838957811712e+01
1.660977351576154604e+01
1.651621460279255516e+01
1.642122592753047883e+01
1.632476622862033722e+01
1.622679837663130442e+01
1.612728908822820273e+01
1.602620867638858115e+01
1.592353083012775805e+01
1.581923241839419170e+01
1.571329331378389682e+01
1.560569623253570981e+01
1.549642658793143823e+01
1.538547235477185815e+01
1.527282394304051749e+01
1.515847407922944257e+01
1.504241769409315488e+01
1.492465181583495770e+01
1.480517546791994654e+01
1.468398957086402845e+01
1.456109684747125499e+01
1.443650173109132950e+01
1.431021027654760580e+01
1.418223007344932896e+01
1.405257016165156081e+01
1.392124094866671058e+01
1.378825412886248714e+01
1.365362260430695684e+01
1.351736040714190068e+01
1.337948262338140459e+01
1.324000531804710157e+01
1.309894546156203354e+01
1.295632085733588035e+01
1.281215007048210452e+01
1.266645235761546040e+01
1.251924759768651008e+01
1.237055622381567943e+01
1.222039915609664362e+01
1.206879773534567235e+01
1.191577365777947684e+01
1.176134891061118104e+01
1.160554570856016454e+01
1.144838643127732958e+01
1.128989356169423885e+01
1.113008962530941659e+01
1.096899713043056046e+01
1.080663850939669501e+01
1.064303606080748921e+01
1.047821189279123288e+01
1.031218786734477533e+01
1.014498554578041301e+01
9.976626135314736743e+00
9.807130436834206932e+00
9.636518793869360167e+00
9.464811042806744013e+00
9.292026464363031479e+00
9.118183736339981138e+00
8.943300887672153365e+00
8.767395253772148678e+00
8.590483433168595084e+00
8.412581245423591980e+00
8.233703690304672307e+00
8.053864908174839243e+00
7.873078141549610720e+00
7.691355697753367693e+00
7.508708912587064077e+00
7.325148114895754681e+00
7.140682591896887033e+00
6.955320555100382940e+00
6.769069106621901533e+00
6.581934205664803805e+00
6.393920634930877256e+00
6.205031966722037495e+00
6.015270528522267846e+00
5.824637367906556840e+00
5.633132216714509255e+00
5.440753454544484669e+00
5.247498071758539773e+00
5.053361632319301577e+00
4.858338236883385619e+00
4.662420486628217731e+00
4.465599448274745420e+00
4.267864620680810184e+00
4.069203903230752317e+00
3.869603566055565658e+00
3.669048221918654651e+00
3.467520799421465405e+00
3.265002517050147102e+00
3.061472857509236256e+00
2.856909541774814709e+00
2.651288502338638331e+00
2.444583855191319710e+00
2.236767870189361407e+00
2.027810939552729064e+00
1.817681544334175392e+00
1.606346218781680824e+00
1.393769512580071979e+00
1.179913950999677663e+00
9.647399930184579198e-01
7.482059875000517390e-01
5.302681275265759275e-01
3.108804029965346882e-01
8.999455160921447650e-02
-1.324399916342575700e-01
-3.564761462567442862e-01
-5.821692392948014660e-01
-8.095770592493671813e-01
-1.038759910768312089e+00
-1.269780669790870897e+00
-1.502704838837219281e+00
-1.737600602072502554e+00
-1.974538879712538719e+00
-2.213593381268196936e+00
-2.454840657045957109e+00
-2.698360147233233697e+00
-2.944234227797724923e+00
-3.192548252320015489e+00
-3.443390588756413795e+00
-3.696852649995799656e+00
-3.953028916926982106e+00
-4.212016952574682449e+00
-4.473917405690500892e+00
-4.738834002001785173e+00
-5.006873521127760185e+00
-5.278145756969418123e+00
-5.552763459172260774e+00
-5.830842253048778900e+00
-6.112500535145327873e+00
-6.397859341439342096e+00
-6.687042184983413406e+00
-6.980174859674936449e+00
-7.277385206747157831e+00
-7.578802840570776134e+00
-7.884558830454405864e+00
-8.194785335370905699e+00
-8.509615188958971288e+00
-8.829181432805516039e+00
-9.153616796959710200e+00
-9.483053127933041893e+00
-9.817620766165443769e+00
-1.015744787716116981e+01
-1.050265974328148211e+01
-1.085337802659391571e+01
-1.120972001722346789e+01
-1.157179788637227702e+01
-1.193971796847764644e+01
-1.231358010276599479e+01
-1.269347707050963514e+01
-1.307949417029230688e+01
-1.347170897909263587e+01
-1.387019135144269377e+01
-1.427500371161901427e+01
-1.468620169400481501e+01
-1.510383518358285215e+01
-1.552794980116329704e+01
-1.595858886568325730e+01
-1.639579584821304081e+01
-1.683961730892504605e+01
-1.729010627940931499e+01
-1.774732601903592411e+01
-1.821135403683548049e+01
-1.868228623149614620e+01
-1.916024096412402500e+01
-1.964536284457948057e+01
-2.013782598624200659e+01
-2.063783647013516287e+01
-2.114563376178196563e+01
-2.166149084711668849e+01
-2.218571290077821700e+01
-2.271863437342829783e+01
-2.326061448461729242e+01
-2.381203123134566368e+01
-2.437327416286266057e+01
-2.494473631756179799e+01
-2.552680585104412359e+01
-2.611985798487236465e+01
-2.672424795403618347e+01
-2.734030560883809002e+01
-2.796833222996356128e+01
-2.860859994738563117e+01
-2.926135393468386070e+01
-2.992681730982601351e+01
-3.060519844615863150e+01
-3.129670021524485080e+01
-3.200153056868242629e+01
-3.271991382759424027e+01
-3.345210208025186205e+01
-3.419838617335424402e+01
-3.495910589823411385e+01
-3.573465909681144126e+01
-3.652550952417259111e+01
-3.733219339133973591e+01
-3.815532456481972901e+01
-3.899559841492863654e+01
-3.985379428246437072e+01
-4.073077649591859029e+01
-4.162749371413323729e+01
-4.254497620422935711e+01
-4.348433062553122141e+01
-4.444673152576903874e+01
-4.543340849292862771e+01
-4.644562755675919874e+01
-4.748466500688551406e+01
-4.855177130154572751e+01
-4.964812220241652341e+01
-5.077475373907155642e+01
-5.193247718501328336e+01
-5.312177009748568679e+01
-5.434263992564184065e+01
-5.559445815017481607e+01
-5.687576593622199539e+01
-5.818405746795490785e+01
-5.951555494039601513e+01
-6.086499951078697279e+01
-6.222549412393118473e+01
-6.358844407130815313e+01
-6.494364461926437571e+01
-6.627955639190066961e+01
-6.758378449864981974e+01
-6.884373801501915580e+01
-7.004740130164165635e+01
-7.118411268929253310e+01
-7.224523396398376462e+01
-7.322461262132364368e+01
-7.411878261080845220e+01
-7.492690306877344142e+01
-7.565048094993463224e+01
-7.629295069940435781e+01
-7.685918948967240283e+01
-7.735503502401928699e+01
-7.778685275100869490e+01
-7.816117811544548033e+01
-7.848444196258020611e+01
-7.876277522611007953e+01
-7.900188231606618672e+01
-7.920696995199753587e+01
-7.938271814926386583e+01
-7.953328147749066090e+01
-7.966231073487712422e+01
-7.977298730440409713e+01
-7.986806440078932212e+01
-7.994991105939520537e+01
-8.002055603208452794e+01
-8.008172976150120803e+01
-8.013490334801782922e+01
-8.018132395253510936e+01
-8.022204644117243788e+01
-8.025796131610569262e+01
-8.028981912428625378e+01
-8.031825161907021027e+01
-8.034378998901411251e+01
-8.036688047809096247e+01
-8.038789771303284226e+01
-8.040715603394356492e+01
-8.042491909889152168e+01
-8.044140800536901281e+01
-8.045680814348685317e+01
-8.047127496894556486e+01
-8.048493885895639721e+01
-8.049790919174587600e+01
-8.051027777019956488e+01
-8.052212169252887008e+01
-8.053350575745159290e+01
-8.054448447805435762e+01
-8.055510376707140097e+01
-8.056540234651610888e+01
-8.057541292627313112e+01
-8.058516318917196486e+01
-8.059467661407504124e+01
-8.060397316344371177e+01
-8.061306985757515520e+01
-8.062198125411256910e+01
-8.063071984839730533e+01
-8.063929640770308538e+01
-8.064772025025176561e+01
-8.065599947812972914e+01
-8.066414117172453757e+01
-8.067215155205012422e+01
-8.068003611627169391e+01
-8.068779975088219203e+01
-8.069544682622608889e+01
-8.070298127547133049e+01
-8.071040666060848423e+01
-8.071772622763072036e+01
-8.072494295269265763e+01
-8.073205958074549926e+01
-8.073907865789647076e+01
-8.074600255853819419e+01
-8.075283350811118055e+01
-8.075957360222845693e+01
-8.076622482276107462e+01
-8.077278905139209542e+01
-8.077926808105296175e+01
-8.078566362559624281e+01
-8.079197732799238452e+01
-8.079821076729419360e+01
-8.080436546457185898e+01
-8.081044288798548791e+01
-8.081644445713601499e+01
-8.082237154681133973e+01
-8.082822549022685621e+01
-8.083400758183788071e+01
-8.083971907979487526e+01
-8.084536120809815429e+01
-8.085093515849612800e+01
-8.085644209216999911e+01
-8.086188314123566556e+01
-8.086725941009075314e+01
-8.087257197662913200e+01
-8.087782189334478744e+01
-8.088301018833629996e+01
-8.088813786623040869e+01
-8.089320590903300001e+01
-8.089821527691675840e+01
-8.090316690895616603e+01
-8.090806172381323336e+01
-8.091290062038260089e+01
-8.091768447839861267e+01
-8.092241415900883794e+01
-8.092709050531956905e+01
-8.093171434291308231e+01
-8.093628648034125206e+01
-8.094080770959723736e+01
-8.094527880656731611e+01
-8.094970053146369082e+01
-8.095407362924001404e+01
-8.095839882999199233e+01
-8.096267684934218778e+01
-8.096690838881147556e+01
-8.097109413617792484e+01
-8.097523476582198043e+01
-8.097933093906151214e+01
-8.098338330447522537e+01
-8.098739249821626629e+01
-8.099135914431450090e+01
-8.099528385497094973e+01
-8.099916723084237447e+01
-8.100300986131685477e+01
-8.100681232478191873e+01
-8.101057518888455888e+01
-8.101429901078242324e+01
-8.101798433738956362e+01
-8.102163170561360062e+01
-8.102524164258707629e+01
-8.102881466589052195e+01
-8.103235128377220065e+01
-8.103585199535876882e+01
-8.103931729086095004e+01
-8.104274765177522966e+01
-8.104614355107754875e+01
-8.104950545341237955e+01
-8.105283381527840447e+01
-8.105612908520637916e+01
-8.105939170393457971e+01
-8.106262210457838080e+01
-8.106582071279505897e+01
-8.106898794694545529e+01
-8.107212421825072113e+01
-8.107522993094431740e+01
-8.107830548242134228e+01
-8.108135126338244447e+01
-8.108436765797640078e+01
-8.108735504393574445e+01
-8.109031379271272044e+01
-8.109324426960752419e+01
-8.109614683389806089e+01
-8.109902183896194572e+01
-8.110186963239870295e+01
-8.110469055614733236e+01
-8.110748494660143137e+01
-8.111025313472080711e+01
-8.111299544614220736e+01
-8.111571220128442405e+01
-8.111840371545427786e+01
-8.112107029894639254e+01
-8.112371225714424838e+01
-8.112632989061567912e+01
-8.112892349520707569e+01
-8.113149336213754736e+01
-8.113403977808722800e+01
-8.113656302528598019e+01
-8.113656277667311656e+01
