-8.145713583005503722e+01
-8.145979503122505605e+01
-8.146253323276457081e+01
-8.146331058740338449e+01
-8.146418358335840537e+01
-8.146445634768312516e+01
-8.146539052424195404e+01
-8.146544407350047834e+01
-8.146595661188062820e+01
-8.146651372044446759e+01
-8.146657902499991621e+01
-8.146623146015603822e+01
-8.146715504390390095e+01
-8.146725226492345939e+01
-8.146817946161452539e+01
-8.146760620940413844e+01
-8.146805612539546360e+01
-8.146745545205352812e+01
-8.146708087059916181e+01
-8.146820675032034842e+01
-8.146884136070157467e+01
-8.146797372348076749e+01
-8.146793888322547161e+01
-8.146821922569557728e+01
-8.146867959399168058e+01
-8.146918619998352540e+01
-8.146907157542433708e+01
-8.146895536679480188e+01
-8.146926847220495915e+01
-8.146778302243099290e+01
-8.146744483182268937e+01
-8.146751272570345748e+01
-8.146857310653531670e+01
-8.146869892238130717e+01
-8.146870114322825884e+01
-8.146815592631256209e+01
-8.146881606104341245e+01
-8.146845263928253189e+01
-8.146815047788703623e+01
-8.146866587590616859e+01
-8.146882199087198728e+01
-8.146940320507228250e+01
-8.146856972985270318e+01
-8.146739276521908835e+01
-8.146720896747893903e+01
-8.146792228784286749e+01
-8.146897680384162754e+01
-8.146900377710585417e+01
-8.146847645437081553e+01
-8.146896006108526933e+01
-8.146787604342549116e+01
-8.146755093215425347e+01
-8.146280792155471318e+01
-8.145794588250754487e+01
-8.127495695695947120e+01
-8.339023344783728930e+01
-4.084556035783705852e+01
1.588757508617838532e+01
1.970518824988282702e+01
2.043689242344320434e+01
2.022935373065472220e+01
2.018122916728503569e+01
2.032020760406729210e+01
2.056681619603169864e+01
2.087887084921391434e+01
2.122773658523314566e+01
2.159099096889997682e+01
2.195004788199757684e+01
2.229063206585680845e+01
2.260075461329546798e+01
2.286993097064538105e+01
2.308965658350124883e+01
2.324783227091781512e+01
2.332871323679270503e+01
2.331544355284009384e+01
2.318943553833253901e+01
2.294021377140120066e+01
2.258954359963543368e+01
2.219292748881320065e+01
2.180289882745430674e+01
2.144395204564537494e+01
2.111986011699164223e+01
2.082718801357730243e+01
2.056178892243134015e+01
2.032040471490442712e+01
2.010056139748274617e+01
1.990018814320456642e+01
1.971736655853364795e+01
1.955023739387419823e+01
1.939699603726273125e+01
1.925591554334370414e+01
1.912537639969917791e+01
1.900389264446719295e+01
1.889012217326268939e+01
1.878286509058720455e+01
1.868105915771201708e+01
1.858377634181314519e+01
1.849021907732379333e+01
1.839970663235194692e+01
1.831165335562380037e+01
1.822555147596044378e+01
1.814096026917346904e+01
1.805749759361100359e+01
1.797483206506569786e+01
1.789267581141749730e+01
1.781077801101703528e+01
1.772891930472776778e+01
1.764690705568947138e+01
1.756457137046815475e+01
1.748176177659636110e+01
1.739834445451145228e+01
1.731419993325559403e+01
1.722922117237726169e+01
1.714331196467636431e+01
1.705638560503361845e+01
1.696836377955478881e+01
1.687917563683231847e+01
1.678875700949794236e+01
1.669704975960160809e+01
1.660400122585689431e+01
1.650956375457537462e+01
1.641369429927744150e+01
1.631635407661075732e+01
1.621750826840790793e+01
1.611712576154178223e+01
1.601517891875129251e+01
1.591164337485857594e+01
1.580649785382795081e+01
1.569972400296435744e+01
1.559130624124069797e+01
1.548123161931299308e+01
1.536948968924289183e+01
1.525607238232566409e+01
1.514097389372752112e+01
1.502419057288306092e+01
1.490572081880589472e+01
1.478556497962445526e+01
1.466372525578685249e+01
1.454020560648123350e+01
1.441501165890179692e+01
1.428815062005681291e+01
1.415963119086739042e+01
1.402946348234860530e+01
1.389765893369701644e+01
1.376423023213651931e+01
1.362919123439457003e+01
1.349255688969950917e+01
1.335434316420302103e+01
1.321456696674436948e+01
1.307324607588249599e+01
1.293039906813155504e+01
1.278604524734355330e+01
1.264020457518823548e+01
1.249289760268865912e+01
1.234414540277676231e+01
1.219396950383995559e+01
1.204239182423659393e+01
1.188943460776454231e+01
1.173512036007320702e+01
1.157947178601617999e+01
1.142251172794751568e+01
1.126426310497095784e+01
1.110474885315737126e+01
1.094399186675081559e+01
1.078201494038918185e+01
1.061884071236980986e+01
1.045449160899458541e+01
1.028898979003209568e+01
1.012235709533694816e+01
9.954614992667689677e+00
9.785784526745079148e+00
9.615886269591223723e+00
9.444940272188084407e+00
9.272966017489604695e+00
9.099982374817543018e+00
8.926007555663279192e+00
8.751059070911294313e+00
8.575153689490132791e+00
8.398307398446808847e+00
8.220535364429672143e+00
8.041851896552172363e+00
7.862270410596202908e+00
7.681803394499486792e+00
7.500462375052961761e+00
7.318257885714685607e+00
7.135199435422689085e+00
6.951295478260888672e+00
6.766553383800190780e+00
6.580979407902970202e+00
6.394578663745105196e+00
6.207355092783169326e+00
6.019311435381921704e+00
5.830449200828094369e+00
5.640768636501158895e+00
5.450268696054379802e+00
5.258947006582965322e+00
5.066799834908590761e+00
4.873822053275731925e+00
4.680007104903809001e+00
4.485346969943146966e+00
4.289832132411397936e+00
4.093451548628548764e+00
3.896192617523218438e+00
3.698041152973291723e+00
3.498981358104300110e+00
3.298995801239974934e+00
3.098065393016125491e+00
2.896169364055297013e+00
2.693285242561975767e+00
2.489388831229533583e+00
2.284454182933256305e+00
2.078453574796411019e+00
1.871357480338383672e+00
1.663134539528504430e+00
1.453751526666829719e+00
1.243173316088963087e+00
1.031362845746297108e+00
8.182810787489290805e-01
6.038869629804357597e-01
3.881373889066273009e-01
1.709871457085931357e-01
-4.761112412243929948e-02
-2.677069715820145079e-01
-4.893521891822352199e-01
-7.126008600380668856e-01
-9.375094078107050199e-01
-1.164136647279137016e+00
-1.392543835275193542e+00
-1.622794721674605256e+00
-1.854955600086797496e+00
-2.089095357828996580e+00
-2.325285524705330786e+00
-2.563600320038450953e+00
-2.804116697319568363e+00
-3.046914385751759546e+00
-3.292075927860695472e+00
-3.539686712235991184e+00
-3.789835000344368598e+00
-4.042611946222951502e+00
-4.298111607716501581e+00
-4.556430947766991757e+00
-4.817669824097515097e+00
-5.081930965456663785e+00
-5.349319932406730871e+00
-5.619945060447864904e+00
-5.893917383075407024e+00
-6.171350532220174934e+00
-6.452360613276686863e+00
-6.737066051837838465e+00
-7.025587409107413528e+00
-7.318047162897166835e+00
-7.614569451116633303e+00
-7.915279774759272691e+00
-8.220304657608828336e+00
-8.529771260272710265e+00
-8.843806946736064489e+00
-9.162538802474594846e+00
-9.486093104317205871e+00
-9.814594743775632679e+00
-1.014816660751596977e+01
-1.048692892109468922e+01
-1.083099856507184988e+01
-1.118048837617186742e+01
-1.153550645029319455e+01
-1.189615546884216180e+01
-1.226253207495387265e+01
-1.263472633153871705e+01
-1.301282129845785285e+01
-1.339689277114263355e+01
-1.378700922716033261e+01
-1.418323203001890498e+01
-1.458561594024599195e+01
-1.499420998175211039e+01
-1.540905870598643901e+01
-1.583020388676777479e+01
-1.625768666440762900e+01
-1.669155013856824255e+01
-1.713184238525409242e+01
-1.757861984487582419e+01
-1.803195099635619059e+01
-1.849192019819847488e+01
-1.895863154325721212e+01
-1.943221254210714832e+01
-1.991281742335760896e+01
-2.040062982137794378e+01
-2.089586461638433690e+01
-2.139876870246834883e+01
-2.190962048949226215e+01
-2.242872799762751868e+01
-2.295642547999714722e+01
-2.349306860837027244e+01
-2.403902837490685940e+01
-2.459468399139905515e+01
-2.516041519415382410e+01
-2.573659447167319669e+01
-2.632357980637277706e+01
-2.692170854398768398e+01
-2.753129296337182197e+01
-2.815261801241678086e+01
-2.878594151082996433e+01
-2.943149691722299011e+01
-3.008949854386544231e+01
-3.076014890749618402e+01
-3.144364775472850226e+01
-3.214020221255684362e+01
-3.285003749308113896e+01
-3.357340761994199596e+01
-3.431060572642401496e+01
-3.506197358163535682e+01
-3.582791011155727290e+01
-3.660887877956501768e+01
-3.740541376472157253e+01
-3.821812491921396315e+01
-3.904770149587744754e+01
-3.989491461311267528e+01
-4.076061839463545056e+01
-4.164574955935442091e+01
-4.255132509087145110e+01
-4.347843759952233000e+01
-4.442824762549113871e+01
-4.540197189494084995e+01
-4.640086621395188615e+01
-4.742620128445278738e+01
-4.847922926067728611e+01
-4.956113834912999749e+01
-5.067299223271851361e+01
-5.181565065943102866e+01
-5.298966733656984474e+01
-5.419516157095056030e+01
-5.543166127657528364e+01
-5.669791754593325095e+01
-5.799169553574053992e+01
-5.930955344590122991e+01
-6.064663093267256500e+01
-6.199647949733557084e+01
-6.335097778945321778e+01
-6.470038009261651268e+01
-6.603354107550467234e+01
-6.733833969504088657e+01
-6.860228971131125775e+01
-6.981328043793621418e+01
-7.096035253120159325e+01
-7.203439486726468033e+01
-7.302865903104823531e+01
-7.393902549899304688e+01
-7.476400736407812531e+01
-7.550452622134834257e+01
-7.616352709265993326e+01
-7.674551000287559077e+01
-7.725604821670555111e+01
-7.770134484948263776e+01
-7.808785844928654285e+01
-7.842200970083494838e+01
-7.870996812210464100e+01
-7.895750971083383263e+01
-7.916993291978020864e+01
-7.935201971284605804e+01
-7.950802953845827403e+01
-7.964171593818630868e+01
-7.975635760183220668e+01
-7.985479765597703761e+01
-7.993948667617605963e+01
-8.001252629515195736e+01
-8.007571135082116598e+01
-8.013056931732438670e+01
-8.017839633779961162e+01
-8.022028957733326138e+01
-8.025717588094721577e+01
-8.028983688990261669e+01
-8.031893086804745963e+01
-8.034501153980025379e+01
-8.036854425861396578e+01
-8.038991982099075528e+01
-8.040946622452364068e+01
-8.042745864475450901e+01
-8.044412787868496650e+01
-8.045966747507684147e+01
-8.047423974480771847e+01
-8.048798081940894633e+01
-8.050100490299691103e+01
-8.051340784228086989e+01
-8.052527012121615257e+01
-8.053665937102097416e+01
-8.054763247256030922e+01
-8.055823731626287554e+01
-8.056851427462684967e+01
-8.057849743371600937e+01
-8.058821562271896255e+01
-8.059769327441112807e+01
-8.060695114410074780e+01
-8.061600691020120735e+01
-8.062487567582422798e+01
-8.063357038764873153e+01
-8.064210218566637423e+01
-8.065048069519238538e+01
-8.065871427065903276e+01
-8.066681019915651518e+01
-8.067477487037371020e+01
-8.068261391849463848e+01
-8.069033234069689797e+01
-8.069793459612677111e+01
-8.070542468858640461e+01
-8.071280623563689005e+01
-8.072008252636950942e+01
-8.072725656972464492e+01
-8.073433113492835389e+01
-8.074130878535630984e+01
-8.074819190691134452e+01
-8.075498273182977016e+01
-8.076168335867127723e+01
-8.076829576912655284e+01
-8.077482184216705718e+01
-8.078126336598100465e+01
-8.078762204805553893e+01
-8.079389952371552397e+01
-8.080009736336971571e+01
-8.080621707867825876e+01
-8.081226012781679913e+01
-8.081822791998574473e+01
-8.082412181928573602e+01
-8.082994314806211378e+01
-8.083569318980555352e+01
-8.084137319167680857e+01
-8.084698436671649802e+01
-8.085252789578999000e+01
-8.085800492930739836e+01
-8.086341658875377902e+01
-8.086876396805830325e+01
-8.087404813482621080e+01
-8.087927013145360888e+01
-8.088443097614286614e+01
-8.088953166383079463e+01
-8.089457316704456957e+01
-8.089955643669065921e+01
-8.090448240279047809e+01
-8.090935197516562027e+01
-8.091416604408044577e+01
-8.091892548084663872e+01
-8.092363113839466848e+01
-8.092828385181380213e+01
-8.093288443886734740e+01
-8.093743370047987185e+01
-8.094193242120702791e+01
-8.094638136968006847e+01
-8.095078129903565411e+01
-8.095513294732670317e+01
-8.095943703791758139e+01
-8.096369427986533651e+01
-8.096790536828562779e+01
-8.097207098470707365e+01
-8.097619179741343487e+01
-8.098026846177246796e+01
-8.098430162055660730e+01
-8.098829190425158231e+01
-8.099223993135517219e+01
-8.099614630866740583e+01
-8.100001163157156725e+01
-8.100383648430633343e+01
-8.100762144023011047e+01
-8.101136706207695681e+01
-8.101507390220601224e+01
-8.101874250284225809e+01
-8.102237339631189172e+01
-8.102596710526994173e+01
-8.102952414292074934e+01
-8.103304501323430031e+01
-8.103653021115459865e+01
-8.103998022280309499e+01
-8.104339552567712701e+01
-8.104677658884079960e+01
-8.105012387311276711e+01
-8.105343783124871493e+01
-8.105671890811761671e+01
-8.105996754087396994e+01
-8.106318415912586772e+01
-8.106636918509852308e+01
-8.106952303379291891e+01
-8.107264611314035108e+01
-8.107573882415374555e+01
-8.107880156107420078e+01
-8.108183471151400568e+01
-8.108483865659616185e+01
-8.108781377109063726e+01
-8.109076042354553238e+01
-8.109367897641742218e+01
-8.109656978619652534e+01
-8.109943320352930130e+01
-8.110226957333775033e+01
-8.110507923493706528e+01
-8.110786252214820991e+01
-8.111061976340918989e+01
-8.111335128188345323e+01
-8.111605739556559058e+01
-8.111873841738358237e+01
-8.112139465530025007e+01
-8.112402641241087053e+01
-8.112663398703848827e+01
-8.112921767282850283e+01
-8.113177775883875142e+01
-8.113431452962980472e+01
-8.113431428531224299e+01
