-8.124786268438980130e+01
-8.105184815912637930e+01
-8.086554218546537243e+01
-8.068635724809374210e+01
-8.051514651597013028e+01
-8.035208480121521291e+01
-8.019711719001902850e+01
-8.004806211592551790e+01
-7.990698467812673300e+01
-7.977169662231879954e+01
-7.964130160318531182e+01
-7.951771512092862793e+01
-7.939980124182731913e+01
-7.928709241207695868e+01
-7.917864988388967618e+01
-7.907486610971849927e+01
-7.897517089001985369e+01
-7.887923203381406267e+01
-7.878891678560241019e+01
-7.870207730792314749e+01
-7.861745058020456156e+01
-7.853689709401170660e+01
-7.846012705844651691e+01
-7.838646026545444556e+01
-7.831613537365728916e+01
-7.824750089623219651e+01
-7.818240152195602377e+01
-7.811939023718878161e+01
-7.805766793227384426e+01
-7.799952694102286443e+01
-7.794445568817131687e+01
-7.789126933808894648e+01
-7.784029766501203085e+01
-7.779025063467541656e+01
-7.774262099424130668e+01
-7.769755574597149916e+01
-7.765321125432205918e+01
-7.761069459950853400e+01
-7.757093581912489810e+01
-7.753223506255656616e+01
-7.749468790330122658e+01
-7.745702589224792689e+01
-7.742171738455124341e+01
-7.738829947370582829e+01
-7.735743093288246541e+01
-7.732667211746158387e+01
-7.729616192928851603e+01
-7.726822168167841198e+01
-7.723934222168909969e+01
-7.721232676988832111e+01
-7.718231671598725541e+01
-7.715151477933358137e+01
-7.698408791813839969e+01
-7.855922649118291190e+01
-2.825160160591695657e+01
1.507319138787209667e+01
1.723105229210735345e+01
1.865036908334367993e+01
1.919860554857178414e+01
1.960024394489580501e+01
1.998942993309236016e+01
2.037544123845485089e+01
2.076103704276179585e+01
2.114456790057736413e+01
2.152064414367012901e+01
2.188048732390867812e+01
2.221542747158763120e+01
2.251578710173615860e+01
2.277268267614951114e+01
2.297726433990829165e+01
2.311621815926240231e+01
2.317295677832863277e+01
2.312915892336669188e+01
2.296724308137134685e+01
2.268373320261616399e+01
2.231343344870364476e+01
2.191622593606046010e+01
2.153674980247151893e+01
2.119110081645291643e+01
2.087952713144928296e+01
2.059799702821316814e+01
2.034263343651356948e+01
2.011048548078020914e+01
1.989924277490934301e+01
1.970688519109191716e+01
1.953149498548395968e+01
1.937120543810785023e+01
1.922421136446616075e+01
1.908879702038393944e+01
1.896336795575662038e+01
1.884647176064531138e+01
1.873680248355164224e+01
1.863319774390622996e+01
1.853463483718896398e+01
1.844022797646483269e+01
1.834922064819119925e+01
1.826096610366534279e+01
1.817490619938581986e+01
1.809055733033605762e+01
1.800750078955659816e+01
1.792537434722654766e+01
1.784386437767607703e+01
1.776269870709447574e+01
1.768164034411285712e+01
1.760048211860328848e+01
1.751904216305072026e+01
1.743716013289030187e+01
1.735469405640403551e+01
1.727151771346167664e+01
1.718751845558124813e+01
1.710259539306236931e+01
1.701665788680490010e+01
1.692962429258119883e+01
1.684142091412008924e+01
1.675198112859454724e+01
1.666124465420216083e+01
1.656915693465562356e+01
1.647566861971317564e+01
1.638073512449286540e+01
1.628431625333773525e+01
1.618637587652176535e+01
1.608688165017910876e+01
1.598580477158185076e+01
1.588311976332501452e+01
1.577880428116559663e+01
1.567283894123709764e+01
1.556520716316244979e+01
1.545589502624275546e+01
1.534489113643713054e+01
1.523218650228276694e+01
1.511777441826303203e+01
1.500165035441586170e+01
1.488381185120926276e+01
1.476425841889892077e+01
1.464299144073259917e+01
1.452001407948904976e+01
1.439533118693387337e+01
1.426894921585399700e+01
1.414087613439305180e+01
1.401112134245824059e+01
1.387969559000980801e+01
1.374661089707266193e+01
1.361188047533650725e+01
1.347551865122876613e+01
1.333754079036151730e+01
1.319796322326588189e+01
1.305680317233934140e+01
1.291407867993924974e+01
1.276980853756545464e+01
1.262401221608152113e+01
1.247670979693108606e+01
1.232792190431312029e+01
1.217766963828516857e+01
1.202597450877109253e+01
1.187285837045548398e+01
1.171834335855367293e+01
1.156245182545212558e+01
1.140520627822073507e+01
1.124662931700448887e+01
1.108674357430847657e+01
1.092557165519554552e+01
1.076313607842236131e+01
1.059945921854396644e+01
1.043456324902285282e+01
1.026847008638167225e+01
1.010120133544246812e+01
9.932778235697991676e+00
9.763221608861384126e+00
9.592551807640719019e+00
9.420788665783145888e+00
9.247951449431067061e+00
9.074058809826608396e+00
8.899128737395333388e+00
8.723178517231589879e+00
8.546224685998096149e+00
8.368282990241596053e+00
8.189368346113182540e+00
8.009494800469994402e+00
7.828675493318975498e+00
7.646922621548201349e+00
7.464247403873217834e+00
7.280660046905713223e+00
7.096169712226877202e+00
6.910784484319137277e+00
6.724511339175167635e+00
6.537356113363171239e+00
6.349323473285902963e+00
6.160416884331799459e+00
5.970638579589573780e+00
5.779989527793872206e+00
5.588469400202423110e+00
5.396076536185902661e+00
5.202807907444965352e+00
5.008659080950459419e+00
4.813624180911496353e+00
4.617695850280049363e+00
4.420865212458958027e+00
4.223121833950738591e+00
4.024453688644139326e+00
3.824847124277240606e+00
3.624286831364555983e+00
3.422755814575018984e+00
3.220235366252011566e+00
3.016705041525481690e+00
2.812142634313743450e+00
2.606524153460150650e+00
2.399823798288677867e+00
2.192013932968950751e+00
1.983065059226382987e+00
1.772945787088862746e+00
1.561622803506643731e+00
1.349060838803749274e+00
1.135222631012659633e+00
9.200688882098254640e-01
7.035582490128191591e-01
4.856472414266759241e-01
2.662902402439953353e-01
4.543942321610879714e-02
-1.769552737744850557e-01
-4.009462022926879587e-01
-6.265880474107221598e-01
-8.539378739486906955e-01
-1.083055172556327994e+00
-1.314001905248564972e+00
-1.546842549949724033e+00
-1.781644143533414493e+00
-2.018476322766789455e+00
-2.257411362478116690e+00
-2.498524210165126380e+00
-2.741892516146901659e+00
-2.987596658234038749e+00
-3.235719759748519664e+00
-3.486347699565638170e+00
-3.739569112674005158e+00
-3.995475379555160966e+00
-4.254160602470506092e+00
-4.515721566509109053e+00
-4.780257682995897817e+00
-5.047870912585218584e+00
-5.318665665062325409e+00
-5.592748672581967284e+00
-5.870228832713037193e+00
-6.151217017341817694e+00
-6.435825843128978541e+00
-6.724169398873114822e+00
-7.016362924806536228e+00
-7.312522438552544912e+00
-7.612764302230314861e+00
-7.917204725029796997e+00
-8.225959195527886791e+00
-8.539141838119308048e+00
-8.856864688240447592e+00
-9.179236881626291478e+00
-9.506363753725988630e+00
-9.838345846678768325e+00
-1.017527782299329431e+01
-1.051724728734849812e+01
-1.086433352080855919e+01
-1.121660613525814121e+01
-1.157412366003681647e+01
-1.193693207755380570e+01
-1.230506333001004116e+01
-1.267853382508977589e+01
-1.305734297436162805e+01
-1.344147180381803253e+01
-1.383088168105284943e+01
-1.422551320752678450e+01
-1.462528532663971426e+01
-1.503009469835795286e+01
-1.543981538841535617e+01
-1.585429891423338766e+01
-1.627337468048776969e+01
-1.669685082476336646e+01
-1.712451547836475285e+01
-1.755613842983829187e+01
-1.799147316012991027e+01
-1.843025919989289463e+01
-1.887222474273456641e+01
-1.931708943460539629e+01
-1.976456725042344331e+01
-2.021436936537004669e+01
-2.066620693060597347e+01
-2.111979367139028341e+01
-2.157484823907043392e+01
-2.203109626594840975e+01
-2.248827209196167942e+01
-2.294612015258799431e+01
-2.340439603650396094e+01
-2.386286723766640350e+01
-2.432131363843753746e+01
-2.477952776752051633e+01
-2.523731487878474766e+01
-2.569449289508861867e+01
-2.615089225591528432e+01
-2.660635570022107288e+01
-2.706073800759277148e+01
-2.751390571272602159e+01
-2.796573680121221983e+01
-2.841612038918324501e+01
-2.886495638571884115e+01
-2.931215513500177394e+01
-2.975763703476522792e+01
-3.020133212823684588e+01
-3.064317966815935179e+01
-3.108312765316928861e+01
-3.152113233855830643e+01
-3.195715772498784446e+01
-3.239117502994257336e+01
-3.282316214752992067e+01
-3.325310310265043512e+01
-3.368098750562378996e+01
-3.410681001310146598e+01
-3.453056980061496262e+01
-3.495227005146505661e+01
-3.537191746591587105e+01
-3.578952179387817978e+01
-3.620509539349630046e+01
-3.661865281731490285e+01
-3.703021042703271348e+01
-3.743978603725246046e+01
-3.784739858812542224e+01
-3.825306784636277513e+01
-3.865681413374343123e+01
-3.905865808195278532e+01
-3.945862041239546869e+01
-3.985672173928853823e+01
-4.025298240691356000e+01
-4.064742234595723147e+01
-4.104006090836696785e+01
-4.143091675092604476e+01
-4.182000773469320620e+01
-4.220735083658346554e+01
-4.259296207290401526e+01
-4.297685643363906394e+01
-4.335904782632111676e+01
-4.373954902836690195e+01
-4.411837164681536194e+01
-4.449552608448026803e+01
-4.487102151162412866e+01
-4.524486584233866182e+01
-4.561706571490866224e+01
-4.598762647551495064e+01
-4.635655216470961193e+01
-4.672384550617220356e+01
-4.708950789732686815e+01
-4.745353940146431171e+01
-4.781593874107260689e+01
-4.817670329213978420e+01
-4.853582907924158008e+01
-4.889331077127782521e+01
-4.924914167776605467e+01
-4.960331374564144369e+01
-4.995581755655329914e+01
-5.030664232468176067e+01
-5.065577589513699053e+01
-5.100320474302747442e+01
-5.134891397332221885e+01
-5.169288732165262701e+01
-5.203510715622955018e+01
-5.237555448107472955e+01
-5.271420894078885055e+01
-5.305104882709565572e+01
-5.338605108742568461e+01
-5.371919133581465644e+01
-5.405044386640532394e+01
-5.437978166985352146e+01
-5.470717645294426745e+01
-5.503259866172571435e+01
-5.535601750846936397e+01
-5.567740100275451454e+01
-5.599671598697006658e+01
-5.631392817650037586e+01
-5.662900220485111191e+01
-5.694190167393375646e+01
-5.725258920969798737e+01
-5.756102652326660518e+01
-5.786717447767414768e+01
-5.817099316027279343e+01
-5.847244196080978895e+01
-5.877147965512472894e+01
-5.906806449436196260e+01
-5.936215429952336109e+01
-5.965370656113446302e+01
-5.994267854372662185e+01
-6.022902739478327305e+01
-6.051271025773609580e+01
-6.079368438854228884e+01
-6.107190727532094598e+01
-6.134733676048379181e+01
-6.161993116474977938e+01
-6.188964941240220696e+01
-6.215645115711865287e+01
-6.242029690768403327e+01
-6.268114815288718944e+01
-6.293896748489543569e+01
-6.319371872040599669e+01
-6.344536701888650754e+01
-6.369387899723429314e+01
-6.393922284020824520e+01
-6.418136840602423376e+01
-6.442028732653562884e+01
-6.465595310146782992e+01
-6.488834118622129665e+01
-6.511742907280597592e+01
-6.534319636352128668e+01
-6.556562483705785382e+01
-6.578469850674105146e+01
-6.600040367070612035e+01
-6.621272895384009871e+01
-6.642166534139042255e+01
-6.662720620419291606e+01
-6.682934731552394680e+01
-6.702808685963869095e+01
-6.722342543210640997e+01
-6.741536603210083456e+01
-6.760391404685006478e+01
-6.778907722849652373e+01
-6.797086566364954763e+01
-6.814929173595827194e+01
-6.832437008205668860e+01
-6.849611754126615892e+01
-6.866455309946370278e+01
-6.882969782754611288e+01
-6.899157481493224964e+01
-6.915020909856332310e+01
-6.930562758786868471e+01
-6.945785898616391307e+01
-6.960693370895536702e+01
-6.975288379962125873e+01
-6.989574284292639561e+01
-7.003554587682950228e+01
-7.017232930302104421e+01
-7.030613079661877407e+01
-7.043698921542875269e+01
-7.056494450916450489e+01
-7.069003762899266974e+01
-7.081231043775157730e+01
-7.093180562116756960e+01
-7.104856660037152949e+01
-7.116263744598776952e+01
-7.127406279404884515e+01
-7.138288776396149160e+01
-7.148915787872563499e+01
-7.159291898758419848e+01
-7.169421719125590187e+01
-7.179309876988428130e+01
-7.188961011380898469e+01
-7.198379765724995138e+01
-7.207570781496821155e+01
-7.216538692195565829e+01
-7.225288117618178774e+01
-7.233823658441315274e+01
-7.242149891110420867e+01
-7.250271363034343608e+01
-7.258192588082896179e+01
-7.265918042383049169e+01
-7.273452160409270562e+01
-7.280799331361524196e+01
-7.287963895824671567e+01
-7.294950142701445372e+01
-7.301762306411347936e+01
-7.308404564346427890e+01
-7.314881034575530805e+01
-7.321195773787076178e+01
-7.327352775461535828e+01
-7.333355968263116154e+01
-7.339209214641347501e+01
-7.344916309632505147e+01
-7.350480979850691199e+01
-7.355906882659130019e+01
-7.361197605511632958e+01
-7.366356665454736685e+01
-7.371387508780851761e+01
-7.376293510823452948e+01
-7.381077975884988973e+01
-7.385744137288855882e+01
-7.390295157546874805e+01
-7.394734128634006254e+01
-7.399064072362232025e+01
-7.403287940846320225e+01
-7.407408617053491184e+01
-7.411428915430516895e+01
-7.415351582601104496e+01
-7.419179298127461664e+01
-7.422914675329658962e+01
-7.426560262157074987e+01
-7.430118542106500001e+01
-7.433591935181543420e+01
-7.436982798888537616e+01
-7.440293429264139036e+01
-7.443526061930613480e+01
-7.446682873174243866e+01
-7.449765981043387342e+01
-7.452777446462405919e+01
-7.455719274358278881e+01
-7.458593414796590082e+01
-7.461401764124141778e+01
-7.464146166115557435e+01
-7.466828413121159258e+01
-7.469450247214012961e+01
-7.469450066780791531e+01
