-8.145718925032493019e+01
-8.145989197149820882e+01
-8.146266534999766407e+01
-8.146347191135954802e+01
-8.146436864912070064e+01
-8.146466026738404764e+01
-8.146560980986048150e+01
-8.146567591378041584e+01
-8.146619796573106953e+01
-8.146676321375419150e+01
-8.146683510498543512e+01
-8.146649221340018698e+01
-8.146741948037893621e+01
-8.146751954670817497e+01
-8.146844889226103703e+01
-8.146787730924195614e+01
-8.146832791675501539e+01
-8.146772828526059129e+01
-8.146735376615293944e+01
-8.146847950099673596e+01
-8.146911379709572998e+01
-8.146824610795685828e+01
-8.146821038085369082e+01
-8.146848926262448742e+01
-8.146894958503079920e+01
-8.146945503383774678e+01
-8.146934028856003351e+01
-8.146922214762216186e+01
-8.146953460993331930e+01
-8.146804813286487956e+01
-8.146770865494052316e+01
-8.146777545982048707e+01
-8.146883462943652887e+01
-8.146895923423109309e+01
-8.146896064536160509e+01
-8.146841384287037613e+01
-8.146907281501771081e+01
-8.146870865309071519e+01
-8.146840519716879214e+01
-8.146891899434098150e+01
-8.146907434775286561e+01
-8.146965399265960173e+01
-8.146882066288488033e+01
-8.146764177655120420e+01
-8.146745663894886036e+01
-8.146816789782106127e+01
-8.146922194617513924e+01
-8.146924813908609053e+01
-8.146871884076728065e+01
-8.146920279509026841e+01
-8.146811626945159901e+01
-8.146779138588664182e+01
-8.146304662301898247e+01
-8.145821618208762516e+01
-8.127516585322513265e+01
-8.339370040333889733e+01
-4.089808321836309801e+01
1.587379934861477082e+01
1.970612167006525794e+01
2.043728280170284251e+01
2.022892149939933759e+01
2.018052731226458363e+01
2.031931410933989923e+01
2.056572144284531234e+01
2.087757396845681157e+01
2.122623899680635873e+01
2.158928923447126635e+01
2.194813553213474933e+01
2.228849794204719714e+01
2.259838511419262730e+01
2.286730920667580236e+01
2.308676189010915891e+01
2.324464184262150468e+01
2.332519794363159704e+01
2.331156705928719930e+01
2.318516256033393930e+01
2.293549476744317062e+01
2.258435206390738514e+01
2.218724349538646834e+01
2.179669240222447968e+01
2.143718506903471521e+01
2.111249591002933101e+01
2.081919681810396483e+01
2.055314862753963112e+01
2.031109955056529515e+01
2.009058033171297808e+01
1.988952357524706116e+01
1.970601338979884787e+01
1.953819241207953183e+01
1.938425750675993342e+01
1.924248290018938690e+01
1.911125001813384827e+01
1.898907365887654564e+01
1.887461232204387329e+01
1.876666657812636174e+01
1.866417455098019218e+01
1.856620849919771032e+01
1.847197109620164213e+01
1.838078180709858245e+01
1.829205513750298806e+01
1.820528343008705718e+01
1.812002603332006956e+01
1.803590084364403623e+01
1.795257648739699619e+01
1.786976508088111260e+01
1.778721577260192888e+01
1.770470915811931789e+01
1.762205254199397331e+01
1.753907596072771824e+01
1.745562886180907469e+01
1.737157733692253458e+01
1.728680181871128241e+01
1.720119516355840972e+01
1.711466105505069280e+01
1.702711267338942491e+01
1.693847158500025785e+01
1.684866681416379919e+01
1.675763406485791052e+01
1.666531506636096083e+01
1.657165702066787105e+01
1.647661213355139509e+01
1.638013721426390035e+01
1.628219333151693249e+01
1.618274551557605179e+01
1.608176249813380920e+01
1.597921648313584164e+01
1.587508294298528533e+01
1.576934043557809595e+01
1.566197043846805137e+01
1.555295719715313041e+01
1.544228758504320176e+01
1.532995097312957533e+01
1.521593910775538383e+01
1.510024599519069710e+01
1.498286779196463669e+01
1.486380270010665861e+01
1.474305086660984720e+01
1.462061428656024908e+01
1.449649670947774283e+01
1.437070354849976361e+01
1.424324179210267971e+01
1.411411991811069733e+01
1.398334780978207803e+01
1.385093667379785742e+01
1.371689896000340703e+01
1.358124828277510332e+01
1.344399934390226292e+01
1.330516785688801029e+01
1.316477047258499411e+01
1.302282470609208431e+01
1.287934886484703512e+01
1.273436197785806634e+01
1.258788372602514549e+01
1.243993437350818887e+01
1.229053470010691385e+01
1.213970593462335401e+01
1.198746968918440459e+01
1.183384789450955488e+01
1.167886273611376424e+01
1.152253659144325582e+01
1.136489196794761547e+01
1.120595144209827154e+01
1.104573759936855204e+01
1.088427297519684345e+01
1.072157999695904529e+01
1.055768092698056826e+01
1.039259780662282040e+01
1.022635240148106384e+01
1.005896614773275211e+01
9.890460099676504413e+00
9.720854878500373886e+00
9.550170622317388336e+00
9.378426937502169380e+00
9.205642851358025069e+00
9.031836766137853800e+00
8.857026414434802319e+00
8.681228815950287725e+00
8.504460235636377874e+00
8.326736143201408424e+00
8.148071173953411517e+00
7.968479090945829846e+00
7.787972748374990317e+00
7.606564056163714227e+00
7.424263945646597307e+00
7.241082336250724616e+00
7.057028103039051814e+00
6.872109044953157664e+00
6.686331853557978988e+00
6.499702082056356467e+00
6.312224114311669076e+00
6.123901133597752455e+00
5.934735090799618362e+00
5.744726671820807873e+00
5.553875264026408409e+00
5.362178921662947850e+00
5.169634330343278350e+00
4.976236770849558511e+00
4.781980082664850862e+00
4.586856627761672023e+00
4.390857255226909395e+00
4.193971267266115355e+00
3.996186387004933227e+00
3.797488728307799377e+00
3.597862767596569533e+00
3.397291317414525835e+00
3.195755501281258404e+00
2.993234729250227044e+00
2.789706673522304392e+00
2.585147243483835400e+00
2.379530559609231322e+00
2.172828925775919906e+00
1.965012799661446374e+00
1.756050761011257455e+00
1.545909477668834020e+00
1.334553669342544380e+00
1.121946069143729297e+00
9.080473829713778811e-01
6.928162468444836186e-01
4.762091822984581557e-01
2.581805499714774910e-01
3.868250151457114372e-02
-1.823350700318950857e-01
-4.049245812403276523e-01
-6.291408105045364074e-01
-8.550409512597051398e-01
-1.082684665989390060e+00
-1.312134140758949741e+00
-1.543454139971605965e+00
-1.776712060992601705e+00
-2.011977988228430103e+00
-2.249324746181431856e+00
-2.488827950924738630e+00
-2.730566059357941278e+00
-2.974620415509419136e+00
-3.221075293046603338e+00
-3.470017933039269753e+00
-3.721538575893377665e+00
-3.975730486233369110e+00
-4.232689969358577109e+00
-4.492516377734882660e+00
-4.755312105806666523e+00
-5.021182571226860958e+00
-5.290236180406385991e+00
-5.562584276082371382e+00
-5.838341064403870462e+00
-6.117623518819724104e+00
-6.400551257879872225e+00
-6.687246393877676276e+00
-6.977833349128202300e+00
-7.272438636587798655e+00
-7.571190601503229978e+00
-7.874219120856268184e+00
-8.181655257578967166e+00
-8.493630866891193065e+00
-8.810278152705564025e+00
-9.131729172907196102e+00
-9.458115293510310551e+00
-9.789566593282913232e+00
-1.012621122248734018e+01
-1.046817472196851462e+01
-1.081557931199492550e+01
-1.116854316404962155e+01
-1.152717967320525005e+01
-1.189159675371919000e+01
-1.226189618600710496e+01
-1.263817304895918703e+01
-1.302051527740490222e+01
-1.340900338999966124e+01
-1.380371043739325287e+01
-1.420470222360934720e+01
-1.461203785439576741e+01
-1.502577066409178919e+01
-1.544594956652045248e+01
-1.587262086480945378e+01
-1.630583053931098192e+01
-1.674562701161312717e+01
-1.719206435607857841e+01
-1.764520589890553737e+01
-1.810512810943673401e+01
-1.857192465096478173e+01
-1.904571042084918986e+01
-1.952662537521651132e+01
-2.001483790531103324e+01
-2.051054751462254089e+01
-2.101398654251295284e+01
-2.152542069548283621e+01
-2.204514818535380272e+01
-2.257349733731500407e+01
-2.311082262092339334e+01
-2.365749917187348217e+01
-2.421391600598153815e+01
-2.478046826909603340e+01
-2.535754900286673319e+01
-2.594554101738396312e+01
-2.654480952800654237e+01
-2.715569621695125235e+01
-2.777851531024133536e+01
-2.841355211813517556e+01
-2.906106428651537144e+01
-2.972128577403539751e+01
-3.039443333817256487e+01
-3.108071511561998079e+01
-3.178034074438977186e+01
-3.249353241002516768e+01
-3.322053620581188227e+01
-3.396163326392608184e+01
-3.471715022025154695e+01
-3.548746869691561301e+01
-3.627303360252896169e+01
-3.707436014487827691e+01
-3.789203951439376539e+01
-3.872674322415346637e+01
-3.957922608100137296e+01
-4.045032773004216153e+01
-4.134097262577557785e+01
-4.225216803419711908e+01
-4.318499970652949571e+01
-4.414062453541388464e+01
-4.512025921929829764e+01
-4.612516364490619480e+01
-4.715661729132998659e+01
-4.821588648403744770e+01
-4.930417979550318108e+01
-5.042258834104681853e+01
-5.157200723821858190e+01
-5.275303423980484752e+01
-5.396584176837957614e+01
-5.521001965750972573e+01
-5.648438836301215105e+01
-5.778678686091636507e+01
-5.911384644405048050e+01
-6.046077131101426261e+01
-6.182115841489835617e+01
-6.318690013921782622e+01
-6.454821969646123136e+01
-6.589388501850999091e+01
-6.721162735933346255e+01
-6.848875507611352020e+01
-6.971290761056768304e+01
-7.087285327717630423e+01
-7.195921306215780078e+01
-7.296500154867847243e+01
-7.388591386407260586e+01
-7.472034116252173419e+01
-7.546914852973178256e+01
-7.613528375704133566e+01
-7.672329747549707690e+01
-7.723884774307184387e+01
-7.768824330109247001e+01
-7.807805768831225635e+01
-7.841482707849505118e+01
-7.870483077918393633e+01
-7.895394503210434323e+01
-7.916755701212699137e+01
-7.935052527405510148e+01
-7.950717403785021986e+01
-7.964131067257170571e+01
-7.975625792373460854e+01
-7.985489448497435205e+01
-7.993969928273992309e+01
-8.001279627351193824e+01
-8.007599765906530820e+01
-8.013084424793701999e+01
-8.017864228158981632e+01
-8.022049645214478630e+01
-8.025733910945574223e+01
-8.028995582549316623e+01
-8.031900758251119044e+01
-8.034504990043519967e+01
-8.036854923477949342e+01
-8.038989697103346543e+01
-8.040942132328407865e+01
-8.042739741967625378e+01
-8.044405582900994034e+01
-8.045958975393330093e+01
-8.047416108830465475e+01
-8.048790551034250029e+01
-8.050093675955848482e+01
-8.051335022438580324e+01
-8.052522594882341878e+01
-8.053663115020657415e+01
-8.054762232617986228e+01
-8.055824701688938205e+01
-8.056854527809274202e+01
-8.057855091208708131e+01
-8.058829249590978350e+01
-8.059779423993086311e+01
-8.060707670463271768e+01
-8.061615739887214716e+01
-8.062505127913325964e+01
-8.063377116609979112e+01
-8.064232809220391118e+01
-8.065073159156867177e+01
-8.065898994188849258e+01
-8.066711036621298092e+01
-8.067509920129307943e+01
-8.068296203804203515e+01
-8.069070383874665708e+01
-8.069832903489930231e+01
-8.070584160887270286e+01
-8.071324516212953881e+01
-8.072054297221137631e+01
-8.072773804037248624e+01
-8.073483313142004647e+01
-8.074183080705931559e+01
-8.074873345382361833e+01
-8.075554330649313783e+01
-8.076226246775175355e+01
-8.076889292470755777e+01
-8.077543656279969753e+01
-8.078189517752348081e+01
-8.078827048433598179e+01
-8.079456412704347201e+01
-8.080077768492009227e+01
-8.080691267876795791e+01
-8.081297057609042156e+01
-8.081895279552615818e+01
-8.082486071066209377e+01
-8.083069565332544926e+01
-8.083645891644123083e+01
-8.084215175652242635e+01
-8.084777539585168427e+01
-8.085333102440296216e+01
-8.085881980154424298e+01
-8.086424285755309427e+01
-8.086960129497516903e+01
-8.087489618984946560e+01
-8.088012859281724332e+01
-8.088529953013352269e+01
-8.089041000459455688e+01
-8.089546099639174770e+01
-8.090045346390284919e+01
-8.090538834442833149e+01
-8.091026655487824826e+01
-8.091508899241937058e+01
-8.091985653508130838e+01
-8.092457004233246209e+01
-8.092923035562405687e+01
-8.093383829890845504e+01
-8.093839467913218755e+01
-8.094290028670764059e+01
-8.094735589596494663e+01
-8.095176226558385224e+01
-8.095612013900939985e+01
-8.096043024485203432e+01
-8.096469329727241870e+01
-8.096890999635142805e+01
-8.097308102844941402e+01
-8.097720706655128708e+01
-8.098128877060013053e+01
-8.098532678782144956e+01
-8.098932175303481529e+01
-8.099327428895703918e+01
-8.099718500649601083e+01
-8.100105450503384930e+01
-8.100488337270347472e+01
-8.100867218665594294e+01
-8.101242151331933883e+01
-8.101613190865069214e+01
-8.101980391838036155e+01
-8.102343807824968280e+01
-8.102703491424128401e+01
-8.103059494280269348e+01
-8.103411867106487421e+01
-8.103760659705288560e+01
-8.104105920989225353e+01
-8.104447699000809280e+01
-8.104786040932062008e+01
-8.105120993143307828e+01
-8.105452601181711714e+01
-8.105780909799044309e+01
-8.106105962969276391e+01
-8.106427803905317830e+01
-8.106746475075729563e+01
-8.107062018220675270e+01
-8.107374474367593109e+01
-8.107683883846492279e+01
-8.107990286304671201e+01
-8.108293720721358966e+01
-8.108594225421617807e+01
-8.108891838090187321e+01
-8.109186595784822771e+01
-8.109478534949306550e+01
-8.109767691426206682e+01
-8.110054100469258742e+01
-8.110337796755366924e+01
-8.110618814396507048e+01
-8.110897186951120830e+01
-8.111172947435295555e+01
-8.111446128333784600e+01
-8.111716761610612991e+01
-8.111984878719489700e+01
-8.112250510613932875e+01
-8.112513687757201808e+01
-8.112774440131981635e+01
-8.113032797249734074e+01
-8.113288788160041065e+01
-8.113542441459453869e+01
-8.113793785300390482e+01
-8.114042847399673519e+01
-8.114042823273382510e+01
