-8.145712622173600437e+01
-8.145978571169922589e+01
-8.146235166267801731e+01
-8.146292558205739454e+01
-8.146319789916078946e+01
-8.146422888829744124e+01
-8.146434466896226922e+01
-8.146517632905296580e+01
-8.146564964558710642e+01
-8.146494885168544897e+01
-8.146571524085717897e+01
-8.146593656036334608e+01
-8.146666369353212644e+01
-8.146642329695798423e+01
-8.146625982405403477e+01
-8.146567881890445051e+01
-8.146688521690964535e+01
-8.146735818561447218e+01
-8.146654808563276617e+01
-8.146652319772896078e+01
-8.146725383741427606e+01
-8.146801968202876765e+01
-8.146714685508818832e+01
-8.146791121318310047e+01
-8.146635906848142383e+01
-8.146589162193276934e+01
-8.146652222868780768e+01
-8.146687284812075802e+01
-8.146721748997103418e+01
-8.146657074904096874e+01
-8.146717584135183188e+01
-8.146663413509880058e+01
-8.146620852341436603e+01
-8.146698471284237542e+01
-8.146766904001660237e+01
-8.146634095905547213e+01
-8.146548133601527297e+01
-8.146519539226170536e+01
-8.146687359720075960e+01
-8.146683293250626434e+01
-8.146677463182018641e+01
-8.146605160583018801e+01
-8.146655766195900128e+01
-8.145917398311327418e+01
-8.148008145592108065e+01
-8.172782573541280726e+01
-6.626317534356894612e+01
2.557617665683556041e+01
2.798078157656239640e+01
2.517548599010990529e+01
2.286749720047930978e+01
2.155381150586215000e+01
2.095729322688736929e+01
2.081728703781118384e+01
2.094796287026912296e+01
2.122853739790685879e+01
2.158212363217200647e+01
2.196076335945117464e+01
2.233476508352176637e+01
2.268779856166294095e+01
2.300613460996973814e+01
2.328015639681872884e+01
2.350343771514000935e+01
2.366523453399228316e+01
2.375281557147754086e+01
2.375076000344568428e+01
2.364119154733475625e+01
2.341171113544333693e+01
2.307406823543927388e+01
2.267508707764526577e+01
2.227045243277935782e+01
2.189231508006827198e+01
2.154884490639935279e+01
2.123777977314358267e+01
2.095487961257797949e+01
2.069658657360335496e+01
2.046024326160385343e+01
2.024373768761821779e+01
2.004519829120921770e+01
1.986284013227050238e+01
1.969492136471387056e+01
1.953975647929089732e+01
1.939574397017801388e+01
1.926139202795263117e+01
1.913534100898437629e+01
1.901637736521423250e+01
1.890343058306050139e+01
1.879555963492925841e+01
1.869194007576185612e+01
1.859185281962415459e+01
1.849467291207221109e+01
1.839985821333817029e+01
1.830693853810885230e+01
1.821550568095839395e+01
1.812520453092919581e+01
1.803572531540792312e+01
1.794679692067023424e+01
1.785818119250077629e+01
1.776966810476374548e+01
1.768107168323342648e+01
1.759222657870754603e+01
1.750298519332136493e+01
1.741321527492460319e+01
1.732279790526708751e+01
1.723162581798775506e+01
1.713960199174087506e+01
1.704663847211033456e+01
1.695265538325662646e+01
1.685758009654790257e+01
1.676134652883523302e+01
1.666389454763049471e+01
1.656516946432877901e+01
1.646512159988178681e+01
1.636370591006003039e+01
1.626088165971767907e+01
1.615661213736445490e+01
1.605086440291657723e+01
1.594360906279118772e+01
1.583482006757651384e+01
1.572447452838727422e+01
1.561255254873343112e+01
1.549903706932068559e+01
1.538391372368218768e+01
1.526717070293325129e+01
1.514879862826053802e+01
1.502879043001578907e+01
1.490714123249404821e+01
1.478384824364618311e+01
1.465891064911178354e+01
1.453232951006704532e+01
1.440410766447403645e+01
1.427424963138326675e+01
1.414276151800187264e+01
1.400965092928358757e+01
1.387492687983211148e+01
1.373859970794037189e+01
1.360068099160945110e+01
1.346118346641203978e+01
1.332012094507984301e+01
1.317750823870792587e+01
1.303336107948022082e+01
1.288769604483003661e+01
1.274053048295859547e+01
1.259188243964202947e+01
1.244177058626478960e+01
1.229021414902507914e+01
1.213723283926399077e+01
1.198284678487690336e+01
1.182707646277240521e+01
1.166994263234996154e+01
1.151146626997438105e+01
1.135166850443081366e+01
1.119057055335050954e+01
1.102819366060392881e+01
1.086455903466277029e+01
1.069968778794010689e+01
1.053360087712185411e+01
1.036631904451022379e+01
1.019786276040469097e+01
1.002825216655193508e+01
9.857507020702065859e+00
9.685646642313415100e+00
9.512689859453455909e+00
9.338654956948069241e+00
9.163559625834908573e+00
8.987420914179015341e+00
8.810255179310107820e+00
8.632078041539447355e+00
8.452904339410267198e+00
8.272748086528295630e+00
8.091622430008102995e+00
7.909539610555696321e+00
7.726510924188803031e+00
7.542546685573224607e+00
7.357656192928148542e+00
7.171847694425171227e+00
6.985128355976961245e+00
6.797504230282041426e+00
6.608980226961828741e+00
6.419560083593393252e+00
6.229246337403313127e+00
6.038040297339687612e+00
5.845942016177431810e+00
5.652950262234147871e+00
5.459062490185356609e+00
5.264274810382998382e+00
5.068581956028038071e+00
4.871977247565253855e+00
4.674452553799357979e+00
4.475998249507516569e+00
4.276603169745634148e+00
4.076254561563615653e+00
3.874938034359900474e+00
3.672637510480544876e+00
3.469335177778115842e+00
3.265011445621852193e+00
3.059644905316050156e+00
2.853212295156625000e+00
2.645688469606242155e+00
2.437046371463446270e+00
2.227257005550372426e+00
2.016289412374927537e+00
1.804110640392895704e+00
1.590685715815167045e+00
1.375977609281007874e+00
1.159947199072632440e+00
9.425532308335089482e-01
7.237522739547518347e-01
5.034986749163770092e-01
2.817445079287104748e-01
5.843952323532469739e-02
-1.664689065686730529e-01
-3.930358418667960763e-01
-6.213188326726862831e-01
-8.513779762898195935e-01
-1.083275975650136891e+00
-1.317078197988247990e+00
-1.552852733471579150e+00
-1.790670453360176273e+00
-2.030605067210042858e+00
-2.272733178561795242e+00
-2.517134338472712507e+00
-2.763891096154273974e+00
-3.013089045869952187e+00
-3.264816869127851628e+00
-3.519166371070626020e+00
-3.776232509819588579e+00
-4.036113417371218759e+00
-4.298910410472442045e+00
-4.564727989715607670e+00
-4.833673824896286497e+00
-5.105858724467937648e+00
-5.381396586709093377e+00
-5.660404329996175044e+00
-5.943001799347569225e+00
-6.229311646189143126e+00
-6.519459178088081508e+00
-6.813572175028167699e+00
-7.111780668671603856e+00
-7.414216680992965713e+00
-7.721013918704685786e+00
-8.032307420058341307e+00
-8.348233150939744718e+00
-8.668927547731886563e+00
-8.994527005252347607e+00
-9.325167309249017933e+00
-9.660983014531327129e+00
-1.000210677189885899e+01
-1.034866860968282509e+01
-1.070079517900507149e+01
-1.105860897583536584e+01
-1.142222755761247299e+01
-1.179176277756072189e+01
-1.216732006578850900e+01
-1.254899779262034976e+01
-1.293688675609878302e+01
-1.333106984178159671e+01
-1.373162190830068141e+01
-1.413860995593967118e+01
-1.455209363695749225e+01
-1.497212616455193590e+01
-1.539875567142106938e+01
-1.583202705789505238e+01
-1.627198435294334544e+01
-1.671867358860206565e+01
-1.717214615954344836e+01
-1.763246260516196884e+01
-1.809969671283449699e+01
-1.857393979977696929e+01
-1.905530498971211983e+01
-1.954393126262930735e+01
-2.003998702511299612e+01
-2.054367292944155921e+01
-2.105522366659753075e+01
-2.157490847620860208e+01
-2.210303015949341088e+01
-2.263992245258644331e+01
-2.318594571809834548e+01
-2.374148104009746518e+01
-2.430692295509498990e+01
-2.488267120685910783e+01
-2.546912205890223646e+01
-2.606665981352581696e+01
-2.667564924855221520e+01
-2.729642967341876059e+01
-2.792931121618174828e+01
-2.857457378464016173e+01
-2.923246891768824796e+01
-2.990322448749942552e+01
-3.058705196692072903e+01
-3.128415577506271106e+01
-3.199474408321250962e+01
-3.271904041370508054e+01
-3.345729539156257459e+01
-3.420979809550431128e+01
-3.497688657737818829e+01
-3.575895725205919007e+01
-3.655647298167595949e+01
-3.736996977287401478e+01
-3.820006206417943417e+01
-3.904744659812586605e+01
-3.991290484862663845e+01
-4.079730396460713848e+01
-4.170159597974820542e+01
-4.262681480580956617e+01
-4.357407070120530079e+01
-4.454454135508228063e+01
-4.553945850613940394e+01
-4.656008866367882604e+01
-4.760770606419209372e+01
-4.868355549664412507e+01
-4.978880208376693872e+01
-5.092446456699821766e+01
-5.209132821350323184e+01
-5.328983333065606587e+01
-5.451993583642722996e+01
-5.578093783348750634e+01
-5.707128924526480773e+01
-5.838836692285446617e+01
-5.972824569104858483e+01
-6.108548646898857726e+01
-6.245297860741082019e+01
-6.382188387929764417e+01
-6.518173314797510898e+01
-6.652071767694111770e+01
-6.782619116096253720e+01
-6.908535719361087502e+01
-7.028606946119987242e+01
-7.141763432699691805e+01
-7.247149336912988815e+01
-7.344168406428468643e+01
-7.432502416023486091e+01
-7.512102274869303642e+01
-7.583156980281832205e+01
-7.646048348917140913e+01
-7.701299853395198625e+01
-7.749526516539097543e+01
-7.791390586018650311e+01
-7.827565441339230290e+01
-7.858708362207340770e+01
-7.885441577792548173e+01
-7.908340370516816620e+01
-7.927926781421462010e+01
-7.944667501803510845e+01
-7.958974712163353615e+01
-7.971208858621858440e+01
-7.981682587484860392e+01
-7.990665264214091223e+01
-7.998387673356670291e+01
-8.005046629836026284e+01
-8.010809332898357127e+01
-8.015817367284263639e+01
-8.020190307509878380e+01
-8.024028915656350591e+01
-8.027417945155124812e+01
-8.030428576219473769e+01
-8.033120515516682758e+01
-8.035543795426073643e+01
-8.037740308261084010e+01
-8.039745109200025297e+01
-8.041587519098015946e+01
-8.043292055332170776e+01
-8.044879215684981943e+01
-8.046366137197910007e+01
-8.047767149043839652e+01
-8.049094235836517441e+01
-8.050357425441572445e+01
-8.051565113277248997e+01
-8.052724333283136104e+01
-8.053840984168722628e+01
-8.054920018210358990e+01
-8.055965598715498288e+01
-8.056981231297974944e+01
-8.057969873278871376e+01
-8.058934024830095666e+01
-8.059875804887361994e+01
-8.060797014363672019e+01
-8.061699188779245162e+01
-8.062583642073035151e+01
-8.063451503070557180e+01
-8.064303745836660653e+01
-8.065141214938445557e+01
-8.065964646471931587e+01
-8.066774685564115543e+01
-8.067571900942733976e+01
-8.068356797067004038e+01
-8.069129824229743519e+01
-8.069891386972443570e+01
-8.070641851097644803e+01
-8.071381549514818232e+01
-8.072110787116230313e+01
-8.072829844846572200e+01
-8.073538983102032773e+01
-8.074238444571665241e+01
-8.074928456615259620e+01
-8.075609233255403296e+01
-8.076280976848875071e+01
-8.076943879491020084e+01
-8.077598124198112828e+01
-8.078243885904670663e+01
-8.078881332306858098e+01
-8.079510624577358158e+01
-8.080131917973419320e+01
-8.080745362355590089e+01
-8.081351102631826677e+01
-8.081949279139335829e+01
-8.082540027974334862e+01
-8.083123481278059330e+01
-8.083699767486177734e+01
-8.084269011547515049e+01
-8.084831335116663809e+01
-8.085386856724898053e+01
-8.085935691932465375e+01
-8.086477953465367818e+01
-8.087013751338660938e+01
-8.087543192968369965e+01
-8.088066383273807958e+01
-8.088583424771304919e+01
-8.089094417660854219e+01
-8.089599459906513346e+01
-8.090098647311052105e+01
-8.090592073586225297e+01
-8.091079830418388497e+01
-8.091562007530701806e+01
-8.092038692741837735e+01
-8.092509972021620968e+01
-8.092975929544230951e+01
-8.093436647738657541e+01
-8.093892207337113121e+01
-8.094342687421408300e+01
-8.094788165467321051e+01
-8.095228717387355744e+01
-8.095664417571795468e+01
-8.096095338928269314e+01
-8.096521552919968201e+01
-8.096943129602443889e+01
-8.097360137659205748e+01
-8.097772644436051337e+01
-8.098180715974422128e+01
-8.098584417043511507e+01
-8.098983811171528657e+01
-8.099378960675831252e+01
-8.099769926692223976e+01
-8.100156769203321971e+01
-8.100539547066146895e+01
-8.100918318038759480e+01
-8.101293138806160243e+01
-8.101664065005516591e+01
-8.102031151250589858e+01
-8.102394451155421962e+01
-8.102754017357435146e+01
-8.103109901539741600e+01
-8.103462154453067967e+01
-8.103810825936771778e+01
-8.104155964939471346e+01
-8.104497619539039022e+01
-8.104835836962087114e+01
-8.105170663602845593e+01
-8.105502145041661777e+01
-8.105830326062752533e+01
-8.106155250671834267e+01
-8.106476962112958518e+01
-8.106795502885084659e+01
-8.107110914758136744e+01
-8.107423238788719289e+01
-8.107732515335243306e+01
-8.108038784072996918e+01
-8.108342084008390316e+01
-8.108642453493233404e+01
-8.108939930238302907e+01
-8.109234551326876783e+01
-8.109526353227759898e+01
-8.109815371807917472e+01
-8.110101642344962158e+01
-8.110385199539160794e+01
-8.110666077525338835e+01
-8.110944309884264669e+01
-8.111219929653896088e+01
-8.111492969340385173e+01
-8.111763460928668223e+01
-8.112031435892852471e+01
-8.112296925206476317e+01
-8.112559959352397243e+01
-8.112820568332352877e+01
-8.113078781676583162e+01
-8.113334628452911090e+01
-8.113588137275816337e+01
-8.113839336315224671e+01
-8.114088253304996101e+01
-8.114334915551502547e+01
-8.114579349941581654e+01
-8.114821582950746404e+01
-8.115061640650854713e+01
-8.115299548717787559e+01
-8.115535332438938099e+01
-8.115769016720531681e+01
-8.116000626094597692e+01
-8.116230184726079244e+01
-8.116457716419621704e+01
-8.116683244626175053e+01
-8.116683224230108351e+01
