-8.145718921276822755e+01
-8.145989189949460751e+01
-8.146266524989947300e+01
-8.146347178181606807e+01
-8.146436849948301528e+01
-8.146466009809515185e+01
-8.146560962484601021e+01
-8.146567571288753129e+01
-8.146619775606609437e+01
-8.146676299524904152e+01
-8.146683488192037714e+01
-8.146649198285368243e+01
-8.146741924728863182e+01
-8.146751930686227183e+01
-8.146844865314223227e+01
-8.146787706620595770e+01
-8.146832767220649885e+01
-8.146772803901383497e+01
-8.146735351647866707e+01
-8.146847925274097690e+01
-8.146911354898020363e+01
-8.146824585764517224e+01
-8.146821012891660985e+01
-8.146848901087142281e+01
-8.146894933061494726e+01
-8.146945477967028637e+01
-8.146934003687402992e+01
-8.146922189390753033e+01
-8.146953435887367334e+01
-8.146804787734120623e+01
-8.146770839545906995e+01
-8.146777520103768211e+01
-8.146883437201046263e+01
-8.146895897577645940e+01
-8.146896039038679760e+01
-8.146841358687849777e+01
-8.146907256150795718e+01
-8.146870839539077735e+01
-8.146840493786676518e+01
-8.146891873845117971e+01
-8.146907408854485766e+01
-8.146965373497961593e+01
-8.146882040584831941e+01
-8.146764151391663233e+01
-8.146745637502912984e+01
-8.146816763787433047e+01
-8.146922168646376861e+01
-8.146924788261216577e+01
-8.146871858675903866e+01
-8.146920254541792872e+01
-8.146811600694013578e+01
-8.146779111085317027e+01
-8.146304635227433266e+01
-8.145821590450390204e+01
-8.127516556609877796e+01
-8.339370062618242230e+01
-4.089809139917976921e+01
1.587379626520015385e+01
1.970612009305470380e+01
2.043728020974661419e+01
2.022891778606645730e+01
2.018052237183130160e+01
2.031930769961204675e+01
2.056571328169064827e+01
2.087756374804480330e+01
2.122622636142124719e+01
2.158927379109102063e+01
2.194811686044598176e+01
2.228847558558148734e+01
2.259835857078484622e+01
2.286727791224124573e+01
2.308672526579246664e+01
2.324459923748182177e+01
2.332514859285910092e+01
2.331151012629066699e+01
2.318509715222280221e+01
2.293542010356933147e+01
2.258426763530012948e+01
2.218714885559268168e+01
2.179658678237330705e+01
2.143706742054099479e+01
2.111236510376341613e+01
2.081905176186446127e+01
2.055298829297785801e+01
2.031092295996294439e+01
2.009038653715038336e+01
1.988931164156104359e+01
1.970578238317089514e+01
1.953794139334812030e+01
1.938398552774543759e+01
1.924218900149802636e+01
1.911093322796667948e+01
1.898873299239693324e+01
1.887424678067463191e+01
1.876627514897415594e+01
1.866375620688066306e+01
1.856576219907081438e+01
1.847149578528259894e+01
1.838027641735777351e+01
1.829151858818182319e+01
1.820471462790259665e+01
1.811942387240948804e+01
1.803526420548987730e+01
1.795190424081459568e+01
1.786905608205272245e+01
1.778646886512664338e+01
1.770392317306019692e+01
1.762122629791478801e+01
1.753820826371910968e+01
1.745471850550569570e+01
1.737062310251226549e+01
1.728580247493798794e+01
1.720014946671842182e+01
1.711356774898284172e+01
1.702597048945800040e+01
1.693727924207024671e+01
1.684742301856795166e+01
1.675633751035456243e+01
1.666396443408158135e+01
1.657025097905395228e+01
1.647514933827944006e+01
1.637861630815756087e+01
1.628061294444576745e+01
1.618110426433936411e+01
1.608005898632884012e+01
1.597744930100937388e+01
1.587325066726754841e+01
1.576744162929773907e+01
1.566000365074753198e+01
1.555092096298300497e+01
1.544018042503450339e+01
1.532777139324317339e+01
1.521368559900711581e+01
1.509791703333129931e+01
1.498046183713350032e+01
1.486131819645791374e+01
1.474048624191028090e+01
1.461796795175733443e+01
1.449376705823734213e+01
1.436788895671177357e+01
1.424034061735406098e+01
1.411113049912439799e+01
1.398026846582113514e+01
1.384776570403312945e+01
1.371363464284420886e+01
1.357788887516149856e+01
1.344054308055781632e+01
1.330161294953207296e+01
1.316111510910311999e+01
1.301906704966387984e+01
1.287548705302990903e+01
1.273039412162611761e+01
1.258380790876182687e+01
1.243574864995199825e+01
1.228623709524873320e+01
1.213529444255464007e+01
1.198294227189556516e+01
1.182920248063680901e+01
1.167409721963457336e+01
1.151764883031887798e+01
1.135987978271254661e+01
1.120081261439559484e+01
1.104046987043106931e+01
1.087887404427321059e+01
1.071604751968457236e+01
1.055201251369265769e+01
1.038679102062044457e+01
1.022040475722785047e+01
1.005287510900373960e+01
9.884223077647330769e+00
9.714469229778798010e+00
9.543633646915640867e+00
9.371735876748802596e+00
9.198794885747245687e+00
9.024829013113961906e+00
8.849855926108325832e+00
8.673892576741796034e+00
8.496955159843706085e+00
8.319059072483907968e+00
8.140218874727098708e+00
7.960448251681539134e+00
7.779759976790867171e+00
7.598165876301498756e+00
7.415676794819982653e+00
7.232302561851493117e+00
7.048051959184468807e+00
6.862932688955106997e+00
6.676951342190794669e+00
6.490113367597806437e+00
6.302423040328298143e+00
6.113883430445976153e+00
5.924496370814287260e+00
5.734262424169269678e+00
5.543180849214039974e+00
5.351249565689524701e+00
5.158465118524930837e+00
4.964822641337839570e+00
4.770315819708464744e+00
4.574936854766073147e+00
4.378676427668560578e+00
4.181523665511055476e+00
3.983466109066182703e+00
3.784489682554822654e+00
3.584578665407006426e+00
3.383715665736216849e+00
3.181881595056339496e+00
2.979055643642747775e+00
2.775215255888453747e+00
2.570336105027243523e+00
2.364392066672291293e+00
2.157355190728687422e+00
1.949195671361085624e+00
1.739881814815365413e+00
1.529380004995170461e+00
1.317654666774470629e+00
1.104668227085853216e+00
8.903810738635865585e-01
6.747515129451783222e-01
4.577357230497459684e-01
2.392877089611316066e-01
1.935925305153255935e-02
-2.021001347089929900e-01
-4.251432680989223889e-01
-6.498253371713567095e-01
-8.762039617588840423e-01
-1.104339245728743757e+00
-1.334293831717561440e+00
-1.566132956035358959e+00
-1.799924503373651730e+00
-2.035739060893326791e+00
-2.273649971199637854e+00
-2.513733383634691787e+00
-2.756068303231161920e+00
-3.000736636574782956e+00
-3.247823233715939395e+00
-3.497415925152441041e+00
-3.749605552775489237e+00
-4.004485993528350996e+00
-4.262154174372542847e+00
-4.522710076989012506e+00
-4.786256730462703501e+00
-5.052900190009549597e+00
-5.322749499605763823e+00
-5.595916636177097558e+00
-5.872516432797119101e+00
-6.152666478144567463e+00
-6.436486989278691340e+00
-6.724100654624291629e+00
-7.015632443925552408e+00
-7.311209381848178701e+00
-7.610960281903426328e+00
-7.915015437464813175e+00
-8.223506266880148630e+00
-8.536564910090769231e+00
-8.854323774804337077e+00
-9.176915031182293347e+00
-9.504470055261126760e+00
-9.837118822994609602e+00
-1.017498925895121786e+01
-1.051820654639086072e+01
-1.086689240873249318e+01
-1.122116437634606889e+01
-1.158113505715812686e+01
-1.194691143468872241e+01
-1.231859422275373284e+01
-1.269627731193892295e+01
-1.308004734879910558e+01
-1.346998349413290619e+01
-1.386615741109694611e+01
-1.426863353669444834e+01
-1.467746969055855999e+01
-1.509271807213916183e+01
-1.551442669060715929e+01
-1.594264126028513751e+01
-1.637740757767327082e+01
-1.681877437389600871e+01
-1.726679660878888711e+01
-1.772153914046476331e+01
-1.818308066820607394e+01
-1.865151780866632691e+01
-1.912696912800418048e+01
-1.960957891870139491e+01
-2.009952048298404037e+01
-2.059699866902095877e+01
-2.110225140572130798e+01
-2.161555000129111193e+01
-2.213719801348903715e+01
-2.266752856831454466e+01
-2.320690009914936169e+01
-2.375569059762721125e+01
-2.431429060421734079e+01
-2.488309530952565751e+01
-2.546249627097535750e+01
-2.605287335410677940e+01
-2.665458756416068198e+01
-2.726797542319290812e+01
-2.789334546413077476e+01
-2.853097725754718539e+01
-2.918112317727214133e+01
-2.984401287496212518e+01
-3.051986020525083276e+01
-3.120887215430228778e+01
-3.191125919928884613e+01
-3.262724647536413869e+01
-3.335708514690587378e+01
-3.410106345627247038e+01
-3.485951703429500270e+01
-3.563283817897916350e+01
-3.642148392229871945e+01
-3.722598279476122229e+01
-3.804694025464015539e+01
-3.888504276920747316e+01
-3.974106051729885536e+01
-4.061584865024173041e+01
-4.151034691981831060e+01
-4.242557726814175822e+01
-4.336263899462879579e+01
-4.432270074275987781e+01
-4.530698828309845538e+01
-4.631676673297267399e+01
-4.735331543368160112e+01
-4.841789321913396549e+01
-4.951169127162197015e+01
-5.063577021749253504e+01
-5.179097766312818862e+01
-5.297784218014208335e+01
-5.419644009406644614e+01
-5.544623272209215514e+01
-5.672587448693539613e+01
-5.803299722272507921e+01
-5.936398348758313404e+01
-6.071375182125429149e+01
-6.207558859420192476e+01
-6.344107167434229666e+01
-6.480013595663866965e+01
-6.614132410801015283e+01
-6.745224320647839988e+01
-6.872020969935391577e+01
-6.993301925949440090e+01
-7.107973931994527561e+01
-7.215140583673640151e+01
-7.314152059012546658e+01
-7.404628725999546646e+01
-7.486457902094666395e+01
-7.559767947984508396e+01
-7.624886927053219665e+01
-7.682293861333269547e+01
-7.732569597180068399e+01
-7.776352292375396758e+01
-7.814300351533097455e+01
-7.847063794543871040e+01
-7.875263758886192988e+01
-7.899479101878206677e+01
-7.920238762914613062e+01
-7.938018522804881627e+01
-7.953240932664193963e+01
-7.966277389186241464e+01
-7.977451550908575939e+01
-7.987043490986222594e+01
-7.995294152544579447e+01
-8.002409809452237255e+01
-8.008566340299559272e+01
-8.013913200906848999e+01
-8.018577035967719269e+01
-8.022664908405349138e+01
-8.026267149989790539e+01
-8.029459852261770436e+01
-8.032307025597420136e+01
-8.034862458427927834e+01
-8.037171309748447356e+01
-8.039271467226613765e+01
-8.041194701241758480e+01
-8.042967642588911303e+01
-8.044612608730395209e+01
-8.046148300602385461e+01
-8.047590389230649066e+01
-8.048952008853625273e+01
-8.050244170939065214e+01
-8.051476111418298842e+01
-8.052655581649965200e+01
-8.053789092046385178e+01
-8.054882115931117426e+01
-8.055939260024454995e+01
-8.056964406952158697e+01
-8.057960834319729315e+01
-8.058931314171073268e+01
-8.059878196038476972e+01
-8.060803476273660806e+01
-8.061708855913946081e+01
-8.062595788971567856e+01
-8.063465522725580570e+01
-8.064319131337870772e+01
-8.065157543897693415e+01
-8.065981567817532039e+01
-8.066791908351481766e+01
-8.067589184879399511e+01
-8.068373944494621242e+01
-8.069146673343018961e+01
-8.069907806087793745e+01
-8.070657733811849255e+01
-8.071396810618017525e+01
-8.072125359143890933e+01
-8.072843675172086364e+01
-8.073552031486725866e+01
-8.074250681101642613e+01
-8.074939859964972300e+01
-8.075619789227356193e+01
-8.076290677146141661e+01
-8.076952720686499276e+01
-8.077606106869447444e+01
-8.078251013908777622e+01
-8.078887612172250954e+01
-8.079516064995489444e+01
-8.080136529373406518e+01
-8.080749156549025258e+01
-8.081354092516527032e+01
-8.081951478452614879e+01
-8.082541451087843143e+01
-8.083124143027534103e+01
-8.083699683030494043e+01
-8.084268196252072869e+01
-8.084829804457554303e+01
-8.085384626210048964e+01
-8.085932777037335484e+01
-8.086474369580483312e+01
-8.087009513727278431e+01
-8.087538316732498345e+01
-8.088060883327082706e+01
-8.088577315817866520e+01
-8.089087714178796773e+01
-8.089592176135393231e+01
-8.090090797242868348e+01
-8.090583670958812945e+01
-8.091070888711379894e+01
-8.091552539963095114e+01
-8.092028712271110180e+01
-8.092499491344239004e+01
-8.092964961096905085e+01
-8.093425203700621751e+01
-8.093880299632934339e+01
-8.094330327724259178e+01
-8.094775365202752937e+01
-8.095215487737354465e+01
-8.095650769478945108e+01
-8.096081283100325265e+01
-8.096507099834282428e+01
-8.096928289510618981e+01
-8.097344920591741868e+01
-8.097757060207000279e+01
-8.098164774186018633e+01
-8.098568127090889845e+01
-8.098967182247156416e+01
-8.099362001774085229e+01
-8.099752646613806917e+01
-8.100139176559696352e+01
-8.100521650283754127e+01
-8.100900125363227744e+01
-8.101274658306472531e+01
-8.101645304578079276e+01
-8.102012118623063941e+01
-8.102375153890642423e+01
-8.102734462857173980e+01
-8.103090097048412588e+01
-8.103442107061258071e+01
-8.103790542584781065e+01
-8.104135452420712227e+01
-8.104476884503417011e+01
-8.104814885919188328e+01
-8.105149502925183924e+01
-8.105480780967623389e+01
-8.105808764699841618e+01
-8.106133497999417159e+01
-8.106455023985208186e+01
-8.106773385033775980e+01
-8.107088622795394883e+01
-8.107400778209600389e+01
-8.107709891520434553e+01
-8.108016002291238067e+01
-8.108319149419037331e+01
-8.108619371148533617e+01
-8.108916705085894705e+01
-8.109211188211979504e+01
-8.109502856895382195e+01
-8.109791746905105470e+01
-8.110077893422864292e+01
-8.110361331055153755e+01
-8.110642093845012823e+01
-8.110920215283371704e+01
-8.111195728320329579e+01
-8.111468665375977594e+01
-8.111739058351099629e+01
-8.112006938637395592e+01
-8.112272337127778599e+01
-8.112535284226089516e+01
-8.112795809856815765e+01
-8.113053943474510277e+01
-8.113309714072933332e+01
-8.113563150193986928e+01
-8.113814279936561036e+01
-8.114063130965016057e+01
-8.114063106850431950e+01
