-8.150505187520049333e+01
-8.154554287993566675e+01
-8.157799488453461834e+01
-8.160256438877318885e+01
-8.162218256819113549e+01
-8.163711229784681223e+01
-8.164963317828463119e+01
-8.165893947504680739e+01
-8.166635838859343721e+01
-8.167278567343801399e+01
-8.167744492442389515e+01
-8.168053525938118753e+01
-8.168416771553444278e+01
-8.168649659802518670e+01
-8.168905103734817885e+01
-8.169004670146118485e+01
-8.169136225445916466e+01
-8.169190199639118077e+01
-8.169202323494802442e+01
-8.169354033227254774e+01
-8.169446738204646863e+01
-8.169432865349131134e+01
-8.169428291957429167e+01
-8.169430433412711068e+01
-8.169539369086336933e+01
-8.169584301657202730e+01
-8.169618493126861836e+01
-8.169566253122967225e+01
-8.169630086568864158e+01
-8.169492082992530868e+01
-8.169449523422333925e+01
-8.169462849212939659e+01
-8.169563334679109801e+01
-8.169568665707909361e+01
-8.169596372300389930e+01
-8.169525889604302904e+01
-8.169554354852985512e+01
-8.169572585127920661e+01
-8.169534181591092192e+01
-8.169532270061726820e+01
-8.169599395201571213e+01
-8.169636957513989728e+01
-8.169623961401907764e+01
-8.169476099650492529e+01
-8.169438020133983969e+01
-8.169436611062042175e+01
-8.169594160477299738e+01
-8.169619516923195590e+01
-8.169528556517187212e+01
-8.169648897209364691e+01
-8.169502432152329163e+01
-8.169561293073617492e+01
-8.169317909584925985e+01
-8.169628404791528453e+01
-8.155765638916854243e+01
-8.363499643869617728e+01
-5.767225239769283718e+01
1.592271525689056233e+01
2.197974155203049307e+01
2.090382891379615060e+01
2.026305677315632536e+01
2.017426771373910555e+01
2.028597345903084559e+01
2.050219084995326568e+01
2.079461147564517987e+01
2.113392085953811517e+01
2.149444600866891975e+01
2.185597955571731177e+01
2.220280329552240417e+01
2.252223254020678311e+01
2.280357515957526715e+01
2.303794815618847736e+01
2.321438325666380464e+01
2.331817899068552080e+01
2.333266706079332309e+01
2.323950591456745940e+01
2.302401716082506766e+01
2.269660246349300436e+01
2.230602280981923258e+01
2.190967812033505169e+01
2.154023435081528959e+01
2.120573443444972028e+01
2.090380843052844284e+01
2.063021843294917446e+01
2.038143854126975185e+01
2.015481887990745236e+01
1.994821272993508643e+01
1.975967773758765489e+01
1.958734383562929438e+01
1.942939165540781588e+01
1.928407166994341893e+01
1.914973271993053672e+01
1.902485073002803873e+01
1.890804402068728862e+01
1.879807396546705078e+01
1.869384060129193870e+01
1.859437855641952808e+01
1.849885418042731544e+01
1.840655580758104293e+01
1.831687314201522909e+01
1.822927783145216907e+01
1.814331112588092410e+01
1.805857504685662107e+01
1.797472445958988985e+01
1.789145967025048378e+01
1.780851974443085339e+01
1.772567668017274300e+01
1.764273044066562690e+01
1.755950477428684664e+01
1.747584372020657995e+01
1.739160869575791679e+01
1.730667607145139542e+01
1.722093515243330586e+01
1.713428649776075119e+01
1.704664051994581087e+01
1.695791631665766630e+01
1.686804069441960152e+01
1.677694735082663868e+01
1.668457618743166648e+01
1.659087273017691189e+01
1.649578763821462601e+01
1.639927628528777603e+01
1.630129840061720969e+01
1.620181775855948203e+01
1.610080190822090884e+01
1.599822193580931007e+01
1.589405225382129672e+01
1.578827041225018313e+01
1.568085692789275676e+01
1.557179512856453130e+01
1.546107100963668657e+01
1.534867310079341429e+01
1.523459234131065188e+01
1.511882196248004817e+01
1.500135737606559161e+01
1.488219606789217053e+01
1.476133749583760846e+01
1.463878299163650887e+01
1.451453566601607292e+01
1.438860031677086226e+01
1.426098333945595975e+01
1.413169264043238016e+01
1.400073755204488357e+01
1.386812874974669718e+01
1.373387817101527375e+01
1.359799893592531639e+01
1.346050526926359048e+01
1.332141242408582293e+01
1.318073660662795277e+01
1.303849490249497656e+01
1.289470520405957110e+01
1.274938613901150397e+01
1.260255700000609558e+01
1.245423767536732207e+01
1.230444858080832127e+01
1.215321059213857602e+01
1.200054497893384742e+01
1.184647333915185996e+01
1.169101753468285132e+01
1.153419962783107700e+01
1.137604181872966258e+01
1.121656638369699266e+01
1.105579561454952930e+01
1.089375175889072267e+01
1.073045696140129301e+01
1.056593320615986009e+01
1.040020226002779147e+01
1.023328561713302953e+01
1.006520444449103557e+01
9.895979528800452840e+00
9.725631224450406620e+00
9.554179402774243712e+00
9.381643402581062219e+00
9.208041981990970015e+00
9.033393271593732621e+00
8.857714728943284044e+00
8.681023094391399297e+00
8.503334348254401931e+00
8.324663669296791468e+00
8.145025394502866334e+00
7.964432980096946224e+00
7.782898963756113453e+00
7.600434927944909269e+00
7.417051464280094208e+00
7.232758138810572390e+00
7.047563458068976772e+00
6.861474835718474274e+00
6.674498559584535862e+00
6.486639758826909130e+00
6.297902370982672693e+00
6.108289108600991391e+00
5.917801425206773658e+00
5.726439480381880998e+00
5.534202103842362774e+00
5.341086758521025324e+00
5.147089502820390905e+00
4.952204952365324431e+00
4.756426241725626447e+00
4.559744986667390698e+00
4.362151247502177753e+00
4.163633494024212567e+00
3.964178572363818986e+00
3.763771673865478284e+00
3.562396305857406631e+00
3.360034263956718448e+00
3.156665605383285111e+00
2.952268622656007757e+00
2.746819817021814103e+00
2.540293871010003812e+00
2.332663619595305438e+00
2.123900019567351194e+00
1.913972116826851755e+00
1.702847011440056901e+00
1.490489820376990959e+00
1.276863637931029860e+00
1.061929493868250418e+00
8.456463093885887572e-01
6.279708510013255474e-01
4.088576824298366663e-01
1.882591146691956763e-01
-3.387484567158918769e-02
-2.575965496005507838e-01
-4.829607603901811541e-01
-7.100247094648255430e-01
-9.388481533256723965e-01
-1.169493431278599838e+00
-1.402025523690778375e+00
-1.636512110455440538e+00
-1.873023629290205383e+00
-2.111633333432498372e+00
-2.352417348225487537e+00
-2.595454726009303492e+00
-2.840827498643978100e+00
-3.088620726893195556e+00
-3.338922545789237084e+00
-3.591824204981074686e+00
-3.847420102936883080e+00
-4.105807813730995903e+00
-4.367088104992437714e+00
-4.631364945429218949e+00
-4.898745500170326395e+00
-5.169340111988309339e+00
-5.443262266283638517e+00
-5.720628537530576985e+00
-6.001558514709445014e+00
-6.286174703092718197e+00
-6.574602399616896520e+00
-6.866969538976585241e+00
-7.163406507536211443e+00
-7.464045922189045612e+00
-7.769022371433544016e+00
-8.078472116213703202e+00
-8.392532748528438447e+00
-8.711342806502146985e+00
-9.035041345585202777e+00
-9.363767466881864010e+00
-9.697659805359624130e+00
-1.003685598294611658e+01
-1.038149203435422585e+01
-1.073170181694458769e+01
-1.108761642008842863e+01
-1.144936359436537998e+01
-1.181706722646660701e+01
-1.219084689179915770e+01
-1.257081752331217039e+01
-1.295708924170755516e+01
-1.334976739854234573e+01
-1.374895288922296821e+01
-1.415474279684493730e+01
-1.456723142941549298e+01
-1.498651181128076892e+01
-1.541267768356438594e+01
-1.584582605712368419e+01
-1.628606034405690295e+01
-1.673349406949315465e+01
-1.718825513403018590e+01
-1.765049055912673737e+01
-1.812037160411976089e+01
-1.859809909616432577e+01
-1.908390876557222882e+01
-1.957807633125555924e+01
-2.008092203695825972e+01
-2.059281430216840647e+01
-2.111417212732592219e+01
-2.164546588913686875e+01
-2.218721618886895186e+01
-2.273999048527301881e+01
-2.330439736189135047e+01
-2.388107844932660129e+01
-2.447069824050441156e+01
-2.507393229092555842e+01
-2.569145456094672753e+01
-2.632392489774890265e+01
-2.697197782317364556e+01
-2.763621384247636925e+01
-2.831719438487709439e+01
-2.901544122441682916e+01
-2.973144083774284141e+01
-3.046565369189903549e+01
-3.121852799442666893e+01
-3.199051705516750133e+01
-3.278209916251741163e+01
-3.359379879304943728e+01
-3.442620804137510504e+01
-3.528000733582873494e+01
-3.615598473935281731e+01
-3.705505336615212286e+01
-3.797826662137942577e+01
-3.892683105366599960e+01
-3.990211657721518890e+01
-4.090566369204106678e+01
-4.193918695274957287e+01
-4.300457344993785114e+01
-4.410387456259082484e+01
-4.523928814409070753e+01
-4.641312707807479399e+01
-4.762776850213762003e+01
-4.888557593980394955e+01
-5.018878416242309726e+01
-5.153933404303398191e+01
-5.293864251838535750e+01
-5.438729218568949619e+01
-5.588462807727459136e+01
-5.742825896747724101e+01
-5.901348125219511331e+01
-6.063267855426071407e+01
-6.227479935134331868e+01
-6.392506826884268634e+01
-6.556512001266463585e+01
-6.717372214507383887e+01
-6.872814424000239342e+01
-7.020604430397669660e+01
-7.158754455433550845e+01
-7.285705849259052513e+01
-7.400448039737146644e+01
-7.502554141655218700e+01
-7.592137865313658551e+01
-7.669754677078685745e+01
-7.736276934248022030e+01
-7.792769104564536065e+01
-7.840380188417420015e+01
-7.880261041922013021e+01
-7.913507265039085325e+01
-7.941124316573667841e+01
-7.964009960598114901e+01
-7.982949112429535887e+01
-7.998616856679598186e+01
-8.011586350470241769e+01
-8.022339233229612887e+01
-8.031276926830138052e+01
-8.038731798347727420e+01
-8.044977585339580628e+01
-8.050238778501446291e+01
-8.054698849648748649e+01
-8.058507331925301287e+01
-8.061785826666663013e+01
-8.064633044796291017e+01
-8.067129002570170826e+01
-8.069338490586329726e+01
-8.071313926991744836e+01
-8.073097694428972204e+01
-8.074724047723904619e+01
-8.076220666945931725e+01
-8.077609918981802650e+01
-8.078909880491394802e+01
-8.080135166157892002e+01
-8.081297598480233546e+01
-8.082406748880920588e+01
-8.083470374490414656e+01
-8.084494770476791814e+01
-8.085485054086602474e+01
-8.086445393521844949e+01
-8.087379192291795960e+01
-8.088289237651213170e+01
-8.089177820088326598e+01
-8.090046829486344393e+01
-8.090897832499315712e+01
-8.091732134803118015e+01
-8.092550831174433768e+01
-8.093354845775942863e+01
-8.094144964563348310e+01
-8.094921861356861825e+01
-8.095686118818441912e+01
-8.096438245333555983e+01
-8.097178688600871510e+01
-8.097907846576110558e+01
-8.098626076289424702e+01
-8.099333700954007043e+01
-8.100031015701459580e+01
-8.100718292213635152e+01
-8.101395782467686502e+01
-8.102063721768205085e+01
-8.102722331206678064e+01
-8.103371819660014808e+01
-8.104012385418609199e+01
-8.104644217516475635e+01
-8.105267496821279849e+01
-8.105882396931242795e+01
-8.106489084916141508e+01
-8.107087721932641955e+01
-8.107678463738277230e+01
-8.108261461123163372e+01
-8.108836860275367542e+01
-8.109404803092076008e+01
-8.109965427447158959e+01
-8.110518867422624112e+01
-8.111065253510999185e+01
-8.111604712793588590e+01
-8.112137369098850570e+01
-8.112663343144355110e+01
-8.113182752665197484e+01
-8.113695712530775950e+01
-8.114202334851992759e+01
-8.114702729080322285e+01
-8.115197002099759516e+01
-8.115685258312745987e+01
-8.116167599720920123e+01
-8.116644126001229154e+01
-8.117114934577882934e+01
-8.117580120690823264e+01
-8.118039777460874973e+01
-8.118493995951862985e+01
-8.118942865230283701e+01
-8.119386472422175416e+01
-8.119824902768016273e+01
-8.120258239675317213e+01
-8.120686564769300730e+01
-8.121109957941715152e+01
-8.121528497397889623e+01
-8.121942259702197475e+01
-8.122351319821883919e+01
-8.122755751169466976e+01
-8.123155625643623523e+01
-8.123551013668924270e+01
-8.123941984234062375e+01
-8.124328604928945197e+01
-8.124710941980617918e+01
-8.125089060288047449e+01
-8.125463023455762368e+01
-8.125832893826506620e+01
-8.126198732512874301e+01
-8.126560599427948262e+01
-8.126918553315051952e+01
-8.127272651776510770e+01
-8.127622951301731291e+01
-8.127969507294157836e+01
-8.128312374097755821e+01
-8.128651605022449189e+01
-8.128987252368952454e+01
-8.129319367452822576e+01
-8.129648000627884130e+01
-8.129973201308892783e+01
-8.130295017993498163e+01
-8.130613498283845786e+01
-8.130928688907192736e+01
-8.131240635736288880e+01
-8.131549383808879838e+01
-8.131854977346982594e+01
-8.132157459775309860e+01
-8.132456873739343450e+01
-8.132753261123046684e+01
-8.133046663065728410e+01
-8.133337119978844498e+01
-8.133624671562034791e+01
-8.133909356818901415e+01
-8.134191214072288290e+01
-8.134470280979296319e+01
-8.134746594545592302e+01
-8.135020191139656731e+01
-8.135291106506514325e+01
-8.135559375781070912e+01
-8.135825033501212999e+01
-8.136088113620456852e+01
-8.136348649520377307e+01
-8.136606674022524999e+01
-8.136862219400379104e+01
-8.137115317390602343e+01
-8.137365999204318712e+01
-8.137614295537905207e+01
-8.137860236583640017e+01
-8.138103852040106290e+01
-8.138345171122047361e+01
-8.138584222570436566e+01
-8.138821034661994247e+01
-8.139055635218437601e+01
-8.139288051615746156e+01
-8.139518310792978184e+01
-8.139746439260983379e+01
-8.139972463110851209e+01
-8.140196408022262631e+01
-8.140418299271499336e+01
-8.140638161739303769e+01
-8.140856019918655306e+01
-8.141071897922238065e+01
-8.141285819489817754e+01
-8.141497807995339997e+01
-8.141707886454011600e+01
-8.141916077529086238e+01
-8.142122403538586184e+01
-8.142326886461792412e+01
-8.142326867993268991e+01
