-8.145714712703851035e+01
-8.145982089491543832e+01
-8.146269279578535816e+01
-8.146310624973632741e+01
-8.146341025030851313e+01
-8.146432078854108738e+01
-8.146477475778577571e+01
-8.146517687801315333e+01
-8.146589438668991079e+01
-8.146547408238954802e+01
-8.146532347170077060e+01
-8.146620476813653511e+01
-8.146691341438940981e+01
-8.146670603295510205e+01
-8.146713539336164445e+01
-8.146632840227537997e+01
-8.146634661956652224e+01
-8.146752753114252243e+01
-8.146762041667011545e+01
-8.146700347850313051e+01
-8.146724255224640387e+01
-8.146771751625931302e+01
-8.146848438950219418e+01
-8.146762212672010151e+01
-8.146843517774578913e+01
-8.146696742803568725e+01
-8.146638946998957920e+01
-8.146648200120621652e+01
-8.146744201163508592e+01
-8.146774229468176998e+01
-8.146711949866471514e+01
-8.146707432132315319e+01
-8.146732246068829397e+01
-8.146690901781535388e+01
-8.146746040214618745e+01
-8.146765967905477623e+01
-8.146803713709626038e+01
-8.146656813447224010e+01
-8.146588745505376039e+01
-8.146633600066003567e+01
-8.146760431388041468e+01
-8.146718445172845691e+01
-8.146748684678934183e+01
-8.146661894273390203e+01
-8.146715593740670158e+01
-8.146193591246748156e+01
-8.146984330505684113e+01
-8.128477943604316636e+01
-7.995085975872859763e+01
3.376717363075272260e+01
3.012235320773142533e+01
2.520132436605822690e+01
2.275784935449469870e+01
2.148576795486978597e+01
2.090668204707026945e+01
2.075872718412041706e+01
2.087286323398829779e+01
2.113666219177788719e+01
2.147760186015090156e+01
2.184838632556097693e+01
2.221890799088244606e+01
2.256992856992313534e+01
2.289038182121952048e+01
2.316838641315408864e+01
2.339516091189177871e+01
2.356275651392994419e+01
2.365774838965064930e+01
2.366358859315031182e+01
2.356195018214356907e+01
2.333963250217104246e+01
2.300736362676254743e+01
2.261143423514307216e+01
2.220825172021235616e+01
2.183102188424376777e+01
2.148847168022352960e+01
2.117849026601450646e+01
2.089684001927843582e+01
2.063993757497870973e+01
2.040510256967405667e+01
2.019020276062269659e+01
1.999334654608644612e+01
1.981273063376421817e+01
1.964659631805696094e+01
1.949324256890318097e+01
1.935105589297205952e+01
1.921853439499716387e+01
1.909430523901066223e+01
1.897713852256325140e+01
1.886595216205394365e+01
1.875980101638121056e+01
1.865785953787474227e+01
1.855940771626773866e+01
1.846381958638176712e+01
1.837055224984998958e+01
1.827913521541088215e+01
1.818916044842266189e+01
1.810027341905487219e+01
1.801216525381996192e+01
1.792456596903373622e+01
1.783723869978922494e+01
1.774997481282920475e+01
1.766258978796637535e+01
1.757491975905860571e+01
1.748681861597191656e+01
1.739815558054156952e+01
1.730881318093207000e+01
1.721868555940300638e+01
1.712767705806800578e+01
1.703570103572041106e+01
1.694267887620735635e+01
1.684853915523172319e+01
1.675321693793767963e+01
1.665665318428838049e+01
1.655879424317264892e+01
1.645959141948170767e+01
1.635900060115621457e+01
1.625698193550858406e+01
1.615349954603630778e+01
1.604852128252759869e+01
1.594201849856806419e+01
1.583396585163769998e+01
1.572434112187215760e+01
1.561312504629277065e+01
1.550030116590292728e+01
1.538585568353706989e+01
1.526977733074438248e+01
1.515205724231178408e+01
1.503268883729353966e+01
1.491166770562542609e+01
1.478899149957289083e+01
1.466465982940169788e+01
1.453867416276811042e+01
1.441103772741577771e+01
1.428175541683777006e+01
1.415083369861832097e+01
1.401828052521412005e+01
1.388410524697238202e+01
1.374831852721103154e+01
1.361093225920946814e+01
1.347195948497912177e+01
1.333141431569678836e+01
1.318931185369744519e+01
1.304566811593546305e+01
1.290049995883064149e+01
1.275382500442606570e+01
1.260566156779185221e+01
1.245602858561599646e+01
1.230494554593124157e+01
1.215243241893306880e+01
1.199850958885099494e+01
1.184319778684182722e+01
1.168651802487993763e+01
1.152849153062641463e+01
1.136913968326496871e+01
1.120848395029961964e+01
1.104654582531481388e+01
1.088334676670537426e+01
1.071890813739011961e+01
1.055325114552877963e+01
1.038639678626762297e+01
1.021836578454601430e+01
1.004917853900000679e+01
9.878855067005787305e+00
9.707414950908697548e+00
9.534877285488139620e+00
9.361260626710693700e+00
9.186582941825435000e+00
9.010861560853941299e+00
8.834113129525295705e+00
8.656353563701188136e+00
8.477598005327486419e+00
8.297860779938451614e+00
8.117155355724490207e+00
7.935494304159048440e+00
7.752889262159326833e+00
7.569350895735895257e+00
7.384888865063228280e+00
7.199511790880533724e+00
7.013227222109021497e+00
6.826041604546110975e+00
6.637960250469439494e+00
6.448987308948860075e+00
6.259125736622588754e+00
6.068377268638648125e+00
5.876742389398850186e+00
5.684220302672320813e+00
5.490808900583437513e+00
5.296504730945772899e+00
5.101302962437656241e+00
4.905197347226138760e+00
4.708180180862304276e+00
4.510242259592139646e+00
4.311372835616353427e+00
4.111559571219223663e+00
3.910788492979919262e+00
3.709043947388320550e+00
3.506308559058783469e+00
3.302563192375024936e+00
3.097786916876374530e+00
2.891956976123791101e+00
2.685048759282914421e+00
2.477035774323590456e+00
2.267889621599963768e+00
2.057579966631625012e+00
1.846074511101705617e+00
1.633338961358664632e+00
1.419336993991017648e+00
1.204030218296151977e+00
9.873781356601265546e-01
7.693380960006096503e-01
5.498652515058527479e-01
3.289125079418525055e-01
1.064304738120205041e-01
-1.176325923481895269e-01
-3.433308362653715307e-01
-5.707208635375493611e-01
-7.998617962807618165e-01
-1.030815330520512108e+00
-1.263645794010053391e+00
-1.498420204120815002e+00
-1.735208325402050500e+00
-1.974082726347836436e+00
-2.215118834839406414e+00
-2.458394991649945016e+00
-2.703992501307021179e+00
-2.951995679504541670e+00
-3.202491896141168137e+00
-3.455571612934857040e+00
-3.711328414423471056e+00
-3.969859031008474926e+00
-4.231263352532478095e+00
-4.495644430702052219e+00
-4.763108468474872126e+00
-5.033764794327654002e+00
-5.307725819106249077e+00
-5.585106972936971559e+00
-5.866026619460552816e+00
-6.150605944429844207e+00
-6.438968815504251708e+00
-6.731241609895221245e+00
-7.027553006377153189e+00
-7.328033738097593286e+00
-7.632816302627829508e+00
-7.942034625818021887e+00
-8.255823676301087488e+00
-8.574319027971061047e+00
-8.897656368499612611e+00
-9.225970953009728248e+00
-9.559397003469296550e+00
-9.898067056271885988e+00
-1.024211126291251084e+01
-1.059165665171657267e+01
-1.094682636229048178e+01
-1.130773886877013545e+01
-1.167450721303514705e+01
-1.204723827476213138e+01
-1.242603211136395025e+01
-1.281098140725378798e+01
-1.320217107810458401e+01
-1.359967808137392353e+01
-1.400357148865137447e+01
-1.441391287762852791e+01
-1.483075710083836540e+01
-1.525415348383296354e+01
-1.568414749633036287e+01
-1.612078292531563406e+01
-1.656410455865043119e+01
-1.701416136129682855e+01
-1.747101009414719996e+01
-1.793471928861018583e+01
-1.840537345010887904e+01
-1.888307732275974971e+01
-1.936796000866693390e+01
-1.986017870207050606e+01
-2.035992177514874513e+01
-2.086741094312320755e+01
-2.138290224609167467e+01
-2.190668561811022386e+01
-2.243908287400596535e+01
-2.298044403306932537e+01
-2.353114201524634552e+01
-2.409156588483552497e+01
-2.466211296916052831e+01
-2.524318032970066028e+01
-2.583515619158248455e+01
-2.643841201982906952e+01
-2.705329595023416900e+01
-2.768012822219200331e+01
-2.831919912153827923e+01
-2.897076973528601940e+01
-2.963507557419555383e+01
-3.031233286878189404e+01
-3.100274712597289550e+01
-3.170652337652698094e+01
-3.242387746384387270e+01
-3.315504772402793776e+01
-3.390030647246705087e+01
-3.465997082215945824e+01
-3.543441248870569638e+01
-3.622406636325948881e+01
-3.702943773991642473e+01
-3.785110815625003511e+01
-3.868973983882769119e+01
-3.954607873724884826e+01
-4.042095609918661125e+01
-4.131528848293508105e+01
-4.223007573935301906e+01
-4.316639666939169473e+01
-4.412540169857583550e+01
-4.510830159317698218e+01
-4.611635095062905521e+01
-4.715082479257981163e+01
-4.821298611687671354e+01
-4.930404173597933237e+01
-5.042508318015593005e+01
-5.157700895335779734e+01
-5.276042414518217072e+01
-5.397551357111696291e+01
-5.522188561269668838e+01
-5.649838627807495328e+01
-5.780288732010928499e+01
-5.913205910203730298e+01
-6.048114848897967732e+01
-6.184379367122335935e+01
-6.321191926117442961e+01
-6.457576205847173867e+01
-6.592407482270286323e+01
-6.724453693858585268e+01
-6.852436561942060678e+01
-6.975107517190065209e+01
-7.091328840290515245e+01
-7.200148009960923901e+01
-7.300853918567293022e+01
-7.393007331710006724e+01
-7.476443458303980094e+01
-7.551249883340790348e+01
-7.617726821871788445e+01
-7.676338015668285664e+01
-7.727659892144812659e+01
-7.772334662314929687e+01
-7.811030734667123454e+01
-7.844411794231149315e+01
-7.873114433215953056e+01
-7.897733350211329650e+01
-7.918812745899847982e+01
-7.936842479994031407e+01
-7.952257678091815762e+01
-7.965440686665044723e+01
-7.976724504814090722e+01
-7.986397036904297408e+01
-7.994705694341554647e+01
-8.001862022894547977e+01
-8.008046145833058915e+01
-8.013410897349378104e+01
-8.018085580783873922e+01
-8.022179327432084506e+01
-8.025784058834204870e+01
-8.028977072273714555e+01
-8.031823278745159200e+01
-8.034377127181956268e+01
-8.036684249950502590e+01
-8.038782863733771933e+01
-8.040704957802465458e+01
-8.042477298888844928e+01
-8.044122278829834727e+01
-8.045658628078770391e+01
-8.047102015254655782e+01
-8.048465550186338646e+01
-8.049760205459985229e+01
-8.050995169300462351e+01
-8.052178140708163312e+01
-8.053315576113037366e+01
-8.054412895376813708e+01
-8.055474653748358094e+01
-8.056504685331937310e+01
-8.057506222739159796e+01
-8.058481996844426476e+01
-8.059434319928158175e+01
-8.060365154957730738e+01
-8.061276173305398629e+01
-8.062168802826083436e+01
-8.063044267899678630e+01
-8.063903622778562408e+01
-8.064747779358218338e+01
-8.065577530303498577e+01
-8.066393568307900352e+01
-8.067196502133772640e+01
-8.067986869973202602e+01
-8.068765150579042711e+01
-8.069531772540481995e+01
-8.070287122014903503e+01
-8.071031549175249609e+01
-8.071765373588681314e+01
-8.072488888706578791e+01
-8.073202365614721998e+01
-8.073906056168287648e+01
-8.074600195614959830e+01
-8.075285004792087307e+01
-8.075960691969305572e+01
-8.076627454396239614e+01
-8.077285479604340424e+01
-8.077934946504417724e+01
-8.078576026313527336e+01
-8.079208883340000114e+01
-8.079833675649892655e+01
-8.080450555634659793e+01
-8.081059670496331648e+01
-8.081661162663718301e+01
-8.082255170150958179e+01
-8.082841826867652912e+01
-8.083421262888657566e+01
-8.083993604689756296e+01
-8.084558975354646293e+01
-8.085117494758019063e+01
-8.085669279728026027e+01
-8.086214444191654138e+01
-8.086753099305401804e+01
-8.087285353573383873e+01
-8.087811312954963228e+01
-8.088331080963031638e+01
-8.088844758754498798e+01
-8.089352445213957310e+01
-8.089854237031379114e+01
-8.090350228774725849e+01
-8.090840512957889530e+01
-8.091325180104617232e+01
-8.091804318809059282e+01
-8.092278015792817314e+01
-8.092746355959455684e+01
-8.093209422446096823e+01
-8.093667296673069700e+01
-8.094120058390953432e+01
-8.094567785726059128e+01
-8.095010555223876736e+01
-8.095448441890879110e+01
-8.095881519234700363e+01
-8.096309859303093504e+01
-8.096733532721152926e+01
-8.097152608727601830e+01
-8.097567155209502232e+01
-8.097977238736197592e+01
-8.098382924591821563e+01
-8.098784276806934201e+01
-8.099181358189154878e+01
-8.099574230352769177e+01
-8.099962953747534300e+01
-8.100347587686553652e+01
-8.100728190373209259e+01
-8.101104818927559847e+01
-8.101477529411738487e+01
-8.101846376854604159e+01
-8.102211415275920103e+01
-8.102572697709513250e+01
-8.102930276226041428e+01
-8.103284201954959087e+01
-8.103634525106021158e+01
-8.103981294989917217e+01
-8.104324560038664060e+01
-8.104664367825236582e+01
-8.105000765082628789e+01
-8.105333797722556710e+01
-8.105663510853550235e+01
-8.105989948798602995e+01
-8.106313155112282232e+01
-8.106633172597432235e+01
-8.106950043321508304e+01
-8.107263808632214364e+01
-8.107574509173197441e+01
-8.107882184898849687e+01
-8.108186875088988188e+01
-8.108488618363122669e+01
-8.108787452694360809e+01
-8.109083415422831820e+01
-8.109376543268969328e+01
-8.109666872346362254e+01
-8.109954438174182201e+01
-8.110239275689531269e+01
-8.110521419259265485e+01
-8.110800902691566705e+01
-8.111077759247355345e+01
-8.111352021651350697e+01
-8.111623722102746115e+01
-8.111892892285818846e+01
-8.112159563380127736e+01
-8.112423766070541831e+01
-8.112685530557048708e+01
-8.112944886564223168e+01
-8.113201863350602139e+01
-8.113456489717718512e+01
-8.113708794018992876e+01
-8.113958804168481720e+01
-8.114206547649159518e+01
-8.114452051521379872e+01
-8.114695342430809433e+01
-8.114936446616380294e+01
-8.115175389917989435e+01
-8.115412197784009152e+01
-8.115646895278688078e+01
-8.115879507089285028e+01
-8.116110057533090583e+01
-8.116110036338410794e+01
