-8.145699468277575761e+01
-8.145953409270636314e+01
-8.146217221789449070e+01
-8.146285938442777308e+01
-8.146365036751693367e+01
-8.146385408440542619e+01
-8.146474580929333342e+01
-8.146475169712850573e+01
-8.146521874210067438e+01
-8.146576363773655771e+01
-8.146581753224062084e+01
-8.146543507241158011e+01
-8.146633713699603163e+01
-8.146641324916731719e+01
-8.146730468947981763e+01
-8.146672984783907623e+01
-8.146716168829787819e+01
-8.146655081818548183e+01
-8.146615401693067327e+01
-8.146724925002547479e+01
-8.146785489458943630e+01
-8.146699435498832997e+01
-8.146691660608826169e+01
-8.146713392338465098e+01
-8.146763423158297712e+01
-8.146811776917914472e+01
-8.146806755593757998e+01
-8.146790995787422673e+01
-8.146826804578738290e+01
-8.146681019916253774e+01
-8.146643485525028439e+01
-8.146648176909042149e+01
-8.146759605778458990e+01
-8.146774602644157426e+01
-8.146778983185909340e+01
-8.146721047549927164e+01
-8.146788737631410982e+01
-8.146757596764338416e+01
-8.146724468333769664e+01
-8.146773351867858537e+01
-8.146793153456168568e+01
-8.146846764309270839e+01
-8.146775582431176588e+01
-8.146651118117890178e+01
-8.146627230180234847e+01
-8.146689600753205696e+01
-8.146801372882885062e+01
-8.146807747070666039e+01
-8.146748991581728205e+01
-8.146809606776228918e+01
-8.146696371940176107e+01
-8.146673706446510721e+01
-8.146200528572008182e+01
-8.145947773782782519e+01
-8.127886934214069470e+01
-8.359791026944591863e+01
-4.431415209060649119e+01
1.604034486039483554e+01
2.257067402402148204e+01
2.456301313047655910e+01
2.512271373869092628e+01
2.553223718209492787e+01
2.592167290007578018e+01
2.628763356778034677e+01
2.662593212530260089e+01
2.691802747373421312e+01
2.713191896127737479e+01
2.721845126443382767e+01
2.710463530833953172e+01
2.670064229490340679e+01
2.599444721113459167e+01
2.517983365216869629e+01
2.448565970897393385e+01
2.397224350267459059e+01
2.360328383017902354e+01
2.333394454314219146e+01
2.313293696213745676e+01
2.298032025027682579e+01
2.286501546409669672e+01
2.277939411471239595e+01
2.271750082106811064e+01
2.267451992574352104e+01
2.264651358217523125e+01
2.263021340914638202e+01
2.262286667860191613e+01
2.262220810373210611e+01
2.262639361702077068e+01
2.263390184014923534e+01
2.264347944008263980e+01
2.265410470221428696e+01
2.266498559428777781e+01
2.267555355337144363e+01
2.268538319563969097e+01
2.269412926688447385e+01
2.270151679235328146e+01
2.270733671240369844e+01
2.271143573699286122e+01
2.271370511287544502e+01
2.271407076332127417e+01
2.271248527329869660e+01
2.270892154860545276e+01
2.270336784484873505e+01
2.269582388339374646e+01
2.268629782509918869e+01
2.267480392262355338e+01
2.266136071123985118e+01
2.264598962763874113e+01
2.262871396865793372e+01
2.260955811927757964e+01
2.258854699297214452e+01
2.256570563852106659e+01
2.254105897627964339e+01
2.251463163413587765e+01
2.248644785926184397e+01
2.245653148655374309e+01
2.242490594855416930e+01
2.239159431481634499e+01
2.235661935124213429e+01
2.232000359200633710e+01
2.228176941836030167e+01
2.224193913996215954e+01
2.220053507546506566e+01
2.215757962996248409e+01
2.211309536757738314e+01
2.206710507802684873e+01
2.201963183641792199e+01
2.197069905586231542e+01
2.192033053275097387e+01
2.186855048472035890e+01
2.181538358148488754e+01
2.176085496881211157e+01
2.170499028598866076e+01
2.164781567717022526e+01
2.158935779703717728e+01
2.152964381118956183e+01
2.146870139171591063e+01
2.140655870836427610e+01
2.134324441572972830e+01
2.127878763685685470e+01
2.121321794363446145e+01
2.114656533433892704e+01
2.107886020866139631e+01
2.101013334053044446e+01
2.094041584902151953e+01
2.086973916762240933e+01
2.079813501210611193e+01
2.072563534724180556e+01
2.065227235255940741e+01
2.057807838736622941e+01
2.050308595519999244e+01
2.042732766788942200e+01
2.035083620938140569e+01
2.027364429948256586e+01
2.019578465765416553e+01
2.011728996698819216e+01
2.003819283848653043e+01
1.995852577575599440e+01
1.987832114022553753e+01
1.979761111698524090e+01
1.971642768134094581e+01
1.963480256617167186e+01
1.955276723017271578e+01
1.947035282706000814e+01
1.938759017580757416e+01
1.930450973198394138e+01
1.922114156024759879e+01
1.913751530805722467e+01
1.905366018064581368e+01
1.896960491730367337e+01
1.888537776900906096e+01
1.880100647743913100e+01
1.871651825539027314e+01
1.863193976862856260e+01
1.854729711918801272e+01
1.846261583012699958e+01
1.837792083174840840e+01
1.829323644928364700e+01
1.820858639203489915e+01
1.812399374396461482e+01
1.803948095571736943e+01
1.795506983805245227e+01
1.787078155666222656e+01
1.778663662834614456e+01
1.770265491850713957e+01
1.761885563993117998e+01
1.753525735280983611e+01
1.745187796595990193e+01
1.736873473919306576e+01
1.728584428678493268e+01
1.720322258199088949e+01
1.712088496255431025e+01
1.703884613715094787e+01
1.695712019271252657e+01
1.687572060257098627e+01
1.679466023536503982e+01
1.671395136465020315e+01
1.663360567915342614e+01
1.655363429361380412e+01
1.647404776015195083e+01
1.639485608011123219e+01
1.631606871631459299e+01
1.623769460568412626e+01
1.615974217216890807e+01
1.608221933993151254e+01
1.600513354674359690e+01
1.592849175754341751e+01
1.585230047811068665e+01
1.577656576881581429e+01
1.570129325840342815e+01
1.562648815777147782e+01
1.555215527371121276e+01
1.547829902257377555e+01
1.540492344383332401e+01
1.533203221351723933e+01
1.525962865747816011e+01
1.518771576448351546e+01
1.511629619910080180e+01
1.504537231435942246e+01
1.497494616417169233e+01
1.490501951549788906e+01
1.483559386024190729e+01
1.476667042686610465e+01
1.469825019171596381e+01
1.463033389004646700e+01
1.456292202674379510e+01
1.449601488673791927e+01
1.442961254510244906e+01
1.436371487683947734e+01
1.429832156634887674e+01
1.423343211658245444e+01
1.416904585788357096e+01
1.410516195651509008e+01
1.404177942287864767e+01
1.397889711942882585e+01
1.391651376828675168e+01
1.385462795855870333e+01
1.379323815336510073e+01
1.373234269658587081e+01
1.367193981932884483e+01
1.361202764612843907e+01
1.355260420088129969e+01
1.349366741252645774e+01
1.343521512047765754e+01
1.337724507981557487e+01
1.331975496624754918e+01
1.326274238084294765e+01
1.320620485455164683e+01
1.315013985251373718e+01
1.309454477816849050e+01
1.303941697716967596e+01
1.298475374111533753e+01
1.293055231109954128e+01
1.287680988109310043e+01
1.282352360116101586e+01
1.277069058052328820e+01
1.271830789046609489e+01
1.266637256711051407e+01
1.261488161404411557e+01
1.256383200482330764e+01
1.251322068535130327e+01
1.246304457613823402e+01
1.241330057444889157e+01
1.236398555634364449e+01
1.231509637861788420e+01
1.226662988064506976e+01
1.221858288612800614e+01
1.217095220476342021e+01
1.212373463382388827e+01
1.207692695966178320e+01
1.203052595913886513e+01
1.198452840098600447e+01
1.193893104709622932e+01
1.189373065375451688e+01
1.184892397280864174e+01
1.180450775278280062e+01
1.176047873993855752e+01
1.171683367928468655e+01
1.167356931553953281e+01
1.163068239404801751e+01
1.158816966165589513e+01
1.154602786754336563e+01
1.150425376402048272e+01
1.146284410728627456e+01
1.142179565815355247e+01
1.138110518274115890e+01
1.134076945313531581e+01
1.130078524802201478e+01
1.126114935329163735e+01
1.122185856261739900e+01
1.118290967800878555e+01
1.114429951034161448e+01
1.110602487986548148e+01
1.106808261669002924e+01
1.103046956125085565e+01
1.099318256475623024e+01
1.095621848961536315e+01
1.091957420984929961e+01
1.088324661148502237e+01
1.084723259293357245e+01
1.081152906535318969e+01
1.077613295299754270e+01
1.074104119355031628e+01
1.070625073844631459e+01
1.067175855317965727e+01
1.063756161759983776e+01
1.060365692619592615e+01
1.057004148836920976e+01
1.053671232869515961e+01
1.050366648717451135e+01
1.047090101947450691e+01
1.043841299715984583e+01
1.040619950791454862e+01
1.037425765575430070e+01
1.034258456122988257e+01
1.031117736162215692e+01
1.028003321112837121e+01
1.024914928104043277e+01
1.021852275991514780e+01
1.018815085373690366e+01
1.015803078607263288e+01
1.012815979821952617e+01
1.009853514934553687e+01
1.006915411662305182e+01
1.004001399535561134e+01
1.001111209909796784e+01
9.982445759769742466e+00
9.954012327762677970e+00
9.925809172041686779e+00
9.897833680239717324e+00
9.870083258746834787e+00
9.842555332793310185e+00
9.815247346527172567e+00
9.788156763085945400e+00
9.761281064663204887e+00
9.734617752569397098e+00
9.708164347287752349e+00
9.681918388524794139e+00
9.655877435255904473e+00
9.630039065765982897e+00
9.604400877685110416e+00
9.578960488019538033e+00
9.553715533178051444e+00
9.528663668993637259e+00
9.503802570740857547e+00
9.479129933148618292e+00
9.454643470408841566e+00
9.430340916180783850e+00
9.406220023591298940e+00
9.382278565231054301e+00
9.358514333146770170e+00
9.334925138829612834e+00
9.311508813199790069e+00
9.288263206587453524e+00
9.265186188709966686e+00
9.242275648645700059e+00
9.219529494804229230e+00
9.196945654893283972e+00
9.174522075882300953e+00
9.152256723962871376e+00
9.130147584505875713e+00
9.108192662015682117e+00
9.086389980081367668e+00
9.064737581324891380e+00
9.043233527346508538e+00
9.021875898667419236e+00
9.000662794669780808e+00
8.979592333533908288e+00
8.958662652173089214e+00
8.937871906165950620e+00
8.917218269686198795e+00
8.896699935430271822e+00
8.876315114542615348e+00
8.856062036538691729e+00
8.835938949225909056e+00
8.815944118622622838e+00
8.796075828874851510e+00
8.776332382171327495e+00
8.756712098656477039e+00
8.737213316341803093e+00
8.717834391015195195e+00
8.698573696149008327e+00
8.679429622806088318e+00
8.660400579544518251e+00
8.641484992320728864e+00
8.622681304391232260e+00
8.603987976212909672e+00
8.585403485342075314e+00
8.566926326332133357e+00
8.548555010630156659e+00
8.530288066472149211e+00
8.512124038777336921e+00
8.494061489041415669e+00
8.476098995228563027e+00
8.458235151662856666e+00
8.440468568918475967e+00
8.422797873709249927e+00
8.405221708777245837e+00
8.387738732780727346e+00
8.370347620181332715e+00
8.353047061130650874e+00
8.335835761356030105e+00
8.318712442046006572e+00
8.301675839735059625e+00
8.284724706187885701e+00
8.267857808283281429e+00
8.251073927897568439e+00
8.234371861787668223e+00
8.217750421473827060e+00
8.201208433122017638e+00
8.184744737426219885e+00
8.168358189490154686e+00
8.152047658709335565e+00
8.135812028652399164e+00
8.119650196942837184e+00
8.103561075140216730e+00
8.087543588621599611e+00
8.071596676462871045e+00
8.055719291320022180e+00
8.039910399310551625e+00
8.024168979894909626e+00
8.008494025757912027e+00
7.992884542690486427e+00
7.977339549471412994e+00
7.961858077749265128e+00
7.946439171924581935e+00
7.931081889032231658e+00
7.915785298623982946e+00
7.900548482651446491e+00
7.885370535349244925e+00
7.870250563118456277e+00
7.855187684410426030e+00
7.840181029610956642e+00
7.825229740924855015e+00
7.810332972260832562e+00
7.795489889116898219e+00
7.780699668465981489e+00
7.765961498642312222e+00
7.751274579228025097e+00
7.736638120940212637e+00
7.722051345518664789e+00
7.707513485614041038e+00
7.693023784676396915e+00
7.678581496844467225e+00
7.664185886835428896e+00
7.649836229835123902e+00
7.635531811389000723e+00
7.621271927293541637e+00
7.607055883488293091e+00
7.592882995948589731e+00
7.578752590578750059e+00
7.564664003106016388e+00
7.550616578975030357e+00
7.536609673243115815e+00
7.522642650475971138e+00
7.508714884644239085e+00
7.494825759020665501e+00
7.480974666077815804e+00
7.467161007386676985e+00
7.453384193515828038e+00
7.439643643931264094e+00
7.425938786897090083e+00
7.412269059376685121e+00
7.398633906934747095e+00
7.385032783639957188e+00
7.371465151968487284e+00
7.357930482708027853e+00
7.344428254862739536e+00
7.330957955558758954e+00
7.317519079950629113e+00
7.304111131128159684e+00
7.290733620024490769e+00
7.277386065324346731e+00
7.264067993373444665e+00
7.250778938088480174e+00
7.237518440867838798e+00
7.224286050503073042e+00
7.211081323091161011e+00
7.197903821947460479e+00
7.184753117519406374e+00
7.171628787301020047e+00
7.158530415748025177e+00
7.145457594193853623e+00
7.132409920766303202e+00
7.119387000304996604e+00
7.106388444279494898e+00
7.093413870708271673e+00
7.080462904078266284e+00
7.067535175265327041e+00
7.054630321455309883e+00
7.041747986066005716e+00
7.028887818669531384e+00
7.016049474915820205e+00
7.003232616456569026e+00
6.990436910869977538e+00
6.977662031586286950e+00
6.964907657813967035e+00
6.952173474466598613e+00
6.939459172090508332e+00
6.926764446793142405e+00
6.914089000172049637e+00
6.914089686898829967e+00
