-8.145694609906843198e+01
-8.145944473514603601e+01
-8.146204908900767805e+01
-8.146270647269989240e+01
-8.146347119030504302e+01
-8.146365309459245907e+01
-8.146453004794199160e+01
-8.146452104828507856e+01
-8.146497432293298857e+01
-8.146551329990737145e+01
-8.146556223933598062e+01
-8.146517035747476143e+01
-8.146606599095019874e+01
-8.146613560139672927e+01
-8.146701788505957609e+01
-8.146644176819449967e+01
-8.146686801828721514e+01
-8.146625390580317116e+01
-8.146585071655364629e+01
-8.146693799048873075e+01
-8.146753616478015658e+01
-8.146667722420492908e+01
-8.146659265375939185e+01
-8.146680255641476265e+01
-8.146731952980418612e+01
-8.146780721795921920e+01
-8.146778012435268579e+01
-8.146761522375577158e+01
-8.146798445802059518e+01
-8.146652579651110671e+01
-8.146613676626159872e+01
-8.146617606099070485e+01
-8.146729794617333198e+01
-8.146744875173159528e+01
-8.146749730122030542e+01
-8.146690824404549858e+01
-8.146758576158238441e+01
-8.146728442530358905e+01
-8.146694599715617358e+01
-8.146742496604871064e+01
-8.146763231740305855e+01
-8.146815832576480432e+01
-8.146747183481393506e+01
-8.146621204061875687e+01
-8.146596080660614803e+01
-8.146656395608924583e+01
-8.146769796870364644e+01
-8.146777071316634533e+01
-8.146717185058990651e+01
-8.146780578811777218e+01
-8.146666338978448607e+01
-8.146646182267545555e+01
-8.146175237417180881e+01
-8.145973324182071451e+01
-8.128118008478632817e+01
-8.363680614251678946e+01
-4.499176329172049549e+01
1.608845801007242216e+01
2.318958163881753620e+01
2.539534422514011780e+01
2.605423591204020539e+01
2.650409021742207116e+01
2.689974838614687869e+01
2.725000195328989605e+01
2.755171345089519619e+01
2.777891842477445650e+01
2.788275263740596088e+01
2.778316368251791602e+01
2.736982293565989366e+01
2.659670218879232451e+01
2.566904277416910318e+01
2.488606894562138550e+01
2.433472966827165962e+01
2.396258591837258223e+01
2.370845668139590146e+01
2.353251537695383533e+01
2.341034976916558819e+01
2.332655673782437233e+01
2.327251501384260735e+01
2.324179185372999257e+01
2.322917350071746156e+01
2.323048382870419815e+01
2.324234058525727065e+01
2.326193059680368336e+01
2.328697234949218497e+01
2.331564825751292247e+01
2.334647913541664721e+01
2.337826159201688014e+01
2.341002601838079755e+01
2.344103231025077605e+01
2.347078107979526962e+01
2.349892721897698777e+01
2.352519551108976970e+01
2.354937258261313815e+01
2.357130762294082515e+01
2.359090321103613874e+01
2.360810380888894144e+01
2.362288559781512731e+01
2.363524831645914759e+01
2.364520890144279974e+01
2.365279657929193036e+01
2.365804909233080267e+01
2.366100980809073917e+01
2.366172552040726629e+01
2.366024479459674978e+01
2.365661674152685023e+01
2.365089012952741498e+01
2.364311276151507002e+01
2.363333105911786447e+01
2.362158980704368716e+01
2.360793202015822700e+01
2.359239890319192057e+01
2.357502987905196790e+01
2.355586266663238604e+01
2.353493339301093101e+01
2.351227672816406766e+01
2.348792603295482806e+01
2.346191351327191654e+01
2.343427037490484821e+01
2.340502697511115571e+01
2.337421296792942726e+01
2.334185744115944061e+01
2.330798904362179158e+01
2.327263610184549592e+01
2.323582672575219732e+01
2.319758890322501088e+01
2.315795058369205250e+01
2.311693975103400334e+01
2.307458448625220626e+01
2.303091302042214394e+01
2.298595377851557231e+01
2.293973541470245081e+01
2.289228683976159218e+01
2.284363724122435713e+01
2.279381609686404531e+01
2.274285318212496776e+01
2.269077857205847693e+01
2.263762263830539467e+01
2.258341604163187455e+01
2.252818972049651336e+01
2.247197487609142286e+01
2.241480295427120595e+01
2.235670562475249312e+01
2.229771475793776148e+01
2.223786239969098943e+01
2.217718074436574938e+01
2.211570210636440237e+01
2.205345889048399854e+01
2.199048356128538728e+01
2.192680861170310536e+01
2.186246653109677140e+01
2.179748977293042245e+01
2.173191072225118958e+01
2.166576166312638563e+01
2.159907474618687928e+01
2.153188195641319780e+01
2.146421508129191125e+01
2.139610567945908670e+01
2.132758504994211179e+01
2.125868420209908649e+01
2.118943382635133688e+01
2.111986426579462872e+01
2.105000548876884992e+01
2.097988706245966384e+01
2.090953812759687125e+01
2.083898737431118775e+01
2.076826301920068119e+01
2.069739278365585022e+01
2.062640387348283255e+01
2.055532295985969071e+01
2.048417616165453481e+01
2.041298902912791036e+01
2.034178652903504059e+01
2.027059303113969690e+01
2.019943229614338165e+01
2.012832746502969883e+01
2.005730104981691753e+01
1.998637492570745167e+01
1.991557032461709653e+01
1.984490783006280168e+01
1.977440737338202936e+01
1.970408823125358921e+01
1.963396902448489811e+01
1.956406771802736344e+01
1.949440162217731043e+01
1.942498739491872328e+01
1.935584104535819350e+01
1.928697793820377626e+01
1.921841279923362578e+01
1.915015972170161618e+01
1.908223217362412782e+01
1.901464300589159251e+01
1.894740446114751364e+01
1.888052818337793326e+01
1.881402522815307776e+01
1.874790607346447047e+01
1.868218063110051830e+01
1.861685825850424791e+01
1.855194777105866066e+01
1.848745745474495550e+01
1.842339507912294039e+01
1.835976791058060797e+01
1.829658272580605427e+01
1.823384582543320676e+01
1.817156304781711285e+01
1.810973978289535324e+01
1.804838098609542385e+01
1.798749119224937587e+01
1.792707452947931301e+01
1.786713473302076238e+01
1.780767515895145081e+01
1.774869879779753745e+01
1.769020828798923972e+01
1.763220592914262141e+01
1.757469369514437219e+01
1.751767324701951978e+01
1.746114594556500421e+01
1.740511286373225630e+01
1.734957479874476505e+01
1.729453228393995090e+01
1.723998560032300631e+01
1.718593478782609907e+01
1.713237965626497683e+01
1.707931979598761885e+01
1.702675458821142485e+01
1.697468321504609179e+01
1.692310466920053358e+01
1.687201776337414572e+01
1.682142113933278083e+01
1.677131327667147787e+01
1.672169250126646389e+01
1.667255699341993491e+01
1.662390479570212065e+01
1.657573382049467270e+01
1.652804185724159680e+01
1.648082657941302998e+01
1.643408555118865522e+01
1.638781623386667263e+01
1.634201599200642008e+01
1.629668209931032763e+01
1.625181174425439323e+01
1.620740203547329017e+01
1.616345000690832734e+01
1.611995262272647267e+01
1.607690678201734613e+01
1.603430932327658098e+01
1.599215702868314004e+01
1.595044662817803527e+01
1.590917480335269474e+01
1.586833819115328126e+01
1.582793338741015710e+01
1.578795695019754852e+01
1.574840540303244474e+01
1.570927523791847236e+01
1.567056291824177627e+01
1.563226488152566773e+01
1.559437754205005788e+01
1.555689729334198823e+01
1.551982051054357470e+01
1.548314355266225206e+01
1.544686276470982023e+01
1.541097447973490020e+01
1.537547502075447881e+01
1.534036070258901141e+01
1.530562783360614887e+01
1.527127271737757397e+01
1.523729165425303833e+01
1.520368094285597849e+01
1.517043688150470260e+01
1.513755576956262949e+01
1.510503390872158747e+01
1.507286760422111271e+01
1.504105316600758790e+01
1.500958690983559407e+01
1.497846515831514758e+01
1.494768424190708878e+01
1.491724049986939526e+01
1.488713028115707715e+01
1.485734994527787478e+01
1.482789586310600960e+01
1.479876441765607176e+01
1.476995200481920634e+01
1.474145503406321822e+01
1.471326992909874676e+01
1.468539312851281231e+01
1.465782108637157677e+01
1.463055027279359699e+01
1.460357717449535464e+01
1.457689829530989734e+01
1.455051015668014358e+01
1.452440929812816428e+01
1.449859227770093639e+01
1.447305567239460622e+01
1.444779607855694259e+01
1.442281011227040111e+01
1.439809440971514753e+01
1.437364562751425190e+01
1.434946044306055057e+01
1.432553555482707885e+01
1.430186768266077380e+01
1.427845356806059840e+01
1.425528997444085633e+01
1.423237368737969710e+01
1.420970151485363964e+01
1.418727028745899332e+01
1.416507685861996180e+01
1.414311810478431930e+01
1.412139092560704690e+01
1.409989224412228026e+01
1.407861900690379287e+01
1.405756818421480148e+01
1.403673677014698207e+01
1.401612178274915621e+01
1.399572026414635495e+01
1.397552928064883915e+01
1.395554592285197693e+01
1.393576730572696043e+01
1.391619056870271542e+01
1.389681287573920088e+01
1.387763141539230460e+01
1.385864340087075419e+01
1.383984607008507695e+01
1.382123668568873320e+01
1.380281253511205541e+01
1.378457093058869098e+01
1.376650920917508536e+01
1.374862473276299468e+01
1.373091488808527494e+01
1.371337708671533484e+01
1.369600876505997356e+01
1.367880738434611843e+01
1.366177043060166341e+01
1.364489541463021816e+01
1.362817987198031844e+01
1.361162136290906766e+01
1.359521747234024680e+01
1.357896580981727297e+01
1.356286400945107040e+01
1.354690972986287001e+01
1.353110065412226604e+01
1.351543448968046945e+01
1.349990896829915421e+01
1.348452184597471870e+01
1.346927090285835860e+01
1.345415394317200253e+01
1.343916879511996321e+01
1.342431331079704826e+01
1.340958536609246998e+01
1.339498286059050258e+01
1.338050371746713196e+01
1.336614588338370702e+01
1.335190732837693872e+01
1.333778604574588833e+01
1.332378005193563908e+01
1.330988738641833002e+01
1.329610611157101019e+01
1.328243431255085127e+01
1.326887009716754839e+01
1.325541159575349326e+01
1.324205696103111052e+01
1.322880436797808912e+01
1.321565201369028486e+01
1.320259811724232968e+01
1.318964091954647877e+01
1.317677868320918222e+01
1.316400969238592467e+01
1.315133225263432948e+01
1.313874469076533558e+01
1.312624535469320364e+01
1.311383261328341909e+01
1.310150485619967498e+01
1.308926049374914413e+01
1.307709795672679043e+01
1.306501569625815407e+01
1.305301218364122207e+01
1.304108591018729868e+01
1.302923538706083839e+01
1.301745914511823798e+01
1.300575573474617919e+01
1.299412372569879182e+01
1.298256170693452916e+01
1.297106828645213739e+01
1.295964209112630883e+01
1.294828176654259444e+01
1.293698597683217066e+01
1.292575340450610000e+01
1.291458275028926650e+01
1.290347273295411945e+01
1.289242208915431576e+01
1.288142957325802307e+01
1.287049395718145206e+01
1.285961403022199079e+01
1.284878859889171743e+01
1.283801648675077800e+01
1.282729653424090799e+01
1.281662759851929323e+01
1.280600855329238463e+01
1.279543828865017829e+01
1.278491571090076562e+01
1.277443974240506996e+01
1.276400932141234712e+01
1.275362340189549215e+01
1.274328095338748312e+01
1.273298096081783193e+01
1.272272242434986644e+01
1.271250435921835553e+01
1.270232579556785346e+01
1.269218577829171046e+01
1.268208336687157889e+01
1.267201763521783775e+01
1.266198767151054305e+01
1.265199257804120236e+01
1.264203147105527059e+01
1.263210348059553034e+01
1.262220775034624332e+01
1.261234343747806896e+01
1.260250971249406327e+01
1.259270575907613932e+01
1.258293077393302362e+01
1.257318396664863513e+01
1.256346455953157992e+01
1.255377178746566535e+01
1.254410489776141624e+01
1.253446315000832634e+01
1.252484581592840307e+01
1.251525217923063238e+01
1.250568153546639572e+01
1.249613319188605054e+01
1.248660646729644874e+01
1.247710069191970028e+01
1.246761520725282679e+01
1.245814936592850586e+01
1.244870253157719198e+01
1.243927407868994628e+01
1.242986339248262695e+01
1.242046986876112236e+01
1.241109291378782409e+01
1.240173194414887803e+01
1.239238638662312120e+01
1.238305567805166341e+01
1.237373926520885448e+01
1.236443660467435279e+01
1.235514716270640712e+01
1.234587041511613315e+01
1.233660584714307795e+01
1.232735295333189640e+01
1.231811123741026570e+01
1.230888021216777872e+01
1.229965939933618202e+01
1.229044832947063881e+01
1.228124654183221764e+01
1.227205358427162984e+01
1.226286901311383737e+01
1.225369239304413860e+01
1.224452329699524533e+01
1.223536130603547889e+01
1.222620600925827183e+01
1.221705700367252234e+01
1.220791389409449579e+01
1.219877629304052924e+01
1.218964382062097407e+01
1.218051610443534827e+01
1.217139277946850662e+01
1.216227348798795660e+01
1.215315787944245507e+01
1.214404561036133501e+01
1.213493634425534928e+01
1.212582975151837417e+01
1.211672550933035986e+01
1.210762330156116562e+01
1.209852281867567569e+01
1.208942375763996502e+01
1.208032582182837267e+01
1.207122872093187738e+01
1.206213217086728839e+01
1.205303589368775263e+01
1.204393961749411979e+01
1.203484307634735018e+01
1.202574601018201861e+01
1.201664816472083963e+01
1.200754929139019289e+01
1.199844914723666101e+01
1.198934749484456930e+01
1.198024410225445635e+01
1.197113874288268143e+01
1.196203119544186322e+01
1.195292124386232580e+01
1.194380867721467965e+01
1.193469328963300491e+01
1.192557488023925849e+01
1.191645325306859959e+01
1.190732821699561939e+01
1.189819958566130786e+01
1.188906717740127306e+01
1.187993081517458727e+01
1.187079032649365828e+01
1.186164554335499588e+01
1.185249630217089667e+01
1.184334244370169564e+01
1.183418381298943700e+01
1.183418428840641745e+01
