8.732288309106762644e-05
8.732469466969091732e-05
8.734241193226125594e-05
8.790711483902440893e-05
8.854141982187133651e-05
8.915776231849640058e-05
8.973493838222333045e-05
9.025541196874119372e-05
9.071532742811657659e-05
9.111947165315868757e-05
9.166226414458041266e-05
9.243388030588930103e-05
9.338774752061804261e-05
9.449377765294725013e-05
9.573821364013787203e-05
9.713086119355377965e-05
9.870654516988324953e-05
1.005267787208344581e-04
1.026862721431226656e-04
1.053292952693272793e-04
1.086802937772524125e-04
1.131036088703691396e-04
1.192148093698558865e-04
1.280760768085906275e-04
1.414494992579873355e-04
1.617227287197333405e-04
1.904811234092998636e-04
2.262487476391347035e-04
2.652648713237484770e-04
3.042772817422087061e-04
3.412367527611073238e-04
3.748458265574648946e-04
4.043632769705197386e-04
4.295768263296712280e-04
4.507062778598974078e-04
4.682319637014834110e-04
4.827304370836895081e-04
4.947634524240737425e-04
5.048228561272205886e-04
5.133140206656448259e-04
5.205592813760788777e-04
5.268096800210640262e-04
5.322587662781523392e-04
5.370549143548383969e-04
5.413120318409684033e-04
5.451175830841146477e-04
5.485391060886625004e-04
5.516289195880081427e-04
5.544279190315420805e-04
5.569684125016640362e-04
5.592759818304698189e-04
5.613712290497514584e-04
5.632708572840557483e-04
5.649885833377911492e-04
5.665358771521606480e-04
5.679223436571322666e-04
5.691561789795515809e-04
5.702445307370665158e-04
5.711937057536145166e-04
5.720092615946092062e-04
5.726962552722037999e-04
5.732592608233075130e-04
5.737025622371116212e-04
5.740300820365797909e-04
5.742455680546545592e-04
5.743525344134894602e-04
5.743543132332945642e-04
5.742541585466132917e-04
5.740551767312141547e-04
5.737603592341058772e-04
5.733725803497886778e-04
5.728946768726836695e-04
5.723294280084362034e-04
5.716794893418126891e-04
5.709474615943852535e-04
5.701359482121977134e-04
5.692475259084704654e-04
5.682846273474121464e-04
5.672496751880564281e-04
5.661450840071716563e-04
5.649732193338113939e-04
5.637363999045943682e-04
5.624369075291413885e-04
5.610769864432236338e-04
5.596588451158153151e-04
5.581846594737289698e-04
5.566565709831842275e-04
5.550766850037326065e-04
5.534470713637689408e-04
5.517697671476667030e-04
5.500467812375158666e-04
5.482800938637858324e-04
5.464716513899013075e-04
5.446233635491926420e-04
5.427371035705591974e-04
5.408147088621509738e-04
5.388579813740576553e-04
5.368686876273214264e-04
5.348485585544725165e-04
5.327992892614009978e-04
5.307225387708479954e-04
5.286199297766120677e-04
5.264930484218438480e-04
5.243434441079078152e-04
5.221726293373417892e-04
5.199820795932977692e-04
5.177732332572587953e-04
5.155474915663787365e-04
5.133062186114666515e-04
5.110507413762613608e-04
5.087823498182988350e-04
5.065022969913430140e-04
5.042117992090434150e-04
5.019120362491997969e-04
4.996041515977580651e-04
4.972892527314557061e-04
4.949684114378172283e-04
4.926426641710331166e-04
4.903130124421544367e-04
4.879804232418378444e-04
4.856458294938674090e-04
4.833101305375401744e-04
4.809741926369625947e-04
4.786388495152877937e-04
4.763049029118610403e-04
4.739731231602698348e-04
4.716442497852696837e-04
4.693189921165894928e-04
4.669980299176424636e-04
4.646820140271934224e-04
4.623715670121222540e-04
4.600672838294021317e-04
4.577697324955318551e-04
4.554794547617070860e-04
4.531969667930703534e-04
4.509227598504676792e-04
4.486573009732059769e-04
4.464010336613919491e-04
4.441543785565017820e-04
4.419177341189124198e-04
4.396914773012190313e-04
4.374759642162227022e-04
4.352715307985641061e-04
4.330784934590606035e-04
4.308971497308704615e-04
4.287277789066924576e-04
4.265706426662823638e-04
4.244259856936316187e-04
4.222940362832315522e-04
4.201750069349049696e-04
4.180690949367679449e-04
4.159764829359132951e-04
4.138973394965042444e-04
4.118318196449910745e-04
4.097800654022287683e-04
4.077422063023307961e-04
4.057183598981184761e-04
4.037086322530931601e-04
4.017131184198757875e-04
3.997319029051176007e-04
3.977650601209066364e-04
3.958126548227250126e-04
3.938747425340524775e-04
3.919513699577276220e-04
3.900425753742165370e-04
3.881483890269294291e-04
3.862688334947953135e-04
3.844039240522687429e-04
3.825536690169991836e-04
3.807180700853819927e-04
3.788971226562361889e-04
3.770908161428574074e-04
3.752991342736967072e-04
3.735220553819465256e-04
3.717595526842856421e-04
3.700115945490698669e-04
3.682781447542428127e-04
3.665591627352503767e-04
3.648546038232269471e-04
3.631644194737508407e-04
3.614885574864376886e-04
3.598269622156544242e-04
3.581795747726256810e-04
3.565463332192186138e-04
3.549271727536547501e-04
3.533220258884373793e-04
3.517308226207412959e-04
3.501534905955297700e-04
3.485899552616488145e-04
3.470401400211429663e-04
3.455039663720429230e-04
3.439813540448519061e-04
3.424722211329646652e-04
3.409764842172484877e-04
3.394940584849966570e-04
3.380248578434738018e-04
3.365687950282527925e-04
3.351257817065565552e-04
3.336957285757814209e-04
3.322785454574083319e-04
3.308741413864697964e-04
3.294824246967622693e-04
3.281033031019650213e-04
3.267366837728352246e-04
3.253824734106394484e-04
3.240405783169742729e-04
3.227109044601278107e-04
3.213933575381185278e-04
3.200878430385577320e-04
3.187942662954638268e-04
3.175125325431614161e-04
3.162425469673845781e-04
3.149842147537021040e-04
3.137374411333874904e-04
3.125021314268337010e-04
3.112781910846261057e-04
3.100655257263686278e-04
3.088640411773706522e-04
3.076736435032742739e-04
3.064942390427316640e-04
3.053257344381948390e-04
3.041680366649229480e-04
3.030210530582773875e-04
3.018846913393763562e-04
3.007588596391941207e-04
2.996434665211650597e-04
2.985384210023632814e-04
2.974436325733262852e-04
2.963590112165794227e-04
2.952844674239243146e-04
2.942199122125433732e-04
2.931652571399828797e-04
2.921204143180597748e-04
2.910852964257436065e-04
2.900598167210655153e-04
2.890438890520961065e-04
2.880374278670377462e-04
2.870403482234724804e-04
2.860525657968084035e-04
2.850739968879609600e-04
2.841045584303025719e-04
2.831441679959246106e-04
2.821927438012402289e-04
2.812502047119588974e-04
2.803164702474633284e-04
2.793914605846268434e-04
2.784750965610884228e-04
2.775672996780181802e-04
2.766679921024002044e-04
2.757770966688535851e-04
2.748945368810179154e-04
2.740202369125234352e-04
2.731541216075760131e-04
2.722961164811609218e-04
2.714461477189040062e-04
2.706041421765973992e-04
2.697700273794065903e-04
2.689437315207876870e-04
2.681251834611178509e-04
2.673143127260653625e-04
2.665110495047043012e-04
2.657153246473997017e-04
2.649270696634684953e-04
2.641462167186265936e-04
2.633726986322486763e-04
2.626064488744363993e-04
2.618474015629193119e-04
2.610954914597872338e-04
2.603506539680768613e-04
2.596128251282146630e-04
2.588819416143219184e-04
2.581579407304078672e-04
2.574407604064377964e-04
2.567303391942981272e-04
2.560266162636651169e-04
2.553295313977769045e-04
2.546390249891257039e-04
2.539550380350724234e-04
2.532775121333862033e-04
2.526063894777247029e-04
2.519416128530485750e-04
2.512831256309895926e-04
2.506308717651650514e-04
2.499847957864515706e-04
2.493448427982201867e-04
2.487109584715352893e-04
2.480830890403274824e-04
2.474611812965402612e-04
2.468451825852511030e-04
2.462350407997786791e-04
2.456307043767787918e-04
2.450321222913192233e-04
2.444392440519575663e-04
2.438520196958063422e-04
2.432703997836006945e-04
2.426943353947650793e-04
2.421237781224838583e-04
2.415586800687764466e-04
2.409989938395815665e-04
2.404446725398485499e-04
2.398956697686473150e-04
2.393519396142868819e-04
2.388134366494478464e-04
2.382801159263402255e-04
2.377519329718732273e-04
2.372288437828487669e-04
2.367108048211761769e-04
2.361977730091125327e-04
2.356897057245238493e-04
2.351865607961738428e-04
2.346882964990390659e-04
2.341948715496550246e-04
2.337062451014881794e-04
2.332223767403344018e-04
2.327432264797563263e-04
2.322687547565448261e-04
2.317989224262149387e-04
2.313336907585342910e-04
2.308730214330866797e-04
2.304168765348650876e-04
2.299652185499027012e-04
2.295180103609385954e-04
2.290752152431141831e-04
2.286367968597099965e-04
2.282027192579189252e-04
2.277729468646468838e-04
2.273474444823613211e-04
2.269261772849689746e-04
2.265091108137337681e-04
2.260962109732285908e-04
2.256874440273247515e-04
2.252827765952214684e-04
2.248821756475095912e-04
2.244856085022742742e-04
2.240930428212332644e-04
2.237044466059129484e-04
2.233197881938633206e-04
2.229390362549078634e-04
2.225621597874315920e-04
2.221891281147067468e-04
2.218199108812530726e-04
2.214544780492391893e-04
2.210927998949165421e-04
2.207348470050913268e-04
2.203805902736343067e-04
2.200300008980256782e-04
2.196830503759356046e-04
2.193397105018400693e-04
2.189999533636761389e-04
2.186637513395286146e-04
2.183310770943529765e-04
2.180019035767360319e-04
2.176762040156866493e-04
2.173539519174644134e-04
2.170351210624450061e-04
2.167196855020117727e-04
2.164076195554889197e-04
2.160988978071035809e-04
2.157934951029857212e-04
2.154913865481951189e-04
2.151925475037841807e-04
2.148969535838954239e-04
2.146045806528872296e-04
2.143154048224921214e-04
2.140294024490087092e-04
2.137465501305230414e-04
2.134668247041618058e-04
2.131902032433743977e-04
2.129166630552493293e-04
2.126461816778555769e-04
2.123787368776166966e-04
2.121143066467148384e-04
2.118528692005198859e-04
2.115944029750533716e-04
2.113388866244764078e-04
2.110862990186049390e-04
2.108366192404588491e-04
2.105898265838317216e-04
2.103459005508890342e-04
2.101048208498009927e-04
2.098665673923888638e-04
2.096311202918094716e-04
2.093984598602566889e-04
2.091685666066954278e-04
2.089414212346158502e-04
2.087170046398166350e-04
2.084952979082102011e-04
2.082762823136519170e-04
2.080599393157954143e-04
2.078462505579715350e-04
2.076351978650902385e-04
2.074267632415632422e-04
2.072209288692536606e-04
2.070176771054442369e-04
2.068169904808337919e-04
2.066188516975456257e-04
2.064232436271698284e-04
2.062301493088159170e-04
2.060395519471943944e-04
2.058514349107144889e-04
2.056657817296051783e-04
2.054825760940531538e-04
2.053018018523658018e-04
2.051234430091467627e-04
2.049474837235000047e-04
2.047739083072418382e-04
2.046027012231432622e-04
2.044338470831825549e-04
2.042673306468195768e-04
2.041031368192867967e-04
2.039412506498989935e-04
2.037816573303805761e-04
2.036243421932094108e-04
2.034692907099767208e-04
2.033164884897675599e-04
2.031659212775503384e-04
2.030175749525926407e-04
2.028714355268827090e-04
2.027274891435748322e-04
2.025857220754434366e-04
2.024461207233587789e-04
2.023086716147722345e-04
2.021733614022189597e-04
2.020401768618344601e-04
2.019091048918853328e-04
2.017801325113150542e-04
2.016532468583010960e-04
2.015284351888281967e-04
2.014056848752741283e-04
2.012849834050060610e-04
2.011663183789945734e-04
2.010496775104357668e-04
2.009350486233894265e-04
2.008224196514262622e-04
2.007117786362904908e-04
2.006031137265693303e-04
2.004964131763796247e-04
2.003916653440625457e-04
2.002888586908906814e-04
2.001879817797845042e-04
2.000890232740417936e-04
1.999919719360761944e-04
1.998968166261673755e-04
1.998035463012194830e-04
1.997121500135316276e-04
1.996226169095759618e-04
1.995349362287874120e-04
1.994490973023643884e-04
1.993650895520726390e-04
1.992829024890651766e-04
1.992025257127058926e-04
1.991239489094053677e-04
1.990471618514647056e-04
1.989721543959248426e-04
1.988989164834277284e-04
1.988274381370834976e-04
1.987577094613475340e-04
1.986897206409025235e-04
1.986234619395487724e-04
1.985589236991056126e-04
1.984960963383147585e-04
1.984349703517539090e-04
1.983755363087560421e-04
1.983177848523375996e-04
1.982617066981310629e-04
1.982072926333251187e-04
1.981545335156103258e-04
1.981034202721328880e-04
1.980539438984532771e-04
1.980060954575118236e-04
1.979598660785972057e-04
1.979152469563244543e-04
1.978722293496170759e-04
1.978308045806956826e-04
1.977909640340695750e-04
1.977526991555351836e-04
1.977160014511806358e-04
1.976808624863936835e-04
1.976472738848752693e-04
1.976152273276572387e-04
1.975847145521265587e-04
1.975557273510527342e-04
1.975282575716197505e-04
1.975022971144629500e-04
1.974778379327110308e-04
1.974548720310301871e-04
1.974333914646741041e-04
1.974133883385367175e-04
1.973948548062110994e-04
1.973777830690503490e-04
1.973621653752341489e-04
1.973479940188359717e-04
1.973352613388969549e-04
1.973239597185028104e-04
1.973140815838635002e-04
1.973056194033971666e-04
1.972985656868183452e-04
1.972929129842252837e-04
1.972886538851971808e-04
1.972857810178902597e-04
1.972857810178895821e-04
