8.732284212441519279e-05
8.732440967974897995e-05
8.734072672402378682e-05
8.767435011419738708e-05
8.801636396105644864e-05
8.834205501366554098e-05
8.864073226489367825e-05
8.890377316255258886e-05
8.912900678335127186e-05
8.931881932255792008e-05
8.956131245352243826e-05
8.990354996199529270e-05
9.032887570963681035e-05
9.082081232583841875e-05
9.136242535207427895e-05
9.194051244175725822e-05
9.254728393524004550e-05
9.318009194096199055e-05
9.384032668988920734e-05
9.453255201186064208e-05
9.526357973108343688e-05
9.604230346300213607e-05
9.687953866816999759e-05
9.778816374085151815e-05
9.878377192460690973e-05
9.988545523924287838e-05
1.011169984083142877e-04
1.025088213924484851e-04
1.041003100390609624e-04
1.059438910982645388e-04
1.081104504269802397e-04
1.106979197523749161e-04
1.138438692887635856e-04
1.177445708126824566e-04
1.226821855880334009e-04
1.290588050126364767e-04
1.374253587932547024e-04
1.484639154374089737e-04
1.628427158964133143e-04
1.808915177781596488e-04
2.022662009491105867e-04
2.259635629162944201e-04
2.507179766169176176e-04
2.753788753927903250e-04
2.990492281490406915e-04
3.210883369695653419e-04
3.410926337344858750e-04
3.588736235607011254e-04
3.744216657125400507e-04
3.878561411196751441e-04
3.993733639356848784e-04
4.092028893761303081e-04
4.175768362317307399e-04
4.247116617207845378e-04
4.307994025116291094e-04
4.360050779894050245e-04
4.404676011164641641e-04
4.443023907239214681e-04
4.476045905552615859e-04
4.504522968799179504e-04
4.529095067088110150e-04
4.550286768931207184e-04
4.568528789218510400e-04
4.584175793689699262e-04
4.597520936760030562e-04
4.608807644724181949e-04
4.618239124084692936e-04
4.625986015481400133e-04
4.632192548158536502e-04
4.636981487886717769e-04
4.640458116716760580e-04
4.642713436882946079e-04
4.643826753199624944e-04
4.643867757450393947e-04
4.642898213441212958e-04
4.640973321515684687e-04
4.638142825472514933e-04
4.634451912190719813e-04
4.629941944206886336e-04
4.624651057474871672e-04
4.618614650150936396e-04
4.611865783151634837e-04
4.604435509161921105e-04
4.596353143517130217e-04
4.587646487777318556e-04
4.578342014724957041e-04
4.568465021841967432e-04
4.558039758976745333e-04
4.547089534830139630e-04
4.535636806018801190e-04
4.523703251773082104e-04
4.511309836760817775e-04
4.498476864072080005e-04
4.485224020030705071e-04
4.471570412200112383e-04
4.457534601708681120e-04
4.443134630824110672e-04
4.428388046546269776e-04
4.413311920858339400e-04
4.397922868170006444e-04
4.382237060399636988e-04
4.366270240071094843e-04
4.350037731742344301e-04
4.333554452034451415e-04
4.316834918489398116e-04
4.299893257451494746e-04
4.282743211139160289e-04
4.265398144050156241e-04
4.247871048823231876e-04
4.230174551662107987e-04
4.212320917413075929e-04
4.194322054374743968e-04
4.176189518907724480e-04
4.157934519902205554e-04
4.139567923153310660e-04
4.121100255686429431e-04
4.102541710068530255e-04
4.083902148735381907e-04
4.065191108359662072e-04
4.046417804280214871e-04
4.027591135008776256e-04
4.008719686826580850e-04
3.989811738480340255e-04
3.970875265983874695e-04
3.951917947529184558e-04
3.932947168508576781e-04
3.913970026647138611e-04
3.894993337243462454e-04
3.876023638514603745e-04
3.857067197039971192e-04
3.838130013298108201e-04
3.819217827288604234e-04
3.800336124231194312e-04
3.781490140333152415e-04
3.762684868615611268e-04
3.743925064789066959e-04
3.725215253167975553e-04
3.706559732614317956e-04
3.687962582499848302e-04
3.669427668676702070e-04
3.650958649446255934e-04
3.632558981516297199e-04
3.614231925936637669e-04
3.595980554003844025e-04
3.577807753125835364e-04
3.559716232637774049e-04
3.541708529560731278e-04
3.523787014295459361e-04
3.505953896243756097e-04
3.488211229350550121e-04
3.470560917560360295e-04
3.453004720182195858e-04
3.435544257157626476e-04
3.418181014227095042e-04
3.400916347990334820e-04
3.383751490856951494e-04
3.366687555884052482e-04
3.349725541498102446e-04
3.332866336098823010e-04
3.316110722543262677e-04
3.299459382508928857e-04
3.282912900735036063e-04
3.266471769141549345e-04
3.250136390826203472e-04
3.233907083939954329e-04
3.217784085441895755e-04
3.201767554735182489e-04
3.185857577185799102e-04
3.170054167526633899e-04
3.154357273149833909e-04
3.138766777290828030e-04
3.123282502107907889e-04
3.107904211661880497e-04
3.092631614800378341e-04
3.077464367951841871e-04
3.062402077833989347e-04
3.047444304081347731e-04
3.032590561795668084e-04
3.017840324021758142e-04
3.003193024149583730e-04
2.988648058241515776e-04
2.974204787282355017e-04
2.959862539350823613e-04
2.945620611715396250e-04
2.931478272863462567e-04
2.917434764478531910e-04
2.903489303382546282e-04
2.889641083459374804e-04
2.875889277572131475e-04
2.862233039483226202e-04
2.848671505783093244e-04
2.835203797831731677e-04
2.821829023716429193e-04
2.808546280228716406e-04
2.795354654863919713e-04
2.782253227846619007e-04
2.769241074185297530e-04
2.756317265759235897e-04
2.743480873439845262e-04
2.730730969247800841e-04
2.718066628545803397e-04
2.705486932265192238e-04
2.692990969162400322e-04
2.680577838098812966e-04
2.668246650334750989e-04
2.655996531824916448e-04
2.643826625499125747e-04
2.631736093507954172e-04
2.619724119408634380e-04
2.607789910261932133e-04
2.595932698605832810e-04
2.584151744267242697e-04
2.572446335968322324e-04
2.560815792680186604e-04
2.549259464673652321e-04
2.537776734215340920e-04
2.526367015857470025e-04
2.515029756272760351e-04
2.503764433591604364e-04
2.492570556207877766e-04
2.481447661033017835e-04
2.470395311195097590e-04
2.459413093200642545e-04
2.448500613601511337e-04
2.437657495235858102e-04
2.426883373141024494e-04
2.416177890263702694e-04
2.405540693118737600e-04
2.394971427568801841e-04
2.384469734911305215e-04
2.374035248463428631e-04
2.363667590829281672e-04
2.353366372012775801e-04
2.343131188505171738e-04
2.332961623427233543e-04
2.322857247744300772e-04
2.312817622501257950e-04
2.302842301949130507e-04
2.292930837362118816e-04
2.283082781282442684e-04
2.273297691887944910e-04
2.263575137162052370e-04
2.253914698560286205e-04
2.244315973914096215e-04
2.234778579384116403e-04
2.225302150364175178e-04
2.215886341331319573e-04
2.206530824724295371e-04
2.197235289002729807e-04
2.187999436085108170e-04
2.178822978383333948e-04
2.169705635647595882e-04
2.160647131812202940e-04
2.151647191998510970e-04
2.142705539791825615e-04
2.133821894871710417e-04
2.124995971043671164e-04
2.116227474697711245e-04
2.107516103705209059e-04
2.098861546765464761e-04
2.090263483222910010e-04
2.081721583381836681e-04
2.073235509369846527e-04
2.064804916625277091e-04
2.056429456111072602e-04
2.048108777386152557e-04
2.039842532692972893e-04
2.031630382243408944e-04
2.023472000899624135e-04
2.015367086444509704e-04
2.007315369606863366e-04
1.999316625934414928e-04
1.991370689474078156e-04
1.983477468001736523e-04
1.975636959224691392e-04
1.967849266952636622e-04
1.960114615718949944e-04
1.952433361802062052e-04
1.944805998177069454e-04
1.937233150811742066e-04
1.929715564121465882e-04
1.922254074462623544e-04
1.914849572243321999e-04
1.907502955274096202e-04
1.900215077847532531e-04
1.892986701143377067e-04
1.885818450511796151e-04
1.878710783975895990e-04
1.871663974289180393e-04
1.864678104676093949e-04
1.857753076532617285e-04
1.850888626206130430e-04
1.844084347570287992e-04
1.837339717315514774e-04
1.830654120449537090e-04
1.824026874216775707e-04
1.817457249333626090e-04
1.810944488007545060e-04
1.804487818629998443e-04
1.798086467313233855e-04
1.791739666603268716e-04
1.785446661776696588e-04
1.779206715144022750e-04
1.773019108760589212e-04
1.766883145903629961e-04
1.760798151622636643e-04
1.754763472617657416e-04
1.748778476650390042e-04
1.742842551648731992e-04
1.736955104627659118e-04
1.731115560517753065e-04
1.725323360967345439e-04
1.719577963164263263e-04
1.713878838707564016e-04
1.708225472548203160e-04
1.702617362008890169e-04
1.697054015887579099e-04
1.691534953644565514e-04
1.686059704670585778e-04
1.680627807631383233e-04
1.675238809883192583e-04
1.669892266953038420e-04
1.664587742077535955e-04
1.659324805794023736e-04
1.654103035578078002e-04
1.648922015521911487e-04
1.643781336048502368e-04
1.638680593656977524e-04
1.633619390695075901e-04
1.628597335155064800e-04
1.623614040490035102e-04
1.618669125447584655e-04
1.613762213918746083e-04
1.608892934799950776e-04
1.604060921866197833e-04
1.599265813653995196e-04
1.594507253352717439e-04
1.589784888703272983e-04
1.585098371903065643e-04
1.580447359516526807e-04
1.575831512390486408e-04
1.571250495573757650e-04
1.566703978240475785e-04
1.562191633616750747e-04
1.557713138910279667e-04
1.553268175242569326e-04
1.548856427583570152e-04
1.544477584688424947e-04
1.540131339036216883e-04
1.535817386770468764e-04
1.531535427641305986e-04
1.527285164949183189e-04
1.523066305489974574e-04
1.518878559501441415e-04
1.514721640610934214e-04
1.510595265784297233e-04
1.506499155275859130e-04
1.502433032579550073e-04
1.498396624380971334e-04
1.494389660510507067e-04
1.490411873897332182e-04
1.486463000524349107e-04
1.482542779384004650e-04
1.478650952434919208e-04
1.474787264559368418e-04
1.470951463521548961e-04
1.467143299926629068e-04
1.463362527180507534e-04
1.459608901450354184e-04
1.455882181625834195e-04
1.452182129281031730e-04
1.448508508637041438e-04
1.444861086525242729e-04
1.441239632351192326e-04
1.437643918059157292e-04
1.434073718097269863e-04
1.430528809383287527e-04
1.427008971270905509e-04
1.423513985516688333e-04
1.420043636247536167e-04
1.416597709928706008e-04
1.413175995332387170e-04
1.409778283506770346e-04
1.406404367745681279e-04
1.403054043558654338e-04
1.399727108641567988e-04
1.396423362847703912e-04
1.393142608159333865e-04
1.389884648659726115e-04
1.386649290505642218e-04
1.383436341900241449e-04
1.380245613066456321e-04
1.377076916220779828e-04
1.373930065547473631e-04
1.370804877173189597e-04
1.367701169141983814e-04
1.364618761390738819e-04
1.361557475724969619e-04
1.358517135795001061e-04
1.355497567072501365e-04
1.352498596827463419e-04
1.349520054105421364e-04
1.346561769705097861e-04
1.343623576156370125e-04
1.340705307698595639e-04
1.337806800259246055e-04
1.334927891432862552e-04
1.332068420460360864e-04
1.329228228208595420e-04
1.326407157150299163e-04
1.323605051344283043e-04
1.320821756415901666e-04
1.318057119537901958e-04
1.315310989411461000e-04
1.312583216247557275e-04
1.309873651748599127e-04
1.307182149090329432e-04
1.304508562903992637e-04
1.301852749258761469e-04
1.299214565644424670e-04
1.296593870954316228e-04
1.293990525468493712e-04
1.291404390837187115e-04
1.288835330064418995e-04
1.286283207491930908e-04
1.283747888783304183e-04
1.281229240908313800e-04
1.278727132127492605e-04
1.276241431976931880e-04
1.273772011253286010e-04
1.271318741999004842e-04
1.268881497487735167e-04
1.266460152209962910e-04
1.264054581858846122e-04
1.261664663316231763e-04
1.259290274638905029e-04
1.256931295044960120e-04
1.254587604900424442e-04
1.252259085706044887e-04
1.249945620084239462e-04
1.247647091766253833e-04
1.245363385579458806e-04
1.243094387434872251e-04
1.240839984314798380e-04
1.238600064260668692e-04
1.236374516361018170e-04
1.234163230739667209e-04
1.231966098544000571e-04
1.229783011933475664e-04
1.227613864068213205e-04
1.225458549097796870e-04
1.223316962150195191e-04
1.221188999320831439e-04
1.219074557661785379e-04
1.216973535171186790e-04
1.214885830782702094e-04
1.212811344355150135e-04
1.210749976662299976e-04
1.208701629382786326e-04
1.206666205090125665e-04
1.204643607242910042e-04
1.202633740175083405e-04
1.200636509086375556e-04
1.198651820032860368e-04
1.196679579917599672e-04
1.194719696481443249e-04
1.192772078293960708e-04
1.190836634744429998e-04
1.188913276032993167e-04
1.187001913161910509e-04
1.185102457926930585e-04
1.183214822908738308e-04
1.181338921464573249e-04
1.179474667719897810e-04
1.177621976560183447e-04
1.175780763622823741e-04
1.173950945289126618e-04
1.172132438676410374e-04
1.170325161630222634e-04
1.168529032716602531e-04
1.166743971214502951e-04
1.164969897108266572e-04
1.163206731080193118e-04
1.161454394503238206e-04
1.159712809433753529e-04
1.157981898604359717e-04
1.156261585416869340e-04
1.154551793935314002e-04
1.152852448879080797e-04
1.151163475616085764e-04
1.149484800156057258e-04
1.147816349143922313e-04
1.146158049853217541e-04
1.144509830179630270e-04
1.142871618634601203e-04
1.141243344338994313e-04
1.139624937016874462e-04
1.138016326989318782e-04
1.136417445168321286e-04
1.134828223050777444e-04
1.134828223050274104e-04
