-7.215515751531160049e+01
-6.326149227905989392e+01
-6.834754547013548454e+00
4.402588428344810012e+01
4.416522575489499047e+01
4.378637282866202440e+01
4.410326358700649507e+01
4.517564160161327180e+01
4.682796074321964142e+01
4.888916564221433703e+01
4.212218910916752179e+01
3.701104769921890636e+01
3.334842762890914969e+01
3.081448701258312184e+01
2.912165424407849557e+01
2.803854054561489662e+01
2.737725716982636115e+01
2.700242790998756703e+01
2.681615369619663980e+01
2.675191853035921241e+01
2.676255529616407358e+01
2.681595951446804449e+01
2.688852713708306652e+01
2.696967701158677855e+01
2.704485970609565371e+01
2.711168726239298721e+01
2.716162496309252461e+01
2.719256239562054134e+01
2.720197549912451151e+01
2.718575670834171021e+01
2.714109268870443969e+01
2.706553418700998392e+01
2.695775439921306216e+01
2.681051602471383077e+01
2.662085306260848228e+01
2.638119206369497505e+01
2.609105497298562426e+01
2.574788355440678700e+01
2.535348644807950436e+01
2.492087117323479362e+01
2.447046132062448009e+01
2.402417145992765768e+01
2.359775414514263758e+01
2.319825469593792278e+01
2.282642840553972619e+01
2.248017846441270606e+01
2.215677827360787688e+01
2.185378481570013776e+01
2.156921252281940227e+01
2.130143037095245973e+01
2.104901789104082255e+01
2.081066262955980051e+01
2.058510904655352292e+01
2.037114603323217921e+01
2.016761090783169053e+01
1.997339815317213052e+01
1.978747188073140606e+01
1.960887695901750760e+01
1.943674197007031168e+01
1.927027927260476758e+01
1.910878278599523483e+01
1.895162166952387395e+01
1.879823315193941369e+01
1.864811590977646460e+01
1.850082376928066452e+01
1.835595963794627750e+01
1.821316977550706895e+01
1.807213852544045452e+01
1.793258357497946065e+01
1.779425175991863384e+01
1.765691539526517317e+01
1.752036909286486122e+01
1.738442701794819456e+01
1.724892053400084180e+01
1.711369618662345005e+01
1.697861398034122971e+01
1.684354590659298623e+01
1.670837468573922280e+01
1.657299269050977486e+01
1.643730102265280735e+01
1.630120871852970765e+01
1.616463206297724753e+01
1.602749399391669982e+01
1.588972358294166654e+01
1.575125557949073851e+01
1.561203000824077769e+01
1.547199181108281785e+01
1.533109052649671256e+01
1.518928000036476433e+01
1.504651812328681437e+01
1.490276659031157180e+01
1.475799067970605094e+01
1.461215904797104237e+01
1.446524353879245695e+01
1.431721900401891645e+01
1.416806313507996329e+01
1.401775630352977764e+01
1.386628140961984101e+01
1.371362373798337231e+01
1.355977081966206654e+01
1.340471229982408907e+01
1.324843981062168652e+01
1.309094684871557135e+01
1.293222865705986813e+01
1.277228211059468599e+01
1.261110560553855642e+01
1.244869895200933563e+01
1.228506326973432827e+01
1.212020088663544470e+01
1.195411524009839610e+01
1.178681078075442201e+01
1.161829287861965909e+01
1.144856773145257200e+01
1.127764227520387585e+01
1.110552409644447458e+01
1.093222134667016476e+01
1.075774265839007882e+01
1.058209706291742336e+01
1.040529390978832680e+01
1.022734278774410299e+01
1.004825344721909097e+01
9.868035724283314991e+00
9.686699465995893377e+00
9.504254457129745148e+00
9.320710348234493736e+00
9.136076585007103290e+00
8.950362338944556129e+00
8.763576439254713080e+00
8.575727306004166550e+00
8.386822884481590634e+00
8.196870580758991665e+00
8.005877198428329677e+00
7.813848876493444173e+00
7.620791028394056532e+00
7.426708282136607053e+00
7.231604421503252667e+00
7.035482328307232081e+00
6.838343925657998312e+00
6.640190122195406275e+00
6.441020757246694650e+00
6.240834546854686415e+00
6.039629030619770411e+00
5.837400519292237355e+00
5.634144043045231420e+00
5.429853300352184498e+00
5.224520607386580195e+00
5.018136847855124039e+00
4.810691423169660474e+00
4.602172202857094163e+00
4.392565475101136485e+00
4.181855897304873615e+00
3.970026446558835964e+00
3.757058369896519867e+00
3.542931134217537803e+00
3.327622375759686335e+00
3.111107849004457471e+00
2.893361374909163786e+00
2.674354788372498959e+00
2.454057884862994587e+00
2.232438366174134270e+00
2.009461785320148852e+00
1.785091490658255564e+00
1.559288569423728177e+00
1.332011791000395240e+00
1.103217550429354654e+00
8.728598128869469175e-01
6.408900601377265360e-01
4.072572402731610142e-01
1.719077223419275269e-01
-6.521474231159372914e-02
-3.041690501754348297e-01
-5.450167656881182987e-01
-7.878221307368483695e-01
-1.032652064420689575e+00
-1.279576156087714356e+00
-1.528666657322402367e+00
-1.779998481767135932e+00
-2.033649225648795245e+00
-2.289699226643768792e+00
-2.548231682134664666e+00
-2.809332843570107485e+00
-3.073092283060814722e+00
-3.339603191650960312e+00
-3.608962635148954323e+00
-3.881271692093247960e+00
-4.156635438886699063e+00
-4.435162804139701542e+00
-4.716966350673684971e+00
-5.002162043850449713e+00
-5.290869040952759228e+00
-5.583209509114561264e+00
-5.879308461451779877e+00
-6.179293594286181524e+00
-6.483295108779009830e+00
-6.791445503651152293e+00
-7.103879329272658083e+00
-7.420732896221317709e+00
-7.742143933328988759e+00
-8.068251191514095311e+00
-8.399193990670013932e+00
-8.735111707823973504e+00
-9.076143205915204959e+00
-9.422426204028024443e+00
-9.774096591885816920e+00
-1.013128769397192741e+01
-1.049412949188566735e+01
-1.086274781753430219e+01
-1.123726353454439675e+01
-1.161779173083832184e+01
-1.200444095158891855e+01
-1.239731250856472222e+01
-1.279649990892625766e+01
-1.320208845339966786e+01
-1.361415505985349483e+01
-1.403276837289070578e+01
-1.445798922224534877e+01
-1.488987149153904355e+01
-1.532846345325607729e+01
-1.577380961464339393e+01
-1.622595310180534511e+01
-1.668493858503916627e+01
-1.715081571739336397e+01
-1.762364302109405756e+01
-1.810349211415810444e+01
-1.859045212430097394e+01
-1.908463409210018469e+01
-1.958617512408172345e+01
-2.009524202348302779e+01
-2.061203410702105288e+01
-2.113678491546161453e+01
-2.166976254940608015e+01
-2.221126841396565155e+01
-2.276163423967665977e+01
-2.332121736209870022e+01
-2.389039438490087264e+01
-2.446955351147991564e+01
-2.505908599299510797e+01
-2.565937728587873679e+01
-2.627079861529761473e+01
-2.689369968107067876e+01
-2.752840320193987722e+01
-2.817520186883712441e+01
-2.883435807779952142e+01
-2.950610656376461094e+01
-3.019065979349277029e+01
-3.088821573830439249e+01
-3.159896746847267934e+01
-3.232311391141266199e+01
-3.306087109949409353e+01
-3.381248328945061843e+01
-3.457823344247753994e+01
-3.535845268630298932e+01
-3.615352851315920191e+01
-3.696391158116017550e+01
-3.779012106832816897e+01
-3.863274857192924117e+01
-3.949246054920774185e+01
-4.036999926255784032e+01
-4.126618215782863786e+01
-4.218189935656450729e+01
-4.311810893681839474e+01
-4.407582950342933970e+01
-4.505612923369656642e+01
-4.606011035165383305e+01
-4.708888765921040687e+01
-4.814355937847331290e+01
-4.922516814633221571e+01
-5.033464957780723381e+01
-5.147276543695907947e+01
-5.264001822887568949e+01
-5.383654412771621622e+01
-5.506198184865251477e+01
-5.631531672237466069e+01
-5.759470228918345214e+01
-5.889726664549694135e+01
-6.021891780865519195e+01
-6.155417125517629273e+01
-6.289603230050710891e+01
-6.423597350692317320e+01
-6.556404881172660737e+01
-6.686917703642612310e+01
-6.813960495215560798e+01
-6.936352561506178915e+01
-7.052978887768657046e+01
-7.162861030491932013e+01
-7.265217459698615698e+01
-7.359504608168137452e+01
-7.445433769101433086e+01
-7.522963818256532420e+01
-7.592273977988376998e+01
-7.653723386957462083e+01
-7.707804790773575121e+01
-7.755098635419692243e+01
-7.796231975536441894e+01
-7.831844613853836279e+01
-7.862563227155632717e+01
-7.888983091116644175e+01
-7.911656374784760715e+01
-7.931085721607297501e+01
-7.947721833502500033e+01
-7.961963913557787009e+01
-7.974162020596102707e+01
-7.984620595099374896e+01
-7.993602604071237749e+01
-8.001333910900625312e+01
-8.008007602694043214e+01
-8.013788104148139269e+01
-8.018814978189816145e+01
-8.023206364229716314e+01
-8.027062039573040408e+01
-8.030466112249688138e+01
-8.033489367415606353e+01
-8.036191297002345379e+01
-8.038621845363276464e+01
-8.040822903784257392e+01
-8.042829585065209130e+01
-8.044671306807806843e+01
-8.046372709166428194e+01
-8.047954429987845515e+01
-8.049433757639128828e+01
-8.050825179432631273e+01
-8.052140841372350621e+01
-8.053390932933290003e+01
-8.054584008729142397e+01
-8.055727257226696736e+01
-8.056826725139430323e+01
-8.057887504785098542e+01
-8.058913890523837154e+01
-8.059909509393365568e+01
-8.060877430212626393e+01
-8.061820254716060674e+01
-8.062740193687272949e+01
-8.063639130567669611e+01
-8.064518674604487103e+01
-8.065380205260282764e+01
-8.066224909322562553e+01
-8.067053811913497441e+01
-8.067867802403624466e+01
-8.068667656067403016e+01
-8.069454052181485793e+01
-8.070227589151218694e+01
-8.070988797154615213e+01
-8.071738148713143346e+01
-8.072476067531002286e+01
-8.073202935888450327e+01
-8.073919100828037188e+01
-8.074624879332760941e+01
-8.075320562662842860e+01
-8.076006419990133622e+01
-8.076682701445803048e+01
-8.077349640678922071e+01
-8.078007457005837466e+01
-8.078656357218781636e+01
-8.079296537108950815e+01
-8.079928182752159671e+01
-8.080551471595168778e+01
-8.081166573376025042e+01
-8.081773650905513762e+01
-8.082372860732232311e+01
-8.082964353710477212e+01
-8.083548275486856483e+01
-8.084124766918239402e+01
-8.084693964432803170e+01
-8.085256000342796767e+01
-8.085811003116863560e+01
-8.086359097618380076e+01
-8.086900405314924001e+01
-8.087435044463664724e+01
-8.087963130276058621e+01
-8.088484775065147403e+01
-8.089000088377896702e+01
-8.089509177115112948e+01
-8.090012145640218932e+01
-8.090509095878915957e+01
-8.091000127410717369e+01
-8.091485337553424984e+01
-8.091964821441781908e+01
-8.092438672100578856e+01
-8.092906980513234316e+01
-8.093369835686239355e+01
-8.093827324709896232e+01
-8.094279532815889411e+01
-8.094726543431845300e+01
-8.095168438233329766e+01
-8.095605297193333172e+01
-8.096037198629723264e+01
-8.096464219250560745e+01
-8.096886434197577387e+01
-8.097303917088073888e+01
-8.097716740055081175e+01
-8.098124973786107716e+01
-8.098528687560450123e+01
-8.098927949285308614e+01
-8.099322825530509817e+01
-8.099713381562152392e+01
-8.100099681375191096e+01
-8.100481787724916671e+01
-8.100859762157340072e+01
-8.101233665038854781e+01
-8.101603555584722471e+01
-8.101969491886961805e+01
-8.102331530940998050e+01
-8.102689728672096692e+01
-8.103044139960439907e+01
-8.103394818665773869e+01
-8.103741817651301460e+01
-8.104085188806894280e+01
-8.104424983071477584e+01
-8.104761250455096899e+01
-8.105094040060002669e+01
-8.105423400101459208e+01
-8.105749377927703847e+01
-8.106072020039636072e+01
-8.106391372109655435e+01
-8.106707479000216665e+01
-8.107020384781863243e+01
-8.107330132750611540e+01
-8.107636765445033689e+01
-8.107940324662796172e+01
-8.108240851476801936e+01
-8.108538386250918961e+01
-8.108832968655205775e+01
-8.109124637680820058e+01
-8.109413431654554927e+01
-8.109699388252882102e+01
-8.109982544515789016e+01
-8.110262936860162597e+01
-8.110540601092834834e+01
-8.110815572423292963e+01
-8.111087885476177917e+01
-8.111357574303241336e+01
-8.111624672395309688e+01
-8.111889212693618845e+01
-8.112151227601148662e+01
-8.112410748993475806e+01
-8.112667808229515742e+01
-8.112922436161892392e+01
-8.113174663147029264e+01
-8.113424519055213580e+01
-8.113672033280074913e+01
-8.113917234748208784e+01
-8.114160151928221865e+01
-8.114400812839841137e+01
-8.114639245062609518e+01
-8.114875475744496214e+01
-8.115109531610238491e+01
-8.115341438969544186e+01
-8.115571223725119410e+01
-8.115798911380285574e+01
-8.116024527046799619e+01
-8.116248095452203870e+01
-8.116469640947072151e+01
-8.116689187512145054e+01
-8.116906758765287577e+01
-8.117122377968267699e+01
-8.117336068033334584e+01
-8.117547851529779734e+01
-8.117757750690243768e+01
-8.117965787416916612e+01
-8.118171983287551541e+01
-8.118376359561491995e+01
-8.118578937185384348e+01
-8.118779736798838087e+01
-8.118978778740083158e+01
-8.119176083051254977e+01
-8.119371669483766141e+01
-8.119565557503547382e+01
-8.119757766296046952e+01
-8.119948314771237108e+01
-8.120137221568462849e+01
-8.120324505061265086e+01
-8.120510183361989220e+01
-8.120694274326329776e+01
-8.120876795557909134e+01
-8.121057764412478264e+01
-8.121237198002398827e+01
-8.121415113200671954e+01
-8.121591526645129022e+01
-8.121766454742493124e+01
-8.121939913672197520e+01
-8.122111919390363255e+01
-8.122282487633553671e+01
-8.122451633922457859e+01
-8.122619373565466105e+01
-8.122785721662397407e+01
-8.122950693107804909e+01
-8.123114302594517255e+01
-8.123276564616884343e+01
-8.123437493474186510e+01
-8.123597103273702658e+01
-8.123755407933987271e+01
-8.123912421187951338e+01
-8.124068156585771305e+01
-8.124222627497988469e+01
-8.124375847118444938e+01
-8.124527828467006429e+01
-8.124678584392439973e+01
-8.124828127575213443e+01
-8.124976470530114625e+01
-8.125123625608932798e+01
-8.125097873394543058e+01
