-8.144498206341603463e+01
-8.144489931756110934e+01
-8.144788500244176532e+01
-8.145202470028648634e+01
-8.144973017330140408e+01
-8.145286223505286216e+01
-8.145433156009481479e+01
-8.145010835966309060e+01
-8.145503043947459787e+01
-8.145154972623210199e+01
-8.145364382363835887e+01
-8.145028575687342709e+01
-8.145418129829113241e+01
-8.145126452323401622e+01
-8.145176235614289340e+01
-8.145458652278928469e+01
-8.145373969050511676e+01
-8.145353039788979288e+01
-8.145218078735234712e+01
-8.145375130607952485e+01
-8.145194856194903821e+01
-8.145177490195933956e+01
-8.145310647034116869e+01
-8.145437509740430926e+01
-8.145340388836362422e+01
-8.145590685287520216e+01
-8.145441707916641860e+01
-8.145425336877022460e+01
-8.145357970801779857e+01
-8.145461656023793751e+01
-8.145390435083650971e+01
-8.145357440297203766e+01
-8.145426939634131713e+01
-8.145387413146774236e+01
-8.145931927676137718e+01
-6.972100472617617584e+01
3.290828987747413947e+01
2.598806207455976036e+01
2.270279234476153007e+01
2.112504911609394043e+01
2.049769245618323055e+01
2.040057378222446260e+01
2.059100518331768725e+01
2.092801488094511342e+01
2.132970382569719092e+01
2.174851660212929616e+01
2.215668214365240019e+01
2.253754400271410319e+01
2.288033985551370364e+01
2.317697840030551149e+01
2.341990883473114948e+01
2.360049854738340258e+01
2.370756286708562399e+01
2.372602455561088775e+01
2.363666062791267564e+01
2.342068185407787695e+01
2.307624410506819146e+01
2.264145784441573639e+01
2.218460513828044967e+01
2.175773880191812637e+01
2.137783496959674778e+01
2.104214275606991791e+01
2.074330628056918258e+01
2.047504893458347652e+01
2.023292934771040308e+01
2.001374847371215182e+01
1.981493569984809255e+01
1.963419626452002831e+01
1.946937272478895409e+01
1.931842137647245394e+01
1.917943192541751074e+01
1.905065293619701450e+01
1.893050841027908149e+01
1.881760259254318157e+01
1.871071490795308634e+01
1.860878820211967266e+01
1.851091323491922225e+01
1.841631167926952983e+01
1.832431915334806405e+01
1.823436922120879800e+01
1.814597886305622154e+01
1.805873562281875522e+01
1.797228645473018460e+01
1.788632818145754655e+01
1.780059941900308118e+01
1.771487379973377685e+01
1.762895432152746267e+01
1.754266865944917697e+01
1.745586529090313022e+01
1.736841030227080651e+01
1.728018476248538704e+01
1.719108256559004744e+01
1.710100865945053528e+01
1.700987759118793008e+01
1.691761231152442591e+01
1.682414319018429794e+01
1.672940720291114047e+01
1.663334725772630662e+01
1.653591163394353813e+01
1.643705351233637302e+01
1.633673057888528746e+01
1.623490468784736152e+01
1.613154157260763455e+01
1.602661059499360618e+01
1.592008452554571818e+01
1.581193934871022044e+01
1.570215408811633040e+01
1.559071064806798645e+01
1.547759366816215731e+01
1.536279038857482782e+01
1.524629052406298513e+01
1.512808614513491179e+01
1.500817156516485795e+01
1.488654323248638711e+01
1.476319962670173425e+01
1.463814115860596665e+01
1.451137007325179162e+01
1.438289035577863828e+01
1.425270763970818777e+01
1.412082911746658276e+01
1.398726345294087459e+01
1.385202069591136897e+01
1.371511219822887639e+01
1.357655053162653758e+01
1.343634940707105585e+01
1.329452359557093288e+01
1.315108885036784159e+01
1.300606183044572006e+01
1.285946002529779086e+01
1.271130168089678847e+01
1.256160572682065357e+01
1.241039170448691742e+01
1.225767969645678868e+01
1.210349025677233037e+01
1.194784434229562287e+01
1.179076324502236872e+01
1.163226852534750755e+01
1.147238194626426022e+01
1.131112540848248393e+01
1.114852088645600858e+01
1.098459036531225053e+01
1.081935577868044973e+01
1.065283894741728332e+01
1.048506151923000118e+01
1.031604490919793804e+01
1.014581024119181762e+01
9.974378290188166574e+00
9.801769425470965302e+00
9.628003554705227174e+00
9.453100068856915783e+00
9.277077787918267759e+00
9.099954907377929558e+00
8.921748945349575521e+00
8.742476690238746073e+00
8.562154148785598551e+00
8.380796494269111108e+00
8.198418014596748904e+00
8.015032059933759001e+00
7.830650989454897015e+00
7.645286116742350480e+00
7.458947653331740035e+00
7.271644649973528551e+00
7.083384935405648619e+00
6.894175052947874249e+00
6.704020196196049497e+00
6.512924146708753526e+00
6.320889218992534531e+00
6.127916221237327044e+00
5.934004443545455310e+00
5.739151687329821172e+00
5.543354347475065502e+00
5.346607549488677336e+00
5.148905325363891450e+00
4.950240787304491796e+00
4.750606238516700053e+00
4.549993160633602152e+00
4.348392048132337706e+00
4.145792113565482495e+00
3.942180937120410622e+00
3.737544151653783953e+00
3.531865230849839499e+00
3.325125399147133010e+00
3.117303634945343571e+00
2.908376715274310076e+00
2.698319256608305405e+00
2.487103731420127861e+00
2.274700463518592120e+00
2.061077614289010818e+00
1.846201168238847057e+00
1.630034918985873382e+00
1.412540452602886853e+00
1.193677124914545473e+00
9.734020309401094639e-01
7.516699663677728349e-01
5.284333819888791250e-01
3.036423324128350587e-01
7.724442037076732770e-02
-1.508152622733079928e-01
-3.805941959089066406e-01
-6.121524962634514733e-01
-8.455529786194230235e-01
-1.080861222686618550e+00
-1.318145637685435689e+00
-1.557477527195394895e+00
-1.798931153290249885e+00
-2.042583799424165125e+00
-2.288515831456731320e+00
-2.536810756110933873e+00
-2.787555276048880870e+00
-3.040839340626248166e+00
-3.296756191247897316e+00
-3.555402400093892634e+00
-3.816877900816971092e+00
-4.081286009629065070e+00
-4.348733434995639691e+00
-4.619330273942710896e+00
-4.893189992753554485e+00
-5.170429389591323144e+00
-5.451168536333912407e+00
-5.735530696652032745e+00
-6.023642217105844132e+00
-6.315632387791657365e+00
-6.611633268846196287e+00
-6.911779478929611642e+00
-7.216207941681181737e+00
-7.525057586098290230e+00
-7.838468996865347371e+00
-8.156584010895699066e+00
-8.479545256797118569e+00
-8.807495634692122266e+00
-9.140577734887697758e+00
-9.478933195375757848e+00
-9.822702000143934242e+00
-1.017202172287554340e+01
-1.052702672390718242e+01
-1.088784731236542314e+01
-1.125460889027160150e+01
-1.162743110108848654e+01
-1.200642701162664672e+01
-1.239170236328023833e+01
-1.278335493595566419e+01
-1.318147407538539362e+01
-1.358614044121534192e+01
-1.399742603858231504e+01
-1.441539459896622510e+01
-1.484010237589085612e+01
-1.527159941647529884e+01
-1.570993135984952005e+01
-1.615514179713502330e+01
-1.660727520442958038e+01
-1.706638042984146608e+01
-1.753251467848961198e+01
-1.800574789663193798e+01
-1.848616740961023552e+01
-1.897388262085844701e+01
-1.946902953440335438e+01
-1.997177482544734772e+01
-2.048231915776379353e+01
-2.100089943817527782e+01
-2.152778971283037990e+01
-2.206330045242059512e+01
-2.260777604775135430e+01
-2.316159044484098573e+01
-2.372514098798944460e+01
-2.429884070313763900e+01
-2.488310942935954628e+01
-2.547836437398257914e+01
-2.608501080356332125e+01
-2.670343366024900789e+01
-2.733399089319462760e+01
-2.797700920056806595e+01
-2.863278269527158670e+01
-2.930157475493671981e+01
-2.998362302916973476e+01
-3.067914729713603705e+01
-3.138835963766559090e+01
-3.211147622262024015e+01
-3.284872998577713332e+01
-3.360038344922347164e+01
-3.436674108775925163e+01
-3.514816075126658745e+01
-3.594506381623469338e+01
-3.675794387545488462e+01
-3.758737388118967004e+01
-3.843401172114757713e+01
-3.929860422377542761e+01
-4.018198955946607498e+01
-4.108509796429026295e+01
-4.200895049062259545e+01
-4.295465534348590353e+01
-4.392340127763350921e+01
-4.491644708628219718e+01
-4.593510591302474921e+01
-4.698072269020084235e+01
-4.805464249585525494e+01
-4.915816703500548357e+01
-5.029249581774850242e+01
-5.145864799650270527e+01
-5.265736037525621072e+01
-5.388895705676023340e+01
-5.515318693499114744e+01
-5.644902732951916136e+01
-5.777445621410522847e+01
-5.912620247101808246e+01
-6.049949389179873549e+01
-6.188783588841352667e+01
-6.328286807125892466e+01
-6.467435659651383162e+01
-6.605038073678548471e+01
-6.739775520559294364e+01
-6.870269161879051012e+01
-6.995164778756203816e+01
-7.113225752358150089e+01
-7.223419776564198003e+01
-7.324985154859567160e+01
-7.417466757728190885e+01
-7.500718536540745163e+01
-7.574876428664170191e+01
-7.640310329858358784e+01
-7.697565556620675409e+01
-7.747303220633641274e+01
-7.790246328641907780e+01
-7.827135420415132216e+01
-7.858695001149945369e+01
-7.885610265143630215e+01
-7.908512637716577842e+01
-7.927972298759139846e+01
-7.944495874431258642e+01
-7.958527710134075051e+01
-7.970453441615978818e+01
-7.980604887105073431e+01
-7.989265554065724473e+01
-7.996676275480206186e+01
-8.003040661590574700e+01
-8.008530179365868662e+01
-8.013288761522385073e+01
-8.017436907835825366e+01
-8.021075280975159671e+01
-8.024287823125182229e+01
-8.027144432919607198e+01
-8.029703248194405774e+01
-8.032012581353457392e+01
-8.034112552530051232e+01
-8.036036462477659370e+01
-8.037811943066596143e+01
-8.039461918939664997e+01
-8.041005409623004141e+01
-8.042458197391218278e+01
-8.043833382547674660e+01
-8.045141844541397802e+01
-8.046392624503118896e+01
-8.047593242324863638e+01
-8.048749959298429246e+01
-8.049867995531946008e+01
-8.050951709842381376e+01
-8.052004748539029322e+01
-8.053030168435613234e+01
-8.054030538526681937e+01
-8.055008024009661938e+01
-8.055964455705529303e+01
-8.056901387408012738e+01
-8.057820143255973733e+01
-8.058721856862803179e+01
-8.059607503636820525e+01
-8.060477927478518723e+01
-8.061333862834737829e+01
-8.062175952919727706e+01
-8.063004764772054500e+01
-8.063820801699749552e+01
-8.064624513570223030e+01
-8.065416305321132029e+01
-8.066196544003420854e+01
-8.066965564612883099e+01
-8.067723674921924726e+01
-8.068471159486202282e+01
-8.069208282970348023e+01
-8.069935292911300451e+01
-8.070652422017731453e+01
-8.071359890086029054e+01
-8.072057905599660899e+01
-8.072746667067102067e+01
-8.073426364143371359e+01
-8.074097178572723976e+01
-8.074759284983542784e+01
-8.075412851560493266e+01
-8.076058040615311029e+01
-8.076695009073247888e+01
-8.077323908889727022e+01
-8.077944887408685304e+01
-8.078558087672712418e+01
-8.079163648692700406e+01
-8.079761705683775119e+01
-8.080352390273058916e+01
-8.080935830683648646e+01
-8.081512151898731133e+01
-8.082081475808813309e+01
-8.082643921344592286e+01
-8.083199604597857046e+01
-8.083748638931899677e+01
-8.084291135083098823e+01
-8.084827201254739748e+01
-8.085356943204313040e+01
-8.085880464324922912e+01
-8.086397865721657752e+01
-8.086909246283489949e+01
-8.087414702751172513e+01
-8.087914329781577294e+01
-8.088408220008898297e+01
-8.088896464102924710e+01
-8.089379150824716191e+01
-8.089856367079879362e+01
-8.090328197969611779e+01
-8.090794726839804696e+01
-8.091256035328090945e+01
-8.091712203409345250e+01
-8.092163309439347074e+01
-8.092609430196964126e+01
-8.093050640924928985e+01
-8.093487015369137794e+01
-8.093918625816721146e+01
-8.094345543132835985e+01
-8.094767836796219740e+01
-8.095185574933711337e+01
-8.095598824353648126e+01
-8.096007650578185633e+01
-8.096412117874693593e+01
-8.096812289286135922e+01
-8.097208226660652031e+01
-8.097599990680049586e+01
-8.097987640887674843e+01
-8.098371235715323735e+01
-8.098750832509487907e+01
-8.099126487556661402e+01
-8.099498256108084604e+01
-8.099866192403787579e+01
-8.100230349695787879e+01
-8.100590780270819380e+01
-8.100947535472292316e+01
-8.101300665721728933e+01
-8.101650220539539760e+01
-8.101996248565350811e+01
-8.102338797577544938e+01
-8.102677914512511848e+01
-8.103013645483271432e+01
-8.103346035797541447e+01
-8.103675129975439972e+01
-8.104000971766626549e+01
-8.104323604166981454e+01
-8.104643069434982294e+01
-8.104959409107476631e+01
-8.105272664015113548e+01
-8.105582874297385843e+01
-8.105890079417308414e+01
-8.106194318175600699e+01
-8.106495628724702840e+01
-8.106794048582241885e+01
-8.107089614644239361e+01
-8.107382363197977782e+01
-8.107672329934607092e+01
-8.107959549961309165e+01
-8.108244057813233496e+01
-8.108525887465162896e+01
-8.108805072342835274e+01
-8.109081645334008215e+01
-8.109355638799262067e+01
-8.109627084582508871e+01
-8.109896014021320809e+01
-8.110162457956947435e+01
-8.110426446744006057e+01
-8.110688010260199121e+01
-8.110947177915517159e+01
-8.111203978661410474e+01
-8.111458440999642505e+01
-8.111710592991013868e+01
-8.111960462263800764e+01
-8.112208076022059799e+01
-8.112453461053731019e+01
-8.112696643738500768e+01
-8.112937650055569350e+01
-8.113176505591187038e+01
-8.113413235545985458e+01
-8.113647864742270599e+01
-8.113880417630967656e+01
-8.114110918298591457e+01
-8.114339390473890035e+01
-8.114565857534550730e+01
-8.114790342513504129e+01
-8.115012868105310417e+01
-8.115233456672228840e+01
-8.115452130250336893e+01
-8.115668910555365301e+01
-8.115883818988402254e+01
-8.116096876641664437e+01
-8.116308104303857363e+01
-8.116517522465690604e+01
-8.116725151325094600e+01
-8.116931010792384882e+01
-8.117135120495366607e+01
-8.117337499784214572e+01
-8.117538167736394428e+01
-8.117525090215872297e+01
