-8.143512703959329713e+01
-8.143349247288495008e+01
-8.144037340903052780e+01
-8.144621094372504899e+01
-8.145213320654228539e+01
-8.144956355971703488e+01
-8.145151253630170629e+01
-8.144944629482671417e+01
-8.145059113566779274e+01
-8.145305231868243823e+01
-8.145634505429472938e+01
-8.145165112564053800e+01
-8.145400849471073457e+01
-8.145277784766570051e+01
-8.145738224265895155e+01
-8.145516520610539146e+01
-8.145702023577126738e+01
-8.145712618211562983e+01
-8.145173771272638419e+01
-8.145517364039262986e+01
-8.145790784262884188e+01
-8.145583784138312922e+01
-8.145501234748810759e+01
-8.145370416132972480e+01
-8.145403953285281773e+01
-8.145555309809915912e+01
-8.145800257933733235e+01
-8.145580128593603320e+01
-8.146017653689141014e+01
-8.145495553286674806e+01
-8.145305280953638771e+01
-8.145036334756309770e+01
-8.145289009366531729e+01
-8.145382826183826808e+01
-8.145837570652479087e+01
-8.145340241170833906e+01
-8.145472884617109344e+01
-8.145293465186831838e+01
-8.145116926096775956e+01
-8.145292120225855115e+01
-8.145216190710357296e+01
-8.145431105286904483e+01
-8.145535406919864840e+01
-8.145242690860605705e+01
-8.145060742788584207e+01
-8.145129348411519743e+01
-8.145383632552616859e+01
-8.145834165245307190e+01
-8.145519339449515428e+01
-8.145929913759792385e+01
-8.145540170443243255e+01
-8.145793344507497125e+01
-8.145461879437168307e+01
-8.144864015707003091e+01
-8.145374454626687566e+01
-8.145693033991624077e+01
-8.145238901663945796e+01
-8.145182658694268696e+01
-8.145245904632841416e+01
-8.145354633394450161e+01
-8.145558889210184361e+01
-8.145367683427204497e+01
-8.145721400173381710e+01
-8.145249831078599811e+01
-8.145601546551355909e+01
-8.145100878211290762e+01
-8.144553739482701360e+01
-8.144161981810400164e+01
-8.144489025462925724e+01
-8.144846871461294313e+01
-8.144899656904854623e+01
-8.143927800466961742e+01
-8.141406784764494375e+01
-8.115875636339922039e+01
-8.325809129349531190e+01
3.708535392056968760e+01
2.792315869298611730e+01
2.356474830623764305e+01
2.145345092196516390e+01
2.054746759943015988e+01
2.030588241443555475e+01
2.042343620802116178e+01
2.072643519969759041e+01
2.111554393995408319e+01
2.153374088898828376e+01
2.194807749368312599e+01
2.233908106673293759e+01
2.269449407272766450e+01
2.300551167477914660e+01
2.326437617909396849e+01
2.346257265029094086e+01
2.358923478947667718e+01
2.362961648033322604e+01
2.356416760482451878e+01
2.337134239571652472e+01
2.304220087025754182e+01
2.260751743957724358e+01
2.213786249616735091e+01
2.169452451069135535e+01
2.130029762706426766e+01
2.095360124407634572e+01
2.064651718760928745e+01
2.037206109030071488e+01
2.012530971866615204e+01
1.990277564915126973e+01
1.970170267043494761e+01
1.951965227611884401e+01
1.935433777961661761e+01
1.920359313469949925e+01
1.906539320597259035e+01
1.893788174906753952e+01
1.881938993121566028e+01
1.870844188697469335e+01
1.860374936964566928e+01
1.850419902794338967e+01
1.840883558557182553e+01
1.831684341421621909e+01
1.822752817807448622e+01
1.814029956687623724e+01
1.805465565477334877e+01
1.797016910057187289e+01
1.788647520292858317e+01
1.780326170713114919e+01
1.772026019987866619e+01
1.763723890454208032e+01
1.755399668743070052e+01
1.747035809607959322e+01
1.738616926733897117e+01
1.730129456226284290e+01
1.721561380417232812e+01
1.712902001455045209e+01
1.704141755796697311e+01
1.695272062180660910e+01
1.686285196916740148e+01
1.677174191402542647e+01
1.667932747681287609e+01
1.658555168612389608e+01
1.649036299855300669e+01
1.639371481387335550e+01
1.629556506704570396e+01
1.619587588206247375e+01
1.609461327550891241e+01
1.599174690006801036e+01
1.588724982010685594e+01
1.578109831303312127e+01
1.567327169136727782e+01
1.556375214149358932e+01
1.545252457587155348e+01
1.533957649615332208e+01
1.522489786517964738e+01
1.510848098625620395e+01
1.499032038845010817e+01
1.487041271692033284e+01
1.474875662751122007e+01
1.462535268501267005e+01
1.450020326462631992e+01
1.437331245628919163e+01
1.424468597159122218e+01
1.411433105309547287e+01
1.398225638592507103e+01
1.384847201152776996e+01
1.371298924356464433e+01
1.357582058590116780e+01
1.343697965270239258e+01
1.329648109065144901e+01
1.315434050332557803e+01
1.301057437777023651e+01
1.286520001331371610e+01
1.271823545265938371e+01
1.256969941528006984e+01
1.241961123311887860e+01
1.226799078856918968e+01
1.211485845467225886e+01
1.196023503742086191e+01
1.180414172000799589e+01
1.164660000880067514e+01
1.148763168076064289e+01
1.132725873197809996e+01
1.116550332693399383e+01
1.100238774806949671e+01
1.083793434521911259e+01
1.067216548446126012e+01
1.050510349596066995e+01
1.033677062041893890e+01
1.016718895381339571e+01
9.996380390185239051e+00
9.824366562331338315e+00
9.651168780354234755e+00
9.476807968124727921e+00
9.301304597808972119e+00
9.124678622701431152e+00
8.946949408688260164e+00
8.768135664743402558e+00
8.588255372931294929e+00
8.407325718458153574e+00
8.225363020374246048e+00
8.042382663575423862e+00
7.858399032777372284e+00
7.673425449127078579e+00
7.487474110069046063e+00
7.300556032992106203e+00
7.112681003050929540e+00
6.923857525392743462e+00
6.734092781837095032e+00
6.543392591873515407e+00
6.351761377671387265e+00
6.159202132655721584e+00
5.965716393099128823e+00
5.771304212118715249e+00
5.575964135448789882e+00
5.379693178377309870e+00
5.182486803281589616e+00
4.984338897265831569e+00
4.785241749479304474e+00
4.585186027773692885e+00
4.384160754431437823e+00
4.182153280762881842e+00
3.979149260423620493e+00
3.775132621345792305e+00
3.570085536208317478e+00
3.363988391392685795e+00
3.156819754384610821e+00
2.948556339590802544e+00
2.739172972544139384e+00
2.528642552473546523e+00
2.316936013216460477e+00
2.104022282453735126e+00
1.889868239249967496e+00
1.674438669886360254e+00
1.457696221979134288e+00
1.239601356884464600e+00
1.020112300400082050e+00
7.991849917853819374e-01
5.767730311349000827e-01
3.528276251555764742e-01
1.272975314157033799e-01
-9.987099884579543618e-02
-3.287342792367290989e-01
-5.593512479135099857e-01
-7.917835282888958659e-01
-1.026095490523029508e+00
-1.262354313520647420e+00
-1.500630047091645602e+00
-1.740995673854858206e+00
-1.983527170376198967e+00
-2.228303566933805602e+00
-2.475407005195819021e+00
-2.724922792982714892e+00
-2.976939455165765303e+00
-3.231548779625846635e+00
-3.488845857060061117e+00
-3.748929113274866332e+00
-4.011900332440088590e+00
-4.277864669596690206e+00
-4.546930650509909633e+00
-4.819210156740078688e+00
-5.094818393566877823e+00
-5.373873838153087057e+00
-5.656498165078509111e+00
-5.942816146109564102e+00
-6.232955520821633399e+00
-6.527046834471580183e+00
-6.825223239287411481e+00
-7.127620255222686829e+00
-7.434375486131635569e+00
-7.745628287353444108e+00
-8.061519380860328710e+00
-8.382190414489095076e+00
-8.707783462394719010e+00
-9.038440464808504160e+00
-9.374302606528157611e+00
-9.715509635436644587e+00
-1.006219912482430345e+01
-1.041450568649720765e+01
-1.077256014566185094e+01
-1.113648869347673376e+01
-1.150641203888430830e+01
-1.188244458779699642e+01
-1.226469368458637099e+01
-1.265325895765800901e+01
-1.304823181706203350e+01
-1.344969515698030627e+01
-1.385772331914661848e+01
-1.427238237473846105e+01
-1.469373078227567575e+01
-1.512182047764477666e+01
-1.555669844883935582e+01
-1.599840884027086219e+01
-1.644699561652987185e+01
-1.690250579040641554e+01
-1.736499318393127211e+01
-1.783452264594624026e+01
-1.831117459910575462e+01
-1.879504973757896735e+01
-1.928627364803988797e+01
-1.978500108464908536e+01
-2.029141959834188214e+01
-2.080575220749721055e+01
-2.132825880650405281e+01
-2.185923604500014505e+01
-2.239901547618235611e+01
-2.294795986894150275e+01
-2.350645770552120695e+01
-2.407491604005972263e+01
-2.465375206347387049e+01
-2.524338388881388795e+01
-2.584422121511572001e+01
-2.645665662201866297e+01
-2.708105827135885946e+01
-2.771776473195586377e+01
-2.836708249885737132e+01
-2.902928656082075065e+01
-2.970462410564313060e+01
-3.039332117736167405e+01
-3.109559185120277292e+01
-3.181164930702123428e+01
-3.254171808415543410e+01
-3.328604679630223728e+01
-3.404492066028785047e+01
-3.481867331848106772e+01
-3.560769757723688400e+01
-3.641245481448179078e+01
-3.723348291129231313e+01
-3.807140262974029810e+01
-3.892692239397676701e+01
-3.980084143422097753e+01
-4.069405123186665918e+01
-4.160753513634693235e+01
-4.254236571522402954e+01
-4.349969947008893456e+01
-4.448076811325043423e+01
-4.548686527838742677e+01
-4.651932715825879683e+01
-4.757950509129828021e+01
-4.866872757195157106e+01
-4.978824854753499096e+01
-5.093917823299058512e+01
-5.212239212843697800e+01
-5.333841365611453256e+01
-5.458726616319102476e+01
-5.586829144866625541e+01
-5.717993512458741634e+01
-5.851950478136939182e+01
-5.988291575371202669e+01
-6.126445137694788912e+01
-6.265657880455800210e+01
-6.404987443728222729e+01
-6.543311897358412921e+01
-6.679361359884420324e+01
-6.811773996480728499e+01
-6.939173783247635185e+01
-7.060261628507002740e+01
-7.173906702435431271e+01
-7.279223214762271255e+01
-7.375620421789380998e+01
-7.462819612020282989e+01
-7.540839033248572321e+01
-7.609953693235380001e+01
-7.670640092161320922e+01
-7.723516028433546410e+01
-7.769283547250398669e+01
-7.808680135561267832e+01
-7.842440443190126587e+01
-7.871268685478456462e+01
-7.895820584817047916e+01
-7.916693108728370021e+01
-7.934420143657860081e+01
-7.949472401819220124e+01
-7.962260141568151539e+01
-7.973137594007955897e+01
-7.982408277860079693e+01
-7.990330628293273207e+01
-7.997123557892807355e+01
-8.002971712738168719e+01
-8.008030290970069132e+01
-8.012429363517532011e+01
-8.016277684536557047e+01
-8.019666009129872464e+01
-8.022669953293268463e+01
-8.025352439764478163e+01
-8.027765776480724469e+01
-8.029953413793251116e+01
-8.031951423912677512e+01
-8.033789742262557354e+01
-8.035493206156948531e+01
-8.037082421899197016e+01
-8.038574487273820068e+01
-8.039983592602298756e+01
-8.041321520121935862e+01
-8.042598058436577446e+01
-8.043821346171519338e+01
-8.044998156709259263e+01
-8.046134133958602774e+01
-8.047233987474005801e+01
-8.048301653862627347e+01
-8.049340430254217438e+01
-8.050353084635952428e+01
-8.051341947039944102e+01
-8.052308984890873944e+01
-8.053255865256286938e+01
-8.054184006270482143e+01
-8.055094619611961093e+01
-8.055988745590371991e+01
-8.056867282128908414e+01
-8.057731008706110742e+01
-8.058580606135689095e+01
-8.059416672910474233e+01
-8.060239738710562563e+01
-8.061050275570634938e+01
-8.061848707115218815e+01
-8.062635416199843519e+01
-8.063410751236474994e+01
-8.064175031432898777e+01
-8.064928551136046053e+01
-8.065671583435636194e+01
-8.066404383157259872e+01
-8.067127189351296579e+01
-8.067840227365697103e+01
-8.068543710574893169e+01
-8.069237841824809720e+01
-8.069922814642930575e+01
-8.070598814254407216e+01
-8.071266018437492562e+01
-8.071924598246245353e+01
-8.072574718622843193e+01
-8.073216538918788387e+01
-8.073850213340296023e+01
-8.074475891330664012e+01
-8.075093717900314516e+01
-8.075703833913196661e+01
-8.076306376336620474e+01
-8.076901478460814587e+01
-8.077489270092655715e+01
-8.078069877728113113e+01
-8.078643424706483245e+01
-8.079210031349293786e+01
-8.079769815086213214e+01
-8.080322890569834726e+01
-8.080869369781026990e+01
-8.081409362125950224e+01
-8.081942974526167234e+01
-8.082470311502618188e+01
-8.082991475254013380e+01
-8.083506565730685622e+01
-8.084015680704234796e+01
-8.084518915833358221e+01
-8.085016364726433835e+01
-8.085508119001077887e+01
-8.085994268340877511e+01
-8.086474900549741562e+01
-8.086950101603973451e+01
-8.087419955702100083e+01
-8.087884545312984130e+01
-8.088343951221884254e+01
-8.088798252574919445e+01
-8.089247526922004283e+01
-8.089691850258155625e+01
-8.090131297063506111e+01
-8.090565940341853945e+01
-8.090995851658085769e+01
-8.091421101174222485e+01
-8.091841757684474601e+01
-8.092257888649064057e+01
-8.092669560227102465e+01
-8.093076837308312577e+01
-8.093479783543941153e+01
-8.093878461376623079e+01
-8.094272932069398507e+01
-8.094663255733895824e+01
-8.095049491357660543e+01
-8.095431696830625867e+01
-8.095809928970915337e+01
-8.096184243549832615e+01
-8.096554695316240213e+01
-8.096921338020007397e+01
-8.097284224435145461e+01
-8.097643406381978082e+01
-8.097998934748822819e+01
-8.098350859513190869e+01
-8.098699229762127061e+01
-8.099044093712281267e+01
-8.099385498729124322e+01
-8.099723491345986304e+01
-8.100058117282367220e+01
-8.100389421461724737e+01
-8.100717448028937895e+01
-8.101042240367159764e+01
-8.101363841114358877e+01
-8.101682292179340550e+01
-8.101997634757356082e+01
-8.102309909345315475e+01
-8.102619155756646308e+01
-8.102925413135659483e+01
-8.103228719971666294e+01
-8.103529114112731691e+01
-8.103826632778879002e+01
-8.104121312575342984e+01
-8.104413189505078208e+01
-8.104702298981148090e+01
-8.104988675838909273e+01
-8.104991141565012924e+01
