2.100130843100475670e-05
2.098793952166954645e-05
2.097457520505090038e-05
2.096168613544430328e-05
2.094874102680185414e-05
2.093585108063366043e-05
2.092331539969723064e-05
2.091073425481689162e-05
2.089855920709620944e-05
2.088625963503912153e-05
2.087412983392377739e-05
2.086216947514399247e-05
2.085018433567638408e-05
2.083849417258545062e-05
2.082691038990876716e-05
2.081545768163114301e-05
2.080412198651576718e-05
2.079300514121868075e-05
2.078204705865281386e-05
2.077112757872305945e-05
2.076043266929591025e-05
2.074992114210934686e-05
2.073950116515083466e-05
2.072936926640716641e-05
2.071928245332326903e-05
2.070926638072297872e-05
2.069954102131341852e-05
2.068991019865339088e-05
2.068040553540463324e-05
2.067091549896669567e-05
2.066171325682727560e-05
2.065251060892270559e-05
2.064340527657145975e-05
2.063450214913049350e-05
2.062564550337088177e-05
2.061703412840643632e-05
2.060843713991618054e-05
2.059994603874980060e-05
2.059161891621493962e-05
2.058334267711279646e-05
2.057520974112070350e-05
2.056720990773319493e-05
2.055924063607126093e-05
2.055145813870140094e-05
2.054374331535129678e-05
2.053612892229855823e-05
2.052868892158933885e-05
2.052137229662261329e-05
2.051413859783215223e-05
2.050703424172624725e-05
2.050004774672911030e-05
2.049310899441205585e-05
2.048633376428957254e-05
2.047963427140728551e-05
2.047296936530276266e-05
2.046651531535070406e-05
2.046011989865490890e-05
2.045383409569616988e-05
2.044769304863777864e-05
2.044165369620935187e-05
2.043568594603663535e-05
2.042985186194435748e-05
2.042415020350818667e-05
2.041851600080922633e-05
2.041298073288007659e-05
2.040754379774824880e-05
2.040220453327287877e-05
2.039696236383106348e-05
2.039181679736099104e-05
2.038676711446367105e-05
2.038181261190419533e-05
2.037695254290759062e-05
2.037218600223930057e-05
2.036751208153196667e-05
2.036292994077540876e-05
2.035843877974575315e-05
2.035403793312313628e-05
2.034972684400337853e-05
2.034550495554858569e-05
2.034137170614352659e-05
2.033732647960268607e-05
2.033336868013765122e-05
2.032949769054755493e-05
2.032571294033197676e-05
2.032201372642000766e-05
2.031839940544342556e-05
2.031486932276069444e-05
2.031142262894595154e-05
2.030805852456816292e-05
2.030477628081035505e-05
2.030157523700487765e-05
2.029845484220458473e-05
2.029541456107785365e-05
2.029245386348540762e-05
2.028957218057819483e-05
2.028676890055590491e-05
2.028404341997222204e-05
2.028139516650314175e-05
2.027882361357399328e-05
2.027632824433586690e-05
2.027390864812194141e-05
2.027156429824337956e-05
2.026929457509175523e-05
2.026709870262365093e-05
2.026497590272979341e-05
2.026292556669082249e-05
2.026094709792759628e-05
2.025903996312940095e-05
2.025720365968096328e-05
2.025543765876236871e-05
2.025374143112822448e-05
2.025211449041660667e-05
2.025055640508133196e-05
2.024906668908279958e-05
2.024764488894638663e-05
2.024629060368758019e-05
2.024500337303779417e-05
2.024378275815960597e-05
2.024262821681661751e-05
2.024153915738006933e-05
2.024051488580179303e-05
2.023955477842016753e-05
2.023865832749135535e-05
2.023782512520361910e-05
2.023705479491375700e-05
2.023634697651002125e-05
2.023570128657455248e-05
2.023511740954386077e-05
2.023459495220359506e-05
2.023413350248380715e-05
2.023373265066769107e-05
2.023339186472732372e-05
2.023311059513856092e-05
2.023288820212710412e-05
2.023272406267391180e-05
2.023261761918058966e-05
2.023256832903663570e-05
2.023257567874303013e-05
2.023263923394278194e-05
2.023275859764475906e-05
2.023293344943487304e-05
2.023316339590197995e-05
2.023344800605122684e-05
2.023378696438071661e-05
2.023417992219135573e-05
2.023462658540284927e-05
2.023512672128896812e-05
2.023568009389047702e-05
2.023628644782672552e-05
2.023694529567301070e-05
2.023765617593204050e-05
2.023841864679714879e-05
2.023923209144667834e-05
2.024009588077171887e-05
2.024100952089685253e-05
2.024197266725252548e-05
2.024298507111330309e-05
2.024404659443187996e-05
2.024515709814293571e-05
2.024631632812989458e-05
2.024752393006184939e-05
2.024877948191132571e-05
2.025008260059815929e-05
2.025143295587730928e-05
2.025283018543717488e-05
2.025427390696155116e-05
2.025576374398124063e-05
2.025729930469407237e-05
2.025888025945720528e-05
2.026050632670113290e-05
2.026217740436692317e-05
2.026389366156997255e-05
2.026565600708084757e-05
2.026746677803912435e-05
2.026933233477635211e-05
2.027127054916301149e-05
2.027333197960923904e-05
2.027566414416423637e-05
2.027869960523016730e-05
2.028368816715156832e-05
2.029418864856382741e-05
2.032020238005117563e-05
2.038802349291629691e-05
2.055554356381131411e-05
2.104455569292951772e-05
2.288821414288928839e-05
2.681883804788678954e-05
3.125625914405075515e-05
3.561907458879564914e-05
3.993115674088014346e-05
4.421667034518432114e-05
4.848428390773306919e-05
5.273895386053512930e-05
5.698232658932625899e-05
6.121530985244348318e-05
6.543806193057598926e-05
6.965052958222721824e-05
7.385245402711680326e-05
7.804348547615821410e-05
8.222319519871281346e-05
8.639110463151152388e-05
9.054669538706633988e-05
9.468942010099298833e-05
9.881870982018605603e-05
1.029339803832476051e-04
1.070346374168338119e-04
1.111200803407482211e-04
1.151897054189726768e-04
1.192429079117318739e-04
1.232790836144175646e-04
1.272976294878183005e-04
1.312979437227931900e-04
1.352794252039087887e-04
1.392414725450532350e-04
1.431834826320147716e-04
1.471048485338058887e-04
1.510049574072840333e-04
1.548831880832153443e-04
1.587389084137144602e-04
1.625714726219729697e-04
1.663802183460631160e-04
1.701644640689041466e-04
1.739235065231099764e-04
1.776566182271953971e-04
1.813630453825871788e-04
1.850420058937451897e-04
1.886926876159314946e-04
1.923142472546953308e-04
1.959058095946449474e-04
1.994664672721689332e-04
2.029952812720722333e-04
2.064912820179808800e-04
2.099534710011741797e-04
2.133808228846363197e-04
2.167722885031498682e-04
2.201267981389505059e-04
2.234432657557517505e-04
2.267205938400724912e-04
2.299576790591478684e-04
2.331534182796400590e-04
2.363067142582202609e-04
2.394164830795191489e-04
2.424816609280937057e-04
2.455012108769595233e-04
2.484741303763364560e-04
2.513994580741564294e-04
2.542762803868501339e-04
2.571037380405076771e-04
2.598810321547810631e-04
2.626074298079546232e-04
2.652822692323522180e-04
2.679049639490738979e-04
2.704750063084950147e-04
2.729919702718524351e-04
2.754555133866925035e-04
2.778653783317873091e-04
2.802213929866543803e-04
2.825234701918844155e-04
2.847716065554581647e-04
2.869658805538100174e-04
2.891064498013762871e-04
2.911935489447657036e-04
2.932274860550649741e-04
2.952086385421443275e-04
2.971374495468277126e-04
2.990144228903611912e-04
3.008401188298377065e-04
3.026151491629520116e-04
3.043401729552166666e-04
3.060158919102889822e-04
3.076430448456652896e-04
3.092224039411644817e-04
3.107547707198420051e-04
3.122409705848425642e-04
3.136818494516719876e-04
3.150782703075229413e-04
3.164311085750121468e-04
3.177412487961660888e-04
3.190095830151040029e-04
3.202370068121325269e-04
3.214244165804969362e-04
3.225727076637573197e-04
3.236827718831676755e-04
3.247554958180724478e-04
3.257917586208270984e-04
3.267924302798039314e-04
3.277583698787782558e-04
3.286904250884989864e-04
3.295894309101800746e-04
3.304562087900141088e-04
3.312915656659410593e-04
3.320962933108910779e-04
3.328711669964197766e-04
3.336169469389700117e-04
3.343343769758961789e-04
3.350241842738001675e-04
3.356870797360947747e-04
3.363237575500441505e-04
3.369348946054774759e-04
3.375211506606891343e-04
3.380831686279395557e-04
3.386215747546342898e-04
3.391369782737789062e-04
3.396299724353663181e-04
3.401011340676177814e-04
3.405510236337999674e-04
3.409801853197018092e-04
3.413891477211544755e-04
3.417784242470384257e-04
3.421485131029435066e-04
3.424998971267596143e-04
3.428330455856921921e-04
3.431484136925381134e-04
3.434464423671267259e-04
3.437275589222075047e-04
3.439921775532947079e-04
3.442406995487854869e-04
3.444735126739411485e-04
3.446909922140316209e-04
3.448935008470783081e-04
3.450813900151715376e-04
3.452549994839040318e-04
3.454146575082420764e-04
3.455606812256956095e-04
3.456933764459021183e-04
3.458130391598828466e-04
3.459199554512037023e-04
3.460144015274827694e-04
3.460966434523792164e-04
3.461669378456078334e-04
3.462255319947505792e-04
3.462726641901331848e-04
3.463085639131102504e-04
3.463334521901935935e-04
3.463475414456734488e-04
3.463510361928600202e-04
3.463441322863391124e-04
3.463270169293484460e-04
3.462998252432932422e-04
3.462625641313421304e-04
3.462152003814034508e-04
3.461576991642252533e-04
3.460900246692925029e-04
3.460121401670429369e-04
3.459240081119220535e-04
3.458255901101531964e-04
3.457168461534127261e-04
3.455977345743775132e-04
3.454682128148453698e-04
3.453282366034423484e-04
3.451777612279317148e-04
3.450167407624436995e-04
3.448451279881233371e-04
3.446628747549019514e-04
3.444699317591789524e-04
3.442662482365414301e-04
3.440517722916912129e-04
3.438264504266503349e-04
3.435902282772510061e-04
3.433430503195671665e-04
3.430848600431956339e-04
3.428155992961190272e-04
3.425352085831952979e-04
3.422436276159006524e-04
3.419407953579567915e-04
3.416266500284901122e-04
3.413011278914645803e-04
3.409641639851724703e-04
3.406156920651683606e-04
3.402556448399735468e-04
3.398839539867034611e-04
3.395005500227277337e-04
3.391053616649592926e-04
3.386983180447291860e-04
3.382793478966014244e-04
3.378483795865576834e-04
3.374053396158270372e-04
3.369501534678907167e-04
3.364827465724745583e-04
3.360030433944262104e-04
3.355109677495698431e-04
3.350064432461364065e-04
3.344893931021174151e-04
3.339597403035300584e-04
3.334174076456996086e-04
3.328623177977143720e-04
3.322943934459105225e-04
3.317135574112325958e-04
3.311197327676828478e-04
3.305128429657538773e-04
3.298928119620129574e-04
3.292595643546598330e-04
3.286130255253990749e-04
3.279531217875604194e-04
3.272797805407539739e-04
3.265929304320505850e-04
3.258925015234973087e-04
3.251784254660956461e-04
3.244506356802072562e-04
3.237090675423863299e-04
3.229536585789874697e-04
3.221843486658832107e-04
3.214010802340851311e-04
3.206037984813960538e-04
3.197924515896869812e-04
3.189669909478140488e-04
3.181273713797909321e-04
3.172735513777358643e-04
3.164054933391219587e-04
3.155231638083375620e-04
3.146265337219929042e-04
3.137155786571738819e-04
3.127902790827596338e-04
3.118506206129092258e-04
3.108965942618273142e-04
3.099281966995747102e-04
3.089454305079989099e-04
3.079483044361660008e-04
3.069368336544874595e-04
3.059110400065779309e-04
3.048709522582059364e-04
3.038166063423333231e-04
3.027480455992671285e-04
3.016653210110509177e-04
3.005684914286754490e-04
2.994576237914619958e-04
2.983327933375434478e-04
2.971940838042714931e-04
2.960415876172879787e-04
2.948754060669213513e-04
2.936956494713656982e-04
2.925024373253371705e-04
2.912958984328350813e-04
2.900761710232548627e-04
2.888434028495559590e-04
2.875977512672500203e-04
2.863393832935624546e-04
2.850684756457159312e-04
2.837852147576403221e-04
2.824897967741091189e-04
2.811824275216177091e-04
2.798633224551724135e-04
2.785327065807566413e-04
2.771908143532561281e-04
2.758378895491593987e-04
2.744741851136654732e-04
2.730999629823165097e-04
2.717154938773449005e-04
2.703210570787755330e-04
2.689169401705988286e-04
2.675034387621736645e-04
2.660808561854748132e-04
2.646495031688405166e-04
2.632096974880342144e-04
2.617617635951245258e-04
2.603060322262010619e-04
2.588428399888586477e-04
2.573725289299946535e-04
2.558954460845521794e-04
2.544119430043738210e-04
2.529223752636534190e-04
2.514271019290297005e-04
2.499264849605633307e-04
2.484208881426530190e-04
2.469106731228740961e-04
2.453961987710403646e-04
2.438778237287299029e-04
2.423559061474720052e-04
2.408308031800944645e-04
2.393028704953941853e-04
2.377724617991072546e-04
2.362399283336703924e-04
2.347056183105104409e-04
2.331698761347922961e-04
2.316330409775988332e-04
2.300954435020307937e-04
2.285573985103557916e-04
2.270191921472887377e-04
2.254810692675092952e-04
2.239432343441494667e-04
2.224058690219924512e-04
2.208691507296256420e-04
2.193332607345297466e-04
2.177983842233485897e-04
2.162647080797724160e-04
2.147324189333544274e-04
2.132017019012096470e-04
2.116727398235150473e-04
2.101457127601484164e-04
2.086207975980496098e-04
2.070981676945586126e-04
2.055779925378795764e-04
2.040604374479023319e-04
2.025456633732136669e-04
2.010338268600101873e-04
1.995250802763087782e-04
1.980195723750630794e-04
1.965174492906241572e-04
1.950188561185496237e-04
1.935239393886972520e-04
1.920328510996964098e-04
1.905457556508235973e-04
1.890628416449866825e-04
1.875843373787844403e-04
1.861105100169380437e-04
1.846416134344755619e-04
1.831778281374263893e-04
1.817192743776224826e-04
1.802660532313186297e-04
1.788182651063531243e-04
1.773760143426351564e-04
1.759394109254219015e-04
1.745085717973277517e-04
1.730836219291190540e-04
1.716646950829564717e-04
1.702519341555897492e-04
1.688454908539281554e-04
1.674455241022750139e-04
1.660521970216125682e-04
1.646656747804289172e-04
1.632861254240564573e-04
1.619137247567244901e-04
1.605486558216128584e-04
1.591911090582127518e-04
1.578412803823097451e-04
1.564993699958438253e-04
1.551655806782020514e-04
1.538401162409128414e-04
1.525231799001447518e-04
1.512149727218229224e-04
1.499156921222964906e-04
1.486255304645017186e-04
1.473446737672585289e-04
1.460733005434450933e-04
1.448115807805677149e-04
1.435596750707311936e-04
1.423177338946861922e-04
1.410858970595919415e-04
1.398642932868507664e-04
1.386530399423851762e-04
1.374522428989194682e-04
1.362619965174052036e-04
1.350823837332495406e-04
1.339134762320692048e-04
1.327553346998415712e-04
1.316080091328723463e-04
1.304715391943805014e-04
1.293459546058110408e-04
1.282312755627392929e-04
1.271275131668644616e-04
1.260346698670949462e-04
1.249527399041251165e-04
1.238817097540457937e-04
1.228215585674545052e-04
1.217722586013995299e-04
1.207337756421976845e-04
1.197060694173929582e-04
1.186890939956907625e-04
1.176827981739893752e-04
1.166871258508107189e-04
1.157020163857164035e-04
1.147274049445037793e-04
1.137632228299488845e-04
1.128093977980995248e-04
1.118658543605647714e-04
1.109325140736512567e-04
1.100092958164894239e-04
1.090961160654976809e-04
1.081928891844335049e-04
1.072995281330704293e-04
1.064160566235381800e-04
1.055426417202439467e-04
1.046790772112579816e-04
1.038251447302179119e-04
1.029806773614427536e-04
1.021455380881908313e-04
1.013196072164166848e-04
1.005027750471962567e-04
9.969493763489583032e-05
9.889599433852102033e-05
9.810584643049520277e-05
9.732439631764496684e-05
9.655154712186688631e-05
9.578720246764307054e-05
9.503126638937145032e-05
9.428364330613267996e-05
9.354423803399508652e-05
9.281295581809634765e-05
9.208970237423644138e-05
9.137438393411470778e-05
9.066690729084702792e-05
8.996717984284085656e-05
8.927510963509570840e-05
8.859060539758990523e-05
8.791357658043031547e-05
8.724393338576430013e-05
8.658158679652428412e-05
8.592644860219350914e-05
8.527843142174867323e-05
8.463744872397777107e-05
8.400341484525836687e-05
8.337624500497057179e-05
8.275585531876376182e-05
8.214216280978210900e-05
8.153508541800796460e-05
8.093454200787919257e-05
8.034045237429133992e-05
7.975273724711524957e-05
7.917131829432269335e-05
7.859611812382593776e-05
7.802706028415138588e-05
7.746406926405795181e-05
7.690707049117877215e-05
7.635599032968030508e-05
7.581075607709491506e-05
7.527129596040644220e-05
7.473753913142500930e-05
7.420941566155910744e-05
7.368685653599497531e-05
7.316979364728691787e-05
7.265815978854325841e-05
7.215188864617321570e-05
7.165091479221526562e-05
7.115517367634249183e-05
7.066460161753562849e-05
7.017913579547396645e-05
6.969871424171351188e-05
6.922327583064002391e-05
6.875276027023265559e-05
6.828710809266698401e-05
6.782626064477981806e-05
6.737016007843676685e-05
6.691874934077375614e-05
6.647197216441707744e-05
6.602977305765288631e-05
6.559209729448387579e-05
6.515889090465868218e-05
6.473010066374143339e-05
6.430567408317281342e-05
6.388555940034116925e-05
6.346970556867593876e-05
6.305806224775131080e-05
6.265057979344734794e-05
6.224720924817373554e-05
6.184790233112531137e-05
6.145261142860978967e-05
6.106128958444548391e-05
6.067389049041853197e-05
6.029036847682721665e-05
5.991067850311846364e-05
5.953477614861773002e-05
5.916261760333202212e-05
5.879415965884273284e-05
5.842935969932866447e-05
5.806817569268286894e-05
5.771056618171296481e-05
5.735649027546352866e-05
5.700590764062968150e-05
5.665877849309951893e-05
5.631506358961259849e-05
5.597472421950351650e-05
5.563772219656575675e-05
5.530401985103284998e-05
5.497358002167384883e-05
5.464636604801383166e-05
5.432234176263372934e-05
5.400147148360029691e-05
5.368372000702814107e-05
5.336905259972229043e-05
5.305743499192514716e-05
5.274883337018974834e-05
5.244321437037270282e-05
5.214054507072998502e-05
5.184079298509705933e-05
5.154392605618728416e-05
5.124991264900747760e-05
5.095872154436858798e-05
5.067032193249569084e-05
5.038468340674030077e-05
5.010177595740250605e-05
4.982156996565268738e-05
4.954403619754391651e-05
4.926914579812770642e-05
4.899687028566605904e-05
4.872718154593722864e-05
4.846005182663462498e-05
4.819545373185820574e-05
4.793336021669939481e-05
4.767374458191426834e-05
4.741658046868515059e-05
4.716184185347065361e-05
4.690950304294179581e-05
4.665953866900298644e-05
4.641192368389685956e-05
4.616663335539153445e-05
4.592364326204881179e-05
4.568292928857062204e-05
4.544446762122435635e-05
4.520823474334589414e-05
4.497420743091872126e-05
4.474236274822758036e-05
4.451267804358528449e-05
4.428513094513202329e-05
4.405969935670628058e-05
4.383636145378526301e-05
4.361509567949274565e-05
4.339588074067545273e-05
4.317869560404411113e-05
4.296351949238057228e-05
4.275033188080849556e-05
4.253911249312665785e-05
4.232984129820448275e-05
4.212249850643845451e-05
4.191706456626732288e-05
4.171352016074533303e-05
4.151184620417325705e-05
4.131202383878653580e-05
4.111403443149897250e-05
4.091785957069867820e-05
4.072348106309803077e-05
4.053088093063705118e-05
4.034004140743766275e-05
4.015094493680810157e-05
3.996357416829724758e-05
3.977791195479837502e-05
3.959394134970022143e-05
3.941164560408455547e-05
3.923100816397035183e-05
3.905201266760367882e-05
3.887464294279091337e-05
3.869888300427559523e-05
3.852471705115857465e-05
3.835212946435996963e-05
3.818110480412271589e-05
3.801162780755663211e-05
3.784368338622193657e-05
3.767725662375219487e-05
3.751233277351509276e-05
3.734889725631148130e-05
3.718693565811064796e-05
3.702643372782247084e-05
3.686737737510484340e-05
3.670975266820620706e-05
3.655354583184235124e-05
3.639874324510693898e-05
3.624533143941514808e-05
3.609329709647977061e-05
3.594262704631914047e-05
3.579330826529663836e-05
3.564532787419058833e-05
3.549867313629475587e-05
3.535333145554807208e-05
3.520929037469384807e-05
3.506653757346732782e-05
3.492506086681155890e-05
3.478484820312064616e-05
3.464588766251010368e-05
3.450816745511380354e-05
3.437167591940729782e-05
3.423640152055642963e-05
3.410233284879130765e-05
3.396945861780504796e-05
3.383776766317685619e-05
3.370724894081888757e-05
3.357789152544656642e-05
3.344968460907214822e-05
3.332261749952060268e-05
3.319667961896798048e-05
3.307186050250149789e-05
3.294814979670125806e-05
3.282553725824282958e-05
3.270401275252067568e-05
3.258356625229197990e-05
3.246418783634040083e-05
3.234586768815949151e-05
3.222859609465562772e-05
3.211236344486949644e-05
3.199716022871677471e-05
3.188297703574677913e-05
3.176980455391930963e-05
3.165763356839908438e-05
3.154645496036769821e-05
3.143625970585291462e-05
3.132703887457405822e-05
3.121878362880495776e-05
3.111148522225239989e-05
3.100513499895074445e-05
3.089972439217257230e-05
3.079524492335453237e-05
3.069168820103819131e-05
3.058904591982637374e-05
3.048730985935379356e-05
3.038647188327222719e-05
3.028652393824993386e-05
3.018745805298518074e-05
3.008926633723325956e-05
2.999194098084723872e-05
2.989547425283208503e-05
2.979985850041160607e-05
2.970508614810845043e-05
2.961114969683685075e-05
2.951804172300769949e-05
2.942575487764581188e-05
2.933428188551963006e-05
2.924361554428229776e-05
2.915374872362468838e-05
2.906467436444016609e-05
2.897638547800010771e-05
2.888887514514090692e-05
2.880213651546207460e-05
2.871616280653473401e-05
2.863094730312103924e-05
2.854648335640385298e-05
2.846276438322701554e-05
2.837978386534510745e-05
2.829753534868410830e-05
2.821601244261092226e-05
2.813520881921325443e-05
2.805511821258862830e-05
2.797573441814290017e-05
2.789705129189803335e-05
2.781906274980883392e-05
2.774176276708875997e-05
2.766514537754437728e-05
2.758920467291869539e-05
2.751393480224280787e-05
2.743932997119613514e-05
2.736538444147496819e-05
2.729209253016891338e-05
2.721944860914560777e-05
2.714744710444343031e-05
2.707608249567166364e-05
2.700534931541876364e-05
2.693524214866777457e-05
2.686575563221965546e-05
2.679688445412343025e-05
2.672862335311420513e-05
2.666096711805762337e-05
2.659391058740198744e-05
2.652744864863684234e-05
2.646157623775864689e-05
2.639628833874307559e-05
2.633157998302391379e-05
2.626744624897863425e-05
2.620388226142018751e-05
2.614088319109530433e-05
2.607844425418903898e-05
2.601656071183542135e-05
2.595522786963423147e-05
2.589444107717362866e-05
2.583419572755896401e-05
2.577448725694713935e-05
2.571531114408683090e-05
2.565666290986433736e-05
2.559853811685504544e-05
2.554093236888033003e-05
2.548384131056995999e-05
2.542726062692971496e-05
2.537118604291446381e-05
2.531561332300623720e-05
2.526053827079757547e-05
2.520595672857983672e-05
2.515186457693658036e-05
2.509825773434173131e-05
2.504513215676273824e-05
2.499248383726843800e-05
2.494030880564156177e-05
2.488860312799605234e-05
2.483736290639888423e-05
2.478658427849627822e-05
2.473626341714472361e-05
2.468639653004592739e-05
2.463697985938653721e-05
2.458800968148188950e-05
2.453948230642412489e-05
2.449139407773427788e-05
2.444374137201869317e-05
2.439652059862945017e-05
2.434972819932861607e-05
2.430336064795661548e-05
2.425741445010454054e-05
2.421188614279012010e-05
2.416677229413760229e-05
2.412206950306131656e-05
2.407777439895305413e-05
2.403388364137290100e-05
2.399039391974377069e-05
2.394730195304951503e-05
2.390460448953650081e-05
2.386229830641850691e-05
2.382038020958534839e-05
2.377884703331448885e-05
2.373769563998624760e-05
2.369692291980213415e-05
2.365652579050651655e-05
2.361650119711140004e-05
2.357684611162438380e-05
2.353755753277970427e-05
2.349863248577244301e-05
2.346006802199564149e-05
2.342186121878038743e-05
2.338400917913899770e-05
2.334650903151107114e-05
2.330935792951226195e-05
2.327255305168606853e-05
2.323609160125834303e-05
2.319997080589462316e-05
2.316418791746011695e-05
2.312874021178240816e-05
2.309362498841685527e-05
2.305883957041463656e-05
2.302438130409327876e-05
2.299024755880988934e-05
2.295643572673670979e-05
2.292294322263954866e-05
2.288976748365813919e-05
2.285690596908946829e-05
2.282435616017309093e-05
2.279211555987911101e-05
2.276018169269830357e-05
2.272855210443467302e-05
2.269722436200023060e-05
2.266619605321205545e-05
2.263546478659161557e-05
2.260502819116623008e-05
2.257488391627265922e-05
2.254502963136301180e-05
2.251546302581266190e-05
2.248618180873016785e-05
2.245718370876943423e-05
2.242846647394385591e-05
2.240002787144237972e-05
2.237186568744768380e-05
2.234397772695628131e-05
2.231636181360055883e-05
2.228901578947270194e-05
2.226193751495060959e-05
2.223512486852555678e-05
2.220850274596969026e-05
2.218232164254963263e-05
2.215629185959066674e-05
2.213052306527642522e-05
2.210500592103337722e-05
2.207965040156363402e-05
2.205473576967727017e-05
2.202997396744622299e-05
2.200539813527505018e-05
2.198120777026314068e-05
2.195738398962811589e-05
2.193359952008842124e-05
2.190999896530013239e-05
2.188669170010768328e-05
2.186335006925504818e-05
2.184036207873184918e-05
2.181775822550238806e-05
2.179507227066347701e-05
2.177279204060498488e-05
2.175087508465322865e-05
2.172891171760459313e-05
2.170737910543156054e-05
2.168631721190971261e-05
2.166528866360021514e-05
2.164456561642738746e-05
2.162397088923418486e-05
2.160357708637373320e-05
2.158356465410407940e-05
2.156360920833522689e-05
2.154389130770956078e-05
2.152456818072259693e-05
2.150523693674146860e-05
2.148619173820042123e-05
2.146740395645832362e-05
2.144868230414263052e-05
2.143008523683338242e-05
2.141186315600020890e-05
2.139373689750173843e-05
2.137578066674617708e-05
2.135817211272154711e-05
2.134062728858998064e-05
2.132326886387594204e-05
2.130632295147447775e-05
2.128934589537559026e-05
2.127265131776128607e-05
2.125622252848323427e-05
2.123980001742341300e-05
2.122352570328674937e-05
2.120756751054289150e-05
2.119168670897095849e-05
2.117596177614514802e-05
2.116060670535905173e-05
2.114525483112944946e-05
2.113016070582089331e-05
2.111540936586198930e-05
2.110057399103082377e-05
2.108603872259561988e-05
2.107182616064740636e-05
2.105749521975036457e-05
2.104334004826174015e-05
2.102941236492127385e-05
2.101557433944496525e-05
