8.731995061724100702e-05
8.731509940587436046e-05
8.730989828007304683e-05
8.730468377993156432e-05
8.729943716421676532e-05
8.729414672753154085e-05
8.728880831541871714e-05
8.728342086528683244e-05
8.727798798715990960e-05
8.727251402294770139e-05
8.726700159005221691e-05
8.726145765430579960e-05
8.725588394444730564e-05
8.725028670623056776e-05
8.724467054074851657e-05
8.723903821986887547e-05
8.723339125125276010e-05
8.722773567638325305e-05
8.722207257635401073e-05
8.721640356545573840e-05
8.721073044294560400e-05
8.720505769535703963e-05
8.719938280289297084e-05
8.719371000730372697e-05
8.718804029219779349e-05
8.718237609909402705e-05
8.717671522829932259e-05
8.717106224529533982e-05
8.716541521053562777e-05
8.715977596296897950e-05
8.715414534517926443e-05
8.714852438187704528e-05
8.714291471036342946e-05
8.713731440946768849e-05
8.713172176082092631e-05
8.712933765534426232e-05
8.747914351172308815e-05
8.819532973345755710e-05
8.906693320028311175e-05
9.001057105886039653e-05
9.098560526234931122e-05
9.198117731571981825e-05
9.300509300217285212e-05
9.407673897813077486e-05
9.522386223541634564e-05
9.648225661795766645e-05
9.789785382771508837e-05
9.953140661620978459e-05
1.014668161796524484e-04
1.038254941058087884e-04
1.067915776487337112e-04
1.106574376187970294e-04
1.159071052662855023e-04
1.233646203839004404e-04
1.344142867249083467e-04
1.511082506094192071e-04
1.754204800770694855e-04
2.071809809543944877e-04
2.433899919239391693e-04
2.806045067560672835e-04
3.165148526174652900e-04
3.497091667157508190e-04
3.793221053938048196e-04
4.049603091838733268e-04
4.266557817741098175e-04
4.447450463248759267e-04
4.597192110436467858e-04
4.721027729687151992e-04
4.823811495552619345e-04
4.909692340641413954e-04
4.982054319645149842e-04
5.043582511935501165e-04
5.096374349473450265e-04
5.142055276891958340e-04
5.181881363921928343e-04
5.216823794461367125e-04
5.247635707104310928e-04
5.274903908954495062e-04
5.299088399851405217e-04
5.320552393869590682e-04
5.339585066931498529e-04
5.356418790802490275e-04
5.371242207087410401e-04
5.384210167047563667e-04
5.395451308799002321e-04
5.405073850363643038e-04
5.413170032074023693e-04
5.419819533596072691e-04
5.425092110177218976e-04
5.429049632597733556e-04
5.431747670389811596e-04
5.433236724248022157e-04
5.433563188272048103e-04
5.432770103615793206e-04
5.430897750685588846e-04
5.427984116071103097e-04
5.424065262042486284e-04
5.419175620068345661e-04
5.413348224921271179e-04
5.406614902186209111e-04
5.399006419100235666e-04
5.390552606429025329e-04
5.381282457369767963e-04
5.371224208145820855e-04
5.360405403934749742e-04
5.348852952979989703e-04
5.336593171124103538e-04
5.323651818527759235e-04
5.310054129971741952e-04
5.295824839854989348e-04
5.280988202781411586e-04
5.265568010457113892e-04
5.249587605486433347e-04
5.233069892551609360e-04
5.216037347379393670e-04
5.198512023833932408e-04
5.180515559424693104e-04
5.162069179477368763e-04
5.143193700183325496e-04
5.123909530715832885e-04
5.104236674579612715e-04
5.084194730341053473e-04
5.063802891870795159e-04
5.043079948215966907e-04
5.022044283207552926e-04
5.000713874896822037e-04
4.979106294905067667e-04
4.957238707761723023e-04
4.935127870297203534e-04
4.912790131149241419e-04
4.890241430434207623e-04
4.867497299627845248e-04
4.844572861693596257e-04
4.821482831490854016e-04
4.798241516489730614e-04
4.774862817813882638e-04
4.751360231628090993e-04
4.727746850882782320e-04
4.704035367423673375e-04
4.680238074470951084e-04
4.656366869468766189e-04
4.632433257302949058e-04
4.608448353881822624e-04
4.584422890072592993e-04
4.560367215983388576e-04
4.536291305579189578e-04
4.512204761617927273e-04
4.488116820891831726e-04
4.464036359757528566e-04
4.439971899937549525e-04
4.415931614574912555e-04
4.391923334521906971e-04
4.367954554843532186e-04
4.344032441515926959e-04
4.320163838299783993e-04
4.296355273768731175e-04
4.272612968472794107e-04
4.248942842217204199e-04
4.225350521437161357e-04
4.201841346649370121e-04
4.178420379962016458e-04
4.155092412624958168e-04
4.131861972602861874e-04
4.108733332154487989e-04
4.085710515402295922e-04
4.062797305877098543e-04
4.039997254023625192e-04
4.017313684653741582e-04
3.994749704335098404e-04
3.972308208704151966e-04
3.949991889693674880e-04
3.927803242666077230e-04
3.905744573444704863e-04
3.883818005236130359e-04
3.862025485436895158e-04
3.840368792318001935e-04
3.818849541579869738e-04
3.797469192770336517e-04
3.776229055557327598e-04
3.755130295848313916e-04
3.734173941749132156e-04
3.713360889356468754e-04
3.692691908380215781e-04
3.672167647594636714e-04
3.651788640119433909e-04
3.631555308533815319e-04
3.611467969827402888e-04
3.591526840191692745e-04
3.571732039655511719e-04
3.552083596567100991e-04
3.532581451925154658e-04
3.513225463560718160e-04
3.494015410172075938e-04
3.474950995214699692e-04
3.456031850648720008e-04
3.437257540546681729e-04
3.418627564564673585e-04
3.400141361280263055e-04
3.381798311401085894e-04
3.363597740848053657e-04
3.345538923717713328e-04
3.327621085128188035e-04
3.309843403953662867e-04
3.292205015452424259e-04
3.274705013793672301e-04
3.257342454488576316e-04
3.240116356731096619e-04
3.223025705654430418e-04
3.206069454509008097e-04
3.189246526768100567e-04
3.172555818167346127e-04
3.155996198684688490e-04
3.139566514467214916e-04
3.123265589711781863e-04
3.107092228506247770e-04
3.091045216638355422e-04
3.075123323379528586e-04
3.059325303250675764e-04
3.043649897777456594e-04
3.028095837242316237e-04
3.012661842440529690e-04
2.997346626447598239e-04
2.982148896404864294e-04
2.967067355330211967e-04
2.952100703960188356e-04
2.937247642629241414e-04
2.922506873191224358e-04
2.907877100987217730e-04
2.893357036862731989e-04
2.878945399235651316e-04
2.864640916214777119e-04
2.850442327766567591e-04
2.836348387925154277e-04
2.822357867037991481e-04
2.808469554035751699e-04
2.794682258711636796e-04
2.780994813990640799e-04
2.767406078164732965e-04
2.753914937064728865e-04
2.740520306134293783e-04
2.727221132365893579e-04
2.714016396053367378e-04
2.700905112310821640e-04
2.687886332303579084e-04
2.674959144134261900e-04
2.662122673326410417e-04
2.649376082849941262e-04
2.636718572637470671e-04
2.624149378549441892e-04
2.611667770758662865e-04
2.599273051542037383e-04
2.586964552488718485e-04
2.574741631159526518e-04
2.562603667260832194e-04
2.550550058426619832e-04
2.538580215733236747e-04
2.526693559099924121e-04
2.514889512753013304e-04
2.503167500949544043e-04
2.491526944164542865e-04
2.479967255943203068e-04
2.468487840602163075e-04
2.457088091932279673e-04
2.445767393007462569e-04
2.434525117142202451e-04
2.423360629966353659e-04
2.412273292504795547e-04
2.401262465068543554e-04
2.390327511690970011e-04
2.379467804788367260e-04
2.368682729695373236e-04
2.357971688730672963e-04
2.347334104487321755e-04
2.336769422113047629e-04
2.326277110439805651e-04
2.315856661926695510e-04
2.305507591482007566e-04
2.295229434316235838e-04
2.285021743038584852e-04
2.274884084241137036e-04
2.264816034817701735e-04
2.254817178243840312e-04
2.244887101007824652e-04
2.235025389338067233e-04
2.225231626328280730e-04
2.215505389523267149e-04
2.205846248999669646e-04
2.196253765958022439e-04
2.186727491838805378e-04
2.177266967987993059e-04
2.167871725904535083e-04
2.158541288131839392e-04
2.149275169887615176e-04
2.140072881563692079e-04
2.130933932268179161e-04
2.121857834624050749e-04
2.112844111076545158e-04
2.103892301990238048e-04
2.095001975824587186e-04
2.086172741647770610e-04
2.077404264159294625e-04
2.068696281211146785e-04
2.060048623509066676e-04
2.051461235706728903e-04
2.042934197464621471e-04
2.034467742266108043e-04
2.026062270984437875e-04
2.017718356603002928e-04
2.009436736433307914e-04
2.001218288994071107e-04
1.993063994597405191e-04
1.984974881464179343e-04
1.976951962236343297e-04
1.968996168134401947e-04
1.961108288865065150e-04
1.953288925359228931e-04
1.945538459852000303e-04
1.937857044566798138e-04
1.930244607300995259e-04
1.922700870205832583e-04
1.915225377218952364e-04
1.907817525765815399e-04
1.900476599126112284e-04
1.893201796889176455e-04
1.885992261924791769e-04
1.878847103123280861e-04
1.871765413762440441e-04
1.864746285750459669e-04
1.857788820213895149e-04
1.850892134994380615e-04
1.844055369629335429e-04
1.837277688353347366e-04
1.830558281592617367e-04
1.823896366350630856e-04
1.817291185809328548e-04
1.810742008402186503e-04
1.804248126556451078e-04
1.797808855252332086e-04
1.791423530506573399e-04
1.785091507855975849e-04
1.778812160891791159e-04
1.772584879877349266e-04
1.766409070467270779e-04
1.760284152536970449e-04
1.754209559124080377e-04
1.748184735478741506e-04
1.742209138216815694e-04
1.736282234568293733e-04
1.730403501712351447e-04
1.724572426190288364e-04
1.718788503387719811e-04
1.713051237077892793e-04
1.707360139018579360e-04
1.701714728595614238e-04
1.696114532506996266e-04
1.690559084481972965e-04
1.685047925030364328e-04
1.679580601217840231e-04
1.674156666463526180e-04
1.668775680356775583e-04
1.663437208490323236e-04
1.658140822307573004e-04
1.652886098961948069e-04
1.647672621186685839e-04
1.642499977173537951e-04
1.637367760459203616e-04
1.632275569818476347e-04
1.627223009163189266e-04
1.622209687446217409e-04
1.617235218569939073e-04
1.612299221298586207e-04
1.607401319174084028e-04
1.602541140434947278e-04
1.597718317937975080e-04
1.592932489082415329e-04
1.588183295736414046e-04
1.583470384165524441e-04
1.578793404963125526e-04
1.574152012982638342e-04
1.569545867271295839e-04
1.564974631005590562e-04
1.560437971428043442e-04
1.555935559785422161e-04
1.551467071268240771e-04
1.547032184951508045e-04
1.542630583736657069e-04
1.538261954294632217e-04
1.533925987010068730e-04
1.529622375926558667e-04
1.525350818692918116e-04
1.521111016510478164e-04
1.516902674081314244e-04
1.512725499557472945e-04
1.508579204491062664e-04
1.504463503785255800e-04
1.500378115646179447e-04
1.496322761535647439e-04
1.492297166124707971e-04
1.488301057248030948e-04
1.484334165859052914e-04
1.480396225985952208e-04
1.476486974688342947e-04
1.472606152014702477e-04
1.468753500960572663e-04
1.464928767427430413e-04
1.461131700182273768e-04
1.457362050817888333e-04
1.453619573713786997e-04
1.449904025997794481e-04
1.446215167508287829e-04
1.442552760757044323e-04
1.438916570892731517e-04
1.435306365664990600e-04
1.431721915389087341e-04
1.428162992911198646e-04
1.424629373574203266e-04
1.421120835184084543e-04
1.417637157976839204e-04
1.414178124585962679e-04
1.410743520010412011e-04
1.407333131583116560e-04
1.403946748939995570e-04
1.400584163989454956e-04
1.397245170882379837e-04
1.393929565982606833e-04
1.390637147837841159e-04
1.387367717151070815e-04
1.384121076752399830e-04
1.380897031571338225e-04
1.377695388609523753e-04
1.374515956913855916e-04
1.371358547550074222e-04
1.368222973576722434e-04
1.365109050019518025e-04
1.362016593846123878e-04
1.358945423941318161e-04
1.355895361082504094e-04
1.352866227915640394e-04
1.349857848931513779e-04
1.346870050442367092e-04
1.343902660558903104e-04
1.340955509167612760e-04
1.338028427908456068e-04
1.335121250152870680e-04
1.332233810982121460e-04
1.329365947165950918e-04
1.326517497141584448e-04
1.323688300993006888e-04
1.320878200430539130e-04
1.318087038770797187e-04
1.315314660916852107e-04
1.312560913338706745e-04
1.309825644054097248e-04
1.307108702609517897e-04
1.304409940061566594e-04
1.301729208958535104e-04
1.299066363322287166e-04
1.296421258630368336e-04
1.293793751798411561e-04
1.291183701162742776e-04
1.288590966463309874e-04
1.286015408826777552e-04
1.283456890749915436e-04
1.280915276083197899e-04
1.278390430014647279e-04
1.275882219053918064e-04
1.273390511016558879e-04
1.270915175008542825e-04
1.268456081411014106e-04
1.266013101865212198e-04
1.263586109257627767e-04
1.261174977705384640e-04
1.258779582541785769e-04
1.256399800302090660e-04
1.254035508709485259e-04
1.251686586661221240e-04
1.249352914214983516e-04
1.247034372575405207e-04
1.244730844080814078e-04
1.242442212190109356e-04
1.240168361469861898e-04
1.237909177581561796e-04
1.235664547269042725e-04
1.233434358346109292e-04
1.231218499684269563e-04
1.229016861200689034e-04
1.226829333846282840e-04
1.224655809593982515e-04
1.222496181427122565e-04
1.220350343328029374e-04
1.218218190266748887e-04
1.216099618189896272e-04
1.213994524009690841e-04
1.211902805593108063e-04
1.209824361751214537e-04
1.207759092228591065e-04
1.205706897692926198e-04
1.203667679724740856e-04
1.201641340807268376e-04
1.199627784316423343e-04
1.199627784315785833e-04
