1.000000000000000666e+00
2.000000000000001332e+00
2.999999999999980016e+00
3.999999999999958700e+00
4.999999999999937828e+00
5.999999999999916511e+00
6.999999999999895195e+00
7.999999999999873879e+00
8.999999999999852562e+00
9.999999999999831246e+00
1.099999999999980993e+01
1.199999999999978861e+01
1.299999999999976730e+01
1.399999999999974598e+01
1.499999999999972466e+01
1.599999999999970335e+01
1.699999999999985789e+01
1.800000000000001421e+01
1.900000000000017053e+01
2.000000000000032685e+01
2.100000000000048317e+01
2.200000000000063949e+01
2.300000000000079581e+01
2.400000000000095213e+01
2.500000000000110845e+01
2.600000000000126477e+01
2.700000000000142109e+01
2.800000000000157740e+01
2.900000000000173372e+01
3.000000000000189004e+01
3.100000000000204636e+01
3.200000000000220268e+01
3.300000000000200373e+01
3.400000000000180478e+01
3.500000000000160583e+01
3.600000000000140687e+01
3.700000000000120792e+01
3.800000000000100897e+01
3.900000000000081002e+01
4.000000000000061107e+01
4.100000000000041211e+01
4.200000000000021316e+01
4.300000000000001421e+01
4.399999999999981526e+01
4.499999999999961631e+01
4.599999999999941735e+01
4.699999999999921840e+01
4.799999999999901945e+01
4.899999999999882050e+01
4.999999999999862155e+01
5.099999999999842260e+01
5.199999999999822364e+01
5.299999999999802469e+01
5.399999999999782574e+01
5.499999999999762679e+01
5.599999999999742784e+01
5.699999999999722888e+01
5.799999999999702993e+01
5.899999999999683098e+01
5.999999999999663203e+01
6.099999999999643308e+01
6.199999999999623412e+01
6.299999999999603517e+01
6.399999999999583622e+01
6.499999999999634781e+01
6.599999999999685940e+01
6.699999999999737099e+01
6.799999999999788258e+01
6.899999999999839417e+01
6.999999999999890576e+01
7.099999999999941735e+01
7.199999999999992895e+01
7.300000000000044054e+01
7.400000000000095213e+01
7.500000000000146372e+01
7.600000000000197531e+01
7.700000000000248690e+01
7.800000000000299849e+01
7.900000000000351008e+01
8.000000000000402167e+01
8.100000000000453326e+01
8.200000000000504485e+01
8.300000000000555644e+01
8.400000000000606803e+01
8.500000000000657963e+01
8.600000000000709122e+01
8.700000000000760281e+01
8.800000000000811440e+01
8.900000000000862599e+01
9.000000000000913758e+01
9.100000000000964917e+01
9.200000000001016076e+01
9.300000000001067235e+01
9.400000000001118394e+01
9.500000000001169553e+01
9.600000000001220712e+01
9.700000000001271871e+01
9.800000000001323031e+01
9.900000000001374190e+01
1.000000000000142535e+02
1.010000000000147651e+02
1.020000000000152767e+02
1.030000000000157883e+02
1.040000000000162999e+02
1.050000000000168114e+02
1.060000000000173230e+02
1.070000000000178346e+02
1.080000000000183462e+02
1.090000000000188578e+02
1.100000000000193694e+02
1.110000000000198810e+02
1.120000000000203926e+02
1.130000000000209042e+02
1.140000000000214158e+02
1.150000000000219273e+02
1.160000000000224389e+02
1.170000000000229505e+02
1.180000000000234621e+02
1.190000000000239737e+02
1.200000000000244853e+02
1.210000000000249969e+02
1.220000000000255085e+02
1.230000000000260201e+02
1.240000000000265317e+02
1.250000000000270433e+02
1.260000000000275548e+02
1.270000000000280664e+02
1.280000000000285638e+02
1.290000000000276543e+02
1.300000000000267448e+02
1.310000000000258353e+02
1.320000000000249258e+02
1.330000000000240163e+02
1.340000000000231068e+02
1.350000000000221974e+02
1.360000000000212879e+02
1.370000000000203784e+02
1.380000000000194689e+02
1.390000000000185594e+02
1.400000000000176499e+02
1.410000000000167404e+02
1.420000000000158309e+02
1.430000000000149214e+02
1.440000000000140119e+02
1.450000000000131024e+02
1.460000000000121929e+02
1.470000000000112834e+02
1.480000000000103739e+02
1.490000000000094644e+02
1.500000000000085549e+02
1.510000000000076454e+02
1.520000000000067359e+02
1.530000000000058265e+02
1.540000000000049170e+02
1.550000000000040075e+02
1.560000000000030980e+02
1.570000000000021885e+02
1.580000000000012790e+02
1.590000000000003695e+02
1.599999999999994600e+02
1.609999999999985505e+02
1.619999999999976410e+02
1.629999999999967315e+02
1.639999999999958220e+02
1.649999999999949125e+02
1.659999999999940030e+02
1.669999999999930935e+02
1.679999999999921840e+02
1.689999999999912745e+02
1.699999999999903650e+02
1.709999999999894555e+02
1.719999999999885461e+02
1.729999999999876366e+02
1.739999999999867271e+02
1.749999999999858176e+02
1.759999999999849081e+02
1.769999999999839986e+02
1.779999999999830891e+02
1.789999999999821796e+02
1.799999999999812701e+02
1.809999999999803606e+02
1.819999999999794511e+02
1.829999999999785416e+02
1.839999999999776321e+02
1.849999999999767226e+02
1.859999999999758131e+02
1.869999999999749036e+02
1.879999999999739941e+02
1.889999999999730846e+02
1.899999999999721751e+02
1.909999999999712657e+02
1.919999999999703562e+02
1.929999999999694467e+02
1.939999999999685372e+02
1.949999999999676277e+02
1.959999999999667182e+02
1.969999999999658087e+02
1.979999999999648992e+02
1.989999999999639897e+02
1.999999999999630802e+02
2.009999999999621707e+02
2.019999999999612612e+02
2.029999999999603517e+02
2.039999999999594422e+02
2.049999999999585327e+02
2.059999999999576232e+02
2.069999999999567137e+02
2.079999999999558042e+02
2.089999999999548947e+02
2.099999999999539853e+02
2.109999999999530758e+02
2.119999999999521663e+02
2.129999999999512568e+02
2.139999999999503473e+02
2.149999999999494378e+02
2.159999999999485283e+02
2.169999999999476188e+02
2.179999999999467093e+02
2.189999999999457998e+02
2.199999999999448903e+02
2.209999999999439808e+02
2.219999999999430713e+02
2.229999999999421618e+02
2.239999999999412523e+02
2.249999999999403428e+02
2.259999999999394333e+02
2.269999999999385238e+02
2.279999999999376143e+02
2.289999999999367049e+02
2.299999999999357954e+02
2.309999999999348859e+02
2.319999999999339764e+02
2.329999999999330669e+02
2.339999999999321574e+02
2.349999999999312479e+02
2.359999999999303384e+02
2.369999999999294289e+02
2.379999999999285194e+02
2.389999999999276099e+02
2.399999999999267004e+02
2.409999999999257909e+02
2.419999999999248814e+02
2.429999999999239719e+02
2.439999999999230624e+02
2.449999999999221529e+02
2.459999999999212434e+02
2.469999999999203339e+02
2.479999999999194245e+02
2.489999999999185150e+02
2.499999999999176055e+02
2.509999999999166960e+02
2.519999999999157865e+02
2.529999999999148770e+02
2.539999999999139675e+02
2.549999999999130580e+02
2.559999999999121485e+02
2.569999999999112674e+02
2.579999999999103579e+02
2.589999999999094484e+02
2.599999999999085389e+02
2.609999999999076294e+02
2.619999999999067199e+02
2.629999999999058105e+02
2.639999999999049010e+02
2.649999999999039915e+02
2.659999999999030820e+02
2.669999999999021725e+02
2.679999999999012630e+02
2.689999999999003535e+02
2.699999999998994440e+02
2.709999999998985345e+02
2.719999999998976250e+02
2.729999999998967155e+02
2.739999999998958060e+02
2.749999999998948965e+02
2.759999999998939870e+02
2.769999999998930775e+02
2.779999999998921680e+02
2.789999999998912585e+02
2.799999999998903490e+02
2.809999999998894396e+02
2.819999999998885301e+02
2.829999999998876206e+02
2.839999999998867111e+02
2.849999999998858016e+02
2.859999999998848921e+02
2.869999999998839826e+02
2.879999999998830731e+02
2.889999999998821636e+02
2.899999999998812541e+02
2.909999999998803446e+02
2.919999999998794351e+02
2.929999999998785256e+02
2.939999999998776161e+02
2.949999999998767066e+02
2.959999999998757971e+02
2.969999999998748876e+02
2.979999999998739781e+02
2.989999999998730686e+02
2.999999999998721592e+02
3.009999999998712497e+02
3.019999999998703402e+02
3.029999999998694307e+02
3.039999999998685212e+02
3.049999999998676117e+02
3.059999999998667022e+02
3.069999999998657927e+02
3.079999999998648832e+02
3.089999999998639737e+02
3.099999999998630642e+02
3.109999999998621547e+02
3.119999999998612452e+02
3.129999999998603357e+02
3.139999999998594262e+02
3.149999999998585167e+02
3.159999999998576072e+02
3.169999999998566977e+02
3.179999999998557882e+02
3.189999999998548788e+02
3.199999999998539693e+02
3.209999999998530598e+02
3.219999999998521503e+02
3.229999999998512408e+02
3.239999999998503313e+02
3.249999999998494218e+02
3.259999999998485123e+02
3.269999999998476028e+02
3.279999999998466933e+02
3.289999999998457838e+02
3.299999999998448743e+02
3.309999999998439648e+02
3.319999999998430553e+02
3.329999999998421458e+02
3.339999999998412363e+02
3.349999999998403268e+02
3.359999999998394173e+02
3.369999999998385078e+02
3.379999999998375984e+02
3.389999999998366889e+02
3.399999999998357794e+02
3.409999999998348699e+02
3.419999999998339604e+02
3.429999999998330509e+02
3.439999999998321414e+02
3.449999999998312319e+02
3.459999999998303224e+02
3.469999999998294129e+02
3.479999999998285034e+02
3.489999999998275939e+02
3.499999999998266844e+02
3.509999999998257749e+02
3.519999999998248654e+02
3.529999999998239559e+02
3.539999999998230464e+02
3.549999999998221369e+02
3.559999999998212274e+02
3.569999999998203180e+02
3.579999999998194085e+02
3.589999999998184990e+02
3.599999999998175895e+02
3.609999999998166800e+02
3.619999999998157705e+02
3.629999999998148610e+02
3.639999999998139515e+02
3.649999999998130420e+02
3.659999999998121325e+02
3.669999999998112230e+02
3.679999999998103135e+02
3.689999999998094040e+02
3.699999999998084945e+02
3.709999999998075850e+02
3.719999999998066755e+02
3.729999999998057660e+02
3.739999999998048565e+02
3.749999999998039470e+02
3.759999999998030376e+02
3.769999999998021281e+02
3.779999999998012186e+02
3.789999999998003091e+02
3.799999999997993996e+02
3.809999999997984901e+02
3.819999999997975806e+02
3.829999999997966711e+02
3.839999999997957616e+02
3.849999999997948521e+02
3.859999999997939426e+02
3.869999999997930331e+02
3.879999999997921236e+02
3.889999999997912141e+02
3.899999999997903046e+02
3.909999999997893951e+02
3.919999999997884856e+02
3.929999999997875761e+02
3.939999999997866666e+02
3.949999999997857572e+02
3.959999999997848477e+02
3.969999999997839382e+02
3.979999999997830287e+02
3.989999999997821192e+02
3.999999999997812097e+02
4.009999999997803002e+02
4.019999999997793907e+02
4.029999999997784812e+02
4.039999999997775717e+02
4.049999999997766622e+02
4.059999999997757527e+02
4.069999999997748432e+02
4.079999999997739337e+02
4.089999999997730242e+02
4.099999999997721147e+02
4.109999999997712052e+02
4.119999999997702957e+02
4.129999999997693862e+02
4.139999999997684768e+02
4.149999999997675673e+02
4.159999999997666578e+02
4.169999999997657483e+02
4.179999999997648388e+02
4.189999999997639293e+02
4.199999999997630198e+02
4.209999999997621103e+02
4.219999999997612008e+02
4.229999999997602913e+02
4.239999999997593818e+02
4.249999999997584723e+02
4.259999999997575628e+02
4.269999999997566533e+02
4.279999999997557438e+02
4.289999999997548343e+02
4.299999999997539248e+02
4.309999999997530153e+02
4.319999999997521059e+02
4.329999999997511964e+02
4.339999999997502869e+02
4.349999999997493774e+02
4.359999999997484679e+02
4.369999999997475584e+02
4.379999999997466489e+02
4.389999999997457394e+02
4.399999999997448299e+02
4.409999999997439204e+02
4.419999999997430109e+02
4.429999999997421014e+02
4.439999999997411919e+02
4.449999999997402824e+02
4.459999999997393729e+02
4.469999999997384634e+02
4.479999999997375539e+02
4.489999999997366444e+02
4.499999999997357349e+02
4.509999999997348255e+02
4.519999999997339160e+02
4.529999999997330065e+02
4.539999999997320970e+02
4.549999999997311875e+02
4.559999999997302780e+02
4.569999999997293685e+02
4.579999999997284590e+02
4.589999999997275495e+02
4.599999999997266400e+02
4.609999999997257305e+02
4.619999999997248210e+02
4.629999999997239115e+02
4.639999999997230020e+02
4.649999999997220925e+02
4.659999999997211830e+02
4.669999999997202735e+02
4.679999999997193640e+02
4.689999999997184545e+02
4.699999999997175451e+02
4.709999999997166356e+02
4.719999999997157261e+02
4.729999999997148166e+02
4.739999999997139071e+02
4.749999999997129976e+02
4.759999999997120881e+02
4.769999999997111786e+02
4.779999999997102691e+02
4.789999999997093596e+02
4.799999999997084501e+02
4.809999999997075406e+02
4.819999999997066311e+02
4.829999999997057216e+02
4.839999999997048121e+02
4.849999999997039026e+02
4.859999999997029931e+02
4.869999999997020836e+02
4.879999999997011741e+02
4.889999999997002647e+02
4.899999999996993552e+02
4.909999999996984457e+02
4.919999999996975362e+02
4.929999999996966267e+02
4.939999999996957172e+02
4.949999999996948077e+02
4.959999999996938982e+02
4.969999999996929887e+02
4.979999999996920792e+02
4.989999999996911697e+02
4.999999999996902602e+02
5.000000000000000000e+02
