8.731993260538508425e-05
8.731521314345546780e-05
8.731050192841461894e-05
8.730614497237654519e-05
8.730209755636295674e-05
8.729834013483037938e-05
8.729398128051241894e-05
8.754002873003045870e-05
8.819460287367902798e-05
8.898472372584811788e-05
8.982608816371171346e-05
9.069221172092215781e-05
9.159246240380070135e-05
9.252971765021541204e-05
9.351116354741906289e-05
9.455160879266821079e-05
9.567386913517206639e-05
9.690923152294456393e-05
9.829920352647940384e-05
9.989936080974968580e-05
1.017863604943405057e-04
1.040700816487195624e-04
1.069146800382182147e-04
1.105757943580376178e-04
1.154671022594805845e-04
1.222763929456296679e-04
1.321407381625685779e-04
1.467753821874600683e-04
1.680699840719415488e-04
1.965560239691956806e-04
2.301889767306618847e-04
2.657717329042377200e-04
3.008192433509963848e-04
3.337615597357133641e-04
3.636080435050076127e-04
3.898191732175332693e-04
4.122706809695860126e-04
4.311672065540964592e-04
4.469110727629145943e-04
4.599794288035536000e-04
4.708403558938390149e-04
4.799093284400257078e-04
4.875342470526042565e-04
4.939964566357618820e-04
4.995188656058266105e-04
5.042760958200239070e-04
5.084042193093918881e-04
5.120091351952901944e-04
5.151733863722783103e-04
5.179615379298493699e-04
5.204243474329220756e-04
5.226019677327766507e-04
5.245263952214142831e-04
5.262233381871033551e-04
5.277136429780289678e-04
5.290143841880884205e-04
5.301396998025385094e-04
5.311014325995063162e-04
5.319096241121955239e-04
5.325728961258775328e-04
5.330987461596936811e-04
5.334937769803377175e-04
5.337638753821834399e-04
5.339143518446971739e-04
5.339500499420798182e-04
5.338754323081770564e-04
5.336946483855303010e-04
5.334115879875737974e-04
5.330299237855469410e-04
5.325531451282056314e-04
5.319845850615384899e-04
5.313274419988758173e-04
5.305847971699004717e-04
5.297596287280824899e-04
5.288548232031631225e-04
5.278731848357007738e-04
5.268174432145270990e-04
5.256902595477103536e-04
5.244942318274136263e-04
5.232318990944676918e-04
5.219057449659310908e-04
5.205182005558144477e-04
5.190716468933186068e-04
5.175684169227621990e-04
5.160107971536305547e-04
5.144010290167960698e-04
5.127413099732669325e-04
5.110337944141359664e-04
5.092805943843236368e-04
5.074837801578299190e-04
5.056453806883146268e-04
5.037673839556147150e-04
5.018517372261927347e-04
4.999003472433209650e-04
4.979150803609589141e-04
4.958977626336995986e-04
4.938501798737698466e-04
4.917740776848851612e-04
4.896711614816417601e-04
4.875430965021807081e-04
4.853915078209618782e-04
4.832179803676785635e-04
4.810240589575779497e-04
4.788112483377775274e-04
4.765810132535254571e-04
4.743347785377349064e-04
4.720739292265983822e-04
4.697998107035456557e-04
4.675137288733572532e-04
4.652169503677819882e-04
4.629107027836293852e-04
4.605961749539044651e-04
4.582745172522414696e-04
4.559468419305640996e-04
4.536142234896288461e-04
4.512776990818594949e-04
4.489382689456474537e-04
4.465968968701002724e-04
4.442545106890491468e-04
4.419120028029685033e-04
4.395702307273499534e-04
4.372300176659344026e-04
4.348921531071470062e-04
4.325573934420067564e-04
4.302264626017102177e-04
4.279000527130812884e-04
4.255788247700241110e-04
4.232634093191433612e-04
4.209544071576754899e-04
4.186523900418852263e-04
4.163579014041510402e-04
4.140714570769373480e-04
4.117935460219305024e-04
4.095246310626646127e-04
4.072651496190095354e-04
4.050155144419613582e-04
4.027761143472320215e-04
4.005473149462250907e-04
3.983294593730347835e-04
3.961228690061981096e-04
3.939278441840003437e-04
3.917446649122039858e-04
3.895735915631797267e-04
3.874148655654555064e-04
3.852687100828094176e-04
3.831353306821064231e-04
3.810149159891347429e-04
3.789076383318077095e-04
3.768136543701329890e-04
3.747331057124452316e-04
3.726661195174740555e-04
3.706128090818535791e-04
3.685732744127793612e-04
3.665476027855594219e-04
3.645358692858672255e-04
3.625381373365636479e-04
3.605544592090075343e-04
3.585848765188190683e-04
3.566294207061136809e-04
3.546881135002601646e-04
3.527609673692664281e-04
3.508479859539271142e-04
3.489491644869087764e-04
3.470644901969789382e-04
3.451939426986136016e-04
3.433374943672552857e-04
3.414951107005186125e-04
3.396667506656687006e-04
3.378523670337618668e-04
3.360519067010575220e-04
3.342653110017196967e-04
3.324925159802704874e-04
3.307334527066055937e-04
3.289880475409946887e-04
3.272562223867857972e-04
3.255378949473247273e-04
3.238329789661876005e-04
3.221413844588112132e-04
3.204630179351489151e-04
3.187977826138067177e-04
3.171455786281928996e-04
3.155063032252023369e-04
3.138798509570075849e-04
3.122661138665174603e-04
3.106649816670941223e-04
3.090763419171218738e-04
3.075000801900452442e-04
3.059360802404992286e-04
3.043842241671638809e-04
3.028443925730022932e-04
3.013164647235225626e-04
2.998003187037440284e-04
2.982958315745232875e-04
2.968028795289141450e-04
2.953213380492245455e-04
2.938510820654247437e-04
2.923919861155370730e-04
2.909439245086223227e-04
2.895067714909253733e-04
2.880804014157026184e-04
2.866646889171811196e-04
2.852595090890110738e-04
2.838647376674816687e-04
2.824802512196166078e-04
2.811059273361251796e-04
2.797416448289892130e-04
2.783872839332467630e-04
2.770427265122647580e-04
2.757078562654957719e-04
2.743825589373803642e-04
2.730667225256615651e-04
2.717602374869590399e-04
2.704629969370068651e-04
2.691748968424559395e-04
2.678958362006811085e-04
2.666257172035169966e-04
2.653644453804296691e-04
2.641119297162487908e-04
2.628680827383053338e-04
2.616328205677433431e-04
2.604060629298555270e-04
2.591877331186914833e-04
2.579777579118594120e-04
2.567760674325086966e-04
2.555825949569161108e-04
2.543972766679258846e-04
2.532200513566970168e-04
2.520508600777065654e-04
2.508896457646868036e-04
2.497363528179357512e-04
2.485909266761559253e-04
2.474533133883397647e-04
2.463234592030950974e-04
2.452013101939117478e-04
2.440868119390047120e-04
2.429799092733145663e-04
2.418805461279020515e-04
2.407886654681658961e-04
2.397042093372334819e-04
2.386271190045082511e-04
2.375573352122476107e-04
2.364947985055993319e-04
2.354394496245113899e-04
2.343912299301688167e-04
2.333500818348957463e-04
2.323159492034761284e-04
2.312887776959635479e-04
2.302685150271601051e-04
2.292551111255602373e-04
2.282485181836980319e-04
2.272486906012942669e-04
2.262555848312218564e-04
2.252691591450281842e-04
2.242893733390042090e-04
2.233161884034104818e-04
2.223495661766696971e-04
2.213894690037760868e-04
2.204358594144476197e-04
2.194886998325101628e-04
2.185479523241748477e-04
2.176135783897364332e-04
2.166855388010581213e-04
2.157637934858913599e-04
2.148483014605710110e-04
2.139390208134245644e-04
2.130359087424648593e-04
2.121389216537583112e-04
2.112480153297741059e-04
2.103631451803876279e-04
2.094842665927573798e-04
2.086113353998405359e-04
2.077443084903843286e-04
2.068831445852447552e-04
2.060278052047973538e-04
2.051782558485529891e-04
2.043344673987553862e-04
2.034964177420101235e-04
2.026640935739585010e-04
2.018374923090848413e-04
2.010166239605254066e-04
2.002015127870308310e-04
1.993921984370399165e-04
1.985887362731874142e-04
1.977911965621175253e-04
1.969996622920998537e-04
1.962142255483343247e-04
1.954349826165855102e-04
1.946620282464970881e-04
1.938954497086700689e-04
1.931353213534159504e-04
1.923817002939014404e-04
1.916346236192053090e-04
1.908941072640769801e-04
1.901601464030312273e-04
1.894327170554064373e-04
1.887117785062290083e-04
1.879972761529002934e-04
1.872891444500396731e-04
1.865873097122715837e-04
1.858916926229960793e-04
1.852022103719912368e-04
1.845187784007246254e-04
1.838413117716849023e-04
1.831697262000162257e-04
1.825039387960876729e-04
1.818438685700789518e-04
1.811894367471931556e-04
1.805405669369252516e-04
1.798971851934876769e-04
1.792592199979634764e-04
1.786266021866510017e-04
1.779992648446335841e-04
1.773771431790087893e-04
1.767601743824202419e-04
1.761482974945062919e-04
1.755414532664951706e-04
1.749395840323735561e-04
1.743426335886855507e-04
1.737505470840338588e-04
1.731632709186485400e-04
1.725807526539090370e-04
1.720029409313664974e-04
1.714297854006594001e-04
1.708612366555676090e-04
1.702972461774347735e-04
1.697377662851822715e-04
1.691827500911639122e-04
1.686321514621696505e-04
1.680859249849265451e-04
1.675440259355245008e-04
1.670064102522382749e-04
1.664730345112942029e-04
1.659438559051731724e-04
1.654188322230949022e-04
1.648979218333842070e-04
1.643810836674484412e-04
1.638682772051411221e-04
1.633594624613181746e-04
1.628545999734191279e-04
1.623536507899309600e-04
1.618565764596138117e-04
1.613633390213858952e-04
1.608739009947804009e-04
1.603882253709030886e-04
1.599062756038230446e-04
1.594280156023515833e-04
1.589534097221534836e-04
1.584824227581635913e-04
1.580150199372722488e-04
1.575511669112502526e-04
1.570908297498951780e-04
1.566339749343761934e-04
1.561805693507608585e-04
1.557305802837101634e-04
1.552839754103319697e-04
1.548407227941807644e-04
1.544007908793907442e-04
1.539641484849416867e-04
1.535307647990471743e-04
1.531006093736574721e-04
1.526736521190760851e-04
1.522498632986811029e-04
1.518292135237497061e-04
1.514116737483829622e-04
1.509972152645244585e-04
1.505858096970745887e-04
1.501774289990892184e-04
1.497720454470704795e-04
1.493696316363418079e-04
1.489701604765024802e-04
1.485736051869662028e-04
1.481799392925757855e-04
1.477891366192975577e-04
1.474011712899853360e-04
1.470160177202235123e-04
1.466336506142383643e-04
1.462540449608798400e-04
1.458771760296734895e-04
1.455030193669343589e-04
1.451315507919538248e-04
1.447627463932455436e-04
1.443965825248549363e-04
1.440330358027337786e-04
1.436720831011679175e-04
1.433137015492725068e-04
1.429578685275393105e-04
1.426045616644441806e-04
1.422537588331067109e-04
1.419054381480076257e-04
1.415595779617593751e-04
1.412161568619266846e-04
1.408751536679007466e-04
1.405365474278221459e-04
1.402003174155559088e-04
1.398664431277114645e-04
1.395349042807128603e-04
1.392056808079143498e-04
1.388787528567620333e-04
1.385541007859994076e-04
1.382317051629198895e-04
1.379115467606562289e-04
1.375936065555205003e-04
1.372778657243788156e-04
1.369643056420707873e-04
1.366529078788673998e-04
1.363436541979680470e-04
1.360365265530363041e-04
1.357315070857736993e-04
1.354285781235316504e-04
1.351277221769561440e-04
1.348289219376735601e-04
1.345321602760075051e-04
1.342374202387310435e-04
1.339446850468539502e-04
1.336539380934418644e-04
1.333651629414692988e-04
1.330783433217034661e-04
1.327934631306210394e-04
1.325105064283537239e-04
1.322294574366680907e-04
1.319503005369691536e-04
1.316730202683388850e-04
1.313976013256021075e-04
1.311240285574187590e-04
1.308522869644062443e-04
1.305823616972873191e-04
1.303142380550663816e-04
1.300479014832306988e-04
1.297833375719800676e-04
1.295205320544788098e-04
1.292594708051345736e-04
1.290001398379018831e-04
1.287425253046096474e-04
1.284866134933119271e-04
1.282323908266635277e-04
1.279798438603158689e-04
1.277289592813402833e-04
1.274797239066675512e-04
1.272321246815551643e-04
1.269861486780715567e-04
1.267417830936040798e-04
1.264990152493860329e-04
1.262578325890477621e-04
1.260182226771825321e-04
1.257801731979372800e-04
1.255436719536189819e-04
1.253087068633233813e-04
1.250752659615805222e-04
1.248433373970188765e-04
1.246129094310491228e-04
1.243839704365652177e-04
1.241565088966628961e-04
1.239305134033748680e-04
1.237059726564262627e-04
1.234828754620023250e-04
1.232612107315355450e-04
1.230409674805110569e-04
1.228221348272828264e-04
1.226047019919108971e-04
1.223886582950103755e-04
1.221739931566174630e-04
1.219606960950719285e-04
1.217487567259122657e-04
1.215381647607847825e-04
1.213289100063704302e-04
1.211209823633232889e-04
1.209143718252247453e-04
1.207090684775476332e-04
1.205050624966401320e-04
1.203023441487163076e-04
1.201009037888653268e-04
1.199007318600713528e-04
1.197018188922443496e-04
1.195041555012670681e-04
1.193077323880518313e-04
1.191125403376101392e-04
1.189185702181350275e-04
1.187258129800949186e-04
1.185342596553371896e-04
1.183439013562064310e-04
1.181547292746720171e-04
1.179667346814671674e-04
1.177799089252392034e-04
1.175942434317106338e-04
1.174097297028493195e-04
1.172263593160529504e-04
1.170441239233401085e-04
1.168630152505526610e-04
1.166830250965687787e-04
1.165041453325254140e-04
1.163263679010504553e-04
1.161496848155054524e-04
1.159740881592359992e-04
1.157995700848331614e-04
1.156261228134024266e-04
1.154537386338429803e-04
1.152824099021379739e-04
1.151121290406475708e-04
1.149428885374166967e-04
1.147746809454894035e-04
1.147746809454361285e-04
