8.732282902465776219e-05
8.732408016620663276e-05
8.733020803907369902e-05
8.762069309953321569e-05
8.828468829770119383e-05
8.910803831999251196e-05
9.001744150391846925e-05
9.096639906785171749e-05
9.194248269178272471e-05
9.294889504151848550e-05
9.400113559293467693e-05
9.512299043716496941e-05
9.634626956584606044e-05
9.771237210248909591e-05
9.927603795018268571e-05
1.011121935192256722e-04
1.033276207236909076e-04
1.060815385132841797e-04
1.096223990764910662e-04
1.143546392317746464e-04
1.209585968199194565e-04
1.305825812710475890e-04
1.450210311976581241e-04
1.663749197727081952e-04
1.954085406664778936e-04
2.300171525976150760e-04
2.667267800552170962e-04
3.028644607547734385e-04
3.367807566792464530e-04
3.674448975190896757e-04
3.942997878652861141e-04
4.172280940774969428e-04
4.364603528689552526e-04
4.524325925100726432e-04
4.656541768427081450e-04
4.766192808832808931e-04
4.857624226989994891e-04
4.934444278413934988e-04
4.999549257250292299e-04
5.055218568175935331e-04
5.103227095953321571e-04
5.144950356538940213e-04
5.181453545857077131e-04
5.213563198279044493e-04
5.241923214501417174e-04
5.267037945466602382e-04
5.289305084907714545e-04
5.309040657326789684e-04
5.326498006550589104e-04
5.341882186311019401e-04
5.355360918287570314e-04
5.367072971751459106e-04
5.377134567016454616e-04
5.385644061255258439e-04
5.392685313774115557e-04
5.398332420351122009e-04
5.402651002420833567e-04
5.405698733307035117e-04
5.407527941064515240e-04
5.408186640380139047e-04
5.407719291295508615e-04
5.406167264512880700e-04
5.403569429980579781e-04
5.399962565452543850e-04
5.395381682357562689e-04
5.389860285759097381e-04
5.383430582323289445e-04
5.376123647375198383e-04
5.367969559685858419e-04
5.358997510719417821e-04
5.349235893574642809e-04
5.338712375693006017e-04
5.327453958505909632e-04
5.315487026495187154e-04
5.302837387623832903e-04
5.289530306725359924e-04
5.275590533144799282e-04
5.261042323651136986e-04
5.245909461388705008e-04
5.230215271440644348e-04
5.213982633491496274e-04
5.197233992050377714e-04
5.179991364644555112e-04
5.162276348312652089e-04
5.144110124660676662e-04
5.125513463704689607e-04
5.106506726697873557e-04
5.087109868117022310e-04
5.067342436963708126e-04
5.047223577518048345e-04
5.026772029668080590e-04
5.006006128924357212e-04
4.984943806218072263e-04
4.963602587570237808e-04
4.941999593709999221e-04
4.920151539711518527e-04
4.898074734710598658e-04
4.875785081754927474e-04
4.853298077834748226e-04
4.830628814134170024e-04
4.807791976537395930e-04
4.784801846418576163e-04
4.761672301738382107e-04
4.738416818465933660e-04
4.715048472339872622e-04
4.691579940978485752e-04
4.668023506344414516e-04
4.644391057566796483e-04
4.620694094119648983e-04
4.596943729352965429e-04
4.573150694370159463e-04
4.549325342243164369e-04
4.525477652554589112e-04
4.501617236254307642e-04
4.477753340816511521e-04
4.453894855681759732e-04
4.430050317967512718e-04
4.406227918429771444e-04
4.382435507657617179e-04
4.358680602481945169e-04
4.334970392579315683e-04
4.311311747251657216e-04
4.287711222362340386e-04
4.264175067409287936e-04
4.240709232715940760e-04
4.217319376721126488e-04
4.194010873349106436e-04
4.170788819441920820e-04
4.147658042236111991e-04
4.124623106866873103e-04
4.101688323883383581e-04
4.078857756759262428e-04
4.056135229383399637e-04
4.033524333516821719e-04
4.011028436202060507e-04
3.988650687112456068e-04
3.966394025829485400e-04
3.944261189037060757e-04
3.922254717622626163e-04
3.900376963675611418e-04
3.878630097374610643e-04
3.857016113755561506e-04
3.835536839353821431e-04
3.814193938713959222e-04
3.792988920761618818e-04
3.771923145032779565e-04
3.750997827756168352e-04
3.730214047785432763e-04
3.709572752378215133e-04
3.689074762819958002e-04
3.668720779890702463e-04
3.648511389173781099e-04
3.628447066205878050e-04
3.608528181468219310e-04
3.588755005219353492e-04
3.569127712170054329e-04
3.549646386001713175e-04
3.530311023729484042e-04
3.511121539912189144e-04
3.492077770710893115e-04
3.473179477798726323e-04
3.454426352124519237e-04
3.435818017533068952e-04
3.417354034245203187e-04
3.399033902200864019e-04
3.380857064268640673e-04
3.362822909325339539e-04
3.344930775209286385e-04
3.327179951551240567e-04
3.309569682486797272e-04
3.292099169254368487e-04
3.274767572682786218e-04
3.257574015572874539e-04
3.240517584977110964e-04
3.223597334381866301e-04
3.206812285796576583e-04
3.190161431754418627e-04
3.173643737229145325e-04
3.157258141472739474e-04
3.141003559778887590e-04
3.124878885177278902e-04
3.108882990063970030e-04
3.093014727773448868e-04
3.077272934098025203e-04
3.061656428760691179e-04
3.046164016847556738e-04
3.030794490206142997e-04
3.015546628815590985e-04
3.000419202134154729e-04
2.985410970428706875e-04
2.970520686089485611e-04
2.955747094932271351e-04
2.941088937489052440e-04
2.926544950287909559e-04
2.912113867123351557e-04
2.897794420319695584e-04
2.883585341991862488e-04
2.869485365309684482e-04
2.855493225773225057e-04
2.841607662506936906e-04
2.827827419580232092e-04
2.814151247360850423e-04
2.800577903905800852e-04
2.787106156392814087e-04
2.773734782593269732e-04
2.760462572385495865e-04
2.747288329305337521e-04
2.734210872128960135e-04
2.721229036480608604e-04
2.708341676455927908e-04
2.695547666248846960e-04
2.682845901767580855e-04
2.670235302222135417e-04
2.657714811662848084e-04
2.645283400445978795e-04
2.632940066599366710e-04
2.620683837057538146e-04
2.608513768733068542e-04
2.596428949388329254e-04
2.584428498270204986e-04
2.572511566469681907e-04
2.560677336969289630e-04
2.548925024343913991e-04
2.537253874085416082e-04
2.525663161528666025e-04
2.514152190366501500e-04
2.502720290753542715e-04
2.491366817013656123e-04
2.480091144983168506e-04
2.468892669040480986e-04
2.457770798892256348e-04
2.446724956205562919e-04
2.435754571193064896e-04
2.424859079273058949e-04
2.414037917936738727e-04
2.403290523959417070e-04
2.392616331089880851e-04
2.382014768340914499e-04
2.371485258983785968e-04
2.361027220319540524e-04
2.350640064261475350e-04
2.340323198716719947e-04
2.330076029703635808e-04
2.319897964089466210e-04
2.309788412783578596e-04
2.299746794181676450e-04
2.289772537630630530e-04
2.279865086676142235e-04
2.270023901869437286e-04
2.260248462943555202e-04
2.250538270222059687e-04
2.240892845186718489e-04
2.231311730198721945e-04
2.221794487431797967e-04
2.212340697128476125e-04
2.202949955327309067e-04
2.193621871227479790e-04
2.184356064358365028e-04
2.175152161708113338e-04
2.166009794942079438e-04
2.156928597813230085e-04
2.147908203837820343e-04
2.138948244283505750e-04
2.130048346496953959e-04
2.121208132584588080e-04
2.112427218452342696e-04
2.103705213217955537e-04
2.095041719013729972e-04
2.086436331208524038e-04
2.077888639099326152e-04
2.069398227143965600e-04
2.060964676831555627e-04
2.052587569313402171e-04
2.044266488943682349e-04
2.036001027903002131e-04
2.027790792095419113e-04
2.019635408514329391e-04
2.011534534255065361e-04
2.003487867299695688e-04
1.995495159093624142e-04
1.987556228754726122e-04
1.979670978483248037e-04
1.971839409362671335e-04
1.964061636268235329e-04
1.956337900078530421e-04
1.948668574921595003e-04
1.941054167946911803e-04
1.933495309303650698e-04
1.925992730799916744e-04
1.918547233160296944e-04
1.911159643699987900e-04
1.903830768157060277e-04
1.896561341805428854e-04
1.889351985341927134e-04
1.882203170247693483e-04
1.875115196606548810e-04
1.868088184242483799e-04
1.861122076089789682e-04
1.854216651343398164e-04
1.847371545302512017e-04
1.840586272834839369e-04
1.833860252840446967e-04
1.827192831752382190e-04
1.820583304792036520e-04
1.814030934289190993e-04
1.807534964831635773e-04
1.801094635323515739e-04
1.794709188224001236e-04
1.788377876336626053e-04
1.782099967552395179e-04
1.775874747939543076e-04
1.769701523538183714e-04
1.763579621170956071e-04
1.757508388530575625e-04
1.751487193756221113e-04
1.745515424666677258e-04
1.739592487779651668e-04
1.733717807214798059e-04
1.727890823551590847e-04
1.722110992692587423e-04
1.716377784766204707e-04
1.710690683090923081e-04
1.705049183213478716e-04
1.699452792027088992e-04
1.693901026970852136e-04
1.688393415308358668e-04
1.682929493481543227e-04
1.677508806534396154e-04
1.672130907600753041e-04
1.666795357449987736e-04
1.661501724084602568e-04
1.656249582383824534e-04
1.651038513787770972e-04
1.645868106017061867e-04
1.640737952823277440e-04
1.635647653766086028e-04
1.630596814013394449e-04
1.625585044161346592e-04
1.620611960071462968e-04
1.615677182722508878e-04
1.610780338075223385e-04
1.605921056948062160e-04
1.601098974902606523e-04
1.596313732137321392e-04
1.591564973388588764e-04
1.586852347838048816e-04
1.582175509025485617e-04
1.577534114766494713e-04
1.572927827074370151e-04
1.568356312085663977e-04
1.563819239989052811e-04
1.559316284956979715e-04
1.554847125079942595e-04
1.550411442303011185e-04
1.546008922364428678e-04
1.541639254736058666e-04
1.537302132565531029e-04
1.532997252619930915e-04
1.528724315230935399e-04
1.524483024241256605e-04
1.520273086952366088e-04
1.516094214073333498e-04
1.511946119670814505e-04
1.507828521120032933e-04
1.503741139056799395e-04
1.499683697330456643e-04
1.495655922957724547e-04
1.491657546077436545e-04
1.487688299906131536e-04
1.483747920694433720e-04
1.479836147684214682e-04
1.475952723066569449e-04
1.472097391940494285e-04
1.468269902272308265e-04
1.464470004855763846e-04
1.460697453272890905e-04
1.456952003855436280e-04
1.453233415647042185e-04
1.449541450366002512e-04
1.445875872368688900e-04
1.442236448613544919e-04
1.438622948625740267e-04
1.435035144462359750e-04
1.431472810678200769e-04
1.427935724292105318e-04
1.424423664753883144e-04
1.420936413911723882e-04
1.417473755980180568e-04
1.414035477508685489e-04
1.410621367350501341e-04
1.407231216632264914e-04
1.403864818723945466e-04
1.400521969209316756e-04
1.397202465856935659e-04
1.393906108591475587e-04
1.390632699465634275e-04
1.387382042632407471e-04
1.384153944317831830e-04
1.380948212794152260e-04
1.377764658353385009e-04
1.374603093281311452e-04
1.371463331831894981e-04
1.368345190202051352e-04
1.365248486506852440e-04
1.362173040755064739e-04
1.359118674825109346e-04
1.356085212441344502e-04
1.353072479150758218e-04
1.350080302299973712e-04
1.347108511012631046e-04
1.344156936167075877e-04
1.341225410374436344e-04
1.338313767956978329e-04
1.335421844926800339e-04
1.332549478964880219e-04
1.329696509400379086e-04
1.326862777190279739e-04
1.324048124899335698e-04
1.321252396680306740e-04
1.318475438254461418e-04
1.315717096892412164e-04
1.312977221395183493e-04
1.310255662075591912e-04
1.307552270739884958e-04
1.304866900669622554e-04
1.302199406603868446e-04
1.299549644721594412e-04
1.296917472624366371e-04
1.294302749319248410e-04
1.291705335201990602e-04
1.289125092040423637e-04
1.286561882958094419e-04
1.284015572418168913e-04
1.281486026207501693e-04
1.278973111420982501e-04
1.276476696446087996e-04
1.273996650947630547e-04
1.271532845852736346e-04
1.269085153336046046e-04
1.266653446805106223e-04
1.264237600885961680e-04
1.261837491408959993e-04
1.259452995394720306e-04
1.257083991040356373e-04
1.254730357705814800e-04
1.252391975900467801e-04
1.250068727269850149e-04
1.247760494582574487e-04
1.245467161717461030e-04
1.243188613650798738e-04
1.240924736443816268e-04
1.238675417230290364e-04
1.236440544204341801e-04
1.234220006608392609e-04
1.232013694721291355e-04
1.229821499846563094e-04
1.227643314300871566e-04
1.225479031402589535e-04
1.223328545460546394e-04
1.221191751762903445e-04
1.219068546566208462e-04
1.216958827084564383e-04
1.214862491478963603e-04
1.212779438846735980e-04
1.210709569211169354e-04
1.208652783511231861e-04
1.206608983591464453e-04
1.204578072191968291e-04
1.202559952938555854e-04
1.200554530333005048e-04
1.198561709743450459e-04
1.196581397394896179e-04
1.194613500359861721e-04
1.192657926549130784e-04
1.190714584702634208e-04
1.188783384380435364e-04
1.186864235953850411e-04
1.184957050596664084e-04
1.183061740276464350e-04
1.181178217746100786e-04
1.179306396535210593e-04
1.177446190941890028e-04
1.175597516024491868e-04
1.173760287593447955e-04
1.171934422203275777e-04
1.170119837144633843e-04
1.168316450436506480e-04
1.166524180818463176e-04
1.164742947743045579e-04
1.162972671368206544e-04
1.161213272549889582e-04
1.159464672834659675e-04
1.157726794452462157e-04
1.155999560309428089e-04
1.154282893980832224e-04
1.152576719704059930e-04
1.150880962371726159e-04
1.149195547524835764e-04
1.147520401346064555e-04
1.145855450653082518e-04
1.145855450652555189e-04
