8.732279500861101472e-05
8.732412849788008080e-05
8.733292788181593427e-05
8.756517455362790563e-05
8.792414901783201684e-05
8.836953103145981975e-05
8.886471953411659633e-05
8.938081079854512606e-05
8.990092210798251667e-05
9.041719024474621097e-05
9.092783643542826295e-05
9.143472399019348577e-05
9.194167671246547546e-05
9.245348997812501265e-05
9.297536119738613843e-05
9.351264612524348653e-05
9.407073685254100487e-05
9.465509099588141054e-05
9.527138833903935479e-05
9.592572345510313016e-05
9.662484709199092782e-05
9.737636675588264620e-05
9.818904765020889725e-05
9.907317972415246264e-05
1.000410573637928742e-04
1.011075999649811041e-04
1.022911750627829687e-04
1.036146996746471191e-04
1.051071310547811716e-04
1.068055135264581239e-04
1.087578059824632676e-04
1.110267841823125274e-04
1.136954016061192656e-04
1.168740012802786779e-04
1.207095324336897741e-04
1.253960674673150499e-04
1.311836101071740313e-04
1.383773520367895509e-04
1.473123919812792783e-04
1.582855573335685984e-04
1.714427508265911160e-04
1.866675534053179161e-04
2.035537257337240733e-04
2.214968026475482065e-04
2.398397906474791471e-04
2.579843046553439230e-04
2.754413994082911842e-04
2.918448905110816835e-04
3.069496428990200901e-04
3.206221580211974262e-04
3.328242064597238393e-04
3.435911539392722154e-04
3.530088699594463109e-04
3.611927322523246736e-04
3.682707180725176485e-04
3.743715528085641404e-04
3.796172609571587761e-04
3.841191683754249168e-04
3.879760093229423206e-04
3.912739232160780006e-04
3.940871987648836717e-04
3.964793594847700595e-04
3.985044399300263730e-04
4.002082759026361742e-04
4.016297045450504199e-04
4.028016396058986212e-04
4.037520100241007506e-04
4.045045652274328668e-04
4.050795581016078720e-04
4.054943196529809551e-04
4.057637399514806334e-04
4.059006691961826799e-04
4.059162513962479295e-04
4.058202016028407454e-04
4.056210360781986406e-04
4.053262633531885557e-04
4.049425428494293484e-04
4.044758166372063230e-04
4.039314189590931183e-04
4.033141673559782997e-04
4.026284385690207619e-04
4.018782318393887142e-04
4.010672217705429162e-04
4.001988025399499070e-04
3.992761249352885723e-04
3.983021274331342582e-04
3.972795623262362504e-04
3.962110177310395015e-04
3.950989361632962203e-04
3.939456302511495380e-04
3.927532960573886455e-04
3.915240244019619243e-04
3.902598105092617621e-04
3.889625622497294342e-04
3.876341072000306811e-04
3.862761987087496088e-04
3.848905211237961164e-04
3.834786943122858640e-04
3.820422775824898975e-04
3.805827730998097248e-04
3.791016288740434582e-04
3.776002413829834424e-04
3.760799578872176538e-04
3.745420784825584577e-04
3.729878579294445260e-04
3.714185072927477806e-04
3.698351954204509790e-04
3.682390502854643462e-04
3.666311602113295751e-04
3.650125749995471159e-04
3.633843069737528568e-04
3.617473319537669284e-04
3.601025901707267983e-04
3.584509871329002811e-04
3.567933944504349318e-04
3.551306506261248585e-04
3.534635618182296749e-04
3.517929025805400069e-04
3.501194165840878364e-04
3.484438173242377875e-04
3.467667888163033260e-04
3.450889862823349505e-04
3.434110368312495395e-04
3.417335401341017138e-04
3.400570690959267344e-04
3.383821705252891749e-04
3.367093658023994165e-04
3.350391515464224129e-04
3.333720002823911004e-04
3.317083611079552812e-04
3.300486603600534725e-04
3.283933022814277650e-04
3.267426696868006800e-04
3.250971246284322432e-04
3.234570090606823565e-04
3.218226455031310187e-04
3.201943377017646549e-04
3.185723712876742018e-04
3.169570144326961216e-04
3.153485185014007403e-04
3.137471186988260671e-04
3.121530347133353060e-04
3.105664713539951359e-04
3.089876191818165382e-04
3.074166551341604887e-04
3.058537431415284309e-04
3.042990347357814795e-04
3.027526696486586722e-04
3.012147763992447606e-04
2.996854728688457523e-04
2.981648668616905702e-04
2.966530566499358482e-04
2.951501315017507777e-04
2.936561721916019553e-04
2.921712514922797247e-04
2.906954346484851666e-04
2.892287798319440181e-04
2.877713385779514079e-04
2.863231562031247107e-04
2.848842722038829743e-04
2.834547206349626600e-04
2.820345304670729002e-04
2.806237259226630450e-04
2.792223267886534063e-04
2.778303487049666094e-04
2.764478034276688268e-04
2.750746990655658403e-04
2.737110402891992727e-04
2.723568285112942041e-04
2.710120620379388051e-04
2.696767361900254427e-04
2.683508433948753589e-04
2.670343732484332239e-04
2.657273125490109225e-04
2.644296453042237378e-04
2.631413527135741614e-04
2.618624131299480788e-04
2.605928020041969146e-04
2.593324918178423959e-04
2.580814520097383523e-04
2.568396489032398694e-04
2.556070456409246681e-04
2.543836021342078444e-04
2.531692750351721829e-04
2.519640177376069852e-04
2.507677804135339194e-04
2.495805100904189655e-04
2.484021507727889998e-04
2.472326436101368184e-04
2.460719271108651254e-04
2.449199373996446328e-04
2.437766085131047784e-04
2.426418727263507510e-04
2.415156609006330563e-04
2.403979028407593975e-04
2.392885276497310810e-04
2.381874640677716524e-04
2.370946407835073408e-04
2.360099867065116046e-04
2.349334311926994611e-04
2.338649042169278368e-04
2.328043364903620521e-04
2.317516595233953803e-04
2.307068056378558352e-04
2.296697079346462882e-04
2.286403002246924980e-04
2.276185169320194218e-04
2.266042929779820856e-04
2.255975636552580356e-04
2.245982644993046269e-04
2.236063311637860368e-04
2.226216993051612721e-04
2.216443044803428561e-04
2.206740820602045737e-04
2.197109671608315606e-04
2.187548945937870827e-04
2.178057988363303154e-04
2.168636140223437127e-04
2.159282739557010302e-04
2.149997121477250197e-04
2.140778618811712674e-04
2.131626563044545521e-04
2.122540285610246841e-04
2.113519119602858551e-04
2.104562401980661682e-04
2.095669476364388076e-04
2.086839696544844536e-04
2.078072430833176191e-04
2.069367067400068344e-04
2.060723020756370075e-04
2.052139739519656149e-04
2.043616715581579233e-04
2.035153494727473501e-04
2.026749688649130666e-04
2.018404988118587126e-04
2.010119176843301006e-04
2.001892145197921248e-04
1.993723902640975832e-04
1.985614587224260774e-04
1.977564470275719910e-04
1.969573954213327401e-04
1.961643561674291552e-04
1.953773914837558909e-04
1.945965704990604598e-04
1.938219653894069239e-04
1.930536470011065498e-04
1.922916803784531818e-04
1.915361206519081323e-04
1.907870096913414401e-04
1.900443738031100188e-04
1.893082225843286379e-04
1.885785488852595459e-04
1.878553297056073353e-04
1.871385277796295122e-04
1.864280935875648739e-04
1.857239675542202530e-04
1.850260822425500099e-04
1.843343644051927621e-04
1.836487368091734213e-04
1.829691197923602518e-04
1.822954325426748702e-04
1.816275941129283291e-04
1.809655241972705781e-04
1.803091437016225121e-04
1.796583751421865140e-04
1.790131429048042301e-04
1.783733733948755470e-04
1.777389951036439746e-04
1.771099386125416951e-04
1.764861365533025779e-04
1.758675235379668735e-04
1.752540360697632646e-04
1.746456124432209400e-04
1.740421926396879047e-04
1.734437182227120569e-04
1.728501322363401236e-04
1.722613791083689883e-04
1.716774045597560733e-04
1.710981555208228712e-04
1.705235800544604985e-04
1.699536272862461981e-04
1.693882473411888699e-04
1.688273912867074909e-04
1.682710110813625550e-04
1.677190595288491467e-04
1.671714902367503128e-04
1.666282575795588830e-04
1.660893166655090427e-04
1.655546233067668174e-04
1.650241339925832211e-04
1.644978058650365066e-04
1.639755966970248403e-04
1.634574648722229547e-04
1.629433693667318094e-04
1.624332697322197359e-04
1.619271260803511797e-04
1.614248990683526627e-04
1.609265498855778377e-04
1.604320402409505303e-04
1.599413323511919560e-04
1.594543889297359463e-04
1.589711731762563955e-04
1.584916487667429078e-04
1.580157798440569089e-04
1.575435310089242833e-04
1.570748673113134470e-04
1.566097542421624779e-04
1.561481577254221020e-04
1.556900441103793253e-04
1.552353801642463696e-04
1.547841330649832542e-04
1.543362703943401996e-04
1.538917601311065445e-04
1.534505706445419984e-04
1.530126706879875197e-04
1.525780293926436485e-04
1.521466162615010343e-04
1.517184011634205298e-04
1.512933543273520622e-04
1.508714463366914150e-04
1.504526481237579796e-04
1.500369309643994405e-04
1.496242664727121441e-04
1.492146265958775857e-04
1.488079836091010561e-04
1.484043101106628814e-04
1.480035790170658601e-04
1.476057635582828250e-04
1.472108372731016483e-04
1.468187740045585009e-04
1.464295478954660335e-04
1.460431333840191050e-04
1.456595051995005559e-04
1.452786383580555304e-04
1.449005081585523990e-04
1.445250901785203614e-04
1.441523602701631063e-04
1.437822945564475518e-04
1.434148694272628969e-04
1.430500615356529914e-04
1.426878477941136776e-04
1.423282053709622576e-04
1.419711116867672699e-04
1.416165444108437787e-04
1.412644814578139054e-04
1.409149009842254456e-04
1.405677813852276783e-04
1.402231012913120103e-04
1.398808395651031443e-04
1.395409752982086583e-04
1.392034878081216571e-04
1.388683566351782027e-04
1.385355615395651870e-04
1.382050824983786211e-04
1.378768997027321214e-04
1.375509935549137799e-04
1.372273446655919850e-04
1.369059338510637705e-04
1.365867421305517104e-04
1.362697507235466744e-04
1.359549410471908081e-04
1.356422947137035824e-04
1.353317935278505074e-04
1.350234194844536408e-04
1.347171547659412104e-04
1.344129817399339626e-04
1.341108829568755034e-04
1.338108411476950836e-04
1.335128392215083044e-04
1.332168602633579922e-04
1.329228875319830188e-04
1.326309044576311409e-04
1.323408946398959077e-04
1.320528418455946338e-04
1.317667300066769189e-04
1.314825432181626304e-04
1.312002657361140395e-04
1.309198819756386115e-04
1.306413765089212337e-04
1.303647340632867733e-04
1.300899395192917183e-04
1.298169779088427078e-04
1.295458344133470997e-04
1.292764943618866325e-04
1.290089432294211184e-04
1.287431666350161803e-04
1.284791503401011006e-04
1.282168802467474069e-04
1.279563423959753751e-04
1.276975229660859846e-04
1.274404082710136894e-04
1.271849847587065393e-04
1.269312390095281469e-04
1.266791577346823962e-04
1.264287277746614343e-04
1.261799360977139102e-04
1.259327697983386122e-04
1.256872160957959658e-04
1.254432623326425997e-04
1.252008959732863207e-04
1.249601046025596832e-04
1.247208759243162185e-04
1.244831977600455565e-04
1.242470580475058125e-04
1.240124448393771170e-04
1.237793463019327359e-04
1.235477507137305744e-04
1.233176464643191814e-04
1.230890220529640556e-04
1.228618660873921674e-04
1.226361672825503296e-04
1.224119144593821637e-04
1.221890965436253401e-04
1.219677025646184000e-04
1.217477216541279603e-04
1.215291430451910705e-04
1.213119560709735611e-04
1.210961501636415927e-04
1.208817148532508637e-04
1.206686397666493024e-04
1.204569146263946274e-04
1.202465292496864756e-04
1.200374735473115281e-04
1.198297375226046004e-04
1.196233112704223501e-04
1.194181849761288974e-04
1.192143489145998500e-04
1.190117934492316675e-04
1.188105090309708262e-04
1.186104861973516164e-04
1.184117155715492143e-04
1.182141878614425108e-04
1.180178938586911306e-04
1.178228244378227909e-04
1.176289705553314760e-04
1.174363232487920914e-04
1.172448736359811349e-04
1.170546129140105683e-04
1.168655323584738185e-04
1.166776233226006959e-04
1.164908772364254050e-04
1.163052856059607347e-04
1.161208400123890129e-04
1.159375321112592278e-04
1.157553536316928633e-04
1.155742963756051575e-04
1.153943522169297215e-04
1.152155131008581211e-04
1.150377710430862339e-04
1.148611181290703787e-04
1.146855465132934728e-04
1.145110484185388335e-04
1.143376161351753638e-04
1.141652420204486602e-04
1.139939184977824342e-04
1.138236380560903824e-04
1.136543932490926385e-04
1.134861766946434857e-04
1.133189810740650337e-04
1.131527991314929297e-04
1.129876236732254576e-04
1.128234475670836961e-04
1.126602637417776126e-04
1.124980651862815767e-04
1.123368449492153617e-04
1.121765961382350672e-04
1.120173119194290692e-04
1.118589855167227253e-04
1.117016102112899787e-04
1.115451793409703412e-04
1.113896862996967063e-04
1.112351245369258985e-04
1.110814875570783716e-04
1.109287689189834223e-04
1.107769622353321559e-04
1.106260611721359679e-04
1.104760594481918974e-04
1.103269508345538743e-04
1.101787291540105547e-04
1.100313882805700673e-04
1.098849221389488660e-04
1.097393247040672777e-04
1.095945900005535211e-04
1.094507121022499736e-04
1.093076851317255929e-04
1.091655032597973769e-04
1.090241607050530435e-04
1.088836517333820729e-04
1.087439706575125362e-04
1.086051118365487375e-04
1.084670696755209851e-04
1.083298386249358108e-04
1.081934131803323273e-04
1.080577878818443464e-04
1.079229573137667660e-04
1.077889161041283668e-04
1.076556589242680254e-04
1.075231804884153717e-04
1.073914755532780603e-04
1.072605389176321182e-04
1.072605389175906339e-04
