8.731995357229398451e-05
8.731511080058170881e-05
8.730992015900105100e-05
8.730471733206640324e-05
8.729947786088559209e-05
8.729419019418008848e-05
8.728885037912288084e-05
8.728345896586819745e-05
8.727801898543549770e-05
8.727253448041195590e-05
8.726700166071257273e-05
8.726141306024695306e-05
8.725578985114056465e-05
8.725014152285600862e-05
8.724447447031445798e-05
8.723879338021184966e-05
8.723310185858264071e-05
8.722740279758875068e-05
8.722169859719518551e-05
8.721599130451786707e-05
8.721028270591130692e-05
8.720457439211832845e-05
8.719886747677082345e-05
8.719316323386174731e-05
8.718746518634307684e-05
8.718177450311446520e-05
8.717609165097997092e-05
8.717041696444083310e-05
8.716475077429655357e-05
8.715909344933389343e-05
8.715344540642181175e-05
8.714780710750512198e-05
8.714217905883389528e-05
8.713656184339969954e-05
8.713095555747108183e-05
8.712536365277410262e-05
8.711980213610015392e-05
8.711425730601679107e-05
8.710872456087942787e-05
8.710320278914364118e-05
8.709769200096562709e-05
8.709219266062985315e-05
8.708670537395760711e-05
8.708123074699453884e-05
8.707576932596307166e-05
8.707032137427088230e-05
8.706488612357911414e-05
8.705945944681542609e-05
8.705403367853922954e-05
8.704862091425094768e-05
8.704322445641126174e-05
8.703784501089616252e-05
8.703248276563367873e-05
8.702713816795348367e-05
8.702181132260437433e-05
8.701650222296119781e-05
8.701121081860600521e-05
8.700593705268888601e-05
8.700068088071670383e-05
8.699544227818989124e-05
8.699022124222895635e-05
8.698501779056425033e-05
8.697983195985327202e-05
8.697466380372219233e-05
8.696951338853579872e-05
8.696438078268494082e-05
8.695926604069112366e-05
8.695416919530844725e-05
8.694909026219294003e-05
8.694402924752138309e-05
8.693898615290816703e-05
8.693396097768370213e-05
8.692895371970775975e-05
8.692396437579859953e-05
8.691899294214100891e-05
8.691403941456328963e-05
8.690910378863533740e-05
8.690418605963084390e-05
8.689928622239444136e-05
8.689440427117007333e-05
8.688954019941726311e-05
8.688469399963016037e-05
8.687986566318386906e-05
8.687505518020428895e-05
8.687026253946655298e-05
8.686548772832569253e-05
8.686073073267028776e-05
8.685599153689617575e-05
8.685127012390519009e-05
8.684656647511788670e-05
8.684188057049589194e-05
8.683721238857777618e-05
8.683256190652285553e-05
8.682792910015481747e-05
8.682331394401472473e-05
8.681871641141316546e-05
8.681413647448543909e-05
8.680957410424386910e-05
8.680502927063076630e-05
8.680050194257307261e-05
8.679599208803144832e-05
8.679149967404907473e-05
8.678702466679915576e-05
8.678256703163014275e-05
8.677812673310804543e-05
8.677370373505665583e-05
8.676929800059760955e-05
8.676490949218376562e-05
8.676053817163544598e-05
8.675618400017134880e-05
8.675184693843768636e-05
8.674752694653728240e-05
8.674322398405365491e-05
8.673893801007501766e-05
8.673466898321614046e-05
8.673041686163924710e-05
8.672618160307124068e-05
8.672196316482068488e-05
8.671776150379244068e-05
8.671357657650397011e-05
8.670940833909529728e-05
8.670525674734276425e-05
8.670112175667121475e-05
8.669700332216381973e-05
8.669290139857403071e-05
8.668881594033734338e-05
8.668474690158470101e-05
8.668069423615574890e-05
8.667665789761657455e-05
8.667263783927544219e-05
8.666863401420608958e-05
8.666464637526952045e-05
8.666067487514017445e-05
8.665671946633513284e-05
8.665278010124428639e-05
8.664885673216447424e-05
8.664494931132938076e-05
8.664105779094390472e-05
8.663718212321272808e-05
8.663332226036979270e-05
8.662947815469960490e-05
8.662564975855268539e-05
8.662183702435565229e-05
8.661803990461044869e-05
8.661425835188829819e-05
8.661049231881081268e-05
8.660674175802595017e-05
8.660300662217941894e-05
8.659928686387620195e-05
8.659558243564472390e-05
8.659189328989951408e-05
8.658821937890797554e-05
8.658456065476169438e-05
8.658091706935745269e-05
8.657728857438698282e-05
8.657367512133982697e-05
8.657007666151741825e-05
8.656649314605557790e-05
8.656292452596228617e-05
8.655937075216185001e-05
8.655583177554512873e-05
8.655230754702724065e-05
8.654879801760238312e-05
8.654530313840034649e-05
8.654182286073497799e-05
8.653835713614540853e-05
8.653490591642867358e-05
8.653146915365966254e-05
8.652804680019885722e-05
8.652463880868714119e-05
8.652124513203110891e-05
8.651786572337724808e-05
8.651450053607907483e-05
8.651114952365704532e-05
8.650781263975434738e-05
8.650448983808740671e-05
8.650118107239055190e-05
8.649788629635787407e-05
8.649460546357504414e-05
8.649133852743952908e-05
8.648808544107119945e-05
8.648484615720065656e-05
8.648162062804014467e-05
8.647840880512495932e-05
8.647521063912789964e-05
8.647202607964436598e-05
8.646885507494410470e-05
8.646569757169968325e-05
8.646255351469696760e-05
8.645942284653946024e-05
8.645630550737636879e-05
8.645320143467638714e-05
8.645011056308647820e-05
8.644703282441364568e-05
8.644396814777008170e-05
8.644091645991300993e-05
8.643787768579588046e-05
8.643485174932796181e-05
8.643183857431790853e-05
8.642883808554651152e-05
8.642585020990290118e-05
8.642287487749028465e-05
8.641991202262467209e-05
8.641696158463611571e-05
8.641402350840417007e-05
8.641109774457711782e-05
8.640818424944509085e-05
8.640528298446462064e-05
8.640239391546300995e-05
8.639951701157467634e-05
8.639665224399249006e-05
8.639379958463985678e-05
8.639095900486841461e-05
8.638813047429827658e-05
8.638531395988282495e-05
8.638250942526381419e-05
8.637971683044720812e-05
8.637693613178674067e-05
8.637416728224430059e-05
8.637141023186943340e-05
8.636866492843185141e-05
8.636593131813086785e-05
8.636320934631781430e-05
8.636049895817404657e-05
8.635780009929489595e-05
8.635511271614880176e-05
8.635243675640453707e-05
8.634977216912094412e-05
8.634711890481784114e-05
8.634447691544559691e-05
8.634184615428532994e-05
8.633922657579743191e-05
8.633661813544649610e-05
8.633402078951887327e-05
8.633143449495016156e-05
8.632885920916225087e-05
8.632629488992995246e-05
8.632374149526633104e-05
8.632119898333544001e-05
8.631866731238133333e-05
8.631614644068484653e-05
8.631363632653023038e-05
8.631113692818657035e-05
8.630864820390198619e-05
8.630617011190085358e-05
8.630370261039303347e-05
8.630124565758140725e-05
8.629879921167420956e-05
8.629636323089821489e-05
8.629393767350999975e-05
8.629152249781155517e-05
8.628911766216093896e-05
8.628672312498361923e-05
8.628433884478284202e-05
8.628196478014751891e-05
8.627960088976157824e-05
8.627724713241057876e-05
8.627490346698627680e-05
8.627256985249235905e-05
8.627024624804833207e-05
8.626793261289338478e-05
8.626562890638810965e-05
8.626333508801744361e-05
8.626105111739198257e-05
8.625877695425055651e-05
8.625651255845940267e-05
8.625425789001472704e-05
8.625201290904248753e-05
8.624977757579922061e-05
8.624755185067185163e-05
8.624533569417903653e-05
8.624312906696872231e-05
8.624093192982148104e-05
8.623874424364929008e-05
8.623656596949391933e-05
8.623439706852865244e-05
8.623223750205782597e-05
8.623008723151651773e-05
8.622794621846932702e-05
8.622581442461274635e-05
8.622369181177284392e-05
8.622157834190572444e-05
8.621947397709697346e-05
8.621737867956299909e-05
8.621529241164945987e-05
8.621321513583123770e-05
8.621114681471212611e-05
8.620908741102503356e-05
8.620703688763210542e-05
8.620499520752392434e-05
8.620296233382005238e-05
8.620093822976697103e-05
8.619892285874030378e-05
8.619691618424347448e-05
8.619491816990751756e-05
8.619292877949098319e-05
8.619094797687972041e-05
8.618897572608640284e-05
8.618701199125008137e-05
8.618505673663908449e-05
8.618310992664548879e-05
8.618117152578900857e-05
8.617924149871512558e-05
8.617731981019472311e-05
8.617540642512457386e-05
8.617350130852723155e-05
8.617160442555120707e-05
8.616971574146735000e-05
8.616783522167375457e-05
8.616596283169210052e-05
8.616409853716822229e-05
8.616224230387326097e-05
8.616039409770075055e-05
8.615855388466842036e-05
8.615672163091632485e-05
8.615489730270989288e-05
8.615308086643575359e-05
8.615127228860318647e-05
8.614947153584435178e-05
8.614767857491355870e-05
8.614589337268642509e-05
8.614411589616070418e-05
8.614234611245541722e-05
8.614058398881082636e-05
8.613882949258759439e-05
8.613708259126740820e-05
8.613534325245223334e-05
8.613361144386398876e-05
8.613188713334414028e-05
8.613017028885456791e-05
8.612846087847535680e-05
8.612675887040596278e-05
8.612506423296492771e-05
8.612337693458891729e-05
8.612169694383265328e-05
8.612002422936913034e-05
8.611835875998873513e-05
8.611670050459915144e-05
8.611504943222548212e-05
8.611340551200939535e-05
8.611176871320877220e-05
8.611013900519739496e-05
8.610851635746651924e-05
8.610690073962137738e-05
8.610529212138350952e-05
8.610369047258947610e-05
8.610209576319028865e-05
8.610050796325104388e-05
8.609892704295150640e-05
8.609735297258571578e-05
8.609578572256103778e-05
8.609422526339783916e-05
8.609267156573046341e-05
8.609112460030464225e-05
8.608958433797947430e-05
8.608805074972585296e-05
8.608652380662635802e-05
8.608500347987554024e-05
8.608348974077898624e-05
8.608198256075411808e-05
8.608048191132612755e-05
8.607898776413364106e-05
8.607750009092412537e-05
8.607601886355467364e-05
8.607454405399201898e-05
8.607307563431219563e-05
8.607161357669968513e-05
8.607015785344776873e-05
8.606870843695778198e-05
8.606726529973888432e-05
8.606582841440815399e-05
8.606439775368943600e-05
8.606297329041422313e-05
8.606155499752000243e-05
8.606014284805132595e-05
8.605873681515911950e-05
8.605733687209780956e-05
8.605594299222959229e-05
8.605455514902122160e-05
8.605317331604417179e-05
8.605179746697412253e-05
8.605042757559175847e-05
8.604906361578068216e-05
8.604770556152867441e-05
8.604635338692671854e-05
8.604500706616874286e-05
8.604366657355097016e-05
8.604233188347258177e-05
8.604100297043470113e-05
8.603967980904013630e-05
8.603836237399256680e-05
8.603705064009731609e-05
8.603574458226017252e-05
8.603444417548783657e-05
8.603314939488675530e-05
8.603186021566351540e-05
8.603057661312428755e-05
8.602929856267513807e-05
8.602802603981831559e-05
8.602675902015765848e-05
8.602549747939406831e-05
8.602424139332681089e-05
8.602299073785264890e-05
8.602174548896553022e-05
8.602050562275687247e-05
8.601927111541464151e-05
8.601804194322313453e-05
8.601681808256266839e-05
8.601559950990970158e-05
8.601438620183625146e-05
8.601317813500894557e-05
8.601197528618998388e-05
8.601077763223562091e-05
8.600958515009636898e-05
8.600839781681739128e-05
8.600721560953680778e-05
8.600603850548626443e-05
8.600486648199039109e-05
8.600369951646680148e-05
8.600253758642509034e-05
8.600138066946757880e-05
8.600022874328755256e-05
8.599908178567016988e-05
8.599793977449219056e-05
8.599680268772085109e-05
8.599567050341378328e-05
8.599454319971916341e-05
8.599342075487515652e-05
8.599230314720940143e-05
8.599119035513884813e-05
8.599008235716969000e-05
8.598897913189693012e-05
8.598788065800371720e-05
8.598678691426139982e-05
8.598569787952948574e-05
8.598461353275453059e-05
8.598353385297053092e-05
8.598245881929854470e-05
8.598138841094597306e-05
8.598032260720676358e-05
8.597926138746062421e-05
8.597820473117337567e-05
8.597715261789605696e-05
8.597610502726466789e-05
8.597506193900016904e-05
8.597402333290817011e-05
8.597298918887829287e-05
8.597195948688414414e-05
8.597093420698305823e-05
8.596991332931582593e-05
8.596889683410589486e-05
8.596788470165964060e-05
8.596687691236609555e-05
8.596587344669628494e-05
8.596487428520275241e-05
8.596387940852023770e-05
8.596288879736428072e-05
8.596190243253172298e-05
8.596092029489989445e-05
8.595994236542665423e-05
8.595896862514980775e-05
8.595799905518709328e-05
8.595703363673611410e-05
8.595607235107299686e-05
8.595511517955325888e-05
8.595416210361117126e-05
8.595321310475912183e-05
8.595226816458771007e-05
8.595132726476551670e-05
8.595039038703841249e-05
8.594945751322968027e-05
8.594852862523939146e-05
8.594760370504432481e-05
8.594668273469772241e-05
8.594576569632888315e-05
8.594485257214317623e-05
8.594394334442129581e-05
8.594303799551871890e-05
8.594213650786665403e-05
8.594123886397067244e-05
8.594034504641122308e-05
8.593945503784238579e-05
8.593856882099208813e-05
8.593768637866206470e-05
8.593680769372717958e-05
8.593593274913596835e-05
8.593506152790913381e-05
8.593419401313988478e-05
8.593333018799371927e-05
8.593247003570838379e-05
8.593161353959306024e-05
8.593076068302818969e-05
8.592991144946536400e-05
8.592906582242758329e-05
8.592822378550810396e-05
8.592738532237024899e-05
8.592655041674759767e-05
8.592571905244383650e-05
8.592489121333159370e-05
8.592406688335401126e-05
8.592406688335375376e-05
