-7.217302913292067501e+01
-6.360787398577156893e+01
-3.611061278659530416e+01
3.330956775624283495e+01
2.635340682553835023e+01
2.131020414316549250e+01
1.815911960841107842e+01
1.618807209975728156e+01
1.504072143890512159e+01
1.441791740291055568e+01
1.414696556534517669e+01
1.410328442138208871e+01
1.420393550908351799e+01
1.439036761188400071e+01
1.462263387539631943e+01
1.487470691665390632e+01
1.513130825922128153e+01
1.538406149479405371e+01
1.562690736903631183e+01
1.585508097745033851e+01
1.606347121051532412e+01
1.625079045480595141e+01
1.641606341570917493e+01
1.655932907776826468e+01
1.668084904060118134e+01
1.678089746004180682e+01
1.685990098232196743e+01
1.691812263442216846e+01
1.695599672979041728e+01
1.697373514475228617e+01
1.697133690553813423e+01
1.694913222406562525e+01
1.690727657993131317e+01
1.684572577584635411e+01
1.676445539110466498e+01
1.666359067149552331e+01
1.654344275433250644e+01
1.640503107955317574e+01
1.625031068153274560e+01
1.608218335587581294e+01
1.590451841000320421e+01
1.572176382640870962e+01
1.553780650799549434e+01
1.535594432408115217e+01
1.517855783759793908e+01
1.500678530906686348e+01
1.484080973440504181e+01
1.468065426511308402e+01
1.452601213715907669e+01
1.437617756733786756e+01
1.423059501896869072e+01
1.408135708426428501e+01
1.393514949014030435e+01
1.379270225841255026e+01
1.365328960656659341e+01
1.351634712964706253e+01
1.338370458425637111e+01
1.325390390843049815e+01
1.312278687642831798e+01
1.299009630788634873e+01
1.285796428194715801e+01
1.272608398042308941e+01
1.259413480459084056e+01
1.246182115306824656e+01
1.232888049406185438e+01
1.219508766628491792e+01
1.206025166327469655e+01
1.192421031152698774e+01
1.178682526247197693e+01
1.164797786624455433e+01
1.150756588437195838e+01
1.136550086485571676e+01
1.122170601392683942e+01
1.107611444002968426e+01
1.092866768380579856e+01
1.077931447586070668e+01
1.062800968262363455e+01
1.047471341193113048e+01
1.031939025580323133e+01
1.016200864988135422e+01
1.000254032973683493e+01
9.840959866253632171e+00
9.677244266029864761e+00
9.511372626799424523e+00
9.343325841011626665e+00
9.173086342880335309e+00
9.000637895711520287e+00
8.825965417098522892e+00
8.649054839535693873e+00
8.469893003029310918e+00
8.288467573978723024e+00
8.104766981050072872e+00
7.918780355948634053e+00
7.730497468200636213e+00
7.539908649509190930e+00
7.347004711581459624e+00
7.151776865992742316e+00
6.954216653206926502e+00
6.754315882727540021e+00
6.552066581744439233e+00
6.347460947926624186e+00
6.140491302786903915e+00
5.931150043678885098e+00
5.719429593794802535e+00
5.505322350191010905e+00
5.288820630050299343e+00
5.069916615355232636e+00
4.848602296066475859e+00
4.624869411847046585e+00
4.398709392358725268e+00
4.170113296169517092e+00
3.939071748337529044e+00
3.705574876766603243e+00
3.469612247458982335e+00
3.231172798818112035e+00
2.990244775180938674e+00
2.746815659784789254e+00
2.500872107399334521e+00
2.252399876880072593e+00
2.001383763926312120e+00
1.747807534354352876e+00
1.491653858224699869e+00
1.232904245192464998e+00
9.715389814812410707e-01
7.075370689143313241e-01
4.408761664738666264e-01
1.715325348987682130e-01
-1.005190151224580608e-01
-3.753051705424404472e-01
-6.528541586774408989e-01
-9.331957842645248746e-01
-1.216361460012350459e+00
-1.502384229652358849e+00
-1.791298782289652447e+00
-2.083141456684796111e+00
-2.377950233756565890e+00
-2.675764715276580219e+00
-2.976626086288112649e+00
-3.280577058317819095e+00
-3.587661790007780738e+00
-3.897925781498249087e+00
-4.211415738949731313e+00
-4.528179406309464916e+00
-4.848265363163404729e+00
-5.171722790577199191e+00
-5.498601211232219121e+00
-5.828950215319487427e+00
-6.162819188077611088e+00
-6.500257056301104619e+00
-6.841312067307296019e+00
-7.186031603826578795e+00
-7.534462023949218157e+00
-7.886648501385685073e+00
-8.242634833664395089e+00
-8.602463188210496270e+00
-8.966173767958286689e+00
-9.333804394813123295e+00
-9.705390025225856476e+00
-1.008096222335205994e+01
-1.046054862264444552e+01
-1.084417240757841583e+01
-1.123185184580925444e+01
-1.162359989939903748e+01
-1.201942394296383121e+01
-1.241932561692612147e+01
-1.282330084514716440e+01
-1.323134004737623037e+01
-1.364342857740704140e+01
-1.405954741683608411e+01
-1.447967415123629920e+01
-1.490378424990350226e+01
-1.533185266178724859e+01
-1.576385572867392426e+01
-1.619977340226700235e+01
-1.663959173488561305e+01
-1.708330559471453114e+01
-1.753092153677319587e+01
-1.798246074115417770e+01
-1.843796191189249711e+01
-1.889748401449320525e+01
-1.936110871911279219e+01
-1.982894241109517708e+01
-2.030111763234242872e+01
-2.077779382699561239e+01
-2.125915728401245630e+01
-2.174542019796335879e+01
-2.223681880774342901e+01
-2.273361062023250412e+01
-2.323607078067530551e+01
-2.374448771105317135e+01
-2.425915819813037899e+01
-2.478038216914663394e+01
-2.530845743937394943e+01
-2.584367474558158762e+01
-2.638631338749891952e+01
-2.693663778106731144e+01
-2.749489518211462524e+01
-2.806131476884202058e+01
-2.863610818258488067e+01
-2.921947152781048374e+01
-2.981158873519806463e+01
-3.041263610680639928e+01
-3.102278779866811576e+01
-3.164222195910539170e+01
-3.227112723200275468e+01
-3.290970935056402880e+01
-3.355819758312909329e+01
-3.421685084108600705e+01
-3.488596331219464020e+01
-3.556586953392599781e+01
-3.625694886543432460e+01
-3.695962934999538874e+01
-3.767439098024958355e+01
-3.840176838573584206e+01
-3.914235295608060028e+01
-3.989679439421777829e+01
-4.066580167686819891e+01
-4.145014335026384344e+01
-4.225064691628407587e+01
-4.306819721991258376e+01
-4.390373349387810009e+01
-4.475824463379947815e+01
-4.563276214669828335e+01
-4.652835004618304993e+01
-4.744609076517687640e+01
-4.838706591975396520e+01
-4.935233048823820212e+01
-5.034287867926332183e+01
-5.135959947613520882e+01
-5.240321961016761065e+01
-5.347423161365023248e+01
-5.457280476102191358e+01
-5.569867730986458554e+01
-5.685102974840627610e+01
-5.802834103518779330e+01
-5.922823335978498704e+01
-6.044731591031037965e+01
-6.168104432263419312e+01
-6.292361913165598253e+01
-6.416795203166699935e+01
-6.540573059723564597e+01
-6.662760741948524412e+01
-6.782352618995709292e+01
-6.898317524323464056e+01
-7.009653218004375219e+01
-7.115443862274992171e+01
-7.214913033820879207e+01
-7.307465092358424386e+01
-7.392709741397355572e+01
-7.470467768802308228e+01
-7.540759278589905534e+01
-7.603778302564785463e+01
-7.659858987706475375e+01
-7.709438573656238702e+01
-7.753021459754477007e+01
-7.791147305913582954e+01
-7.824364743689862678e+01
-7.853211156473977894e+01
-7.878198218326446067e+01
-7.899802442223493415e+01
-7.918459807075228696e+01
-7.934563523649426031e+01
-7.948464089015070044e+01
-7.960470913643449364e+01
-7.970854950282556217e+01
-7.979851889486420191e+01
-7.987665603845913154e+01
-7.994471618559408910e+01
-8.000420460669813849e+01
-8.005640795550377220e+01
-8.010242300200248167e+01
-8.014318251777957869e+01
-8.017947829394199744e+01
-8.021198139875562561e+01
-8.024125985870813338e+01
-8.026779398757234674e+01
-8.029198960416783848e+01
-8.031418937914934020e+01
-8.033468254035491896e+01
-8.035371314929491859e+01
-8.037148714121855164e+01
-8.038817829991066333e+01
-8.040393331746099648e+01
-8.041887606979562975e+01
-8.043311122152479697e+01
-8.044672725891885534e+01
-8.045979903747276296e+01
-8.047238992002516511e+01
-8.048455357208062821e+01
-8.049633547217926832e+01
-8.050777418648436878e+01
-8.051890244822374143e+01
-8.052974807458090822e+01
-8.054033474663648917e+01
-8.055068267238777935e+01
-8.056080914888647726e+01
-8.057072903687743803e+01
-8.058045515963925709e+01
-8.058999863656200091e+01
-8.059936916103653459e+01
-8.060857523128356661e+01
-8.061762434177029490e+01
-8.062652314185983471e+01
-8.063527756735916796e+01
-8.064389294971782363e+01
-8.065237410682857444e+01
-8.066072541867194445e+01
-8.066895089047056899e+01
-8.067705420552141504e+01
-8.068503876949147013e+01
-8.069290774762698959e+01
-8.070066409607431979e+01
-8.070831058829460858e+01
-8.071584983738542007e+01
-8.072328431497925294e+01
-8.073061636727959467e+01
-8.073784822869303923e+01
-8.074498203344894875e+01
-8.075201982552667346e+01
-8.075896356715786339e+01
-8.076581514613326362e+01
-8.077257638209816548e+01
-8.077924903199695450e+01
-8.078583479480040808e+01
-8.079233531562276482e+01
-8.079875218932478731e+01
-8.080508696368266897e+01
-8.081134114218326658e+01
-8.081751618650608293e+01
-8.082361351873665001e+01
-8.082963452334843169e+01
-8.083558054899027923e+01
-8.084145291010284495e+01
-8.084725288839223367e+01
-8.085298173417416479e+01
-8.085864066761249092e+01
-8.086423087986057112e+01
-8.086975353412064749e+01
-8.087520976662925420e+01
-8.088060068758048260e+01
-8.088592738198994425e+01
-8.089119091050916666e+01
-8.089639231019523891e+01
-8.090153259523843587e+01
-8.090661275765424421e+01
-8.091163376794133910e+01
-8.091659657570927777e+01
-8.092150211027816908e+01
-8.092635128125289157e+01
-8.093114497907434668e+01
-8.093588407554624098e+01
-8.094056942434484370e+01
-8.094520186150649010e+01
-8.094978220589848661e+01
-8.095431125967385810e+01
-8.095878980870838859e+01
-8.096321862302349359e+01
-8.096759845719547855e+01
-8.097193005074935002e+01
-8.097621412854172718e+01
-8.098045140113011087e+01
-8.098464256513044290e+01
-8.098878830356410674e+01
-8.099288928619337469e+01
-8.099694616984699280e+01
-8.100095959873546292e+01
-8.100493020475705919e+01
-8.100885860779506231e+01
-8.101274541600481882e+01
-8.101659122609386543e+01
-8.102039662359267425e+01
-8.102416218311823570e+01
-8.102788846863080607e+01
-8.103157603367984052e+01
-8.103522542164854769e+01
-8.103883716598555509e+01
-8.104241179043464172e+01
-8.104594980925587322e+01
-8.104945172744041315e+01
-8.105291804092051677e+01
-8.105634923677291681e+01
-8.105974579341710751e+01
-8.106310818080808644e+01
-8.106643686062344045e+01
-8.106973228644628193e+01
-8.107299490394264296e+01
-8.107622515103389560e+01
-8.107942345806601736e+01
-8.108259024797159498e+01
-8.108572593643160076e+01
-8.108883093202916825e+01
-8.109190563640098048e+01
-8.109495044438534705e+01
-8.109796574416566273e+01
-8.110095191740977327e+01
-8.110390933940654179e+01
-8.110683837919931705e+01
-8.110973939971493962e+01
-8.111261275789001957e+01
-8.111545880479428661e+01
-8.111827788575051557e+01
-8.112107034045156695e+01
-8.112383650307482696e+01
-8.112657670239322272e+01
-8.112929126188461737e+01
-8.113198049983688520e+01
-8.113464472945182138e+01
-8.113728425894677798e+01
-8.113989939165165310e+01
-8.114249042610697416e+01
-8.114505765615574262e+01
-8.114760137103711202e+01
-8.115012185547489310e+01
-8.115261938976418321e+01
-8.115509424985893361e+01
-8.115754670745323551e+01
-8.115997703006337360e+01
-8.116238548110806050e+01
-8.116477231998563013e+01
-8.116713780215000895e+01
-8.116948217918495345e+01
-8.117180569887671027e+01
-8.117410860528489991e+01
-8.117639113881205049e+01
-8.117865353627055924e+01
-8.118089603095009466e+01
-8.118311885268138894e+01
-8.118532222790030062e+01
-8.118750637970917694e+01
-8.118967152793786113e+01
-8.119181788920273846e+01
-8.119394567696487286e+01
-8.119605510158625350e+01
-8.119814637038642502e+01
-8.120021968769513876e+01
-8.120227525490669507e+01
-8.120431327053191239e+01
-8.120633393024817792e+01
-8.120833742694991031e+01
-8.121032395079762978e+01
-8.121229368926449865e+01
-8.121424682718458143e+01
-8.121618354679723950e+01
-8.121810402779284743e+01
-8.122000844735633507e+01
-8.122189698020977744e+01
-8.122376979865558155e+01
-8.122562707261629100e+01
-8.122746896967645114e+01
-8.122929565512066574e+01
-8.123110729197377111e+01
-8.123290404103742901e+01
-8.123468606092887967e+01
-8.123645350811638366e+01
-8.123820653695460692e+01
-8.123994529972097212e+01
-8.124166994664895469e+01
-8.124338062596227417e+01
-8.124507748390718120e+01
-8.124676066478565417e+01
-8.124843031098664881e+01
-8.125008656301744736e+01
-8.125172955953364351e+01
-8.125335943736982358e+01
-8.125497633156838617e+01
-8.125658037540837597e+01
-8.125817170043299598e+01
-8.125975043647915186e+01
-8.126131671170298887e+01
-8.126287065260676457e+01
-8.126441238406508205e+01
-8.126594202935127953e+01
-8.126745971016133296e+01
-8.126896554663952088e+01
-8.127045965740190070e+01
-8.127194215956095036e+01
-8.127341316874800725e+01
-8.127487279913633245e+01
-8.127632116346468649e+01
-8.127775837305769357e+01
-8.127918453784877784e+01
-8.128059976640068385e+01
-8.128200416592721922e+01
-8.128339784231258136e+01
-8.128478090013250323e+01
-8.128615344267338116e+01
-8.128751557195192845e+01
-8.128886738873445950e+01
-8.129020899255557708e+01
-8.129154048173599278e+01
-8.129286195340093002e+01
-8.129417350349811500e+01
-8.129547522681515659e+01
-8.129676721699657094e+01
-8.129804956656009551e+01
-8.129932236691409742e+01
-8.130058570837353216e+01
-8.130183968017544771e+01
-8.130308437049515646e+01
-8.130431986646156872e+01
-8.130434580295280966e+01
