-8.144880581993722046e+01
-8.145379757586472635e+01
-8.145761838642390273e+01
-8.146162637851155353e+01
-8.146426530849360859e+01
-8.146641598377104287e+01
-8.146824695744822975e+01
-8.146954622439592697e+01
-8.147024712746815567e+01
-8.147022742927325112e+01
-8.147026159106277987e+01
-8.147015218057713071e+01
-8.147014082113011568e+01
-8.147056947336858457e+01
-8.147048176943977182e+01
-8.147018710509135531e+01
-8.147006364184316851e+01
-8.146998037682837435e+01
-8.146963538846269159e+01
-8.146925134921264089e+01
-8.146924165282025854e+01
-8.146886244431023272e+01
-8.146817839724724308e+01
-8.146752008381918131e+01
-8.146690612715866564e+01
-8.146628273924446262e+01
-8.146596281397837913e+01
-8.146594308391026118e+01
-8.146568847042871653e+01
-8.146499530875126993e+01
-8.146460748761293758e+01
-8.146456003464125217e+01
-8.146456681137708244e+01
-8.146446216398729234e+01
-8.146469140989039204e+01
-8.146513893387623284e+01
-8.146603452756178854e+01
-8.146750297166954624e+01
-8.146993027542572463e+01
-8.147271139906240478e+01
-8.147644334274325217e+01
-8.148194106444427121e+01
-8.148886826533446026e+01
-8.149653527193122216e+01
-8.150237399627910406e+01
-8.150174341808981637e+01
-8.149190517233070352e+01
-8.147775002308011949e+01
-8.146622862818709621e+01
-8.147307353403807895e+01
-8.148835109416087619e+01
-8.146904388967931254e+01
-8.143132454094531170e+01
-8.160599256532921686e+01
-8.078219966385695727e+01
-8.287306167223644593e+01
-8.553640395540567454e+01
3.383553048442593081e+01
2.937393307201183390e+01
2.388048995310695588e+01
2.144837924888760838e+01
2.044779700451702098e+01
2.018617546350607483e+01
2.030953272156017420e+01
2.062613811398544073e+01
2.102991188589293614e+01
2.146158434654847724e+01
2.188773373061112437e+01
2.228906527565151663e+01
2.265368873297835606e+01
2.297314823160318653e+01
2.323994079799087586e+01
2.344575823960903449e+01
2.357996055064990060e+01
2.362798724862129518e+01
2.356979020695209570e+01
2.338158823304943468e+01
2.305158058410919608e+01
2.260994805335763047e+01
2.212999444384706749e+01
2.167704541389873185e+01
2.127591074602678489e+01
2.092492166993214653e+01
2.061544037912869598e+01
2.033986628822529852e+01
2.009288124570869272e+01
1.987076022446984425e+01
1.967059383614935086e+01
1.948982996021055314e+01
1.932608712834627340e+01
1.917711619990060612e+01
1.904081925418402221e+01
1.891527780460709351e+01
1.879877146264658450e+01
1.868978309355498979e+01
1.858699257871030142e+01
1.848926290932394778e+01
1.839562207615987077e+01
1.830524338033287890e+01
1.821742592394993920e+01
1.813157633641765543e+01
1.804719228461706138e+01
1.796384797638982533e+01
1.788118165607090049e+01
1.779888497013999071e+01
1.771669402033037244e+01
1.763438189879368423e+01
1.755175249998032427e+01
1.746863541667567077e+01
1.738488174665172536e+01
1.730036065767085418e+01
1.721495657975935245e+01
1.712856691346937410e+01
1.704110016065714461e+01
1.695247439990948379e+01
1.686261604217223464e+01
1.677145881352607759e+01
1.667894292162650416e+01
1.658501437030244929e+01
1.648962439341654473e+01
1.639272898453790006e+01
1.629428850345164292e+01
1.619426734418673774e+01
1.609263365222907893e+01
1.598935908101329595e+01
1.588441857975813853e+01
1.577779020630317675e+01
1.566945495989382309e+01
1.555939662989805328e+01
1.544760165727340251e+01
1.533405900627012208e+01
1.521876004439123520e+01
1.510169842905505710e+01
1.498286999974440548e+01
1.486227267469304714e+01
1.473990635137101890e+01
1.461577281019454766e+01
1.448987562101460469e+01
1.436222005203851282e+01
1.423281298091387193e+01
1.410166280776443770e+01
1.396877937000955505e+01
1.383417385883443806e+01
1.369785873720111624e+01
1.355984765931017044e+01
1.342015539143517522e+01
1.327879773406358943e+01
1.313579144528330822e+01
1.299115416536143641e+01
1.284490434246531443e+01
1.269706115947971092e+01
1.254764446187773075e+01
1.239667468660539917e+01
1.224417279194359232e+01
1.209016018831333739e+01
1.193465866999426517e+01
1.177769034772819268e+01
1.161927758218372198e+01
1.145944291826058148e+01
1.129820902021435280e+01
1.113559860758631714e+01
1.097163439192320666e+01
1.080633901427544963e+01
1.063973498346049240e+01
1.047184461508013520e+01
1.030268997127815567e+01
1.013229280122123654e+01
9.960674482284071374e+00
9.787855961911592573e+00
9.613857700124409433e+00
9.438699612622952984e+00
9.262401014433967461e+00
9.084980564026711392e+00
8.906456207811064729e+00
8.726845124909992535e+00
8.546163672082389695e+00
8.364427328659502336e+00
8.181650641357766318e+00
7.997847168853929212e+00
7.813029426074230344e+00
7.627208828285843900e+00
7.440395635322007983e+00
7.252598896667087125e+00
7.063826398706781085e+00
6.874084616218853583e+00
6.683378671062771836e+00
6.491712301817241126e+00
6.299087848429252290e+00
6.105506255254760539e+00
5.910967093685745688e+00
5.715468601732377252e+00
5.519007733050222519e+00
5.321580203441622636e+00
5.123180520765128421e+00
4.923801985918906610e+00
4.723436658120892417e+00
4.522075285335229289e+00
4.319707207706006358e+00
4.116320246000126026e+00
3.911900587525584339e+00
3.706432679486027393e+00
3.499899135775277781e+00
3.292280659288521871e+00
3.083555978855048174e+00
2.873701798169395527e+00
2.662692753457389205e+00
2.450501376715229274e+00
2.237098061851956476e+00
2.022451031687637624e+00
1.806526304352540135e+00
1.589287658124171942e+00
1.370696594111893818e+00
1.150712296464455164e+00
9.292915899566782656e-01
7.063888949318806176e-01
4.819561796563197609e-01
2.559429101971856801e-01
2.829599797688542653e-02
-2.010402548081018370e-01
-4.321242116817719525e-01
-6.650169600377849877e-01
-8.997823706441950842e-01
-1.136487158158498323e+00
-1.375200942254326986e+00
-1.615996308900084610e+00
-1.858948871259981983e+00
-2.104137329608487761e+00
-2.351643529558989698e+00
-2.601552517805939768e+00
-2.853952594465619441e+00
-3.108935360973221762e+00
-3.366595762351988874e+00
-3.627032122513146994e+00
-3.890346171072518899e+00
-4.156643059980349442e+00
-4.426031368055714843e+00
-4.698623091294956033e+00
-4.974533616587944351e+00
-5.253881676226975550e+00
-5.536789280334480701e+00
-5.823381624077685004e+00
-6.113786966273565326e+00
-6.408136475747989280e+00
-6.706564041594009318e+00
-7.009206043301683842e+00
-7.316201076629838873e+00
-7.627689631086569833e+00
-7.943813715018340993e+00
-8.264716424624531044e+00
-8.590541453768732794e+00
-8.921432542319458037e+00
-9.257532861993039930e+00
-9.598984340380289026e+00
-9.945926926101030574e+00
-1.029849780094666833e+01
-1.065683054852110345e+01
-1.102105429334619124e+01
-1.139129282969492074e+01
-1.176766376553671556e+01
-1.215027771382973043e+01
-1.253923757077888723e+01
-1.293463792826745795e+01
-1.333656467498172837e+01
-1.374509484713343177e+01
-1.416029679431717092e+01
-1.458223072794761066e+01
-1.501094971782331555e+01
-1.544650119554736278e+01
-1.588892901076301989e+01
-1.633827606661569476e+01
-1.679458753405073068e+01
-1.725791461056493858e+01
-1.772831874853691758e+01
-1.820587623275700295e+01
-1.869068293858040875e+01
-1.918285905443127248e+01
-1.968255350920589919e+01
-2.018994781122254878e+01
-2.070525898606590331e+01
-2.122874130158105288e+01
-2.176068649489179307e+01
-2.230142227337226757e+01
-2.285130895208601487e+01
-2.341073421452433934e+01
-2.398010613747606357e+01
-2.455984479484212102e+01
-2.515037293310355082e+01
-2.575210637058739138e+01
-2.636544488841579081e+01
-2.699076442639540829e+01
-2.762841135494169009e+01
-2.827869945645618799e+01
-2.894191002789190748e+01
-2.961829523770126116e+01
-3.030808457525496280e+01
-3.101149396347358334e+01
-3.172873690417375059e+01
-3.246003691446880168e+01
-3.320564049689052410e+01
-3.396582995336270017e+01
-3.474093547881280841e+01
-3.553134612355063382e+01
-3.633751936537135663e+01
-3.715998915951580273e+01
-3.799937242203742471e+01
-3.885637394239905262e+01
-3.973178971233937773e+01
-4.062650861140537728e+01
-4.154151231204891559e+01
-4.247787294379566703e+01
-4.343674811897962229e+01
-4.441937253108721961e+01
-4.542704500709867688e+01
-4.646110952299063257e+01
-4.752292821184318683e+01
-4.861384383233799156e+01
-4.973512853715585180e+01
-5.088791513312068560e+01
-5.207310645940250993e+01
-5.329125821535948404e+01
-5.454243086238081162e+01
-5.582600758829232035e+01
-5.714047842232226770e+01
-5.848319620568931754e+01
-5.985011894745444039e+01
-6.123556527549479966e+01
-6.263202410755125982e+01
-6.403007306778006580e+01
-6.541846670926894092e+01
-6.678444768358859562e+01
-6.811430540441517678e+01
-6.939415761673645022e+01
-7.061087118703967747e+01
-7.175298939707249701e+01
-7.281151540996171434e+01
-7.378042635533556393e+01
-7.465685271515624777e+01
-7.544093129297361600e+01
-7.613540141693422925e+01
-7.674504649725842853e+01
-7.727608433378983932e+01
-7.773558862389785418e+01
-7.813099389324140986e+01
-7.846970722384988051e+01
-7.875882844010550343e+01
-7.900496715140981507e+01
-7.921413892947325053e+01
-7.939172169317610894e+01
-7.954245499086279381e+01
-7.967046775779846257e+01
-7.977932330772337366e+01
-7.987207326270095109e+01
-7.995131460373970356e+01
-8.001924598072980643e+01
-8.007772089011665173e+01
-8.012829638744187832e+01
-8.017227673382483033e+01
-8.021075185931515250e+01
-8.024463082860145846e+01
-8.027467066895640357e+01
-8.030150100724495132e+01
-8.032564499218155163e+01
-8.034753697129872307e+01
-8.036753736412205740e+01
-8.038594513394359353e+01
-8.040300821693230660e+01
-8.041893222324438284e+01
-8.043388768278340706e+01
-8.044801606963365259e+01
-8.046143480455755537e+01
-8.047424140444155682e+01
-8.048651692107765143e+01
-8.049832878885983689e+01
-8.050973318152868785e+01
-8.052077696158768561e+01
-8.053149929209388347e+01
-8.054193296881902597e+01
-8.055210552096846754e+01
-8.056204012045282070e+01
-8.057175633286630045e+01
-8.058127073764356396e+01
-8.059059744013340776e+01
-8.059974849440102673e+01
-8.060873425231990552e+01
-8.061756365180852413e+01
-8.062624445484344449e+01
-8.063478344401450215e+01
-8.064318658488382141e+01
-8.065145916011903182e+01
-8.065960588034606360e+01
-8.066763097579458019e+01
-8.067553827209896156e+01
-8.068333125302727638e+01
-8.069101311243059627e+01
-8.069858679729205164e+01
-8.070605504344032965e+01
-8.071342040520475791e+01
-8.072068528007285693e+01
-8.072785192922242459e+01
-8.073492249464646875e+01
-8.074189901346353793e+01
-8.074878342990741942e+01
-8.075557760538930552e+01
-8.076228332697630208e+01
-8.076890231455026026e+01
-8.077543622687943525e+01
-8.078188666678700258e+01
-8.078825518556944019e+01
-8.079454328679177877e+01
-8.080075242956723969e+01
-8.080688403140146647e+01
-8.081293947067953809e+01
-8.081892008885105838e+01
-8.082482719235885327e+01
-8.083066205436091423e+01
-8.083642591626750118e+01
-8.084211998913097830e+01
-8.084774545490245146e+01
-8.085330346758074427e+01
-8.085879515426917408e+01
-8.086422161614740389e+01
-8.086958392937377482e+01
-8.087488314592950189e+01
-8.088012029440611173e+01
-8.088529638074717809e+01
-8.089041238894856178e+01
-8.089546928172151752e+01
-8.090046800112106951e+01
-8.090540946914620690e+01
-8.091029458831215493e+01
-8.091512424219627064e+01
-8.091989929596306297e+01
-8.092462059686802434e+01
-8.092928897473902339e+01
-8.093390524244482265e+01
-8.093847019634020512e+01
-8.094298461669916378e+01
-8.094744926813346808e+01
-8.095186489999326795e+01
-8.095623224675870233e+01
-8.096055202841478149e+01
-8.096482495081676234e+01
-8.096905170604200919e+01
-8.097323297273210585e+01
-8.097736941642432384e+01
-8.098146168987115345e+01
-8.098551043335228883e+01
-8.098951627497608285e+01
-8.099347983097118231e+01
-8.099740170597192446e+01
-8.100128249329169705e+01
-8.100512277519398197e+01
-8.100892312314734056e+01
-8.101268409808236015e+01
-8.101640625063211587e+01
-8.102009012137439470e+01
-8.102373624106006389e+01
-8.102734513083949253e+01
-8.103091730247986391e+01
-8.103445325857867942e+01
-8.103795349277028492e+01
-8.104141848992536268e+01
-8.104484872634837700e+01
-8.104824466996653598e+01
-8.105160678051470313e+01
-8.105493550971640104e+01
-8.105823130145788014e+01
-8.106149459195854945e+01
-8.106472580993843735e+01
-8.106792537677847577e+01
-8.107109370667835435e+01
-8.107423120681019668e+01
-8.107733827746699262e+01
-8.108041531220931120e+01
-8.108346269800568962e+01
-8.108648081537151597e+01
-8.108947003850398971e+01
-8.109243073541217939e+01
-8.109536326804594353e+01
-8.109826799241993456e+01
-8.110114525873548530e+01
-8.110399541149894276e+01
-8.110681878963775659e+01
-8.110961572661244645e+01
-8.111238655052675028e+01
-8.111513158423585423e+01
-8.111785114544993291e+01
-8.112054554683723495e+01
-8.112321509612266368e+01
-8.112586009618597416e+01
-8.112848084515668745e+01
-8.113107763650673121e+01
-8.113365075914062174e+01
-8.113620049748483609e+01
-8.113872713157253713e+01
-8.114123093712986190e+01
-8.114371218565636923e+01
-8.114617114450699376e+01
-8.114860807697009193e+01
-8.115102324234351272e+01
-8.115014376464958445e+01
