-8.142515982139765640e+01
-8.142682386889417501e+01
-8.143086612405251401e+01
-8.143850461381055084e+01
-8.144708944396994355e+01
-8.145498470316383077e+01
-8.146235998818018231e+01
-8.146721663752059328e+01
-8.147238626168214637e+01
-8.147614915871685071e+01
-8.147971542354683550e+01
-8.148220471179287472e+01
-8.148406525649498633e+01
-8.148541679901877899e+01
-8.148640755783029022e+01
-8.148812568146773572e+01
-8.148961698810029475e+01
-8.149083713979345589e+01
-8.149179718424863950e+01
-8.149295748172123410e+01
-8.149372162900993999e+01
-8.149513084881321845e+01
-8.149642466249291317e+01
-8.149695638057212932e+01
-8.149769852542272019e+01
-8.149866244473105326e+01
-8.149844508630008022e+01
-8.149832926313533221e+01
-8.149792340863527329e+01
-8.149620168560358024e+01
-8.149438788479314155e+01
-8.149244563596252533e+01
-8.149054200468948750e+01
-8.148943620207126060e+01
-8.148864585744159683e+01
-8.148812930570591107e+01
-8.148730304880187703e+01
-8.148647282759431221e+01
-8.148598696868566549e+01
-8.148767971120280151e+01
-8.149079524647569883e+01
-8.149592890145905244e+01
-8.150283676326159821e+01
-8.151176935895844622e+01
-8.152237409085417141e+01
-8.153281115505268417e+01
-8.154037308397690254e+01
-8.154026860118328557e+01
-8.153232845323120159e+01
-8.152224132062630702e+01
-8.152217581277092506e+01
-8.152470114560128422e+01
-8.151624134130250354e+01
-8.147790429417284486e+01
-8.146730262401798939e+01
-8.177615062871984719e+01
-8.068650332985644980e+01
-8.239473117123856127e+01
-8.729178901465009233e+01
3.479754332185141408e+01
2.901211788124567903e+01
2.367269204509608826e+01
2.133993839586029395e+01
2.039736630951409069e+01
2.016844790526299747e+01
2.030942898762862114e+01
2.063501849637957974e+01
2.104298940073801560e+01
2.147628510588577555e+01
2.190270958001060464e+01
2.230361772047481139e+01
2.266744068605478546e+01
2.298585975689307404e+01
2.325140354987620483e+01
2.345572886613928887e+01
2.358811466681551394e+01
2.363391667278527919e+01
2.357304462199091333e+01
2.338158416526626127e+01
2.304774304452812572e+01
2.260281789075053283e+01
2.212137742977258981e+01
2.166845002245200646e+01
2.126797964412260100e+01
2.091783154823666990e+01
2.060921612934236791e+01
2.033449081676100079e+01
2.008832219860432033e+01
1.986697490721383375e+01
1.966753094107657063e+01
1.948743194519057553e+01
1.932429310346893914e+01
1.917586464097624699e+01
1.904005015298416126e+01
1.891493416725194621e+01
1.879880022799922301e+01
1.869013559757812715e+01
1.858762469096955172e+01
1.849013494762579057e+01
1.839669858094380572e+01
1.830649280840548698e+01
1.821882030334675662e+01
1.813309091061529799e+01
1.804880516436421090e+01
1.796553981031861369e+01
1.788293532629956317e+01
1.780068531571410517e+01
1.771852758913548342e+01
1.763623672716776980e+01
1.755361791841824726e+01
1.747050187956341816e+01
1.738674068377761017e+01
1.730220434523267059e+01
1.721677802866472007e+01
1.713035977286410727e+01
1.704285863478795449e+01
1.695419317660643799e+01
1.686429023142073547e+01
1.677308389477108364e+01
1.668051469861458358e+01
1.658652893241589155e+01
1.649107808258648689e+01
1.639411836694514335e+01
1.629561034532690300e+01
1.619551859111741621e+01
1.609381141145866678e+01
1.599046060629315491e+01
1.588544125837099408e+01
1.577873154793230093e+01
1.567031258705712915e+01
1.556016826970848221e+01
1.544828513431927419e+01
1.533465223643981901e+01
1.521926102949218418e+01
1.510210525209907750e+01
1.498318082079003943e+01
1.486248572715214777e+01
1.474001993870008853e+01
1.461578530290361577e+01
1.448978545393696749e+01
1.436202572181180770e+01
1.423251304363234482e+01
1.410125587676622061e+01
1.396826411377011112e+01
1.383354899893967627e+01
1.369712304637905653e+01
1.355899995950162129e+01
1.341919455188709698e+01
1.327772266943002322e+01
1.313460111372064354e+01
1.298984756660546047e+01
1.284348051587769746e+01
1.269551918205188201e+01
1.254598344618000105e+01
1.239489377866757280e+01
1.224227116905287183e+01
1.208813705671353311e+01
1.193251326246701893e+01
1.177542192103552843e+01
1.161688541434689093e+01
1.145692630564550463e+01
1.129556727438925279e+01
1.113283105191071698e+01
1.096874035781925016e+01
1.080331783712312088e+01
1.063658599804769089e+01
1.046856715052337172e+01
1.029928334531305012e+01
1.012875631374127749e+01
9.957007407978712976e+00
9.784057541822585691e+00
9.609927131897757491e+00
9.434636039182191070e+00
9.258203510734301034e+00
9.080648121468984257e+00
8.901987715791145561e+00
8.722239348855419294e+00
8.541419227178380424e+00
8.359542648294606693e+00
8.176623939135369667e+00
7.992676392839609179e+00
7.807712203826740804e+00
7.621742401224685715e+00
7.434776781239003540e+00
7.246823839862648775e+00
7.057890708541225244e+00
6.867983097024428218e+00
6.677105249469195591e+00
6.485259921407526384e+00
6.292448385540626354e+00
6.098670472242708307e+00
5.903924645099696278e+00
5.708208102775574666e+00
5.511516888002306658e+00
5.313845976646950575e+00
5.115189319310707639e+00
4.915539817126407307e+00
4.714889230070558490e+00
4.513228033748522883e+00
4.310545252108405556e+00
4.106828295079536062e+00
3.902062822821643628e+00
3.696232646619797446e+00
3.489319665402034865e+00
3.281303829526732940e+00
3.072163120648555346e+00
2.861873537186669481e+00
2.650409077598430585e+00
2.437741716863637720e+00
2.223841374373897395e+00
2.008675873391626343e+00
1.792210893362510715e+00
1.574409916799745179e+00
1.355234172437284945e+00
1.134642576078010334e+00
9.125916701980619772e-01
6.890355630081170801e-01
4.639258673697115309e-01
2.372116397395663823e-01
8.839319168621703401e-03
-2.212473336946716718e-01
-4.531072976686850717e-01
-6.868023522179826923e-01
-9.223971387495709662e-01
-1.159959221944081298e+00
-1.399559150956483755e+00
-1.641270520217508633e+00
-1.885170029457723606e+00
-2.131337542459058820e+00
-2.379856143914055089e+00
-2.630812193640679642e+00
-2.884295377258687232e+00
-3.140398752281336137e+00
-3.399218788412793124e+00
-3.660855400664075443e+00
-3.925411973709885149e+00
-4.192995375702961880e+00
-4.463715959541501910e+00
-4.737687549350503069e+00
-5.015027409688287641e+00
-5.295856194730267141e+00
-5.580297874415963477e+00
-5.868479634274932799e+00
-6.160531745386605529e+00
-6.456587400685435796e+00
-6.756782513610177787e+00
-7.061255474936668719e+00
-7.370146863551328309e+00
-7.683599106947702317e+00
-8.001756087404030993e+00
-8.324762690172661905e+00
-8.652764290640600819e+00
-8.985906178380330900e+00
-9.324332917374466234e+00
-9.668187643565428147e+00
-1.001761130334253025e+01
-1.037274183973402053e+01
-1.073371333700569963e+01
-1.110065513914960356e+01
-1.147369096339822292e+01
-1.185293803639457622e+01
-1.223850628785700678e+01
-1.263049764427549526e+01
-1.302900547298053979e+01
-1.343411423429592233e+01
-1.384589940570487876e+01
-1.426442774612466913e+01
-1.468975796945509416e+01
-1.512194189339266437e+01
-1.556102612094741033e+01
-1.600705429711470984e+01
-1.646006996097650443e+01
-1.692011998376751691e+01
-1.738725854636531665e+01
-1.786155156620348450e+01
-1.834308143553572634e+01
-1.883195188297565892e+01
-1.932829272187825964e+01
-1.983226420684492197e+01
-2.034406068858448791e+01
-2.086391324322000429e+01
-2.139209096079473937e+01
-2.192890061478480490e+01
-2.247468450441759202e+01
-2.302981636697532153e+01
-2.359469539700087637e+01
-2.416973857739752773e+01
-2.475537171148410920e+01
-2.535201972540061632e+01
-2.596009696392303923e+01
-2.657999829667739178e+01
-2.721209186916341594e+01
-2.785671424958229636e+01
-2.851416854404257606e+01
-2.918472579513095866e+01
-2.986862967803195090e+01
-3.056610420963376740e+01
-3.127736393433345441e+01
-3.200262587997507069e+01
-3.274212250515447664e+01
-3.349611488196355680e+01
-3.426490545656146480e+01
-3.504884987448737377e+01
-3.584836751698909296e+01
-3.666395054168901879e+01
-3.749617133605607222e+01
-3.834568836386916502e+01
-3.921325040791805350e+01
-4.009969918497578334e+01
-4.100597026463088213e+01
-4.193309202244292067e+01
-4.288218215285235146e+01
-4.385444122882108076e+01
-4.485114232043223836e+01
-4.587361538059534638e+01
-4.692322466932379399e+01
-4.800133696103129921e+01
-4.910927767032210056e+01
-5.024827137095609686e+01
-5.141936254294197539e+01
-5.262331190557408434e+01
-5.386046362706520085e+01
-5.513057944193780457e+01
-5.643263783790725086e+01
-5.776460074821822133e+01
-5.912315740261353625e+01
-6.050346566940616810e+01
-6.189892499773149126e+01
-6.330102984254126142e+01
-6.469936360356579996e+01
-6.608179353525619604e+01
-6.743490915696946786e+01
-6.874470657490053327e+01
-6.999746395719536451e+01
-7.118069540876079770e+01
-7.228403426622584504e+01
-7.329990032587782878e+01
-7.422385109469799147e+01
-7.505458881138451943e+01
-7.579366652328734233e+01
-7.644498513769387671e+01
-7.701418948593274649e+01
-7.750805944196611108e+01
-7.793396427235833812e+01
-7.829941727401799767e+01
-7.861174176997124619e+01
-7.887784200125436485e+01
-7.910406305694920093e+01
-7.929612070606849272e+01
-7.945908253974329227e+01
-7.959738433167665050e+01
-7.971486871737567981e+01
-7.981483644521755139e+01
-7.990010320713102487e+01
-7.997305728842880512e+01
-8.003571498815098550e+01
-8.008977201685051739e+01
-8.013664996256741802e+01
-8.017753751202324963e+01
-8.021342649684019932e+01
-8.024514306427319354e+01
-8.027337439557422272e+01
-8.029869144775095435e+01
-8.032156820163292821e+01
-8.034239787869832128e+01
-8.036150655330122561e+01
-8.037916454393132426e+01
-8.039559592208701133e+01
-8.041098643351774911e+01
-8.042549008568714441e+01
-8.043923461832918065e+01
-8.045232604114853814e+01
-8.046485239407179790e+01
-8.047688686071244035e+01
-8.048849034456075913e+01
-8.049971359939655713e+01
-8.051059899023218236e+01
-8.052118194829252218e+01
-8.053149217279843697e+01
-8.054155462335751281e+01
-8.055139033927173386e+01
-8.056101711583839631e+01
-8.057045006254168129e+01
-8.057970206372546329e+01
-8.058878415877286727e+01
-8.059770585586025504e+01
-8.060647539090648195e+01
-8.061509994131118617e+01
-8.062358580240304207e+01
-8.063193853313322279e+01
-8.064016307641256276e+01
-8.064826385853083934e+01
-8.065624487133720777e+01
-8.066410974020314484e+01
-8.067186178025860954e+01
-8.067950404296645672e+01
-8.068703935472068167e+01
-8.069447034887576820e+01
-8.070179949234835703e+01
-8.070902910774927363e+01
-8.071616139182168581e+01
-8.072319843083057833e+01
-8.073014221344119790e+01
-8.073699464151475524e+01
-8.074375753918535281e+01
-8.075043266052098545e+01
-8.075702169600401703e+01
-8.076352627803998985e+01
-8.076994798565780798e+01
-8.077628834854102990e+01
-8.078254885049943823e+01
-8.078873093248014925e+01
-8.079483599518837877e+01
-8.080086540138734108e+01
-8.080682047792686262e+01
-8.081270251754261835e+01
-8.081851278046865161e+01
-8.082425249588125382e+01
-8.082992286321183428e+01
-8.083552505333965144e+01
-8.084106020968566497e+01
-8.084652944921916173e+01
-8.085193386339216204e+01
-8.085727451900726237e+01
-8.086255245903220157e+01
-8.086776870336061052e+01
-8.087292424953366776e+01
-8.087802007342014576e+01
-8.088305712986105789e+01
-8.088803635328450525e+01
-8.089295865829369347e+01
-8.089782494022465187e+01
-8.090263607568357429e+01
-8.090739292306200525e+01
-8.091209632302943078e+01
-8.091674709901036522e+01
-8.092134605764228183e+01
-8.092589398921607824e+01
-8.093039166810214624e+01
-8.093483985316228768e+01
-8.093923928814622570e+01
-8.094359070207649154e+01
-8.094789480961948414e+01
-8.095215231144599954e+01
-8.095636389457837367e+01
-8.096053023272972382e+01
-8.096465198662829721e+01
-8.096872980433731470e+01
-8.097276432155985049e+01
-8.097675616193869530e+01
-8.098070593734462363e+01
-8.098461424815754128e+01
-8.098848168353816845e+01
-8.099230882169375434e+01
-8.099609623013408566e+01
-8.099984446592155507e+01
-8.100355407591217727e+01
-8.100722559699292447e+01
-8.101085955630915691e+01
-8.101445647148796070e+01
-8.101801685085420957e+01
-8.102154119363972029e+01
-8.102502999018925323e+01
-8.102848372215896688e+01
-8.103190286270886133e+01
-8.103528787669264943e+01
-8.103863922083897364e+01
-8.104195734393128703e+01
-8.104524268697929301e+01
-8.104849568339082566e+01
-8.105171675913311446e+01
-8.105490633289529967e+01
-8.105806481624181004e+01
-8.106119261376616691e+01
-8.106429012323880556e+01
-8.106735773574943948e+01
-8.107039583584966635e+01
-8.107340480168723218e+01
-8.107638500514225655e+01
-8.107933681195436293e+01
-8.108226058185172747e+01
-8.108515666867283755e+01
-8.108802542048745465e+01
-8.109086717971389646e+01
-8.109368228323512540e+01
-8.109647106250764637e+01
-8.109923384367245092e+01
-8.110197094766110126e+01
-8.110468269029874477e+01
-8.110736938240654581e+01
-8.111003132989878850e+01
-8.111266883388084636e+01
-8.111528219074294555e+01
-8.111787169225114269e+01
-8.112043762563870075e+01
-8.112298027369249098e+01
-8.112549991483865597e+01
-8.112799682322656736e+01
-8.113047126881015458e+01
-8.113292351742842357e+01
-8.113204767647606275e+01
