-8.143117690736555403e+01
-8.141454607628598694e+01
-8.140330218333122048e+01
-8.140056077224241449e+01
-8.140817098039948974e+01
-8.141995464530654658e+01
-8.143343820947242762e+01
-8.144740091273409632e+01
-8.146146820351819429e+01
-8.147670823868688217e+01
-8.153368582163029998e+01
-8.160599367769120249e+01
-8.165629571199582415e+01
-8.169151452473899155e+01
-8.171666521603863487e+01
-8.173498916785962365e+01
-8.174854436566043603e+01
-8.175865995820231547e+01
-8.176621613245345088e+01
-8.177180605575274797e+01
-8.177582699867470239e+01
-8.177853237022662825e+01
-8.178196915574366699e+01
-8.178196626265946634e+01
-8.177584243994000701e+01
-8.176717311959414758e+01
-8.175789969000840074e+01
-8.174886341380681642e+01
-8.174039826390260544e+01
-8.173259109788223498e+01
-8.172540166002551132e+01
-8.171871754792967124e+01
-8.171235649925829136e+01
-8.170592488432605194e+01
-8.170132986814807907e+01
-8.167639090355707765e+01
-8.162091014834143721e+01
-8.158828414199513190e+01
-8.156929812486812637e+01
-8.155790235245439135e+01
-8.155071626895022519e+01
-8.154593892505440067e+01
-8.154262568156003965e+01
-8.154028754179307725e+01
-8.153868459119996714e+01
-8.153917967400734312e+01
-8.154283635880746317e+01
-8.157308004677602753e+01
-8.161212681120370860e+01
-8.163482606691745502e+01
-8.164731845917178532e+01
-8.165670752442454727e+01
-8.166332126186064500e+01
-8.166778484917463743e+01
-8.167080931786134101e+01
-8.167288384625521758e+01
-8.167432951420458664e+01
-8.167534790179716708e+01
-8.167605906333533028e+01
-8.167652883592657531e+01
-8.167678695282583590e+01
-8.167683786087212638e+01
-8.167666659432300946e+01
-8.167624394744608196e+01
-8.167553908753122016e+01
-8.167454620033444712e+01
-8.167330442067866159e+01
-8.167187981405781727e+01
-8.167033496444389584e+01
-8.166871715109135721e+01
-8.166705987911814191e+01
-8.166538743732994021e+01
-8.166371826937192679e+01
-8.166206618613392720e+01
-8.166044079091454932e+01
-8.165884805244374434e+01
-8.165729102067686540e+01
-8.165577052860174945e+01
-8.165428580087754540e+01
-8.165283494825465027e+01
-8.165141535346211299e+01
-8.165002396375574278e+01
-8.164865750697936164e+01
-8.164731264674985312e+01
-8.164598609021142295e+01
-8.164467465956775527e+01
-8.164337533649343470e+01
-8.164208528668335418e+01
-8.164080187019798984e+01
-8.163952264195893349e+01
-8.163824534567106639e+01
-8.163696790360512523e+01
-8.163568840400330373e+01
-8.163440508737244272e+01
-8.163311633253846367e+01
-8.163182064305833308e+01
-8.163051663437489935e+01
-8.162920302194419264e+01
-8.162787861047080185e+01
-8.162654228430454850e+01
-8.162519299900111491e+01
-8.162382977402606343e+01
-8.162245168655788063e+01
-8.162105786632646698e+01
-8.161964749143325548e+01
-8.161821978508834263e+01
-8.161677401320565650e+01
-8.161530948279629172e+01
-8.161382554109766829e+01
-8.161232157539572540e+01
-8.161079701347911453e+01
-8.160925132467330911e+01
-8.160768402139083832e+01
-8.160609466114671307e+01
-8.160448284895319659e+01
-8.160284824001873005e+01
-8.160119054263917349e+01
-8.159950952117094403e+01
-8.159780499892819705e+01
-8.159607686082448197e+01
-8.159432505555724902e+01
-8.159254959708546551e+01
-8.159075056512200774e+01
-8.158892810434173271e+01
-8.158708242198456162e+01
-8.158521378353795228e+01
-8.158332250619969273e+01
-8.158140894988778768e+01
-8.157947350563787836e+01
-8.157751658136839978e+01
-8.157553858515889544e+01
-8.157353990637288632e+01
-8.157152089520205607e+01
-8.156948184142682123e+01
-8.156742295342986893e+01
-8.156534433868829126e+01
-8.156324598712245688e+01
-8.156112775873519638e+01
-8.155898937693939388e+01
-8.155683042881925360e+01
-8.155465037326595734e+01
-8.155244855751617195e+01
-8.155022424207564313e+01
-8.154797663337821234e+01
-8.154570492285048999e+01
-8.154340833041165126e+01
-8.154108614984185976e+01
-8.153873779308692349e+01
-8.153636283035655197e+01
-8.153396102299549852e+01
-8.153153234646595138e+01
-8.152907700140093539e+01
-8.152659541149580491e+01
-8.152408820790694222e+01
-8.152155620074809406e+01
-8.151900033911070409e+01
-8.151642166177519755e+01
-8.151382124134168805e+01
-8.151120012493683475e+01
-8.150855927491384989e+01
-8.150589951305735781e+01
-8.150322147173417875e+01
-8.150052555511261687e+01
-8.149781191303922867e+01
-8.149508042933726415e+01
-8.149233072525814237e+01
-8.148956217766759380e+01
-8.148677395038889415e+01
-8.148396503617095732e+01
-8.148113430619484632e+01
-8.147828056387072593e+01
-8.147540259993660072e+01
-8.147249924666155607e+01
-8.146956943001326579e+01
-8.146661221982255086e+01
-8.146362687912657918e+01
-8.146061291492318901e+01
-8.145757013339260766e+01
-8.145449870322293862e+01
-8.145139923096741086e+01
-8.144827285236040382e+01
-8.144512134319376173e+01
-8.144194725257908374e+01
-8.143875406000050532e+01
-8.143554635555562982e+01
-8.143233003963028693e+01
-8.142911253394514404e+01
-8.142590299028151435e+01
-8.142271247641296839e+01
-8.141955411132929044e+01
-8.141644311477664075e+01
-8.141339673135381361e+01
-8.141043398914860063e+01
-8.140757525958056817e+01
-8.140484160043834549e+01
-8.140225388814187113e+01
-8.139983177553463634e+01
-8.139759254303767477e+01
-8.139554993733810306e+01
-8.139371310677012161e+01
-8.139208574263753349e+01
-8.139066552099237128e+01
-8.138944391335832051e+01
-8.138840640280420757e+01
-8.138753310829935117e+01
-8.138679978799392245e+01
-8.138617916151842735e+01
-8.138564246252907708e+01
-8.138516110675011817e+01
-8.138470834119446806e+01
-8.138426073239077141e+01
-8.138379936041312135e+01
-8.138331061376389641e+01
-8.138278652532584090e+01
-8.138222464447673588e+01
-8.138162749433432452e+01
-8.138100170559233959e+01
-8.138035694267217934e+01
-8.137970474295033796e+01
-8.137905737945956730e+01
-8.137842683778009700e+01
-8.137782397391976019e+01
-8.137725789464751358e+01
-8.137673557629290144e+01
-8.137626171372765782e+01
-8.137583877032412261e+01
-8.137546718475296359e+01
-8.137514568320179364e+01
-8.137487164618241309e+01
-8.137464148583734413e+01
-8.137445100011751720e+01
-8.137429568178055206e+01
-8.137417097078737527e+01
-8.137407244727462796e+01
-8.137399596831750159e+01
-8.137393775541838181e+01
-8.137389444138617023e+01
-8.137386308560408565e+01
-8.137384116609371176e+01
-8.137382655567112977e+01
-8.137381748820358496e+01
-8.137381251963256545e+01
-8.137381048725475807e+01
-8.137381046971400167e+01
-8.137381174932352224e+01
-8.137381377769109747e+01
-8.137381614513468264e+01
-8.137381855402199449e+01
-8.137382079594361528e+01
-8.137382273246443276e+01
-8.137382427912504568e+01
-8.137382539232305589e+01
-8.137382605868832286e+01
-8.137382628659371164e+01
-8.137382609945824186e+01
-8.137382553054284529e+01
-8.137382461896764596e+01
-8.137382340671975101e+01
-8.137382193645646566e+01
-8.137382024993432594e+01
-8.137381838693512748e+01
-8.137381638456649569e+01
-8.137381427685107838e+01
-8.137381209453187125e+01
-8.137380986503731606e+01
-8.137380761255086270e+01
-8.137380535816080851e+01
-8.137380312006069971e+01
-8.137380091377251290e+01
-8.137379875238534055e+01
-8.137379664679815505e+01
-8.137379460595465730e+01
-8.137379263706652921e+01
-8.137379074582241856e+01
-8.137378893658372192e+01
-8.137378721255913661e+01
-8.137378557596620965e+01
-8.137378402817219580e+01
-8.137378256982196945e+01
-8.137378120094885503e+01
-8.137377992107599312e+01
-8.137377872929779699e+01
-8.137377762435892237e+01
-8.137377660471631202e+01
-8.137377566859522915e+01
-8.137377481403859747e+01
-8.137377403894562633e+01
-8.137377334110759364e+01
-8.137377271823787339e+01
-8.137377216799529833e+01
-8.137377168800453830e+01
-8.137377127587662073e+01
-8.137377092921934718e+01
-8.137377064565056628e+01
-8.137377042281035244e+01
-8.137377025836485700e+01
-8.137377015001528946e+01
-8.137377009550175444e+01
-8.137377009260731597e+01
-8.137377013916089652e+01
-8.137377023303969281e+01
-8.137377037217132170e+01
-8.137377055453366381e+01
-8.137377077815520465e+01
-8.137377104111578774e+01
-8.137377134154762359e+01
-8.137377167763168018e+01
-8.137377204760086613e+01
-8.137377244973772861e+01
-8.137377288237193795e+01
-8.137377334388179406e+01
-8.137377383269196685e+01
-8.137377434727306991e+01
-8.137377488614001209e+01
-8.137377544785043426e+01
-8.137377603100462409e+01
-8.137377663424433649e+01
-8.137377725625084679e+01
-8.137377789574391329e+01
-8.137377855148145045e+01
-8.137377922225782356e+01
-8.137377990690353613e+01
-8.137378060428267190e+01
-8.137378131329276698e+01
-8.137378203286425560e+01
-8.137378276195939009e+01
-8.137378349957029400e+01
-8.137378424471954474e+01
-8.137378499645750196e+01
-8.137378575386316015e+01
-8.137378651604183233e+01
-8.137378728212647161e+01
-8.137378805127460168e+01
-8.137378882266797575e+01
-8.137378959551391233e+01
-8.137379036904101781e+01
-8.137379114250246914e+01
-8.137379191517129584e+01
-8.137379268634441587e+01
-8.137379345533732078e+01
-8.137379422148623576e+01
-8.137379498414784962e+01
-8.137379574269610316e+01
-8.137379649652514502e+01
-8.137379724504559420e+01
-8.137379798768550643e+01
-8.137379872389065838e+01
-8.137379945312326868e+01
-8.137380017486053418e+01
-8.137380088859590899e+01
-8.137380159383728540e+01
-8.137380229010891242e+01
-8.137380297694716091e+01
-8.137380365390279735e+01
-8.137380432054047219e+01
-8.137380497643798094e+01
-8.137380562118580940e+01
-8.137380625438665049e+01
-8.137380687565510584e+01
-8.137380748461805524e+01
-8.137380808091342033e+01
-8.137380866419083247e+01
-8.137380923410901801e+01
-8.137380979033899564e+01
-8.137381033256217222e+01
-8.137381086046842427e+01
-8.137381137375770379e+01
-8.137381187214104727e+01
-8.137381235533689505e+01
-8.137381282307289609e+01
-8.137381327508644802e+01
-8.137381371112242334e+01
-8.137381413093443427e+01
-8.137381453428380951e+01
-8.137381492094057478e+01
-8.137381529068233021e+01
-8.137381564329257344e+01
-8.137381597856332860e+01
-8.137381629629372526e+01
-8.137381659629051001e+01
-8.137381687836445110e+01
-8.137381714233592334e+01
-8.137381738802973530e+01
-8.137381761527807100e+01
-8.137381782391882723e+01
-8.137381801379594037e+01
-8.137381818475896011e+01
-8.137381833666192676e+01
-8.137381846936666818e+01
-8.137381858273877810e+01
-8.137381867664947777e+01
-8.137381875097553063e+01
-8.137381880559703973e+01
-8.137381884040098612e+01
-8.137381885527734937e+01
-8.137381885012183602e+01
-8.137381882483468587e+01
-8.137381877931963459e+01
-8.137381871348590323e+01
-8.137381862724528503e+01
-8.137381852051429121e+01
-8.137381839321460575e+01
-8.137381824527048479e+01
-8.137381807660989352e+01
-8.137381788716506037e+01
-8.137381767687061540e+01
-8.137381744566640407e+01
-8.137381719349448872e+01
-8.137381692030119495e+01
-8.137381662603483790e+01
-8.137381631064806697e+01
-8.137381597409537903e+01
-8.137381561633640104e+01
-8.137381523733056099e+01
-8.137381483704292862e+01
-8.137381441544007998e+01
-8.137381397249178860e+01
-8.137381350816943382e+01
-8.137381302244840242e+01
-8.137381251530601389e+01
-8.137381198672190408e+01
-8.137381143667862204e+01
-8.137381086516077744e+01
-8.137381027215471363e+01
-8.137380965764954510e+01
-8.137380902163687324e+01
-8.137380836410926577e+01
-8.137380768506272943e+01
-8.137380698449453575e+01
-8.137380626240414472e+01
-8.137380551879239476e+01
-8.137380475366313703e+01
-8.137380396702107532e+01
-8.137380315887362769e+01
-8.137380232922836854e+01
-8.137380147809592756e+01
-8.137380060548804295e+01
-8.137379971141791657e+01
-8.137379879590130827e+01
-8.137379785895353734e+01
-8.137379690059388793e+01
-8.137379592084099045e+01
-8.137379491971643120e+01
-8.137379389724236489e+01
-8.137379285344233892e+01
-8.137379178834100912e+01
-8.137379070196483610e+01
-8.137378959434053627e+01
-8.137378846549765399e+01
-8.137378731546510835e+01
-8.137378614427456114e+01
-8.137378495195778783e+01
-8.137378373854807023e+01
-8.137378250407992653e+01
-8.137378124858851436e+01
-8.137377997210943192e+01
-8.137377867468030956e+01
-8.137377735633883447e+01
-8.137377601712481123e+01
-8.137377465707734814e+01
-8.137377327623796930e+01
-8.137377187464817041e+01
-8.137377045235037087e+01
-8.137376900938787117e+01
-8.137376754580544969e+01
-8.137376606164626480e+01
-8.137376455695763866e+01
-8.137376303178537285e+01
-8.137376148617582317e+01
-8.137375992017734916e+01
-8.137375833383750034e+01
-8.137375672720624209e+01
-8.137375510033140813e+01
-8.137375345326464071e+01
-8.137375178605641679e+01
-8.137375009875816545e+01
-8.137374839142087524e+01
-8.137374666409752422e+01
-8.137374491684130362e+01
-8.137374314970485045e+01
-8.137374136274225123e+01
-8.137373955600794773e+01
-8.137373772955638174e+01
-8.137373588344290454e+01
-8.137373401772303794e+01
-8.137373213245267323e+01
-8.137373022768871067e+01
-8.137372830348681418e+01
-8.137372635990543301e+01
-8.137372439700168059e+01
-8.137372241483262769e+01
-8.137372041345648199e+01
-8.137371839293226117e+01
-8.137371635331871289e+01
-8.137371429467424377e+01
-8.137371221705865310e+01
-8.137371012053117170e+01
-8.137370800515181202e+01
-8.137370587098088492e+01
-8.137370371807817548e+01
-8.137399978948637624e+01
