-8.148843756671058713e+01
-8.088756637184033593e+01
-7.972739873762886020e+01
-7.834571279454466719e+01
-7.687682641714461340e+01
-7.532524116642241552e+01
-7.657594672629394950e+01
3.317170257349954454e+01
2.722883958979333130e+01
2.458986059567673621e+01
2.340438678918641457e+01
2.255134383690080924e+01
2.190497603982547048e+01
2.159538887369777171e+01
2.157372050075596093e+01
2.174584875009068341e+01
2.202970820871676949e+01
2.236658858930389115e+01
2.271786274495193680e+01
2.305898658035139803e+01
2.337427709685393751e+01
2.365308764590129087e+01
2.388714246206668435e+01
2.406862870595264781e+01
2.418871093391847538e+01
2.423634574685629417e+01
2.419785043190432461e+01
2.405920175062558286e+01
2.381512719966835334e+01
2.348402885853691657e+01
2.310845324536925460e+01
2.272959713801184378e+01
2.236887506640927725e+01
2.203246391411506977e+01
2.172056363051702732e+01
2.143184564885005017e+01
2.116472461805981098e+01
2.091761766137150502e+01
2.068896804695666702e+01
2.047723247211515840e+01
2.028087795843768859e+01
2.009839343092810893e+01
1.992831018418780431e+01
1.976922437039737446e+01
1.961981657297313220e+01
1.947886589148999548e+01
1.934525785543784693e+01
1.921798669023493744e+01
1.909615305466676460e+01
1.897895853170409808e+01
1.886569806253671189e+01
1.875575130325487194e+01
1.864857364282904939e+01
1.854368739784603903e+01
1.844067351459135295e+01
1.833916396716578490e+01
1.823883493782585674e+01
1.813940079579358411e+01
1.804060884596707126e+01
1.794223479257906817e+01
1.784407884939754396e+01
1.774596242329852203e+01
1.764772529883162733e+01
1.754922325551608608e+01
1.745032605551243421e+01
1.735091574599021769e+01
1.725088522730524687e+01
1.715013704461513200e+01
1.704858236657669579e+01
1.694614012018213600e+01
1.684273625557168330e+01
1.673830311882088040e+01
1.663277891428527511e+01
1.652610724114407859e+01
1.641823669137956898e+01
1.630912049861266766e+01
1.619871622905332487e+01
1.608698550735210375e+01
1.597389377141737477e+01
1.585941005132023385e+01
1.574350676828333739e+01
1.562615955047371408e+01
1.550734706291327214e+01
1.538705084930805356e+01
1.526525518399839854e+01
1.514194693255737256e+01
1.501711541983206999e+01
1.489075230443866893e+01
1.476285145889758077e+01
1.463340885473858499e+01
1.450242245201972757e+01
1.436989209279816926e+01
1.423581939816481245e+01
1.410020766851674345e+01
1.396306178678868726e+01
1.382438812440523179e+01
1.368419444974799148e+01
1.354248983895661418e+01
1.339928458890541840e+01
1.325459013221545135e+01
1.310841895417533820e+01
1.296078451145965005e+01
1.281170115254251662e+01
1.266118403971704787e+01
1.250924907263708441e+01
1.235591281331005042e+01
1.220119241247402364e+01
1.204510553730286304e+01
1.188767030038834349e+01
1.172890518995631837e+01
1.156882900127998326e+01
1.140746076926011021e+01
1.124481970214758420e+01
1.108092511639003419e+01
1.091579637258883295e+01
1.074945281255821961e+01
1.058191369748186084e+01
1.041319814716737824e+01
1.024332508040112266e+01
1.007231315640941816e+01
9.900180717433885391e+00
9.726945732430035463e+00
9.552625741899628764e+00
9.377237803866504962e+00
9.200798441006012851e+00
9.023323588936168704e+00
8.844828545677549059e+00
8.665327922285703366e+00
8.484835594658083124e+00
8.303364656511009301e+00
8.120927373523395332e+00
7.937535138633073473e+00
7.753198428471059778e+00
7.567926760911912965e+00
7.381728653713405919e+00
7.194611584211841659e+00
7.006581950034875383e+00
6.817645030785664417e+00
6.627804950647876225e+00
6.437064641853048386e+00
6.245425808947236312e+00
6.052888893786873226e+00
5.859453041188469768e+00
5.665116065150776592e+00
5.469874415563820591e+00
5.273723145312778193e+00
5.076655877681565343e+00
4.878664773956265854e+00
4.679740501125130514e+00
4.479872199568980307e+00
4.279047450633110650e+00
4.077252243970549195e+00
3.874470944544763373e+00
3.670686259179878341e+00
3.465879202546932714e+00
3.260029062475598760e+00
3.053113364483110104e+00
2.845107835415609632e+00
2.635986366101187528e+00
2.425720972920405227e+00
2.214281758207853557e+00
2.001636869410158059e+00
1.787752456942788948e+00
1.572592630716775020e+00
1.356119415362977199e+00
1.138292704311894665e+00
9.190702132564916305e-01
6.984074348262292453e-01
4.762576024497036098e-01
2.525717188135743752e-01
2.730010590417266195e-02
-1.996187389884326868e-01
-4.282329518112030775e-01
-6.586042823271079927e-01
-8.907944684062566454e-01
-1.124867846391322646e+00
-1.360891481234967060e+00
-1.598935225595870868e+00
-1.839071781136202732e+00
-2.081376757824484169e+00
-2.325928730649135190e+00
-2.572809293502703820e+00
-2.822103109707300383e+00
-3.073897958395970686e+00
-3.328284775767964110e+00
-3.585357690065472003e+00
-3.845214048953403907e+00
-4.107954437811294213e+00
-4.373682687264040858e+00
-4.642505868082928977e+00
-4.914534271381983288e+00
-5.189881371816079891e+00
-5.468663771263298834e+00
-5.751001120240321285e+00
-6.037016014072284165e+00
-6.326833860620785899e+00
-6.620582716169726822e+00
-6.918393085906544115e+00
-7.220397685322987869e+00
-7.526731158825329615e+00
-7.837529751916465059e+00
-8.152930933528942603e+00
-8.473072965496756481e+00
-8.798094416804691065e+00
-9.128133621214454152e+00
-9.463328078204263250e+00
-9.803813798954550407e+00
-1.014972460144371880e+01
-1.050119136166739864e+01
-1.085834123162678999e+01
-1.122129683909456688e+01
-1.159017548926706276e+01
-1.196508839420583747e+01
-1.234613996232847732e+01
-1.273342718691503173e+01
-1.312703917929255226e+01
-1.352705689857183913e+01
-1.393355313489679936e+01
-1.434659280635069933e+01
-1.476623363005433376e+01
-1.519252722462012706e+01
-1.562552069303835545e+01
-1.606525872141365241e+01
-1.651178620911410277e+01
-1.696515141957575068e+01
-1.742540960844016595e+01
-1.789262704772846746e+01
-1.836688532289191755e+01
-1.884828573612328739e+01
-1.933695360730223101e+01
-1.983304222715700149e+01
-2.033673619004360233e+01
-2.084825382101361768e+01
-2.136784841857663153e+01
-2.189580806553167491e+01
-2.243245381933257931e+01
-2.297813618280331127e+01
-2.353322987491636908e+01
-2.409812706495862145e+01
-2.467322939176846575e+01
-2.525893924724776340e+01
-2.585565093948003579e+01
-2.646374244268707798e+01
-2.708356846746699276e+01
-2.771545553054115274e+01
-2.835969956616560239e+01
-2.901656641317342888e+01
-2.968629525890384713e+01
-3.036910486013237076e+01
-3.106520212980766971e+01
-3.177479250867272853e+01
-3.249809145129214016e+01
-3.323533634911030532e+01
-3.398679827679014664e+01
-3.475279306010003211e+01
-3.553369129806779370e+01
-3.632992710460736419e+01
-3.714200544617270339e+01
-3.797050802963708094e+01
-3.881609773204614555e+01
-3.967952155914537116e+01
-4.056161208038409427e+01
-4.146328723184166876e+01
-4.238554808074353986e+01
-4.332947420759391122e+01
-4.429621604050279871e+01
-4.528698317335028634e+01
-4.630302739072816109e+01
-4.734561871694794633e+01
-4.841601233308981023e+01
-4.951540367609180748e+01
-5.064486848292878562e+01
-5.180528404838855039e+01
-5.299722767056179151e+01
-5.422084840529996086e+01
-5.547570921023583423e+01
-5.676059884632856978e+01
-5.807331714850473503e+01
-5.941044408205728899e+01
-6.076711264459655837e+01
-6.213681758082983464e+01
-6.351130395010998342e+01
-6.488058767631707724e+01
-6.623315838515206622e+01
-6.755639721352260096e+01
-6.883720659033892275e+01
-7.006280043617876174e+01
-7.122155557936874004e+01
-7.230379657289971362e+01
-7.330239035589011110e+01
-7.421306568225892875e+01
-7.503443195533392895e+01
-7.576773213110490701e+01
-7.641640624524606551e+01
-7.698555759084290173e+01
-7.748140545227600740e+01
-7.791078605390801215e+01
-7.828073729761187849e+01
-7.859818020412741646e+01
-7.886969398878842696e+01
-7.910137255108377019e+01
-7.929874639951744086e+01
-7.946675382413513944e+01
-7.960974687172289066e+01
-7.973152023772907171e+01
-7.983535386730333983e+01
-7.992406248731258245e+01
-8.000004731802270896e+01
-8.006534680873355114e+01
-8.012168444166520942e+01
-8.017051251536337020e+01
-8.021305142106224650e+01
-8.025032432590464282e+01
-8.028318742916860629e+01
-8.031235610446027806e+01
-8.033842731507091628e+01
-8.036189871572572940e+01
-8.038318484939030384e+01
-8.040263082495904712e+01
-8.042052382899308327e+01
-8.043710278776788414e+01
-8.045256645830878028e+01
-8.046708019098680609e+01
-8.048078157283654832e+01
-8.049378513060564444e+01
-8.050618624584420502e+01
-8.051806441099492417e+01
-8.052948593527673893e+01
-8.054050619182997650e+01
-8.055117148283930817e+01
-8.056152058684470774e+01
-8.057158604186928130e+01
-8.058139520911390719e+01
-8.059097115449260684e+01
-8.060033337903097106e+01
-8.060949842393048925e+01
-8.061848037173139403e+01
-8.062729126136935065e+01
-8.063594143190522345e+01
-8.064443980717385330e+01
-8.065279413151239396e+01
-8.066101116499153534e+01
-8.066909684512243928e+01
-8.067705642081944006e+01
-8.068489456340491017e+01
-8.069261545861583329e+01
-8.070022288289520418e+01
-8.070772026667734167e+01
-8.071511074691719045e+01
-8.072239721071611029e+01
-8.072958233158963992e+01
-8.073666859963599052e+01
-8.074365834666785702e+01
-8.075055376716964872e+01
-8.075735693580053010e+01
-8.076406982204021290e+01
-8.077069430246343984e+01
-8.077723217105474873e+01
-8.078368514789512744e+01
-8.079005488650049926e+01
-8.079634298004160087e+01
-8.080255096663236714e+01
-8.080868033384575710e+01
-8.081473252259124251e+01
-8.082070893044891591e+01
-8.082661091456250801e+01
-8.083243979415703961e+01
-8.083819685274455935e+01
-8.084388334006702337e+01
-8.084950047381919092e+01
-8.085504944118557091e+01
-8.086053140022029595e+01
-8.086594748109314423e+01
-8.087129878722339527e+01
-8.087658639631503377e+01
-8.088181136130931748e+01
-8.088697471126565119e+01
-8.089207745218033097e+01
-8.089712056774892801e+01
-8.090210502008373794e+01
-8.090703175038706263e+01
-8.091190167958848178e+01
-8.091671570894799004e+01
-8.092147472062980285e+01
-8.092617957824774066e+01
-8.093083112738928264e+01
-8.093543019611172440e+01
-8.093997759542448023e+01
-8.094447411974624629e+01
-8.094892054734829401e+01
-8.095331764077945991e+01
-8.095766614727693877e+01
-8.096196679916080541e+01
-8.096622031421851773e+01
-8.097042739607005046e+01
-8.097458873452873718e+01
-8.097870500594461873e+01
-8.098277687353839838e+01
-8.098680498772613134e+01
-8.099078998643241789e+01
-8.099473249539437347e+01
-8.099863312845575081e+01
-8.100249248785392808e+01
-8.100631116449542901e+01
-8.101008973822685277e+01
-8.101382877809517424e+01
-8.101752884260081089e+01
-8.102119047994484902e+01
-8.102481422826797086e+01
-8.102840061588271681e+01
-8.103195016149807373e+01
-8.103546337444218750e+01
-8.103894075487231419e+01
-8.104238279398363431e+01
-8.104578997421191389e+01
-8.104916276942755360e+01
-8.105250164512810329e+01
-8.105580705862286095e+01
-8.105907945921435953e+01
-8.106231928837381417e+01
-8.106552697991132561e+01
-8.106870296014376720e+01
-8.107184764805644761e+01
-8.107496145546031130e+01
-8.107804478714638208e+01
-8.108109804103528973e+01
-8.108412160832327231e+01
-8.108711587362414264e+01
-8.109008121510717615e+01
-8.109301800463296672e+01
-8.109592660788435126e+01
-8.109880738449494686e+01
-8.110166068817270002e+01
-8.110448686682457264e+01
-8.110728626267184893e+01
-8.111005921236845495e+01
-8.111280604711281228e+01
-8.111552709275829898e+01
-8.111822266992099628e+01
-8.112089309408329996e+01
-8.112353867569781585e+01
-8.112615972028672218e+01
-8.112875652853783492e+01
-8.113132939640267693e+01
-8.113387861518619104e+01
-8.113640447163901115e+01
-8.113890724804592480e+01
-8.114138722231177780e+01
-8.114384466804575879e+01
-8.114627985464537119e+01
-8.114869304737426603e+01
-8.115108450744412494e+01
-8.115345449208776074e+01
-8.115580325463773192e+01
-8.115813104459769534e+01
-8.116043810771455469e+01
-8.116272468604844903e+01
-8.116499101804187433e+01
-8.116723733858567869e+01
-8.116946387908544125e+01
-8.117167086752482419e+01
-8.117385852852845574e+01
-8.117602708342325002e+01
-8.117817675029780844e+01
-8.118030774406193473e+01
-8.118242027650282466e+01
-8.118451455634136948e+01
-8.118659078928770612e+01
-8.118864917809379733e+01
-8.119068992260709194e+01
-8.119271321982088807e+01
-8.119471926392506589e+01
-8.119670824635494455e+01
-8.119868035584057964e+01
-8.120063577845242264e+01
-8.120257469764848679e+01
-8.120449729431837227e+01
-8.120640374682965046e+01
-8.120829423106978595e+01
-8.121016892048778857e+01
-8.121202798613789753e+01
-8.121387159671832023e+01
-8.121569991861287008e+01
-8.121751311592824152e+01
-8.121931135053407047e+01
-8.122109478209935673e+01
-8.122286356812919905e+01
-8.122461786400180017e+01
-8.122635782300265817e+01
-8.122808359635997988e+01
-8.122979533327770696e+01
-8.123149318096994875e+01
-8.123317728469312726e+01
-8.123484778777699944e+01
-8.123650483165708636e+01
-8.123814855590525497e+01
-8.123977909826014354e+01
-8.124139659465504337e+01
-8.124300117924940423e+01
-8.124459298445464128e+01
-8.124471254208543769e+01
