1.000000000000000666e+00 -7.217040511824765758e+01 7.357139555150438159e-02
2.000000000000001332e+00 -6.327824387830823127e+01 7.357201959416924397e-02
2.999999999999980016e+00 -7.034332960167535731e+00 7.364139077787652810e-02
3.999999999999958700e+00 3.630650228587845874e+01 7.873604633729412716e-02
4.999999999999937828e+00 3.023634295523875792e+01 9.207872273357700643e-02
5.999999999999916511e+00 2.566158192721183795e+01 1.104901783933454479e-01
6.999999999999895195e+00 2.288557722143314876e+01 1.300230916261655989e-01
7.999999999999873879e+00 2.144376448359163945e+01 1.474705894348447288e-01
8.999999999999852562e+00 2.085628806717751615e+01 1.612950100229240957e-01
9.999999999999831246e+00 2.077514128345599431e+01 1.713758962178902334e-01
1.099999999999980993e+01 2.097556660791797256e+01 1.783289346559656652e-01
1.199999999999978861e+01 2.132010440468550172e+01 1.829673308610702820e-01
1.299999999999976730e+01 2.172747776987560187e+01 1.860258340228596319e-01
1.399999999999974598e+01 2.215091771008419741e+01 1.880694831164799186e-01
1.499999999999972466e+01 2.256417860543049159e+01 1.894935412412868669e-01
1.599999999999970335e+01 2.295286075265786963e+01 1.905562066620750672e-01
1.699999999999985789e+01 2.330917974289306116e+01 1.914163447343177615e-01
1.800000000000001421e+01 2.362889636383540903e+01 1.921657648916102468e-01
1.900000000000017053e+01 2.390955922235063014e+01 1.928535081852590649e-01
2.000000000000032685e+01 2.414952138606857446e+01 1.935027138477075637e-01
2.100000000000048317e+01 2.434740343224650161e+01 1.941215820961925131e-01
2.200000000000063949e+01 2.450181716573866808e+01 1.947100438287588386e-01
2.300000000000079581e+01 2.461126083959234379e+01 1.952635481841698273e-01
2.400000000000095213e+01 2.467416681391246769e+01 1.957751120275583456e-01
2.500000000000110845e+01 2.468913749596286777e+01 1.962365231420977463e-01
2.600000000000126477e+01 2.465544065929043072e+01 1.966393615579619392e-01
2.700000000000142109e+01 2.457381450644217935e+01 1.969762534989782654e-01
2.800000000000157740e+01 2.444748125045132880e+01 1.972424139096605744e-01
2.900000000000173372e+01 2.428294604203814444e+01 1.974370602223348425e-01
3.000000000000189004e+01 2.408987514128154572e+01 1.975639636405932542e-01
3.100000000000204636e+01 2.387961907845670595e+01 1.976306864636836469e-01
3.200000000000220268e+01 2.366290954415668324e+01 1.976468709637771437e-01
3.300000000000200373e+01 2.344797584905096599e+01 1.976224819175163849e-01
3.400000000000180478e+01 2.323990259349715970e+01 1.975666468862745662e-01
3.500000000000160583e+01 2.304106704130820660e+01 1.974871565768952231e-01
3.600000000000140687e+01 2.285201459846920002e+01 1.973903839363354007e-01
3.700000000000120792e+01 2.267227516391888642e+01 1.972813929098537755e-01
3.800000000000100897e+01 2.250093237790666123e+01 1.971641121007148278e-01
3.900000000000081002e+01 2.233695209952523086e+01 1.970415209794094402e-01
4.000000000000061107e+01 2.217934124756592951e+01 1.969158275343284026e-01
4.100000000000041211e+01 2.202720721909932777e+01 1.967886274596244711e-01
4.200000000000021316e+01 2.187976761426883598e+01 1.966610401215323212e-01
4.300000000000001421e+01 2.173633977322920785e+01 1.965338202181205751e-01
4.399999999999981526e+01 2.159632520012873158e+01 1.964074467498274079e-01
4.499999999999961631e+01 2.145919526795094967e+01 1.962821924490803782e-01
4.599999999999941735e+01 2.132448007127102230e+01 1.961581772882509955e-01
4.699999999999921840e+01 2.119176030277939660e+01 1.960354094615542886e-01
4.799999999999901945e+01 2.106066138553570255e+01 1.959138166944610626e-01
4.899999999999882050e+01 2.093084906163990055e+01 1.957932701323271407e-01
4.999999999999862155e+01 2.080202582283704871e+01 1.956736025282578006e-01
5.099999999999842260e+01 2.067392778404305531e+01 1.955546220296993376e-01
5.199999999999822364e+01 2.054632177660940684e+01 1.954361225489239795e-01
5.299999999999802469e+01 2.041900255914904605e+01 1.953178914728763149e-01
5.399999999999782574e+01 2.029179011682701983e+01 1.951997152997183571e-01
5.499999999999762679e+01 2.016452705812336887e+01 1.950813836642191768e-01
5.599999999999742784e+01 2.003707613345629213e+01 1.949626921185449724e-01
5.699999999999722888e+01 1.990931790215228858e+01 1.948434439602168555e-01
5.799999999999702993e+01 1.978114856955408030e+01 1.947234513393299726e-01
5.899999999999683098e+01 1.965247800864841210e+01 1.946025358289287799e-01
5.999999999999663203e+01 1.952322797283409628e+01 1.944805286033153002e-01
6.099999999999643308e+01 1.939333049955147104e+01 1.943572703373004362e-01
6.199999999999623412e+01 1.926272649896355205e+01 1.942326109137423040e-01
6.299999999999603517e+01 1.913136451781543101e+01 1.941064090060925784e-01
6.399999999999583622e+01 1.899919966588716136e+01 1.939785315862463111e-01
6.499999999999634781e+01 1.886619269088570050e+01 1.938488533950215309e-01
6.599999999999685940e+01 1.873230918695850278e+01 1.937172564024488008e-01
6.699999999999737099e+01 1.859751892203001233e+01 1.935836292772019906e-01
6.799999999999788258e+01 1.846179526966986373e+01 1.934478668784826716e-01
6.899999999999839417e+01 1.832511473203250318e+01 1.933098697791215959e-01
6.999999999999890576e+01 1.818745654144022339e+01 1.931695438252527819e-01
7.099999999999941735e+01 1.804880232931370543e+01 1.930267997354113974e-01
7.199999999999992895e+01 1.790913585231926319e+01 1.928815527400885577e-01
7.300000000000044054e+01 1.776844276674714962e+01 1.927337222614926571e-01
7.400000000000095213e+01 1.762671044322839364e+01 1.925832316323794480e-01
7.500000000000146372e+01 1.748392781491673276e+01 1.924300078522272750e-01
7.600000000000197531e+01 1.734008525319678284e+01 1.922739813786690510e-01
7.700000000000248690e+01 1.719517446582297637e+01 1.921150859518888643e-01
7.800000000000299849e+01 1.704918841314769296e+01 1.919532584495981797e-01
7.900000000000351008e+01 1.690212123876321471e+01 1.917884387702024351e-01
8.000000000000402167e+01 1.675396821146629733e+01 1.916205697418058851e-01
8.100000000000453326e+01 1.660472567596227123e+01 1.914495970547878956e-01
8.200000000000504485e+01 1.645439101016520667e+01 1.912754692157739855e-01
8.300000000000555644e+01 1.630296258732839831e+01 1.910981375209401811e-01
8.400000000000606803e+01 1.615043974156128925e+01 1.909175560466973287e-01
8.500000000000657963e+01 1.599682273556390122e+01 1.907336816559096204e-01
8.600000000000709122e+01 1.584211272964091677e+01 1.905464740179065031e-01
8.700000000000760281e+01 1.568631175125328348e+01 1.903558956406459224e-01
8.800000000000811440e+01 1.552942266452771669e+01 1.901619119134699276e-01
8.900000000000862599e+01 1.537144913928132617e+01 1.899644911589781493e-01
9.000000000000913758e+01 1.521239561923061423e+01 1.897636046926131081e-01
9.100000000000964917e+01 1.505226728914758461e+01 1.895592268886159004e-01
9.200000000001016076e+01 1.489107004080186236e+01 1.893513352510662329e-01
9.300000000001067235e+01 1.472881043758961894e+01 1.891399104887714899e-01
9.400000000001118394e+01 1.456549567780057508e+01 1.889249365928125091e-01
9.500000000001169553e+01 1.440113355651480553e+01 1.887064009155921263e-01
9.600000000001220712e+01 1.423573242615310974e+01 1.884842942502733543e-01
9.700000000001271871e+01 1.406930115573007001e+01 1.882586109095204796e-01
9.800000000001323031e+01 1.390184908887865589e+01 1.880293488024946114e-01
9.900000000001374190e+01 1.373338600073015137e+01 1.877965095090794734e-01
1.000000000000142535e+02 1.356392205374463344e+01 1.875600983503490360e-01
1.010000000000147651e+02 1.339346775259495814e+01 1.873201244543166721e-01
1.020000000000152767e+02 1.322203389821292774e+01 1.870766008160383298e-01
1.030000000000157883e+02 1.304963154110977364e+01 1.868295443511781284e-01
1.040000000000162999e+02 1.287627193408446402e+01 1.865789759421767058e-01
1.050000000000168114e+02 1.270196648443386778e+01 1.863249204762095212e-01
1.060000000000173230e+02 1.252672670577766922e+01 1.860674068741585141e-01
1.070000000000178346e+02 1.235056416960919812e+01 1.858064681098689219e-01
1.080000000000183462e+02 1.217349045668034258e+01 1.855421412190129404e-01
1.090000000000188578e+02 1.199551710832555962e+01 1.852744672969371953e-01
1.100000000000193694e+02 1.181665557782547360e+01 1.850034914849229550e-01
1.110000000000198810e+02 1.163691718190661994e+01 1.847292629443543777e-01
1.120000000000203926e+02 1.145631305246801723e+01 1.844518348183538103e-01
1.130000000000209042e+02 1.127485408862040472e+01 1.841712641805067774e-01
1.140000000000214158e+02 1.109255090911775099e+01 1.838876119703760081e-01
1.150000000000219273e+02 1.090941380525442739e+01 1.836009429155741890e-01
1.160000000000224389e+02 1.072545269429490311e+01 1.833113254402407855e-01
1.170000000000229505e+02 1.054067707349599559e+01 1.830188315598500204e-01
1.180000000000234621e+02 1.035509597477442334e+01 1.827235367623506745e-01
1.190000000000239737e+02 1.016871792006524977e+01 1.824255198757223917e-01
1.200000000000244853e+02 9.981550877409045341e+00 1.821248629221115800e-01
1.210000000000249969e+02 9.793602217797866771e+00 1.818216509587897434e-01
1.220000000000255085e+02 9.604878672802412254e+00 1.815159719062554300e-01
1.230000000000260201e+02 9.415386292994464057e+00 1.812079163638744828e-01
1.240000000000265317e+02 9.225130407170869518e+00 1.808975774135351822e-01
1.250000000000270433e+02 9.034115582377014064e+00 1.805850504118544642e-01
1.260000000000275548e+02 8.842345584719881302e+00 1.802704327715471955e-01
1.270000000000280664e+02 8.649823340952261574e+00 1.799538237326292756e-01
1.280000000000285638e+02 8.456550900802360715e+00 1.796353241241815946e-01
1.290000000000276543e+02 8.262529400014789971e+00 1.793150361174585539e-01
1.300000000000267448e+02 8.067759024059995454e+00 1.789930629711640742e-01
1.310000000000258353e+02 7.872238972465575024e+00 1.786695087697647011e-01
1.320000000000249258e+02 7.675967423710258863e+00 1.783444781557374792e-01
1.330000000000240163e+02 7.478941500618294214e+00 1.780180760566757170e-01
1.340000000000231068e+02 7.281157236183678272e+00 1.776904074082001628e-01
1.350000000000221974e+02 7.082609539747459770e+00 1.773615768736255538e-01
1.360000000000212879e+02 6.883292163445277723e+00 1.770316885613457680e-01
1.370000000000203784e+02 6.683197668836593941e+00 1.767008457408870692e-01
1.380000000000194689e+02 6.482317393621754853e+00 1.763691505585796571e-01
1.390000000000185594e+02 6.280641418348047011e+00 1.760367037537674262e-01
1.400000000000176499e+02 6.078158533001569275e+00 1.757036043764612643e-01
1.410000000000167404e+02 5.874856203377588848e+00 1.753699495073040293e-01
1.420000000000158309e+02 5.670720537118569382e+00 1.750358339806793451e-01
1.430000000000149214e+02 5.465736249305930272e+00 1.747013501117525014e-01
1.440000000000140119e+02 5.259886627489136046e+00 1.743665874281858930e-01
1.450000000000131024e+02 5.053153496033558234e+00 1.740316324072143095e-01
1.460000000000121929e+02 4.845517179667140795e+00 1.736965682187099347e-01
1.470000000000112834e+02 4.636956466104919627e+00 1.733614744748078196e-01
1.480000000000103739e+02 4.427448567630223764e+00 1.730264269865965931e-01
1.490000000000094644e+02 4.216969081511523498e+00 1.726914975283141140e-01
1.500000000000085549e+02 4.005491949135160823e+00 1.723567536094225139e-01
1.510000000000076454e+02 3.792989413735595505e+00 1.720222582548663337e-01
1.520000000000067359e+02 3.579431976607573507e+00 1.716880697937514244e-01
1.530000000000058265e+02 3.364788351687851176e+00 1.713542416566166959e-01
1.540000000000049170e+02 3.149025418398426979e+00 1.710208221814005225e-01
1.550000000000040075e+02 2.932108172648618005e+00 1.706878544281443533e-01
1.560000000000030980e+02 2.713999675899732456e+00 1.703553760024131003e-01
1.570000000000021885e+02 2.494661002203951483e+00 1.700234188873550045e-01
1.580000000000012790e+02 2.274051183138147803e+00 1.696920092842709726e-01
1.590000000000003695e+02 2.052127150564301061e+00 1.693611674615140561e-01
1.599999999999994600e+02 1.828843677160714387e+00 1.690309076114971665e-01
1.609999999999985505e+02 1.604153314683025133e+00 1.687012377155526210e-01
1.619999999999976410e+02 1.378006329931005691e+00 1.683721594163541391e-01
1.629999999999967315e+02 1.150350638416808735e+00 1.680436678975916753e-01
1.639999999999958220e+02 9.211317357529996697e-01 1.677157517705765433e-01
1.649999999999949125e+02 6.902926268046644109e-01 1.673883929674461479e-01
1.659999999999940030e+02 4.577737526797626688e-01 1.670615666406457811e-01
1.669999999999930935e+02 2.235129156659917959e-01 1.667352410683777819e-01
1.679999999999921840e+02 -1.255479773859592349e-02 1.664093775657369823e-01
1.689999999999912745e+02 -2.504970955096037510e-01 1.660839304012861062e-01
1.699999999999903650e+02 -4.903845602525780389e-01 1.657588467188813863e-01
1.709999999999894555e+02 -7.322907305320121019e-01 1.654340664646183623e-01
1.719999999999885461e+02 -9.762921830080262264e-01 1.651095223188537575e-01
1.729999999999876366e+02 -1.222468614942148868e+00 1.647851396333501750e-01
1.739999999999867271e+02 -1.470902926550034184e+00 1.644608363737069257e-01
1.749999999999858176e+02 -1.721681302585063245e+00 1.641365230673707820e-01
1.759999999999849081e+02 -1.974893292430748959e+00 1.638121027576703581e-01
1.769999999999839986e+02 -2.230631887861275864e+00 1.634874709644908441e-01
1.779999999999830891e+02 -2.488993597496294896e+00 1.631625156523947573e-01
1.789999999999821796e+02 -2.750078516827628494e+00 1.628371172072167750e-01
1.799999999999812701e+02 -3.013990392530273787e+00 1.625111484223931146e-01
1.809999999999803606e+02 -3.280836679586729865e+00 1.621844744965549034e-01
1.819999999999794511e+02 -3.550728589551380487e+00 1.618569530442034998e-01
1.829999999999785416e+02 -3.823781128059158263e+00 1.615284341216016162e-01
1.839999999999776321e+02 -4.100113119439967591e+00 1.611987602703515432e-01
1.849999999999767226e+02 -4.379847216036583113e+00 1.608677665815048397e-01
1.859999999999758131e+02 -4.663109889540222319e+00 1.605352807834293516e-01
1.869999999999749036e+02 -4.950031401355982297e+00 1.602011233570739823e-01
1.879999999999739941e+02 -5.240745748692811290e+00 1.598651076826967110e-01
1.889999999999730846e+02 -5.535390582743961119e+00 1.595270402225618667e-01
1.899999999999721751e+02 -5.834107094994693377e+00 1.591867207445529786e-01
1.909999999999712657e+02 -6.137039867364843637e+00 1.588439425920913084e-01
1.919999999999703562e+02 -6.444336681594851513e+00 1.584984930061699437e-01
1.929999999999694467e+02 -6.756148283018903022e+00 1.581501535057070196e-01
1.939999999999685372e+02 -7.072628093674312666e+00 1.577987003327606663e-01
1.949999999999676277e+02 -7.393931869601638951e+00 1.574439049694222603e-01
1.959999999999667182e+02 -7.720217297240655974e+00 1.570855347333690866e-01
1.969999999999658087e+02 -8.051643524078064829e+00 1.567233534591005173e-01
1.979999999999648992e+02 -8.388370619221140245e+00 1.563571222717447806e-01
1.989999999999639897e+02 -8.730558960440465199e+00 1.559866004599786138e-01
1.999999999999630802e+02 -9.078368545541936285e+00 1.556115464539933047e-01
2.009999999999621707e+02 -9.431958227803713513e+00 1.552317189135029585e-01
2.019999999999612612e+02 -9.791484877772177242e+00 1.548468779294857045e-01
2.029999999999603517e+02 -1.015710247708046410e+01 1.544567863415826914e-01
2.039999999999594422e+02 -1.052896115426004897e+01 1.540612111708065113e-01
2.049999999999585327e+02 -1.090720617786884539e+01 1.536599251643588904e-01
2.059999999999576232e+02 -1.129197692872753755e+01 1.532527084458616407e-01
2.069999999999567137e+02 -1.168340588064549301e+01 1.528393502601310405e-01
2.079999999999558042e+02 -1.208161762763460345e+01 1.524196507967408853e-01
2.089999999999548947e+02 -1.248672800502220248e+01 1.519934230710476009e-01
2.099999999999539853e+02 -1.289884336167381029e+01 1.515604948351386427e-01
2.109999999999530758e+02 -1.331806005009683425e+01 1.511207104844563831e-01
2.119999999999521663e+02 -1.374446420964784821e+01 1.506739329188396814e-01
2.129999999999512568e+02 -1.417813192428795332e+01 1.502200453097312649e-01
2.139999999999503473e+02 -1.461912983897485496e+01 1.497589527187324077e-01
2.149999999999494378e+02 -1.506751631633135702e+01 1.492905835070982568e-01
2.159999999999485283e+02 -1.552334320612041907e+01 1.488148904717918053e-01
2.169999999999476188e+02 -1.598665828282113921e+01 1.483318516421082423e-01
2.179999999999467093e+02 -1.645750838008217443e+01 1.478414706724175409e-01
2.189999999999457998e+02 -1.693594321441185357e+01 1.473437767720514879e-01
2.199999999999448903e+02 -1.742201984431437367e+01 1.468388241234327152e-01
2.209999999999439808e+02 -1.791580765637232275e+01 1.463266907547259577e-01
2.219999999999430713e+02 -1.841739370887357907e+01 1.458074768537333255e-01
2.229999999999421618e+02 -1.892688820015661832e+01 1.452813025352483189e-01
2.239999999999412523e+02 -1.944442976791057021e+01 1.447483051038874202e-01
2.249999999999403428e+02 -1.997019027349038467e+01 1.442086358872539942e-01
2.259999999999394333e+02 -2.050437868922809059e+01 1.436624567483040238e-01
2.269999999999385238e+02 -2.104724369477737156e+01 1.431099364185970113e-01
2.279999999999376143e+02 -2.159907460886420338e+01 1.425512468228840590e-01
2.289999999999367049e+02 -2.216020034276843376e+01 1.419865595871033781e-01
2.299999999999357954e+02 -2.273098616663759586e+01 1.414160429330983404e-01
2.309999999999348859e+02 -2.331182823065110910e+01 1.408398591612428363e-01
2.319999999999339764e+02 -2.390314597546172948e+01 1.402581629042135014e-01
2.329999999999330669e+02 -2.450537278764173621e+01 1.396711002999391216e-01
2.339999999999321574e+02 -2.511894548422903384e+01 1.390788091793846160e-01
2.349999999999312479e+02 -2.574429341594670007e+01 1.384814202973612962e-01
2.359999999999303384e+02 -2.638182812510456188e+01 1.378790595565200783e-01
2.369999999999294289e+02 -2.703193454842351073e+01 1.372718510929924751e-01
2.379999999999285194e+02 -2.769496469159715346e+01 1.366599210157687649e-01
2.389999999999276099e+02 -2.837123451604477964e+01 1.360434015307366018e-01
2.399999999999267004e+02 -2.906102448647885694e+01 1.354224351435427132e-01
2.409999999999257909e+02 -2.976458387150133333e+01 1.347971786296519869e-01
2.419999999999248814e+02 -3.048213852448122196e+01 1.341678064873410847e-01
2.429999999999239719e+02 -3.121390155664998289e+01 1.335345136467530336e-01
2.439999999999230624e+02 -3.196008609494177222e+01 1.328975172873123889e-01
2.449999999999221529e+02 -3.272091921754124400e+01 1.322570577049736185e-01
2.459999999999212434e+02 -3.349665617865503719e+01 1.316133982569642480e-01
2.469999999999203339e+02 -3.428759414719448984e+01 1.309668244834085171e-01
2.479999999999194245e+02 -3.509408485539399436e+01 1.303176425545610750e-01
2.489999999999185150e+02 -3.591654574360627095e+01 1.296661772161458726e-01
2.499999999999176055e+02 -3.675546936253748243e+01 1.290127694048646412e-01
2.509999999999166960e+02 -3.761143092970667112e+01 1.283577736864217611e-01
2.519999999999157865e+02 -3.848509401909893768e+01 1.277015556363200743e-01
2.529999999999148770e+02 -3.937721438664400608e+01 1.270444892464553110e-01
2.539999999999139675e+02 -4.028864190084705399e+01 1.263869544045799487e-01
2.549999999999130580e+02 -4.122032049775054219e+01 1.257293344636164767e-01
2.559999999999121485e+02 -4.217328581031775059e+01 1.250720138963724859e-01
2.569999999999112674e+02 -4.314866000834589954e+01 1.244153760211588189e-01
2.579999999999103579e+02 -4.414764320679853427e+01 1.237598007822701129e-01
2.589999999999094484e+02 -4.517150034895205835e+01 1.231056625759658768e-01
2.599999999999085389e+02 -4.622154212395111728e+01 1.224533281270886176e-01
2.609999999999076294e+02 -4.729909800318127111e+01 1.218031544411342648e-01
2.619999999999067199e+02 -4.840547892452681111e+01 1.211554868796953788e-01
2.629999999999058105e+02 -4.954192653377200628e+01 1.205106574321261198e-01
2.639999999999049010e+02 -5.070954525339759300e+01 1.198689832814246459e-01
2.649999999999039915e+02 -5.190921288896527841e+01 1.192307657859490305e-01
2.659999999999030820e+02 -5.314146518468219682e+01 1.185962900184444335e-01
2.669999999999021725e+02 -5.440635000892382322e+01 1.179658250168218181e-01
2.679999999999012630e+02 -5.570324815592183398e+01 1.173396249026381066e-01
2.689999999999003535e+02 -5.703066073619115883e+01 1.167179310068636316e-01
2.699999999998994440e+02 -5.838596856024664561e+01 1.161009750999172085e-01
2.709999999998985345e+02 -5.976517748236463490e+01 1.154889837445246120e-01
2.719999999998976250e+02 -6.116267553753552022e+01 1.148821836671954921e-01
2.729999999998967155e+02 -6.257104183604148062e+01 1.142808078740438771e-01
2.739999999998958060e+02 -6.398096048229977839e+01 1.136851020286355901e-01
2.749999999998948965e+02 -6.538129961937747225e+01 1.130953303927590137e-01
2.759999999998939870e+02 -6.675940866073341340e+01 1.125117804587509041e-01
2.769999999998930775e+02 -6.810165962445455534e+01 1.119347653456596731e-01
2.779999999998921680e+02 -6.939421100428621969e+01 1.113646231590742913e-01
2.789999999998912585e+02 -7.062391467002831291e+01 1.108017128559656422e-01
2.799999999998903490e+02 -7.177923714507670638e+01 1.102464066721470237e-01
2.809999999998894396e+02 -7.285104729131357715e+01 1.096990797470414752e-01
2.819999999998885301e+02 -7.383314440286460467e+01 1.091600980635387269e-01
2.829999999998876206e+02 -7.472245819924428645e+01 1.086298060753175254e-01
2.839999999998867111e+02 -7.551892429520734140e+01 1.081085153617513395e-01
2.849999999998858016e+02 -7.622510029104235230e+01 1.075964953680920017e-01
2.859999999998848921e+02 -7.684562161419869142e+01 1.070939668619464297e-01
2.869999999998839826e+02 -7.738659947555811414e+01 1.066010982905952198e-01
2.879999999998830731e+02 -7.785504397080190131e+01 1.061180048547634980e-01
2.889999999998821636e+02 -7.825836603378328959e+01 1.056447498715308575e-01
2.899999999998812541e+02 -7.860398333675998117e+01 1.051813478849823597e-01
2.909999999998803446e+02 -7.889903332416885462e+01 1.047277689720670785e-01
2.919999999998794351e+02 -7.915018292579227932e+01 1.042839437468518343e-01
2.929999999998785256e+02 -7.936351797586098655e+01 1.038497686555904936e-01
2.939999999998776161e+02 -7.954449382231103982e+01 1.034251112530840538e-01
2.949999999998767066e+02 -7.969792997574307947e+01 1.030098152424919061e-01
2.959999999998757971e+02 -7.982803436630160832e+01 1.026037051385200044e-01
2.969999999998748876e+02 -7.993844585690112581e+01 1.022065904754276694e-01
2.979999999998739781e+02 -8.003228655689463267e+01 1.018182695272102783e-01
2.989999999998730686e+02 -8.011221794461526713e+01 1.014385325397487297e-01
2.999999999998721592e+02 -8.018049677166810341e+01 1.010671644962521515e-01
3.009999999998712497e+02 -8.023902821221311399e+01 1.007039474504778515e-01
3.019999999998703402e+02 -8.028941480454663804e+01 1.003486624692091489e-01
3.029999999998694307e+02 -8.033300048979950247e+01 1.000010912281114744e-01
3.039999999998685212e+02 -8.037090955963206795e+01 9.966101730479250131e-02
3.049999999998676117e+02 -8.040408064696103452e+01 9.932822721072863403e-02
3.059999999998667022e+02 -8.043329608394995489e+01 9.900251120046731079e-02
3.069999999998657927e+02 -8.045920705060025568e+01 9.868366389271970851e-02
3.079999999998648832e+02 -8.048235497574357566e+01 9.837148473399945359e-02
3.089999999998639737e+02 -8.050318965204570532e+01 9.806577833157811841e-02
3.099999999998630642e+02 -8.052208450324073397e+01 9.776635467887243025e-02
3.109999999998621547e+02 -8.053934940577215684e+01 9.747302929302976982e-02
3.119999999998612452e+02 -8.055524142531183429e+01 9.718562328147652141e-02
3.129999999998603357e+02 -8.056997378571547586e+01 9.690396335154530250e-02
3.139999999998594262e+02 -8.058372334656070279e+01 9.662788177498908559e-02
3.149999999998585167e+02 -8.059663682701122411e+01 9.635721631719909586e-02
3.159999999998576072e+02 -8.060883597909840148e+01 9.609181013924329717e-02
3.169999999998566977e+02 -8.062042188283523103e+01 9.583151167939614468e-02
3.179999999998557882e+02 -8.063147850881530587e+01 9.557617451961257504e-02
3.189999999998548788e+02 -8.064207567084821449e+01 9.532565724137660734e-02
3.199999999998539693e+02 -8.065227147140907960e+01 9.507982327450127669e-02
3.209999999998530598e+02 -8.066211432587130048e+01 9.483854074174896676e-02
3.219999999998521503e+02 -8.067164463727203838e+01 9.460168230155209523e-02
3.229999999998512408e+02 -8.068089618138412789e+01 9.436912499063322690e-02
3.239999999998503313e+02 -8.068989725181894812e+01 9.414075006792570199e-02
3.249999999998494218e+02 -8.069867160647058313e+01 9.391644286087134919e-02
3.259999999998485123e+02 -8.070723924958525686e+01 9.369609261490934038e-02
3.269999999998476028e+02 -8.071561707788637818e+01 9.347959234675576323e-02
3.279999999998466933e+02 -8.072381941430937502e+01 9.326683870190105585e-02
3.289999999998457838e+02 -8.073185844885233564e+01 9.305773181661547433e-02
3.299999999998448743e+02 -8.073974460268318865e+01 9.285217518464125575e-02
3.309999999998439648e+02 -8.074748682885719120e+01 9.265007552866527663e-02
3.319999999998430553e+02 -8.075509286068454173e+01 9.245134267659579907e-02
3.329999999998421458e+02 -8.076256941687398694e+01 9.225588944261585433e-02
3.339999999998412363e+02 -8.076992237099329941e+01 9.206363151294379155e-02
3.349999999998403268e+02 -8.077715689147598255e+01 9.187448733620291741e-02
3.359999999998394173e+02 -8.078427755731742366e+01 9.168837801827842138e-02
3.369999999998385078e+02 -8.079128845370942713e+01 9.150522722152475141e-02
3.379999999998375984e+02 -8.079819325111925821e+01 9.132496106817596104e-02
3.389999999998366889e+02 -8.080499527070702470e+01 9.114750804780458182e-02
3.399999999998357794e+02 -8.081169753847071036e+01 9.097279892867166096e-02
3.409999999998348699e+02 -8.081830283008905269e+01 9.080076667280929936e-02
3.419999999998339604e+02 -8.082481370808804400e+01 9.063134635467892664e-02
3.429999999998330509e+02 -8.083123255267379648e+01 9.046447508324935438e-02
3.439999999998321414e+02 -8.083756158733628183e+01 9.030009192734524126e-02
3.449999999998312319e+02 -8.084380290013785952e+01 9.013813784411721375e-02
3.459999999998303224e+02 -8.084995846143891640e+01 8.997855561049324102e-02
3.469999999998294129e+02 -8.085603013868100675e+01 8.982128975747416533e-02
3.479999999998285034e+02 -8.086201970873992195e+01 8.966628650714188187e-02
3.489999999998275939e+02 -8.086792886827008431e+01 8.951349371225601759e-02
3.499999999998266844e+02 -8.087375924238899927e+01 8.936286079831767815e-02
3.509999999998257749e+02 -8.087951239198822861e+01 8.921433870798760324e-02
3.519999999998248654e+02 -8.088518981990823420e+01 8.906787984774894307e-02
3.529999999998239559e+02 -8.089079297617192310e+01 8.892343803671115543e-02
3.539999999998230464e+02 -8.089632326243750526e+01 8.878096845745732379e-02
3.549999999998221369e+02 -8.090178203580478566e+01 8.864042760884074945e-02
3.559999999998212274e+02 -8.090717061208334826e+01 8.850177326064204153e-02
3.569999999998203180e+02 -8.091249026861322591e+01 8.836496441000325774e-02
3.579999999998194085e+02 -8.091774224671299010e+01 8.822996123955813286e-02
3.589999999998184990e+02 -8.092292775381736192e+01 8.809672507718301071e-02
3.599999999998175895e+02 -8.092804796535378387e+01 8.796521835729646799e-02
3.609999999998166800e+02 -8.093310402640177870e+01 8.783540458363937875e-02
3.619999999998157705e+02 -8.093809705316874670e+01 8.770724829347016638e-02
3.629999999998148610e+02 -8.094302813431117727e+01 8.758071502311379208e-02
3.639999999998139515e+02 -8.094789833212580277e+01 8.745577127480630431e-02
3.649999999998130420e+02 -8.095270868362899819e+01 8.733238448477934068e-02
3.659999999998121325e+02 -8.095746020154271605e+01 8.721052299253091722e-02
3.669999999998112230e+02 -8.096215387519833939e+01 8.709015601123382133e-02
3.679999999998103135e+02 -8.096679067137229424e+01 8.697125359923263410e-02
3.689999999998094040e+02 -8.097137153506038487e+01 8.685378663258472298e-02
3.699999999998084945e+02 -8.097589739020040156e+01 8.673772677860185076e-02
3.709999999998075850e+02 -8.098036914034898359e+01 8.662304647035087846e-02
3.719999999998066755e+02 -8.098478766931796713e+01 8.650971888207539817e-02
3.729999999998057660e+02 -8.098915384177534804e+01 8.639771790549970187e-02
3.739999999998048565e+02 -8.099346850381459717e+01 8.628701812698094664e-02
3.749999999998039470e+02 -8.099773248349552546e+01 8.617759480547446116e-02
3.759999999998030376e+02 -8.100194659135929953e+01 8.606942385128045492e-02
3.769999999998021281e+02 -8.100611162092057782e+01 8.596248180554130758e-02
3.779999999998012186e+02 -8.101022834913815984e+01 8.585674582045958736e-02
3.789999999998003091e+02 -8.101429753686643664e+01 8.575219364020925106e-02
3.799999999997993996e+02 -8.101831992928860871e+01 8.564880358251265868e-02
3.809999999997984901e+02 -8.102229625633363241e+01 8.554655452085807577e-02
3.819999999997975806e+02 -8.102622723307716512e+01 8.544542586733269718e-02
3.829999999997966711e+02 -8.103011356012855515e+01 8.534539755604811373e-02
3.839999999997957616e+02 -8.103395592400401881e+01 8.524645002713576725e-02
3.849999999997948521e+02 -8.103775499748680033e+01 8.514856421129034236e-02
3.859999999997939426e+02 -8.104151143997565043e+01 8.505172151484131915e-02
3.869999999997930331e+02 -8.104522589782133934e+01 8.495590380533198094e-02
3.879999999997921236e+02 -8.104889900465239805e+01 8.486109339758826642e-02
3.889999999997912141e+02 -8.105253138169140925e+01 8.476727304025755139e-02
3.899999999997903046e+02 -8.105612363805953180e+01 8.467442590280220560e-02
3.909999999997893951e+02 -8.105967637107313806e+01 8.458253556292906483e-02
3.919999999997884856e+02 -8.106319016653083054e+01 8.449158599444075990e-02
3.929999999997875761e+02 -8.106666559899171887e+01 8.440156155549197181e-02
3.939999999997866666e+02 -8.107010323204531232e+01 8.431244697723710990e-02
3.949999999997857572e+02 -8.107350361857379539e+01 8.422422735285450823e-02
3.959999999997848477e+02 -8.107686730100593309e+01 8.413688812693392860e-02
3.969999999997839382e+02 -8.108019481156445352e+01 8.405041508521403359e-02
3.979999999997830287e+02 -8.108348667250524500e+01 8.396479434465835279e-02
3.989999999997821192e+02 -8.108674339635042827e+01 8.388001234385576710e-02
3.999999999997812097e+02 -8.108996548611477806e+01 8.379605583373586630e-02
4.009999999997803002e+02 -8.109315343552496813e+01 8.371291186858682842e-02
4.019999999997793907e+02 -8.109630772923389941e+01 8.363056779736589841e-02
4.029999999997784812e+02 -8.109942884302778054e+01 8.354901125529141936e-02
4.039999999997775717e+02 -8.110251724402810680e+01 8.346823015570740967e-02
4.049999999997766622e+02 -8.110557339088799722e+01 8.338821268221011107e-02
4.059999999997757527e+02 -8.110859773398328798e+01 8.330894728102870850e-02
4.069999999997748432e+02 -8.111159071559787037e+01 8.323042265364993808e-02
4.079999999997739337e+02 -8.111455277010453813e+01 8.315262774967899229e-02
4.089999999997730242e+02 -8.111748432414061938e+01 8.307555175992853425e-02
4.099999999997721147e+02 -8.112038579677916061e+01 8.299918410972738358e-02
4.109999999997712052e+02 -8.112325759969523631e+01 8.292351445244201813e-02
4.119999999997702957e+02 -8.112610013732808056e+01 8.284853266320309217e-02
4.129999999997693862e+02 -8.112891380703875654e+01 8.277422883282983812e-02
4.139999999997684768e+02 -8.113169899926359108e+01 8.270059326194635629e-02
4.149999999997675673e+02 -8.113445609766419864e+01 8.262761645528214627e-02
4.159999999997666578e+02 -8.113718547927273050e+01 8.255528911615162002e-02
4.169999999997657483e+02 -8.113988751463374172e+01 8.248360214110582456e-02
4.179999999997648388e+02 -8.114256256794273270e+01 8.241254661475065635e-02
4.189999999997639293e+02 -8.114521099718042763e+01 8.234211380472647446e-02
4.199999999997630198e+02 -8.114783315424429588e+01 8.227229515684297834e-02
4.209999999997621103e+02 -8.115042938507620818e+01 8.220308229036413228e-02
4.219999999997612008e+02 -8.115300002978717941e+01 8.213446699343891766e-02
4.229999999997602913e+02 -8.115554542277887151e+01 8.206644121867211206e-02
4.239999999997593818e+02 -8.115806589286202666e+01 8.199899707883069599e-02
4.249999999997584723e+02 -8.116056176337197314e+01 8.193212684268162682e-02
4.259999999997575628e+02 -8.116303335228097637e+01 8.186582293095610863e-02
4.269999999997566533e+02 -8.116548097230840142e+01 8.180007791243655568e-02
4.279999999997557438e+02 -8.116790493102776338e+01 8.173488450016209994e-02
4.289999999997548343e+02 -8.117030553097107770e+01 8.167023554774888172e-02
4.299999999997539248e+02 -8.117268306973073777e+01 8.160612404582021084e-02
4.309999999997530153e+02 -8.117503784005917566e+01 8.154254311854469695e-02
4.319999999997521059e+02 -8.117737012996576595e+01 8.147948602027800524e-02
4.329999999997511964e+02 -8.117968022281172580e+01 8.141694613230411603e-02
4.339999999997502869e+02 -8.118196839740194548e+01 8.135491695967356218e-02
4.349999999997493774e+02 -8.118423492807610842e+01 8.129339212813628535e-02
4.359999999997484679e+02 -8.118648008479603106e+01 8.123236538116383743e-02
4.369999999997475584e+02 -8.118870413323209334e+01 8.117183057706042759e-02
4.379999999997466489e+02 -8.119090733484688371e+01 8.111178168615769402e-02
4.389999999997457394e+02 -8.119308994697728110e+01 8.105221278809265906e-02
4.399999999997448299e+02 -8.119525222291466093e+01 8.099311806916428824e-02
4.409999999997439204e+02 -8.119739441198289853e+01 8.093449181976709872e-02
4.419999999997430109e+02 -8.119951675961495141e+01 8.087632843189926368e-02
4.429999999997421014e+02 -8.120161950742725310e+01 8.081862239674258985e-02
4.439999999997411919e+02 -8.120370289329284219e+01 8.076136830231220309e-02
4.449999999997402824e+02 -8.120576715141257296e+01 8.070456083117333312e-02
4.459999999997393729e+02 -8.120781251238440746e+01 8.064819475822383732e-02
4.469999999997384634e+02 -8.120983920327192607e+01 8.059226494853966027e-02
4.479999999997375539e+02 -8.121184744767047903e+01 8.053676635528096706e-02
4.489999999997366444e+02 -8.121383746577242846e+01 8.048169401765849218e-02
4.499999999997357349e+02 -8.121580947443018772e+01 8.042704305895624628e-02
4.509999999997348255e+02 -8.121776368721913286e+01 8.037280868461017802e-02
4.519999999997339160e+02 -8.121970031449755822e+01 8.031898618034061244e-02
4.529999999997330065e+02 -8.122161956346660361e+01 8.026557091033675873e-02
4.539999999997320970e+02 -8.122352163822797877e+01 8.021255831549102544e-02
4.549999999997311875e+02 -8.122540673984089210e+01 8.015994391168321243e-02
4.559999999997302780e+02 -8.122727506637767192e+01 8.010772328811079090e-02
4.569999999997293685e+02 -8.122912681297792403e+01 8.005589210566642355e-02
4.579999999997284590e+02 -8.123096217190193613e+01 8.000444609535810325e-02
4.589999999997275495e+02 -8.123278133258247635e+01 7.995338105677428364e-02
4.599999999997266400e+02 -8.123458448167571078e+01 7.990269285658896381e-02
4.609999999997257305e+02 -8.123637180311106931e+01 7.985237742710819819e-02
4.619999999997248210e+02 -8.123814347813997472e+01 7.980243076485510345e-02
4.629999999997239115e+02 -8.123989968538313633e+01 7.975284892919344559e-02
4.639999999997230020e+02 -8.124164060087792905e+01 7.970362804098733711e-02
4.649999999997220925e+02 -8.124336639812355543e+01 7.965476428129703024e-02
4.659999999997211830e+02 -8.124507724812595200e+01 7.960625389010879405e-02
4.669999999997202735e+02 -8.124677331944161551e+01 7.955809316509905582e-02
4.679999999997193640e+02 -8.124845477822015027e+01 7.951027846042993397e-02
4.689999999997184545e+02 -8.125012178824653120e+01 7.946280618557725883e-02
4.699999999997175451e+02 -8.125177451098215897e+01 7.941567280418847241e-02
4.709999999997166356e+02 -8.125341310560524732e+01 7.936887483297051793e-02
4.719999999997157261e+02 -8.125503772904963284e+01 7.932240884060610953e-02
4.729999999997148166e+02 -8.125664853604428117e+01 7.927627144669813219e-02
4.739999999997139071e+02 -8.125824567915037733e+01 7.923045932074110342e-02
4.749999999997129976e+02 -8.125982930879852972e+01 7.918496918111841976e-02
4.759999999997120881e+02 -8.126139957332529207e+01 7.913979779412572135e-02
4.769999999997111786e+02 -8.126295661900867628e+01 7.909494197301819574e-02
4.779999999997102691e+02 -8.126450059010262805e+01 7.905039857708222317e-02
4.789999999997093596e+02 -8.126603162887143128e+01 7.900616451073061430e-02
4.799999999997084501e+02 -8.126754987562334520e+01 7.896223672261959425e-02
4.809999999997075406e+02 -8.126905546874310460e+01 7.891861220478831040e-02
4.819999999997066311e+02 -8.127054854472390844e+01 7.887528799181932337e-02
4.829999999997057216e+02 -8.127202923819940850e+01 7.883226116001988693e-02
4.839999999997048121e+02 -8.127349768197410640e+01 7.878952882662319801e-02
4.849999999997039026e+02 -8.127495400705367956e+01 7.874708814900921450e-02
4.859999999997029931e+02 -8.127639834267502295e+01 7.870493632394391648e-02
4.869999999997020836e+02 -8.127783081633495499e+01 7.866307058683771891e-02
4.879999999997011741e+02 -8.127925155381879563e+01 7.862148821102094010e-02
4.889999999997002647e+02 -8.128066067922834748e+01 7.858018650703718633e-02
4.899999999996993552e+02 -8.128205831500940803e+01 7.853916282195290421e-02
4.909999999996984457e+02 -8.128344458197861400e+01 7.849841453868397489e-02
4.919999999996975362e+02 -8.128481959934964607e+01 7.845793907533792078e-02
4.929999999996966267e+02 -8.128618348475932009e+01 7.841773388457139171e-02
4.939999999996957172e+02 -8.128753635429285396e+01 7.837779645296281961e-02
4.949999999996948077e+02 -8.128887832250867973e+01 7.833812430039938102e-02
4.959999999996938982e+02 -8.129020950246312793e+01 7.829871497947894776e-02
4.969999999996929887e+02 -8.129153000573407439e+01 7.825956607492462469e-02
4.979999999996920792e+02 -8.129283994244450184e+01 7.822067520301374810e-02
4.989999999996911697e+02 -8.129413942128576309e+01 7.818204001101926315e-02
4.999999999996902602e+02 -8.129542854953979258e+01 7.814365817666407699e-02
5.000000000000000000e+02 -8.129542854954019049e+01 7.814365817665222536e-02
