1.000000000000000666e+00 -7.216994495897272088e+01 7.359505655470388596e-02
2.000000000000001332e+00 -6.327704357569615468e+01 7.362575632337960141e-02
2.999999999999980016e+00 -6.978681521875243376e+00 7.372871424495271164e-02
3.999999999999958700e+00 3.630520276741270891e+01 7.886179966558466703e-02
4.999999999999937828e+00 3.023467845288899980e+01 9.224907665407658386e-02
5.999999999999916511e+00 2.565986985920885743e+01 1.107336043719763519e-01
6.999999999999895195e+00 2.288368664077834680e+01 1.303850695384092262e-01
7.999999999999873879e+00 2.144127015818183679e+01 1.479894278719756096e-01
8.999999999999852562e+00 2.085247712248314755e+01 1.619807376735100668e-01
9.999999999999831246e+00 2.076897701246813810e+01 1.722093827385182407e-01
1.099999999999980993e+01 2.096563048301678123e+01 1.792772292196615214e-01
1.199999999999978861e+01 2.130451120922578667e+01 1.840016376332830605e-01
1.299999999999976730e+01 2.170374935481897793e+01 1.871327827533011134e-01
1.399999999999974598e+01 2.211579583371445068e+01 1.892536562998934357e-01
1.499999999999972466e+01 2.251335041119124725e+01 1.907735214075703400e-01
1.599999999999970335e+01 2.288055796564118438e+01 1.919574776870829336e-01
1.699999999999985789e+01 2.320759183545766646e+01 1.929637508877998231e-01
1.800000000000001421e+01 2.348730584941333532e+01 1.938770776358321457e-01
1.900000000000017053e+01 2.371306184137444362e+01 1.947345269304064375e-01
2.000000000000032685e+01 2.387714213825304554e+01 1.955434398705397370e-01
2.100000000000048317e+01 2.396941097314402569e+01 1.962925048734265321e-01
2.200000000000063949e+01 2.397628985048030970e+01 1.969578602742853846e-01
2.300000000000079581e+01 2.388119946275556771e+01 1.975077097195309661e-01
2.400000000000095213e+01 2.367021372965249526e+01 1.979114841471212582e-01
2.500000000000110845e+01 2.334782502550626404e+01 1.981574707937053537e-01
2.600000000000126477e+01 2.295232590297601760e+01 1.982657253052035884e-01
2.700000000000142109e+01 2.253971031242840795e+01 1.982754633799299060e-01
2.800000000000157740e+01 2.214854990249650513e+01 1.982223636926549182e-01
2.900000000000173372e+01 2.179161256374097988e+01 1.981311059305833622e-01
3.000000000000189004e+01 2.146814079451724666e+01 1.980179870071780146e-01
3.100000000000204636e+01 2.117392326806475467e+01 1.978938743390176724e-01
3.200000000000220268e+01 2.090508252301854952e+01 1.977658987159609250e-01
3.300000000000200373e+01 2.065870771842029541e+01 1.976385345492566448e-01
3.400000000000180478e+01 2.043256737888218666e+01 1.975144052046495513e-01
3.500000000000160583e+01 2.022476110135841765e+01 1.973948868906569842e-01
3.600000000000140687e+01 2.003351584638193117e+01 1.972805393105797889e-01
3.700000000000120792e+01 1.985711175959635355e+01 1.971714011883253237e-01
3.800000000000100897e+01 1.969387992616097804e+01 1.970671902190409830e-01
3.900000000000081002e+01 1.954222717536372400e+01 1.969674383050346589e-01
4.000000000000061107e+01 1.940066333285249200e+01 1.968715828837127868e-01
4.100000000000041211e+01 1.926782082926222017e+01 1.967790277859849390e-01
4.200000000000021316e+01 1.914246447652222471e+01 1.966891825397966975e-01
4.300000000000001421e+01 1.902349268314916486e+01 1.966014863640331289e-01
4.399999999999981526e+01 1.890993243659524481e+01 1.965154214241209285e-01
4.499999999999961631e+01 1.880093033848645945e+01 1.964305187534311770e-01
4.599999999999941735e+01 1.869574153785410786e+01 1.963463593599894252e-01
4.699999999999921840e+01 1.859371789797271290e+01 1.962625723450807935e-01
4.799999999999901945e+01 1.849429628621773247e+01 1.961788313201409117e-01
4.899999999999882050e+01 1.839698753057710334e+01 1.960948499969027703e-01
4.999999999999862155e+01 1.830136633774504062e+01 1.960103775217599820e-01
5.099999999999842260e+01 1.820706229876177673e+01 1.959251939077566451e-01
5.199999999999822364e+01 1.811375199942180458e+01 1.958391057669418844e-01
5.299999999999802469e+01 1.802115218700986787e+01 1.957519424450097079e-01
5.399999999999782574e+01 1.792901390881688073e+01 1.956635525952519772e-01
5.499999999999762679e+01 1.783711752130466266e+01 1.955738011890539030e-01
5.599999999999742784e+01 1.774526846458500984e+01 1.954825669373874697e-01
5.699999999999722888e+01 1.765329370012799615e+01 1.953897400861748790e-01
5.799999999999702993e+01 1.756103871701366970e+01 1.952952205439137667e-01
5.899999999999683098e+01 1.746836502143560210e+01 1.951989162997908034e-01
5.999999999999663203e+01 1.737514803420005194e+01 1.951007420928044245e-01
6.099999999999643308e+01 1.728127533082125211e+01 1.950006182959529155e-01
6.199999999999623412e+01 1.718664516803144693e+01 1.948984699835964729e-01
6.299999999999603517e+01 1.709116524887626198e+01 1.947942261541774633e-01
6.399999999999583622e+01 1.699475168596424979e+01 1.946878190843594203e-01
6.499999999999634781e+01 1.689732812889148406e+01 1.945791837941706348e-01
6.599999999999685940e+01 1.679882502741951456e+01 1.944682576058667511e-01
6.699999999999737099e+01 1.669917900672698607e+01 1.943549797819539016e-01
6.799999999999788258e+01 1.659833233507413297e+01 1.942392912301573182e-01
6.899999999999839417e+01 1.649623246760251760e+01 1.941211342651161798e-01
6.999999999999890576e+01 1.639283165282806110e+01 1.940004524182710188e-01
7.099999999999941735e+01 1.628808659075284382e+01 1.938771902888261345e-01
7.199999999999992895e+01 1.618195813348951617e+01 1.937512934298582234e-01
7.300000000000044054e+01 1.607441102092484897e+01 1.936227082646243269e-01
7.400000000000095213e+01 1.596541364529966067e+01 1.934913820289489161e-01
7.500000000000146372e+01 1.585493783969536352e+01 1.933572627362481477e-01
7.600000000000197531e+01 1.574295868633514139e+01 1.932202991623108712e-01
7.700000000000248690e+01 1.562945434136009482e+01 1.930804408474235956e-01
7.800000000000299849e+01 1.551440587335806498e+01 1.929376381138065144e-01
7.900000000000351008e+01 1.539779711342723623e+01 1.927918420966412416e-01
8.000000000000402167e+01 1.527961451496852519e+01 1.926430047872274287e-01
8.100000000000453326e+01 1.515984702173600773e+01 1.924910790870153210e-01
8.200000000000504485e+01 1.503848594294685981e+01 1.923360188714242081e-01
8.300000000000555644e+01 1.491552483447326161e+01 1.921777790624997762e-01
8.400000000000606803e+01 1.479095938531723853e+01 1.920163157095621520e-01
8.500000000000657963e+01 1.466478730871354408e+01 1.918515860770854675e-01
8.600000000000709122e+01 1.453700823732187075e+01 1.916835487391105319e-01
8.700000000000760281e+01 1.440762362206286795e+01 1.915121636795412419e-01
8.800000000000811440e+01 1.427663663422742069e+01 1.913373923977089441e-01
8.900000000000862599e+01 1.414405207054889857e+01 1.911591980186078121e-01
9.000000000000913758e+01 1.400987626097606231e+01 1.909775454072253908e-01
9.100000000000964917e+01 1.387411697892319218e+01 1.907924012863843333e-01
9.200000000001016076e+01 1.373678335380513538e+01 1.906037343575224530e-01
9.300000000001067235e+01 1.359788578569021311e+01 1.904115154238228136e-01
9.400000000001118394e+01 1.345743586192465813e+01 1.902157175150984980e-01
9.500000000001169553e+01 1.331544627559914495e+01 1.900163160138199081e-01
9.600000000001220712e+01 1.317193074574231026e+01 1.898132887816591785e-01
9.700000000001271871e+01 1.302690393913844424e+01 1.896066162859079973e-01
9.800000000001323031e+01 1.288038139367675861e+01 1.893962817251037267e-01
9.900000000001374190e+01 1.273237944314962888e+01 1.891822711531855605e-01
1.000000000000142535e+02 1.258291514342510098e+01 1.889645736014822219e-01
1.010000000000147651e+02 1.243200619992742162e+01 1.887431811978171614e-01
1.020000000000152767e+02 1.227967089636661058e+01 1.885180892820044751e-01
1.030000000000157883e+02 1.212592802466511088e+01 1.882892965169975230e-01
1.040000000000162999e+02 1.197079681603635670e+01 1.880568049949428444e-01
1.050000000000168114e+02 1.181429687317711164e+01 1.878206203373870842e-01
1.060000000000173230e+02 1.165644810354111804e+01 1.875807517888880560e-01
1.070000000000178346e+02 1.149727065366829848e+01 1.873372123032773784e-01
1.080000000000183462e+02 1.133678484454930135e+01 1.870900186218382444e-01
1.090000000000188578e+02 1.117501110801084607e+01 1.868391913426689088e-01
1.100000000000193694e+02 1.101196992411249731e+01 1.865847549805244865e-01
1.110000000000198810e+02 1.084768175955046310e+01 1.863267380164531084e-01
1.120000000000203926e+02 1.068216700706827993e+01 1.860651729365689344e-01
1.130000000000209042e+02 1.051544592587830707e+01 1.858000962593434335e-01
1.140000000000214158e+02 1.034753858310120478e+01 1.855315485508338413e-01
1.150000000000219273e+02 1.017846479623365497e+01 1.852595744273132505e-01
1.160000000000224389e+02 1.000824407665659876e+01 1.849842225448199706e-01
1.170000000000229505e+02 9.836895574198157632e+00 1.847055455751969721e-01
1.180000000000234621e+02 9.664438022766017156e+00 1.844236001682558190e-01
1.190000000000239737e+02 9.490889687064811397e+00 1.841384468997615265e-01
1.200000000000244853e+02 9.316268310413461151e+00 1.838501502050069181e-01
1.210000000000249969e+02 9.140591063676319905e+00 1.835587782978144178e-01
1.220000000000255085e+02 8.963874495320769853e+00 1.832644030748822594e-01
1.230000000000260201e+02 8.786134482611025476e+00 1.829671000054672036e-01
1.240000000000265317e+02 8.607386183945680003e+00 1.826669480064746220e-01
1.250000000000270433e+02 8.427643992342421342e+00 1.823640293031112414e-01
1.260000000000275548e+02 8.246921490069967220e+00 1.820584292753340550e-01
1.270000000000280664e+02 8.065231404422299022e+00 1.817502362904068469e-01
1.280000000000285638e+02 7.882585564625792962e+00 1.814395415219608176e-01
1.290000000000276543e+02 7.698994859864351170e+00 1.811264387560297673e-01
1.300000000000267448e+02 7.514469198400975714e+00 1.808110241846017929e-01
1.310000000000258353e+02 7.329017467771738126e+00 1.804933961873105563e-01
1.320000000000249258e+02 7.142647496017226594e+00 1.801736551019449961e-01
1.330000000000240163e+02 6.955366013913938161e+00 1.798519029845276895e-01
1.340000000000231068e+02 6.767178618160377468e+00 1.795282433597654437e-01
1.350000000000221974e+02 6.578089735466445376e+00 1.792027809627280699e-01
1.360000000000212879e+02 6.388102587488571515e+00 1.788756214726572591e-01
1.370000000000203784e+02 6.197219156546640129e+00 1.785468712398450009e-01
1.380000000000194689e+02 6.005440152052993419e+00 1.782166370065538241e-01
1.390000000000185594e+02 5.812764977577916881e+00 1.778850256229741467e-01
1.400000000000176499e+02 5.619191698470376473e+00 1.775521437592295360e-01
1.410000000000167404e+02 5.424717009947769064e+00 1.772180976144519804e-01
1.420000000000158309e+02 5.229336205563516415e+00 1.768829926239500472e-01
1.430000000000149214e+02 5.033043145956989761e+00 1.765469331654836993e-01
1.440000000000140119e+02 4.835830227786218849e+00 1.762100222656488580e-01
1.450000000000131024e+02 4.637688352740496178e+00 1.758723613073522596e-01
1.460000000000121929e+02 4.438606896527077517e+00 1.755340497393289845e-01
1.470000000000112834e+02 4.238573677723747934e+00 1.751951847886217550e-01
1.480000000000103739e+02 4.037574926387490493e+00 1.748558611768973037e-01
1.490000000000094644e+02 3.835595252308332093e+00 1.745161708414341151e-01
1.500000000000085549e+02 3.632617612797115036e+00 1.741762026615595038e-01
1.510000000000076454e+02 3.428623279896407361e+00 1.738360421912611697e-01
1.520000000000067359e+02 3.223591806904875234e+00 1.734957713986391703e-01
1.530000000000058265e+02 3.017500994107500389e+00 1.731554684128011889e-01
1.540000000000049170e+02 2.810326853606964992e+00 1.728152072787387805e-01
1.550000000000040075e+02 2.602043573155387701e+00 1.724750577206587698e-01
1.560000000000030980e+02 2.392623478890527622e+00 1.721350849141758121e-01
1.570000000000021885e+02 2.182036996886610680e+00 1.717953492677040117e-01
1.580000000000012790e+02 1.970252613437204037e+00 1.714559062133239331e-01
1.590000000000003695e+02 1.757236833996146608e+00 1.711168060073315345e-01
1.599999999999994600e+02 1.542954140712582634e+00 1.707780935406205680e-01
1.609999999999985505e+02 1.327366948507821665e+00 1.704398081589854896e-01
1.619999999999976410e+02 1.110435559655121640e+00 1.701019834933817920e-01
1.629999999999967315e+02 8.921181168388986338e-01 1.697646473001290790e-01
1.639999999999958220e+02 6.723705546874594319e-01 1.694278213109990938e-01
1.649999999999949125e+02 4.511465497932037327e-01 1.690915210930911405e-01
1.659999999999940030e+02 2.283974692570376330e-01 1.687557559183714695e-01
1.669999999999930935e+02 4.072317819327486710e-03 1.684205286427235271e-01
1.679999999999921840e+02 -2.218823163312513558e-01 1.680858355943458948e-01
1.689999999999912745e+02 -4.495223169468884339e-01 1.677516664713292471e-01
1.699999999999903650e+02 -6.789060961467949795e-01 1.674180042482459607e-01
1.709999999999894555e+02 -9.100946516779073736e-01 1.670848250916019684e-01
1.719999999999885461e+02 -1.143151624760928353e+00 1.667520982840269284e-01
1.729999999999876366e+02 -1.378143358220180748e+00 1.664197861571185544e-01
1.739999999999867271e+02 -1.615138954537029603e+00 1.660878440329025540e-01
1.749999999999858176e+02 -1.854210333401034028e+00 1.657562201739426477e-01
1.759999999999849081e+02 -2.095432288259524434e+00 1.654248557422036692e-01
1.769999999999839986e+02 -2.338882541284609040e+00 1.650936847668724450e-01
1.779999999999830891e+02 -2.584641796085554333e+00 1.647626341214437629e-01
1.789999999999821796e+02 -2.832793787393514062e+00 1.644316235105066359e-01
1.799999999999812701e+02 -3.083425326833746372e+00 1.641005654668060421e-01
1.809999999999803606e+02 -3.336626343777107540e+00 1.637693653593123577e-01
1.819999999999794511e+02 -3.592489920126880953e+00 1.634379214132089808e-01
1.829999999999785416e+02 -3.851112317748569769e+00 1.631061247428985117e-01
1.839999999999776321e+02 -4.112592997088296620e+00 1.627738593993396932e-01
1.849999999999767226e+02 -4.377034625350448849e+00 1.624410024332537394e-01
1.859999999999758131e+02 -4.644543072416505325e+00 1.621074239759850433e-01
1.869999999999749036e+02 -4.915227392486411162e+00 1.617729873400536589e-01
1.879999999999739941e+02 -5.189199789212549874e+00 1.614375491417147368e-01
1.889999999999730846e+02 -5.466575561872907940e+00 1.611009594481214446e-01
1.899999999999721751e+02 -5.747473029914426768e+00 1.607630619519679893e-01
1.909999999999712657e+02 -6.032013432961473853e+00 1.604236941767946123e-01
1.919999999999703562e+02 -6.320320803177655655e+00 1.600826877164147621e-01
1.929999999999694467e+02 -6.612521806670134339e+00 1.597398685122037310e-01
1.939999999999685372e+02 -6.908745550461207863e+00 1.593950571722465848e-01
1.949999999999676277e+02 -7.209123351438247340e+00 1.590480693365648179e-01
1.959999999999667182e+02 -7.513788463652411487e+00 1.586987160928252649e-01
1.969999999999658087e+02 -7.822875760397753453e+00 1.583468044470487668e-01
1.979999999999648992e+02 -8.136521367700922269e+00 1.579921378538791110e-01
1.989999999999639897e+02 -8.454862246231606093e+00 1.576345168109005157e-01
1.999999999999630802e+02 -8.778035719256003233e+00 1.572737395212985834e-01
2.009999999999621707e+02 -9.106178945160939620e+00 1.569096026288060441e-01
2.019999999999612612e+02 -9.439428334343121563e+00 1.565419020283207729e-01
2.029999999999603517e+02 -9.777918911960563619e+00 1.561704337548090460e-01
2.039999999999594422e+02 -1.012178363026031747e+01 1.557949949520546218e-01
2.049999999999585327e+02 -1.047115263700496790e+01 1.554153849214627015e-01
2.059999999999576232e+02 -1.082615250998623679e+01 1.550314062494075884e-01
2.069999999999567137e+02 -1.118690547178555939e+01 1.546428660095252872e-01
2.079999999999558042e+02 -1.155352860383118596e+01 1.542495770338153382e-01
2.089999999999548947e+02 -1.192613308437101871e+01 1.538513592434663513e-01
2.099999999999539853e+02 -1.230482348111891611e+01 1.534480410268938833e-01
2.109999999999530758e+02 -1.268969713583626913e+01 1.530394606486449316e-01
2.119999999999521663e+02 -1.308084368465965852e+01 1.526254676686051026e-01
2.129999999999512568e+02 -1.347834476412731242e+01 1.522059243464514156e-01
2.139999999999503473e+02 -1.388227395799686370e+01 1.517807070016673754e-01
2.149999999999494378e+02 -1.429269704335053781e+01 1.513497072948939148e-01
2.159999999999485283e+02 -1.470967259529777316e+01 1.509128333921968823e-01
2.169999999999476188e+02 -1.513325300688509856e+01 1.504700109703454303e-01
2.179999999999467093e+02 -1.556348597367257547e+01 1.500211840188132584e-01
2.189999999999457998e+02 -1.600041647999209715e+01 1.495663153934029266e-01
2.199999999999448903e+02 -1.644408930551481873e+01 1.491053870776345158e-01
2.209999999999439808e+02 -1.689455204610480976e+01 1.486384001117899700e-01
2.219999999999430713e+02 -1.735185861215229863e+01 1.481653741562029836e-01
2.229999999999421618e+02 -1.781607313136614579e+01 1.476863466652957591e-01
2.239999999999412523e+02 -1.828727414272389495e+01 1.472013716621423107e-01
2.249999999999403428e+02 -1.876555892601401609e+01 1.467105181198481156e-01
2.259999999999394333e+02 -1.925104776998123057e+01 1.462138679754163562e-01
2.269999999999385238e+02 -1.974388794503171596e+01 1.457115138232949469e-01
2.279999999999376143e+02 -2.024425711791889881e+01 1.452035563584575251e-01
2.289999999999367049e+02 -2.075236593043701561e+01 1.446901016613056368e-01
2.299999999999357954e+02 -2.126845946674449550e+01 1.441712584372742967e-01
2.309999999999348859e+02 -2.179281735922543817e+01 1.436471353409529139e-01
2.319999999999339764e+02 -2.232575233476879717e+01 1.431178385258318475e-01
2.329999999999330669e+02 -2.286760708449333990e+01 1.425834695645489258e-01
2.339999999999321574e+02 -2.341874945023850429e+01 1.420441238789645066e-01
2.349999999999312479e+02 -2.397956605682114173e+01 1.414998898032064634e-01
2.359999999999303384e+02 -2.455045467155190053e+01 1.409508483752972274e-01
2.369999999999294289e+02 -2.513181572805616426e+01 1.403970739143781121e-01
2.379999999999285194e+02 -2.572404359022708320e+01 1.398386353923763425e-01
2.389999999999276099e+02 -2.632751823412277403e+01 1.392755985542101227e-01
2.399999999999267004e+02 -2.694259806630839549e+01 1.387080286837391596e-01
2.409999999999257909e+02 -2.756961456340258820e+01 1.381359938593510472e-01
2.419999999999248814e+02 -2.820886930177533714e+01 1.375595684996792911e-01
2.429999999999239719e+02 -2.886063375757280980e+01 1.369788369724820321e-01
2.439999999999230624e+02 -2.952515201788244426e+01 1.363938970327514544e-01
2.449999999999221529e+02 -3.020264628737940171e+01 1.358048628716828909e-01
2.459999999999212434e+02 -3.089332483857595690e+01 1.352118675949843807e-01
2.469999999999203339e+02 -3.159739187093111923e+01 1.346150650026068929e-01
2.479999999999194245e+02 -3.231505863617665852e+01 1.340146306051654135e-01
2.489999999999185150e+02 -3.304655516066097221e+01 1.334107618766236514e-01
2.499999999999176055e+02 -3.379214194177031771e+01 1.328036778000441787e-01
2.509999999999166960e+02 -3.455212109503848694e+01 1.321936178069416656e-01
2.519999999999157865e+02 -3.532684655657573103e+01 1.315808402373278563e-01
2.529999999999148770e+02 -3.611673307741757100e+01 1.309656204562788528e-01
2.539999999999139675e+02 -3.692226386211454781e+01 1.303482487558406400e-01
2.549999999999130580e+02 -3.774399678937685110e+01 1.297290281522684718e-01
2.559999999999121485e+02 -3.858256920004495072e+01 1.291082721627972163e-01
2.569999999999112674e+02 -3.943870124410445044e+01 1.284863026181535528e-01
2.579999999999103579e+02 -4.031319774552687107e+01 1.278634475408928772e-01
2.589999999999094484e+02 -4.120694850873523052e+01 1.272400390982018070e-01
2.599999999999085389e+02 -4.212092674252274804e+01 1.266164116227661285e-01
2.609999999999076294e+02 -4.305618523100643102e+01 1.259928996888756425e-01
2.619999999999067199e+02 -4.401384972722940603e+01 1.253698362301696734e-01
2.629999999999058105e+02 -4.499510867779720513e+01 1.247475506907799597e-01
2.639999999999049010e+02 -4.600119811937248215e+01 1.241263672130170498e-01
2.649999999999039915e+02 -4.703338020812662990e+01 1.235066028802318944e-01
2.659999999999030820e+02 -4.809291339535803900e+01 1.228885660519409839e-01
2.669999999999021725e+02 -4.918101175325340790e+01 1.222725548486638669e-01
2.679999999999012630e+02 -5.029879041066169520e+01 1.216588558651197360e-01
2.689999999999003535e+02 -5.144719354130245392e+01 1.210477432112306434e-01
2.699999999998994440e+02 -5.262690097473407036e+01 1.204394779992109255e-01
2.709999999998985345e+02 -5.383820947858455952e+01 1.198343084096099437e-01
2.719999999998976250e+02 -5.508088541226248225e+01 1.192324704761585641e-01
2.729999999998967155e+02 -5.635398724222125111e+01 1.186341897238049614e-01
2.739999999998958060e+02 -5.765565993010517332e+01 1.180396837698142465e-01
2.749999999998948965e+02 -5.898290908487217621e+01 1.174491659461297521e-01
2.759999999998939870e+02 -6.033137142817330556e+01 1.168628499139159060e-01
2.769999999998930775e+02 -6.169510932605940212e+01 1.162809551122638840e-01
2.779999999998921680e+02 -6.306646936943471360e+01 1.157037127135196464e-01
2.789999999998912585e+02 -6.443605481823958314e+01 1.151313715620782274e-01
2.799999999998903490e+02 -6.579286376473956466e+01 1.145642033855161501e-01
2.809999999998894396e+02 -6.712463298959850988e+01 1.140025064405294913e-01
2.819999999998885301e+02 -6.841839784140599079e+01 1.134466067558658892e-01
2.829999999998876206e+02 -6.966123348274761895e+01 1.128968563125611058e-01
2.839999999998867111e+02 -7.084109351873128446e+01 1.123536278679519440e-01
2.849999999998858016e+02 -7.194762563022652557e+01 1.118173066292357937e-01
2.859999999998848921e+02 -7.297283646129197621e+01 1.112882795001859243e-01
2.869999999998839826e+02 -7.391150565304212705e+01 1.107669230237610658e-01
2.879999999998830731e+02 -7.476130311650572935e+01 1.102535913178366161e-01
2.889999999998821636e+02 -7.552262526673885645e+01 1.097486052184837579e-01
2.899999999998812541e+02 -7.619821488298167367e+01 1.092522435529814373e-01
2.909999999998803446e+02 -7.679265352780667797e+01 1.087647370631266153e-01
2.919999999998794351e+02 -7.731181445434899047e+01 1.082862650964303702e-01
2.929999999998785256e+02 -7.776234545027489276e+01 1.078169548583635673e-01
2.939999999998776161e+02 -7.815122555159497608e+01 1.073568828098132866e-01
2.949999999998767066e+02 -7.848541543287682032e+01 1.069060776991517941e-01
2.959999999998757971e+02 -7.877160306364476128e+01 1.064645247135453249e-01
2.969999999998748876e+02 -7.901603495338281391e+01 1.060321702874647970e-01
2.979999999998739781e+02 -7.922441795298439615e+01 1.056089271887581255e-01
2.989999999998730686e+02 -7.940187535688635023e+01 1.051946795926390482e-01
2.999999999998721592e+02 -7.955294225512980688e+01 1.047892879382192194e-01
3.009999999998712497e+02 -7.968158743375839492e+01 1.043925934340412670e-01
3.019999999998703402e+02 -7.979125178658937045e+01 1.040044221362808330e-01
3.029999999998694307e+02 -7.988489571797057920e+01 1.036245885663518995e-01
3.039999999998685212e+02 -7.996505017015002181e+01 1.032528988653837188e-01
3.049999999998676117e+02 -8.003386763681389482e+01 1.028891535037118610e-01
3.059999999998667022e+02 -8.009317084426595557e+01 1.025331495764000567e-01
3.069999999998657927e+02 -8.014449774905966706e+01 1.021846827228771043e-01
3.079999999998648832e+02 -8.018914218269063099e+01 1.018435487117009680e-01
3.089999999998639737e+02 -8.022818993507355856e+01 1.015095447315541022e-01
3.099999999998630642e+02 -8.026255036541790844e+01 1.011824704278310311e-01
3.109999999998621547e+02 -8.029298380779023603e+01 1.008621287213357087e-01
3.119999999998612452e+02 -8.032012513491625327e+01 1.005483264421869749e-01
3.129999999998603357e+02 -8.034450388454391145e+01 1.002408748083995493e-01
3.139999999998594262e+02 -8.036656135755305286e+01 9.993958977500026764e-02
3.149999999998585167e+02 -8.038666507987794319e+01 9.964429227611544537e-02
3.159999999998576072e+02 -8.040512099078988228e+01 9.935480837930020515e-02
3.169999999998566977e+02 -8.042218368462073386e+01 9.907096936852843871e-02
3.179999999998557882e+02 -8.043806499575450175e+01 9.879261176972313485e-02
3.189999999998548788e+02 -8.045294118026603769e+01 9.851957733049163113e-02
3.199999999998539693e+02 -8.046695891343483709e+01 9.825171296379975328e-02
3.209999999998530598e+02 -8.048024029128484358e+01 9.798887066366733511e-02
3.219999999998521503e+02 -8.049288699659180679e+01 9.773090739955631046e-02
3.229999999998512408e+02 -8.050498376547290036e+01 9.747768499492623362e-02
3.239999999998503313e+02 -8.051660126954934071e+01 9.722906999442466891e-02
3.249999999998494218e+02 -8.052779851050371462e+01 9.698493352333631412e-02
3.259999999998485123e+02 -8.053862480832484039e+01 9.674515114220962053e-02
3.269999999998476028e+02 -8.054912145134078116e+01 9.650960269899389044e-02
3.279999999998466933e+02 -8.055932306497948048e+01 9.627817218053581760e-02
3.289999999998457838e+02 -8.056925874678961463e+01 9.605074756488583831e-02
3.299999999998448743e+02 -8.057895300734924149e+01 9.582722067553728351e-02
3.309999999998439648e+02 -8.058842655006169764e+01 9.560748703845284302e-02
3.319999999998430553e+02 -8.059769691729209740e+01 9.539144574251694209e-02
3.329999999998421458e+02 -8.060677902566858677e+01 9.517899930387499485e-02
3.339999999998412363e+02 -8.061568560950576057e+01 9.497005353447988962e-02
3.349999999998403268e+02 -8.062442758809093846e+01 9.476451741505219351e-02
3.359999999998394173e+02 -8.063301436989483761e+01 9.456230297256978945e-02
3.369999999998385078e+02 -8.064145410453873808e+01 9.436332516233326972e-02
3.379999999998375984e+02 -8.064975389150073681e+01 9.416750175459538685e-02
3.389999999998366889e+02 -8.065791995300494932e+01 9.397475322570332523e-02
3.399999999998357794e+02 -8.066595777726064398e+01 9.378500265366743194e-02
3.409999999998348699e+02 -8.067387223716167455e+01 9.359817561804684161e-02
3.419999999998339604e+02 -8.068166768867538963e+01 9.341420010402645691e-02
3.429999999998330509e+02 -8.068934805242524533e+01 9.323300641054520221e-02
3.439999999998321414e+02 -8.069691688136585128e+01 9.305452706232976434e-02
3.449999999998312319e+02 -8.070437741695012335e+01 9.287869672568356549e-02
3.459999999998303224e+02 -8.071173263577468049e+01 9.270545212787739686e-02
3.469999999998294129e+02 -8.071898528834616116e+01 9.253473197999065314e-02
3.479999999998285034e+02 -8.072613793132757110e+01 9.236647690305271885e-02
3.489999999998275939e+02 -8.073319295438906806e+01 9.220062935733690235e-02
3.499999999998266844e+02 -8.074015260259223226e+01 9.203713357466497547e-02
3.509999999998257749e+02 -8.074701899507810765e+01 9.187593549358340217e-02
3.519999999998248654e+02 -8.075379414069359996e+01 9.171698269727740493e-02
3.529999999998239559e+02 -8.076047995108264388e+01 9.156022435409520710e-02
3.539999999998230464e+02 -8.076707825167675026e+01 9.140561116055972990e-02
3.549999999998221369e+02 -8.077359079094453875e+01 9.125309528675082382e-02
3.559999999998212274e+02 -8.078001924819756141e+01 9.110263032394524951e-02
3.569999999998203180e+02 -8.078636524019799481e+01 9.095417123440889540e-02
3.579999999998194085e+02 -8.079263032677130241e+01 9.080767430323945233e-02
3.589999999998184990e+02 -8.079881601559232251e+01 9.066309709216334445e-02
3.599999999998175895e+02 -8.080492376628373563e+01 9.052039839519562814e-02
3.609999999998166800e+02 -8.081095499394162118e+01 9.037953819607609518e-02
3.619999999998157705e+02 -8.081691107218357217e+01 9.024047762739977052e-02
3.629999999998148610e+02 -8.082279333579771219e+01 9.010317893136245149e-02
3.639999999998139515e+02 -8.082860308305858155e+01 8.996760542204929045e-02
3.649999999998130420e+02 -8.083434157776231643e+01 8.983372144919429814e-02
3.659999999998121325e+02 -8.084001005102766158e+01 8.970149236334618026e-02
3.669999999998112230e+02 -8.084560970289885518e+01 8.957088448237572609e-02
3.679999999998103135e+02 -8.085114170378135157e+01 8.944186505926630948e-02
3.689999999998094040e+02 -8.085660719573549216e+01 8.931440225112996512e-02
3.699999999998084945e+02 -8.086200729365012307e+01 8.918846508939587414e-02
3.709999999998075850e+02 -8.086734308631298518e+01 8.906402345111980035e-02
3.719999999998066755e+02 -8.087261563739350834e+01 8.894104803136601567e-02
3.729999999998057660e+02 -8.087782598634848341e+01 8.881951031661605711e-02
3.739999999998048565e+02 -8.088297514926348697e+01 8.869938255916000325e-02
3.749999999998039470e+02 -8.088806411963588516e+01 8.858063775242970561e-02
3.759999999998030376e+02 -8.089309386910802857e+01 8.846324960723304931e-02
3.769999999998021281e+02 -8.089806534815686234e+01 8.834719252885363250e-02
3.779999999998012186e+02 -8.090297948674393069e+01 8.823244159497793671e-02
3.789999999998003091e+02 -8.090783719493082060e+01 8.811897253441808298e-02
3.799999999997993996e+02 -8.091263936346365426e+01 8.800676170659557651e-02
3.809999999997984901e+02 -8.091738686432913141e+01 8.789578608175764585e-02
3.819999999997975806e+02 -8.092208055128548949e+01 8.778602322189486828e-02
3.829999999997966711e+02 -8.092672126037005853e+01 8.767745126233281172e-02
3.839999999997957616e+02 -8.093130981038545713e+01 8.757004889397074221e-02
3.849999999997948521e+02 -8.093584700336623428e+01 8.746379534614252826e-02
3.859999999997939426e+02 -8.094033362502773343e+01 8.735867037007405411e-02
3.869999999997930331e+02 -8.094477044519717879e+01 8.725465422291531215e-02
3.879999999997921236e+02 -8.094915821822971225e+01 8.715172765232419294e-02
3.889999999997912141e+02 -8.095349768340939534e+01 8.704987188158079536e-02
3.899999999997903046e+02 -8.095778956533612813e+01 8.694906859521234210e-02
3.909999999997893951e+02 -8.096203457429962214e+01 8.684929992510824481e-02
3.919999999997884856e+02 -8.096623340664046964e+01 8.675054843710854058e-02
3.929999999997875761e+02 -8.097038674510018552e+01 8.665279711804602103e-02
3.939999999997866666e+02 -8.097449525915892821e+01 8.655602936322634444e-02
3.949999999997857572e+02 -8.097855960536351461e+01 8.646022896432900562e-02
3.959999999997848477e+02 -8.098258042764449272e+01 8.636538009771439761e-02
3.969999999997839382e+02 -8.098655835762369293e+01 8.627146731312083927e-02
3.979999999997830287e+02 -8.099049401491218703e+01 8.617847552273825984e-02
3.989999999997821192e+02 -8.099438800739926592e+01 8.608638999064462116e-02
3.999999999997812097e+02 -8.099824093153343085e+01 8.599519632259093604e-02
4.009999999997803002e+02 -8.100205337259360761e+01 8.590488045612354462e-02
4.019999999997793907e+02 -8.100582590495396573e+01 8.581542865103074236e-02
4.029999999997784812e+02 -8.100955909233985608e+01 8.572682748010168607e-02
4.039999999997775717e+02 -8.101325348807719706e+01 8.563906382018764141e-02
4.049999999997766622e+02 -8.101690963533368972e+01 8.555212484355366465e-02
4.059999999997757527e+02 -8.102052806735434842e+01 8.546599800951069914e-02
4.069999999997748432e+02 -8.102410930768920139e+01 8.538067105631805265e-02
4.079999999997739337e+02 -8.102765387041563372e+01 8.529613199334742935e-02
4.089999999997730242e+02 -8.103116226035363923e+01 8.521236909349834410e-02
4.099999999997721147e+02 -8.103463497327550158e+01 8.512937088585632861e-02
4.109999999997712052e+02 -8.103807249610980534e+01 8.504712614858619957e-02
4.119999999997702957e+02 -8.104147530713937897e+01 8.496562390205089632e-02
4.129999999997693862e+02 -8.104484387619432084e+01 8.488485340214921293e-02
4.139999999997684768e+02 -8.104817866483936939e+01 8.480480413386405625e-02
4.149999999997675673e+02 -8.105148012655654099e+01 8.472546580501481850e-02
4.159999999997666578e+02 -8.105474870692270883e+01 8.464682834020570423e-02
4.169999999997657483e+02 -8.105798484378235003e+01 8.456888187496393317e-02
4.179999999997648388e+02 -8.106118896741578794e+01 8.449161675006193473e-02
4.189999999997639293e+02 -8.106436150070297231e+01 8.441502350601561011e-02
4.199999999997630198e+02 -8.106750285928302446e+01 8.433909287775430419e-02
4.209999999997621103e+02 -8.107061345170943412e+01 8.426381578945554840e-02
4.219999999997612008e+02 -8.107369367960139073e+01 8.418918334953985616e-02
4.229999999997602913e+02 -8.107674393779086586e+01 8.411518684581911764e-02
4.239999999997593818e+02 -8.107976461446637018e+01 8.404181774079451384e-02
4.249999999997584723e+02 -8.108275609131263195e+01 8.396906766709841263e-02
4.259999999997575628e+02 -8.108571874364690757e+01 8.389692842307489018e-02
4.269999999997566533e+02 -8.108865294055173933e+01 8.382539196849554675e-02
4.279999999997557438e+02 -8.109155904500437373e+01 8.375445042040442767e-02
4.289999999997548343e+02 -8.109443741400284011e+01 8.368409604908942645e-02
4.299999999997539248e+02 -8.109728839868910200e+01 8.361432127417467441e-02
4.309999999997530153e+02 -8.110011234446878348e+01 8.354511866083087768e-02
4.319999999997521059e+02 -8.110290959112819564e+01 8.347648091609852217e-02
4.329999999997511964e+02 -8.110568047294836447e+01 8.340840088532147645e-02
4.339999999997502869e+02 -8.110842531881634443e+01 8.334087154868698166e-02
4.349999999997493774e+02 -8.111114445233359049e+01 8.327388601786749056e-02
4.359999999997484679e+02 -8.111383819192191424e+01 8.320743753276274579e-02
4.369999999997475584e+02 -8.111650685092678259e+01 8.314151945833747615e-02
4.379999999997466489e+02 -8.111915073771803009e+01 8.307612528155230991e-02
4.389999999997457394e+02 -8.112177015578826911e+01 8.301124860838440811e-02
4.399999999997448299e+02 -8.112436540384891259e+01 8.294688316093552782e-02
4.409999999997439204e+02 -8.112693677592393726e+01 8.288302277462344936e-02
4.419999999997430109e+02 -8.112948456144133047e+01 8.281966139545574035e-02
4.429999999997421014e+02 -8.113200904532232016e+01 8.275679307738210977e-02
4.439999999997411919e+02 -8.113451050806872900e+01 8.269441197972257629e-02
4.449999999997402824e+02 -8.113698922584826789e+01 8.263251236467024363e-02
4.459999999997393729e+02 -8.113944547057747059e+01 8.257108859486485264e-02
4.469999999997384634e+02 -8.114187951000322130e+01 8.251013513103618024e-02
4.479999999997375539e+02 -8.114429160778198025e+01 8.244964652971371877e-02
4.489999999997366444e+02 -8.114668202355717597e+01 8.238961744100185836e-02
4.499999999997357349e+02 -8.114905101303536128e+01 8.233004260641743621e-02
4.509999999997348255e+02 -8.115139882806020921e+01 8.227091685678808441e-02
4.519999999997339160e+02 -8.115372571668463308e+01 8.221223511020997465e-02
4.529999999997330065e+02 -8.115603192324152815e+01 8.215399237006157374e-02
4.539999999997320970e+02 -8.115831768841310634e+01 8.209618372307365963e-02
4.549999999997311875e+02 -8.116058324929844048e+01 8.203880433745225353e-02
4.559999999997302780e+02 -8.116282883947955895e+01 8.198184946105369075e-02
4.569999999997293685e+02 -8.116505468908574983e+01 8.192531441960904104e-02
4.579999999997284590e+02 -8.116726102485706917e+01 8.186919461499835016e-02
4.589999999997275495e+02 -8.116944807020594510e+01 8.181348552357137205e-02
4.599999999997266400e+02 -8.117161604527765917e+01 8.175818269451376463e-02
4.609999999997257305e+02 -8.117376516700939248e+01 8.170328174825786105e-02
4.619999999997248210e+02 -8.117589564918812073e+01 8.164877837493603185e-02
4.629999999997239115e+02 -8.117800770250698861e+01 8.159466833287627729e-02
4.639999999997230020e+02 -8.118010153462086009e+01 8.154094744713674681e-02
4.649999999997220925e+02 -8.118217735020016335e+01 8.148761160808086490e-02
4.659999999997211830e+02 -8.118423535098428090e+01 8.143465676998909442e-02
4.669999999997202735e+02 -8.118627573583279400e+01 8.138207894970796163e-02
4.679999999997193640e+02 -8.118829870077659905e+01 8.132987422533474731e-02
4.689999999997184545e+02 -8.119030443906758876e+01 8.127803873493591458e-02
4.699999999997175451e+02 -8.119229314122735275e+01 8.122656867530028690e-02
4.709999999997166356e+02 -8.119426499509427231e+01 8.117546030072313179e-02
4.719999999997157261e+02 -8.119622018587058676e+01 8.112470992182310714e-02
4.729999999997148166e+02 -8.119815889616779714e+01 8.107431390438871177e-02
4.739999999997139071e+02 -8.120008130605125984e+01 8.102426866825493401e-02
4.749999999997129976e+02 -8.120198759308422609e+01 8.097457068620826648e-02
4.759999999997120881e+02 -8.120387793237036078e+01 8.092521648292003156e-02
4.769999999997111786e+02 -8.120575249659580663e+01 8.087620263390625508e-02
4.779999999997102691e+02 -8.120761145607031040e+01 8.082752576451397719e-02
4.789999999997093596e+02 -8.120945497876751062e+01 8.077918254893329264e-02
4.799999999997084501e+02 -8.121128323036413121e+01 8.073116970923364943e-02
4.809999999997075406e+02 -8.121309637427897599e+01 8.068348401442437812e-02
4.819999999997066311e+02 -8.121489457171048798e+01 8.063612227953884104e-02
4.829999999997057216e+02 -8.121667798167405294e+01 8.058908136474035588e-02
4.839999999997048121e+02 -8.121844676103827965e+01 8.054235817445105916e-02
4.849999999997039026e+02 -8.122020106456042754e+01 8.049594965650146150e-02
4.859999999997029931e+02 -8.122194104492156441e+01 8.044985280130068084e-02
4.869999999997020836e+02 -8.122366685276088560e+01 8.040406464102732575e-02
4.879999999997011741e+02 -8.122537863670901004e+01 8.035858224883939138e-02
4.889999999997002647e+02 -8.122707654342083572e+01 8.031340273810350094e-02
4.899999999996993552e+02 -8.122876071760799732e+01 8.026852326164210516e-02
4.909999999996984457e+02 -8.123043130207030060e+01 8.022394101099922237e-02
4.919999999996975362e+02 -8.123208843772675891e+01 8.017965321572305404e-02
4.929999999996966267e+02 -8.123373226364626021e+01 8.013565714266582263e-02
4.939999999996957172e+02 -8.123536291707688406e+01 8.009195009529977705e-02
4.949999999996948077e+02 -8.123698053347546022e+01 8.004852941304972658e-02
4.959999999996938982e+02 -8.123858524653603297e+01 8.000539247064034076e-02
4.969999999996929887e+02 -8.124017718821838230e+01 7.996253667745922833e-02
4.979999999996920792e+02 -8.124175648877509559e+01 7.991995947693435187e-02
4.989999999996911697e+02 -8.124332327677896615e+01 7.987765834592572278e-02
4.999999999996902602e+02 -8.124487767914922642e+01 7.983563079413107111e-02
5.000000000000000000e+02 -8.124487767914970959e+01 7.983563079411809538e-02
