1.000000000000000666e+00 -7.212175034331819745e+01 7.359463575415788050e-02
2.000000000000001332e+00 -6.316165916384587575e+01 7.362453975091827474e-02
2.999999999999980016e+00 -1.678320136600361945e+00 7.373226206297575636e-02
3.999999999999958700e+00 3.630736060766334816e+01 7.898721189141537369e-02
4.999999999999937828e+00 3.028514579704815546e+01 9.241402569866766226e-02
5.999999999999916511e+00 2.576158335797238408e+01 1.108460575761451711e-01
6.999999999999895195e+00 2.302409778426625309e+01 1.303911981802926834e-01
7.999999999999873879e+00 2.160939444427810940e+01 1.478884730184789886e-01
8.999999999999852562e+00 2.104129053648242120e+01 1.618049287964179739e-01
9.999999999999831246e+00 2.097449980733787100e+01 1.719973793537001583e-01
1.099999999999980993e+01 2.118579598750432069e+01 1.790586638547041476e-01
1.199999999999978861e+01 2.153840413754237559e+01 1.837931413170202088e-01
1.299999999999976730e+01 2.195116122542969350e+01 1.869401387868544206e-01
1.399999999999974598e+01 2.237697362804352963e+01 1.890757707571535939e-01
1.499999999999972466e+01 2.278885845155264533e+01 1.906060773524270169e-01
1.599999999999970335e+01 2.317121412863120966e+01 1.917955755430059139e-01
1.699999999999985789e+01 2.351446297768896088e+01 1.928035122932635903e-01
1.800000000000001421e+01 2.381176072037537139e+01 1.937164418299163748e-01
1.900000000000017053e+01 2.405688933891668313e+01 1.945735368262085374e-01
2.000000000000032685e+01 2.424274953356910345e+01 1.953843090220770407e-01
2.100000000000048317e+01 2.436010864595645131e+01 1.961396912498427347e-01
2.200000000000063949e+01 2.439659074829354068e+01 1.968181622414009180e-01
2.300000000000079581e+01 2.433673538006188863e+01 1.973898329428962484e-01
2.400000000000095213e+01 2.416606351198093350e+01 1.978236760530212024e-01
2.500000000000110845e+01 2.388406812207044538e+01 1.981027826995244989e-01
2.600000000000126477e+01 2.352107712707761067e+01 1.982395859875605293e-01
2.700000000000142109e+01 2.313089882014699583e+01 1.982697490190656053e-01
2.800000000000157740e+01 2.275698111474541108e+01 1.982300356190890289e-01
2.900000000000173372e+01 2.241674609419009201e+01 1.981471496730261017e-01
3.000000000000189004e+01 2.211112489109531509e+01 1.980388744519450406e-01
3.100000000000204636e+01 2.183587151249646041e+01 1.979171119694366487e-01
3.200000000000220268e+01 2.158660317409850293e+01 1.977897617278889519e-01
3.300000000000200373e+01 2.135995726884077328e+01 1.976618744186383891e-01
3.400000000000180478e+01 2.115342163162926425e+01 1.975364935372190267e-01
3.500000000000160583e+01 2.096495895314850699e+01 1.974152930717759380e-01
3.600000000000140687e+01 2.079274808530034946e+01 1.972990399935275196e-01
3.700000000000120792e+01 2.063506585642274516e+01 1.971879153222669545e-01
3.800000000000100897e+01 2.049025792967477955e+01 1.970817325402275111e-01
3.900000000000081002e+01 2.035674984182898228e+01 1.969800857633582647e-01
4.000000000000061107e+01 2.023306844776390179e+01 1.968824502996972259e-01
4.100000000000041211e+01 2.011785986449719488e+01 1.967882503268601202e-01
4.200000000000021316e+01 2.000989943393032178e+01 1.966969033593136407e-01
4.300000000000001421e+01 1.990809376465092129e+01 1.966078481742856710e-01
4.399999999999981526e+01 1.981147661323407405e+01 1.965205610289681992e-01
4.499999999999961631e+01 1.971920066676924321e+01 1.964345637645083797e-01
4.599999999999941735e+01 1.963052701454349958e+01 1.963494264754331031e-01
4.699999999999921840e+01 1.954481365930334746e+01 1.962647667087764614e-01
4.799999999999901945e+01 1.946150399693163635e+01 1.961802465967636133e-01
4.899999999999882050e+01 1.938011585054625030e+01 1.960955688949170550e-01
4.999999999999862155e+01 1.930023139066872417e+01 1.960104725736024900e-01
5.099999999999842260e+01 1.922148809611575615e+01 1.959247283756110625e-01
5.199999999999822364e+01 1.914357079381494131e+01 1.958381345865877199e-01
5.299999999999802469e+01 1.906620474366044604e+01 1.957505131521169728e-01
5.399999999999782574e+01 1.898914969346410686e+01 1.956617062009524677e-01
5.499999999999762679e+01 1.891219480883599857e+01 1.955715729870081687e-01
5.599999999999742784e+01 1.883515437605884912e+01 1.954799872347988965e-01
5.699999999999722888e+01 1.875786417751898938e+01 1.953868348577619818e-01
5.799999999999702993e+01 1.868017844550617568e+01 1.952920120118508129e-01
5.899999999999683098e+01 1.860196730886709915e+01 1.951954234448933512e-01
5.999999999999663203e+01 1.852311465660714518e+01 1.950969811033396450e-01
6.099999999999643308e+01 1.844351635216860785e+01 1.949966029608257712e-01
6.199999999999623412e+01 1.836307874124079120e+01 1.948942120365631248e-01
6.299999999999603517e+01 1.828171740430133951e+01 1.947897355753773485e-01
6.399999999999583622e+01 1.819935611253162477e+01 1.946831043649565607e-01
6.499999999999634781e+01 1.811592595227222802e+01 1.945742521693309135e-01
6.599999999999685940e+01 1.803136458882912763e+01 1.944631152607341207e-01
6.699999999999737099e+01 1.794561564527221975e+01 1.943496320347398165e-01
6.799999999999788258e+01 1.785862817597581298e+01 1.942337426959593327e-01
6.899999999999839417e+01 1.777035621811604216e+01 1.941153890036211860e-01
6.999999999999890576e+01 1.768075840725255787e+01 1.939945140680964242e-01
7.099999999999941735e+01 1.758979764555630254e+01 1.938710621908968368e-01
7.199999999999992895e+01 1.749744081327435197e+01 1.937449787419039948e-01
7.300000000000044054e+01 1.740365851570767575e+01 1.936162100686180110e-01
7.400000000000095213e+01 1.730842485937346709e+01 1.934847034330741400e-01
7.500000000000146372e+01 1.721171725217618942e+01 1.933504069727871311e-01
7.600000000000197531e+01 1.711351622336170664e+01 1.932132696826769636e-01
7.700000000000248690e+01 1.701380525981035419e+01 1.930732414154175125e-01
7.800000000000299849e+01 1.691257065586475505e+01 1.929302728980544224e-01
7.900000000000351008e+01 1.680980137441338584e+01 1.927843157630696747e-01
8.000000000000402167e+01 1.670548891737900732e+01 1.926353225923417845e-01
8.100000000000453326e+01 1.659962720411014203e+01 1.924832469726723838e-01
8.200000000000504485e+01 1.649221245645749789e+01 1.923280435617302220e-01
8.300000000000555644e+01 1.638324308954740971e+01 1.921696681634041115e-01
8.400000000000606803e+01 1.627271960745090595e+01 1.920080778116774745e-01
8.500000000000657963e+01 1.616064450309655598e+01 1.918432308622207427e-01
8.600000000000709122e+01 1.604702216189736674e+01 1.916750870909705862e-01
8.700000000000760281e+01 1.593185876865827488e+01 1.915036077990150964e-01
8.800000000000811440e+01 1.581516221740944594e+01 1.913287559231432733e-01
8.900000000000862599e+01 1.569694202387289472e+01 1.911504961514387535e-01
9.000000000000913758e+01 1.557720924031981546e+01 1.909687950433174297e-01
9.100000000000964917e+01 1.545597637261631974e+01 1.907836211534073290e-01
9.200000000001016076e+01 1.533325729928722758e+01 1.905949451586801680e-01
9.300000000001067235e+01 1.520906719245363092e+01 1.904027399882237126e-01
9.400000000001118394e+01 1.508342244052067116e+01 1.902069809550455959e-01
9.500000000001169553e+01 1.495634057250954996e+01 1.900076458892794029e-01
9.600000000001220712e+01 1.482784018394175796e+01 1.898047152721492881e-01
9.700000000001271871e+01 1.469794086419577539e+01 1.895981723700298216e-01
9.800000000001323031e+01 1.456666312526677842e+01 1.893880033679221919e-01
9.900000000001374190e+01 1.443402833186908651e+01 1.891741975016486554e-01
1.000000000000142535e+02 1.430005863282937995e+01 1.889567471880461980e-01
1.010000000000147651e+02 1.416477689372618443e+01 1.887356481524295471e-01
1.020000000000152767e+02 1.402820663073839924e+01 1.885108995525750786e-01
1.030000000000157883e+02 1.389037194567210065e+01 1.882825040984677512e-01
1.040000000000162999e+02 1.375129746214167703e+01 1.880504681670424894e-01
1.050000000000168114e+02 1.361100826288738297e+01 1.878148019111495481e-01
1.060000000000173230e+02 1.346952982821738587e+01 1.875755193619700889e-01
1.070000000000178346e+02 1.332688797556832228e+01 1.873326385241115555e-01
1.080000000000183462e+02 1.318310880018389852e+01 1.870861814626227637e-01
1.090000000000188578e+02 1.303821861691637096e+01 1.868361743811819686e-01
1.100000000000193694e+02 1.289224390316075386e+01 1.865826476907256060e-01
1.110000000000198810e+02 1.274521124293625363e+01 1.863256360678191559e-01
1.120000000000203926e+02 1.259714727213362373e+01 1.860651785020911164e-01
1.130000000000209042e+02 1.244807862495108708e+01 1.858013183320955664e-01
1.140000000000214158e+02 1.229803188154460614e+01 1.855341032690065728e-01
1.150000000000219273e+02 1.214703351692119604e+01 1.852635854075959099e-01
1.160000000000224389e+02 1.199510985110627459e+01 1.849898212239992623e-01
1.170000000000229505e+02 1.184228700061744632e+01 1.847128715598339022e-01
1.180000000000234621e+02 1.168859083127846965e+01 1.844328015922961639e-01
1.190000000000239737e+02 1.153404691240737101e+01 1.841496807899316301e-01
1.200000000000244853e+02 1.137868047241248348e+01 1.838635828538482120e-01
1.210000000000249969e+02 1.122251635582955132e+01 1.835745856442144996e-01
1.220000000000255085e+02 1.106557898183124067e+01 1.832827710919678887e-01
1.230000000000260201e+02 1.090789230423888156e+01 1.829882250957374779e-01
1.240000000000265317e+02 1.074947977306305091e+01 1.826910374040725260e-01
1.250000000000270433e+02 1.059036429759698272e+01 1.823913014831511081e-01
1.260000000000275548e+02 1.043056821108296184e+01 1.820891143702280668e-01
1.270000000000280664e+02 1.027011323696765999e+01 1.817845765131715641e-01
1.280000000000285638e+02 1.010902045675809546e+01 1.814777915965172517e-01
1.290000000000276543e+02 9.947310279485014561e+00 1.811688663545537870e-01
1.300000000000267448e+02 9.785002412774261416e+00 1.808579103720319992e-01
1.310000000000258353e+02 9.622115835524468253e+00 1.805450358731720550e-01
1.320000000000249258e+02 9.458668772179331441e+00 1.802303574997061175e-01
1.330000000000240163e+02 9.294678668580607095e+00 1.799139920787707903e-01
1.340000000000231068e+02 9.130162169380527715e+00 1.795960583815223444e-01
1.350000000000221974e+02 8.965135096986982077e+00 1.792766768734017080e-01
1.360000000000212879e+02 8.799612432008908414e+00 1.789559694570318493e-01
1.370000000000203784e+02 8.633608295163897495e+00 1.786340592087686530e-01
1.380000000000194689e+02 8.467135930604172245e+00 1.783110701099613893e-01
1.390000000000185594e+02 8.300207690612086964e+00 1.779871267740104623e-01
1.400000000000176499e+02 8.132835021610922865e+00 1.776623541703262754e-01
1.410000000000167404e+02 7.965028451432198509e+00 1.773368773463050163e-01
1.420000000000158309e+02 7.796797577775863353e+00 1.770108211484438809e-01
1.430000000000149214e+02 7.628151057795697909e+00 1.766843099437084008e-01
1.440000000000140119e+02 7.459096598738521600e+00 1.763574673422560191e-01
1.450000000000131024e+02 7.289640949561895233e+00 1.760304159225982434e-01
1.460000000000121929e+02 7.119789893452307616e+00 1.757032769602548949e-01
1.470000000000112834e+02 6.949548241162796458e+00 1.753761701609196366e-01
1.480000000000103739e+02 6.778919825086757278e+00 1.750492133991142507e-01
1.490000000000094644e+02 6.607907493982658309e+00 1.747225224632597274e-01
1.500000000000085549e+02 6.436513108262810867e+00 1.743962108080394369e-01
1.510000000000076454e+02 6.264737535758100329e+00 1.740703893148694836e-01
1.520000000000067359e+02 6.092580647869866972e+00 1.737451660612285009e-01
1.530000000000058265e+02 5.920041316019377220e+00 1.734206460995314780e-01
1.540000000000049170e+02 5.747117408305455477e+00 1.730969312461592413e-01
1.550000000000040075e+02 5.573805786280745522e+00 1.727741198811868217e-01
1.560000000000030980e+02 5.400102301757615741e+00 1.724523067592706183e-01
1.570000000000021885e+02 5.226001793555473007e+00 1.721315828320881813e-01
1.580000000000012790e+02 5.051498084102108876e+00 1.718120350826356502e-01
1.590000000000003695e+02 4.876583975802888382e+00 1.714937463716212362e-01
1.599999999999994600e+02 4.701251247093158447e+00 1.711767952961119610e-01
1.609999999999985505e+02 4.525490648090475965e+00 1.708612560605127506e-01
1.619999999999976410e+02 4.349291895765359683e+00 1.705471983598928210e-01
1.629999999999967315e+02 4.172643668550906071e+00 1.702346872755942098e-01
1.639999999999958220e+02 3.995533600313603717e+00 1.699237831829953638e-01
1.649999999999949125e+02 3.817948273609960808e+00 1.696145416712344645e-01
1.659999999999940030e+02 3.639873212155499971e+00 1.693070134746389177e-01
1.669999999999930935e+02 3.461292872435183021e+00 1.690012444155473137e-01
1.679999999999921840e+02 3.282190634386510375e+00 1.686972753581591489e-01
1.689999999999912745e+02 3.102548791089016156e+00 1.683951421729980025e-01
1.699999999999903650e+02 2.922348537396366908e+00 1.680948757115303116e-01
1.709999999999894555e+02 2.741569957449805806e+00 1.677965017904394507e-01
1.719999999999885461e+02 2.560192011014272406e+00 1.675000411850274540e-01
1.729999999999876366e+02 2.378192518581280890e+00 1.672055096311764466e-01
1.739999999999867271e+02 2.195548145185415301e+00 1.669129178352866949e-01
1.749999999999858176e+02 2.012234382884180217e+00 1.666222714915799596e-01
1.759999999999849081e+02 1.828225531854051233e+00 1.663335713061465659e-01
1.769999999999839986e+02 1.643494680058793955e+00 1.660468130271006981e-01
1.779999999999830891e+02 1.458013681449547017e+00 1.657619874802026827e-01
1.789999999999821796e+02 1.271753132659807939e+00 1.654790806093038025e-01
1.799999999999812701e+02 1.084682348162561816e+00 1.651980735209741258e-01
1.809999999999803606e+02 8.967693338610399634e-01 1.649189425326749170e-01
1.819999999999794511e+02 7.079807590894681146e-01 1.646416592238525989e-01
1.829999999999785416e+02 5.182819270053706795e-01 1.643661904893412018e-01
1.839999999999776321e+02 3.276367433609535529e-01 1.640924985944776926e-01
1.849999999999767226e+02 1.360076836475502537e-01 1.638205412313586407e-01
1.859999999999758131e+02 -5.664424138538209225e-02 1.635502715756871339e-01
1.869999999999749036e+02 -2.503595218271292278e-01 1.632816383436869190e-01
1.879999999999739941e+02 -4.451801862994119174e-01 1.630145858485947952e-01
1.889999999999730846e+02 -6.411498412173980421e-01 1.627490540562700205e-01
1.899999999999721751e+02 -8.383137115766573499e-01 1.624849786395010653e-01
1.909999999999712657e+02 -1.036718683211232284e+00 1.622222910306279076e-01
1.919999999999703562e+02 -1.236413346452818418e+00 1.619609184721393924e-01
1.929999999999694467e+02 -1.437448041103890350e+00 1.617007840649554717e-01
1.939999999999685372e+02 -1.639874902618289054e+00 1.614418068141473817e-01
1.949999999999676277e+02 -1.843747909360831327e+00 1.611839016719055495e-01
1.959999999999667182e+02 -2.049122930792994790e+00 1.609269795776214207e-01
1.969999999999658087e+02 -2.256057776403908921e+00 1.606709474950038796e-01
1.979999999999648992e+02 -2.464612245174830907e+00 1.604157084462240201e-01
1.989999999999639897e+02 -2.674848175330231559e+00 1.601611615431395852e-01
1.999999999999630802e+02 -2.886829494089628856e+00 1.599072020157307483e-01
2.009999999999621707e+02 -3.100622267090455075e+00 1.596537212379567361e-01
2.019999999999612612e+02 -3.316294747103598617e+00 1.594006067513194791e-01
2.029999999999603517e+02 -3.533917421609013676e+00 1.591477422865185398e-01
2.039999999999594422e+02 -3.753563058738704772e+00 1.588950077836698560e-01
2.049999999999585327e+02 -3.975306751027915197e+00 1.586422794116675028e-01
2.059999999999576232e+02 -4.199225956342149679e+00 1.583894295873761460e-01
2.069999999999567137e+02 -4.425400535267351998e+00 1.581363269954565443e-01
2.079999999999558042e+02 -4.653912784162689498e+00 1.578828366097575486e-01
2.089999999999548947e+02 -4.884847462980112631e+00 1.576288197173328631e-01
2.099999999999539853e+02 -5.118291816851570530e+00 1.573741339462910171e-01
2.109999999999530758e+02 -5.354335590334199146e+00 1.571186332988323830e-01
2.119999999999521663e+02 -5.593071033087247734e+00 1.568621681909860011e-01
2.129999999999512568e+02 -5.834592895627859654e+00 1.566045855007279775e-01
2.139999999999503473e+02 -6.078998413687333624e+00 1.563457286263347235e-01
2.149999999999494378e+02 -6.326387279555658161e+00 1.560854375570047969e-01
2.159999999999485283e+02 -6.576861598670933340e+00 1.558235489579673783e-01
2.169999999999476188e+02 -6.830525829581790553e+00 1.555598962724801249e-01
2.179999999999467093e+02 -7.087486705291082600e+00 1.552943098433091917e-01
2.189999999999457998e+02 -7.347853133884614252e+00 1.550266170564582047e-01
2.199999999999448903e+02 -7.611736076267161977e+00 1.547566425100912746e-01
2.209999999999439808e+02 -7.879248398781122376e+00 1.544842082117464099e-01
2.219999999999430713e+02 -8.150504698482619048e+00 1.542091338070722406e-01
2.229999999999421618e+02 -8.425621098913365969e+00 1.539312368434175016e-01
2.239999999999412523e+02 -8.704715014351663172e+00 1.536503330716681714e-01
2.249999999999403428e+02 -8.987904880777042749e+00 1.533662367897231926e-01
2.259999999999394333e+02 -9.275309852165806390e+00 1.530787612309384149e-01
2.269999999999385238e+02 -9.567049461280163314e+00 1.527877190007111419e-01
2.279999999999376143e+02 -9.863243244854839276e+00 1.524929225641168118e-01
2.289999999999367049e+02 -1.016401033405887055e+01 1.521941847871222941e-01
2.299999999999357954e+02 -1.046946901235411076e+01 1.518913195333586874e-01
2.309999999999348859e+02 -1.077973624442167022e+01 1.515841423177177461e-01
2.319999999999339764e+02 -1.109492718171658154e+01 1.512724710171207687e-01
2.329999999999330669e+02 -1.141515465246287775e+01 1.509561266376573119e-01
2.339999999999321574e+02 -1.174052864652610850e+01 1.506349341358984850e-01
2.349999999999312479e+02 -1.207115580858894255e+01 1.503087232905166992e-01
2.359999999999303384e+02 -1.240713895636891451e+01 1.499773296184066795e-01
2.369999999999294289e+02 -1.274857664417971215e+01 1.496405953272598732e-01
2.379999999999285194e+02 -1.309556279582840332e+01 1.492983702940600677e-01
2.389999999999276099e+02 -1.344818643448373230e+01 1.489505130562265856e-01
2.399999999999267004e+02 -1.380653154050981968e+01 1.485968917992240568e-01
2.409999999999257909e+02 -1.417067707103492680e+01 1.482373853214580817e-01
2.419999999999248814e+02 -1.454069717685468355e+01 1.478718839543031460e-01
2.429999999999239719e+02 -1.491666165274053313e+01 1.475002904123253744e-01
2.439999999999230624e+02 -1.529863665588563570e+01 1.471225205463604357e-01
2.449999999999221529e+02 -1.568668572361624136e+01 1.467385039703101579e-01
2.459999999999212434e+02 -1.608087111519298062e+01 1.463481845316020324e-01
2.469999999999203339e+02 -1.648125549316313254e+01 1.459515205954760864e-01
2.479999999999194245e+02 -1.688790394706330389e+01 1.455484851149035364e-01
2.489999999999185150e+02 -1.730088634624519983e+01 1.451390654612719211e-01
2.499999999999176055e+02 -1.772027998936690807e+01 1.447232629961800188e-01
2.509999999999166960e+02 -1.814617249609603178e+01 1.443010923719398875e-01
2.519999999999157865e+02 -1.857866486255652205e+01 1.438725805576810957e-01
2.529999999999148770e+02 -1.901787457711152740e+01 1.434377655992338518e-01
2.539999999999139675e+02 -1.946393866865633271e+01 1.429966951339384229e-01
2.549999999999130580e+02 -1.991701653750646273e+01 1.425494246958022293e-01
2.559999999999121485e+02 -2.037729240134545705e+01 1.420960158613516489e-01
2.569999999999112674e+02 -2.084497717798814520e+01 1.416365343013643863e-01
2.579999999999103579e+02 -2.132030962556577691e+01 1.411710478174311445e-01
2.589999999999094484e+02 -2.180355657186991891e+01 1.406996244539256979e-01
2.599999999999085389e+02 -2.229501209054875588e+01 1.402223307842711542e-01
2.609999999999076294e+02 -2.279499552465858514e+01 1.397392304741572056e-01
2.619999999999067199e+02 -2.330384831872076035e+01 1.392503832224416538e-01
2.629999999999058105e+02 -2.382192969826190065e+01 1.387558441718244051e-01
2.639999999999049010e+02 -2.434961132782350646e+01 1.382556638653346104e-01
2.649999999999039915e+02 -2.488727117864731397e+01 1.377498888009793532e-01
2.659999999999030820e+02 -2.543528693685528452e+01 1.372385626060175778e-01
2.669999999999021725e+02 -2.599402936957939758e+01 1.367217278155317406e-01
2.679999999999012630e+02 -2.656385612763078896e+01 1.361994281995480560e-01
2.689999999999003535e+02 -2.714510648537219950e+01 1.356717115421032793e-01
2.699999999998994440e+02 -2.773809749256550816e+01 1.351386327383510000e-01
2.709999999998985345e+02 -2.834312193559252790e+01 1.346002570463496195e-01
2.719999999998976250e+02 -2.896044838135566835e+01 1.340566633126003271e-01
2.729999999998967155e+02 -2.959032341944126898e+01 1.335079469877044067e-01
2.739999999998958060e+02 -3.023297604642106506e+01 1.329542227619959216e-01
2.749999999998948965e+02 -3.088862397313479136e+01 1.323956266798013703e-01
2.759999999998939870e+02 -3.155748150249145567e+01 1.318323176320485290e-01
2.769999999998930775e+02 -3.223976853704282064e+01 1.312644781753677936e-01
2.779999999998921680e+02 -3.293572023910032698e+01 1.306923146757500154e-01
2.789999999998912585e+02 -3.364559687925798670e+01 1.301160568203199586e-01
2.799999999998903490e+02 -3.436969346211576948e+01 1.295359565770011490e-01
2.809999999998894396e+02 -3.510834879641508621e+01 1.289522867056012712e-01
2.819999999998885301e+02 -3.586195376496959142e+01 1.283653389340925211e-01
2.829999999998876206e+02 -3.663095863330931934e+01 1.277754219114634049e-01
2.839999999998867111e+02 -3.741587930351744973e+01 1.271828590359379285e-01
2.849999999998858016e+02 -3.821730246359517480e+01 1.265879862379187815e-01
2.859999999998848921e+02 -3.903588959835392558e+01 1.259911497743423647e-01
2.869999999998839826e+02 -3.987237981312345170e+01 1.253927040685328398e-01
2.879999999998830731e+02 -4.072759139085017921e+01 1.247930096097678299e-01
2.889999999998821636e+02 -4.160242192580207643e+01 1.241924309111665931e-01
2.899999999998812541e+02 -4.249784662306133498e+01 1.235913345151946063e-01
2.909999999998803446e+02 -4.341491446455748360e+01 1.229900870331882279e-01
2.919999999998794351e+02 -4.435474157224354741e+01 1.223890532062950343e-01
2.929999999998785256e+02 -4.531850088252047470e+01 1.217885939822231645e-01
2.939999999998776161e+02 -4.630740695721780753e+01 1.211890646136861149e-01
2.949999999998767066e+02 -4.732269439165683167e+01 1.205908127992662282e-01
2.959999999998757971e+02 -4.836558785137465577e+01 1.199941769047831314e-01
2.969999999998748876e+02 -4.943726128430924405e+01 1.193994843222842134e-01
2.979999999998739781e+02 -5.053878334347306378e+01 1.188070500435650240e-01
2.989999999998730686e+02 -5.167104558024414729e+01 1.182171755445710210e-01
2.999999999998721592e+02 -5.283466965050823916e+01 1.176301480946255890e-01
3.009999999998712497e+02 -5.402988981865756557e+01 1.170462406180021869e-01
3.019999999998703402e+02 -5.525640776421862199e+01 1.164657122416689061e-01
3.029999999998694307e+02 -5.651321854014081936e+01 1.158888096574773874e-01
3.039999999998685212e+02 -5.779841006122421021e+01 1.153157694034297881e-01
3.049999999998676117e+02 -5.910894429108853387e+01 1.147468211194262594e-01
3.059999999998667022e+02 -6.044043669830117693e+01 1.141821917504031031e-01
3.069999999998657927e+02 -6.178696126842925906e+01 1.136221105487851823e-01
3.079999999998648832e+02 -6.314091985015619457e+01 1.130668145702827254e-01
3.089999999998639737e+02 -6.449302355730564784e+01 1.125165541762995214e-01
3.099999999998630642e+02 -6.583243523598447666e+01 1.119715978841849396e-01
3.109999999998621547e+02 -6.714710997771247492e+01 1.114322357928011487e-01
3.119999999998612452e+02 -6.842434195430625721e+01 1.108987808137724962e-01
3.129999999998603357e+02 -6.965148303333531032e+01 1.103715671046977126e-01
3.139999999998594262e+02 -7.081675220714537033e+01 1.098509454367881527e-01
3.149999999998585167e+02 -7.191002098837974188e+01 1.093372756850480298e-01
3.159999999998576072e+02 -7.292345345643877863e+01 1.088309171003010029e-01
3.169999999998566977e+02 -7.385190599155860980e+01 1.083322173854547321e-01
3.179999999998557882e+02 -7.469304292849511739e+01 1.078415017581442342e-01
3.189999999998548788e+02 -7.544718257033859743e+01 1.073590631087322084e-01
3.199999999998539693e+02 -7.611693445955818049e+01 1.068851540991782451e-01
3.209999999998530598e+02 -7.670671221705167397e+01 1.064199816842161528e-01
3.219999999998521503e+02 -7.722220588462042201e+01 1.059637041690667802e-01
3.229999999998512408e+02 -7.766988066325201601e+01 1.055164306203366237e-01
3.239999999998503313e+02 -7.805654494845049385e+01 1.050782222531837506e-01
3.249999999998494218e+02 -7.838900759154633135e+01 1.046490953282016578e-01
3.259999999998485123e+02 -7.867382674696430911e+01 1.042290250845139959e-01
3.269999999998476028e+02 -7.891714161798843463e+01 1.038179502826230699e-01
3.279999999998466933e+02 -7.912457300810413585e+01 1.034157780051595948e-01
3.289999999998457838e+02 -7.930117718408145322e+01 1.030223884460414463e-01
3.299999999998448743e+02 -7.945143855514966447e+01 1.026376394962109917e-01
3.309999999998439648e+02 -7.957928883600551728e+01 1.022613710006731319e-01
3.319999999998430553e+02 -7.968814287992624656e+01 1.018934086148020890e-01
3.329999999998421458e+02 -7.978094377962540307e+01 1.015335672281277302e-01
3.339999999998412363e+02 -7.986021191692920240e+01 1.011816539526424752e-01
3.349999999998403268e+02 -7.992809432615268861e+01 1.008374706921471853e-01
3.359999999998394173e+02 -7.998641203069043115e+01 1.005008163213387123e-01
3.369999999998385078e+02 -8.003670396710541013e+01 1.001714885100931096e-01
3.379999999998375984e+02 -8.008026678833154222e+01 9.984928523124930733e-02
3.389999999998366889e+02 -8.011819029912318513e+01 9.953400599037662277e-02
3.399999999998357794e+02 -8.015138857683304252e+01 9.922545281444652976e-02
3.409999999998348699e+02 -8.018062701355701449e+01 9.892343103371992186e-02
3.419999999998339604e+02 -8.020654561659669923e+01 9.862774988799312414e-02
3.429999999998330509e+02 -8.022967894943650435e+01 9.833822298496874836e-02
3.439999999998321414e+02 -8.025047310437230408e+01 9.805466863515623077e-02
3.449999999998312319e+02 -8.026930008434489139e+01 9.777691008450146992e-02
3.459999999998303224e+02 -8.028646994501535517e+01 9.750477566298342003e-02
3.469999999998294129e+02 -8.030224101512749257e+01 9.723809886473917807e-02
3.479999999998285034e+02 -8.031682847797425495e+01 9.697671837289707775e-02
3.489999999998275939e+02 -8.033041156196166810e+01 9.672047804020830752e-02
3.499999999998266844e+02 -8.034313955540355323e+01 9.646922683475414595e-02
3.509999999998257749e+02 -8.035513683062372081e+01 9.622281875844641841e-02
3.519999999998248654e+02 -8.036650703552935227e+01 9.598111274470437493e-02
3.529999999998239559e+02 -8.037733658710695295e+01 9.574397254056050965e-02
3.539999999998230464e+02 -8.038769758064670157e+01 9.551126657749431370e-02
3.549999999998221369e+02 -8.039765021069113970e+01 9.528286783449040065e-02
3.559999999998212274e+02 -8.040724478444980150e+01 9.505865369614678595e-02
3.569999999998203180e+02 -8.041652339543450978e+01 9.483850580810242181e-02
3.579999999998194085e+02 -8.042552131405933835e+01 9.462230993159033432e-02
3.589999999998184990e+02 -8.043426814265369273e+01 9.440995579853946051e-02
3.599999999998175895e+02 -8.044278877450824439e+01 9.420133696833579706e-02
3.609999999998166800e+02 -8.045110419000157265e+01 9.399635068709465135e-02
3.619999999998157705e+02 -8.045923211734678659e+01 9.379489775008625907e-02
3.629999999998148610e+02 -8.046718758088596246e+01 9.359688236778640480e-02
3.639999999998139515e+02 -8.047498335601278541e+01 9.340221203588464083e-02
3.649999999998130420e+02 -8.048263034658772597e+01 9.321079740947275927e-02
3.659999999998121325e+02 -8.049013789803316854e+01 9.302255218154759087e-02
3.669999999998112230e+02 -8.049751405706368246e+01 9.283739296589092749e-02
3.679999999998103135e+02 -8.050476578714894060e+01 9.265523918433483941e-02
3.689999999998094040e+02 -8.051189914726421648e+01 9.247601295837717950e-02
3.699999999998084945e+02 -8.051891944019621405e+01 9.229963900507927310e-02
3.709999999998075850e+02 -8.052583133560648321e+01 9.212604453715363129e-02
3.719999999998066755e+02 -8.053263897216785949e+01 9.195515916712965199e-02
3.729999999998057660e+02 -8.053934604235301720e+01 9.178691481547317232e-02
3.739999999998048565e+02 -8.054595586284166586e+01 9.162124562252815796e-02
3.749999999998039470e+02 -8.055247143300910295e+01 9.145808786414025282e-02
3.759999999998030376e+02 -8.055889548353447083e+01 9.129737987082274520e-02
3.769999999998021281e+02 -8.056523051682016501e+01 9.113906195032246693e-02
3.779999999998012186e+02 -8.057147884062300136e+01 9.098307631344437763e-02
3.789999999998003091e+02 -8.057764259605986013e+01 9.082936700299734656e-02
3.799999999997993996e+02 -8.058372378094789212e+01 9.067787982572422800e-02
3.809999999997984901e+02 -8.058972426927826405e+01 9.052856228708541786e-02
3.819999999997975806e+02 -8.059564582748352279e+01 9.038136352876795232e-02
3.829999999997966711e+02 -8.060149012804468782e+01 9.023623426879741338e-02
3.839999999997957616e+02 -8.060725876089318831e+01 9.009312674413424982e-02
3.849999999997948521e+02 -8.061295324298164644e+01 8.995199465564131247e-02
3.859999999997939426e+02 -8.061857502633517925e+01 8.981279311531434328e-02
3.869999999997930331e+02 -8.062412550484096130e+01 8.967547859567154278e-02
3.879999999997921236e+02 -8.062960601998953791e+01 8.954000888120410007e-02
3.889999999997912141e+02 -8.063501786574353503e+01 8.940634302179249759e-02
3.899999999997903046e+02 -8.064036229268272393e+01 8.927444128799973122e-02
3.909999999997893951e+02 -8.064564051154434310e+01 8.914426512815641634e-02
3.919999999997884856e+02 -8.065085369626068257e+01 8.901577712715537383e-02
3.929999999997875761e+02 -8.065600298657655287e+01 8.888894096688058910e-02
3.939999999997866666e+02 -8.066108949031676900e+01 8.876372138819491053e-02
3.949999999997857572e+02 -8.066611428535971129e+01 8.864008415441899935e-02
3.959999999997848477e+02 -8.067107842136515217e+01 8.851799601623418223e-02
3.969999999997839382e+02 -8.067598292129595450e+01 8.839742467794664549e-02
3.979999999997830287e+02 -8.068082878276599956e+01 8.827833876505278288e-02
3.989999999997821192e+02 -8.068561697924133114e+01 8.816070779304997773e-02
3.999999999997812097e+02 -8.069034846111797776e+01 8.804450213743786335e-02
4.009999999997803002e+02 -8.069502415669394679e+01 8.792969300485910245e-02
4.019999999997793907e+02 -8.069964497305258533e+01 8.781625240533087740e-02
4.029999999997784812e+02 -8.070421179686883306e+01 8.770415312552069798e-02
4.039999999997775717e+02 -8.070872549514989203e+01 8.759336870302257549e-02
4.049999999997766622e+02 -8.071318691591966399e+01 8.748387340159098635e-02
4.059999999997757527e+02 -8.071759688885424566e+01 8.737564218729303167e-02
4.069999999997748432e+02 -8.072195622587418029e+01 8.726865070554098991e-02
4.079999999997739337e+02 -8.072626572170008785e+01 8.716287525896820876e-02
4.089999999997730242e+02 -8.073052615437489976e+01 8.705829278611386390e-02
4.099999999997721147e+02 -8.073473828575770028e+01 8.695488084088456859e-02
4.109999999997712052e+02 -8.073890286199063837e+01 8.685261757276017958e-02
4.119999999997702957e+02 -8.074302061394369900e+01 8.675148170771442013e-02
4.129999999997693862e+02 -8.074709225763781717e+01 8.665145252982141277e-02
4.139999999997684768e+02 -8.075111849464974512e+01 8.655250986352130971e-02
4.149999999997675673e+02 -8.075510001249853076e+01 8.645463405651825084e-02
4.159999999997666578e+02 -8.075903748501733048e+01 8.635780596328575254e-02
4.169999999997657483e+02 -8.076293157270998790e+01 8.626200692915687862e-02
4.179999999997648388e+02 -8.076678292309416918e+01 8.616721877497438009e-02
4.189999999997639293e+02 -8.077059217103196431e+01 8.607342378228068080e-02
4.199999999997630198e+02 -8.077435993904873612e+01 8.598060467902664261e-02
4.209999999997621103e+02 -8.077808683764111208e+01 8.588874462577812674e-02
4.219999999997612008e+02 -8.078177346557407645e+01 8.579782720240264338e-02
4.229999999997602913e+02 -8.078542041016878272e+01 8.570783639521682706e-02
4.239999999997593818e+02 -8.078902824758101531e+01 8.561875658457795968e-02
4.249999999997584723e+02 -8.079259754307064156e+01 8.553057253290170803e-02
4.259999999997575628e+02 -8.079612885126253730e+01 8.544326937309167092e-02
4.269999999997566533e+02 -8.079962271639982418e+01 8.535683259736388806e-02
4.279999999997557438e+02 -8.080307967258977442e+01 8.527124804645211387e-02
4.289999999997548343e+02 -8.080650024404096143e+01 8.518650189917979787e-02
4.299999999997539248e+02 -8.080988494529530897e+01 8.510258066238508834e-02
4.309999999997530153e+02 -8.081323428145209675e+01 8.501947116118539760e-02
4.319999999997521059e+02 -8.081654874838559977e+01 8.493716052957053786e-02
4.329999999997511964e+02 -8.081982883295734155e+01 8.485563620130998075e-02
4.339999999997502869e+02 -8.082307501322088683e+01 8.477488590116516454e-02
4.349999999997493774e+02 -8.082628775862242776e+01 8.469489763639422020e-02
4.359999999997484679e+02 -8.082946753019477626e+01 8.461565968853924924e-02
4.369999999997475584e+02 -8.083261478074632578e+01 8.453716060548568945e-02
4.379999999997466489e+02 -8.083572995504458447e+01 8.445938919378362386e-02
4.389999999997457394e+02 -8.083881348999496197e+01 8.438233451122235940e-02
4.399999999997448299e+02 -8.084186581481459655e+01 8.430598585964904634e-02
4.409999999997439204e+02 -8.084488735120132219e+01 8.423033277802173535e-02
4.419999999997430109e+02 -8.084787851349861398e+01 8.415536503568972482e-02
4.429999999997421014e+02 -8.085083970885528970e+01 8.408107262589249731e-02
4.439999999997411919e+02 -8.085377133738201394e+01 8.400744575946948733e-02
4.449999999997402824e+02 -8.085667379230255847e+01 8.393447485877361669e-02
4.459999999997393729e+02 -8.085954746010206406e+01 8.386215055178061761e-02
4.469999999997384634e+02 -8.086239272067082595e+01 8.379046366638893961e-02
4.479999999997375539e+02 -8.086520994744466861e+01 8.371940522490071979e-02
4.489999999997366444e+02 -8.086799950754155475e+01 8.364896643868133252e-02
4.499999999997357349e+02 -8.087076176189469834e+01 8.357913870298719350e-02
4.509999999997348255e+02 -8.087349706538209659e+01 8.350991359195938935e-02
4.519999999997339160e+02 -8.087620576695317709e+01 8.344128285377500065e-02
4.529999999997330065e+02 -8.087888820975209114e+01 8.337323840595209368e-02
4.539999999997320970e+02 -8.088154473123744026e+01 8.330577233080278809e-02
4.549999999997311875e+02 -8.088417566329979991e+01 8.323887687102844712e-02
4.559999999997302780e+02 -8.088678133237577583e+01 8.317254442545347903e-02
4.569999999997293685e+02 -8.088936205955909031e+01 8.310676754489160212e-02
4.579999999997284590e+02 -8.089191816070939467e+01 8.304153892814122861e-02
4.589999999997275495e+02 -8.089444994655821120e+01 8.297685141810512421e-02
4.599999999997266400e+02 -8.089695772281218922e+01 8.291269799802941654e-02
4.609999999997257305e+02 -8.089944179025400217e+01 8.284907178785934356e-02
4.619999999997248210e+02 -8.090190244484064408e+01 8.278596604070632969e-02
4.629999999997239115e+02 -8.090433997779921071e+01 8.272337413942359996e-02
4.639999999997230020e+02 -8.090675467572094703e+01 8.266128959328644665e-02
4.649999999997220925e+02 -8.090914682065250929e+01 8.259970603477302664e-02
4.659999999997211830e+02 -8.091151669018506709e+01 8.253861721644339955e-02
4.669999999997202735e+02 -8.091386455754175699e+01 8.247801700791250468e-02
4.679999999997193640e+02 -8.091619069166233658e+01 8.241789939291456479e-02
4.689999999997184545e+02 -8.091849535728680110e+01 8.235825846645553061e-02
4.699999999997175451e+02 -8.092077881503601589e+01 8.229908843205108182e-02
4.709999999997166356e+02 -8.092304132149116924e+01 8.224038359904622952e-02
4.719999999997157261e+02 -8.092528312927125000e+01 8.218213838001568738e-02
4.729999999997148166e+02 -8.092750448710856404e+01 8.212434728824029306e-02
4.739999999997139071e+02 -8.092970563992237487e+01 8.206700493525863338e-02
4.749999999997129976e+02 -8.093188682889166330e+01 8.201010602849029274e-02
4.759999999997120881e+02 -8.093404829152501634e+01 8.195364536892879581e-02
4.769999999997111786e+02 -8.093619026173017517e+01 8.189761784890220442e-02
4.779999999997102691e+02 -8.093831296988069823e+01 8.184201844989867636e-02
4.789999999997093596e+02 -8.094041664288232596e+01 8.178684224045518203e-02
4.799999999997084501e+02 -8.094250150423745538e+01 8.173208437410714455e-02
4.809999999997075406e+02 -8.094456777410741211e+01 8.167774008739732416e-02
4.819999999997066311e+02 -8.094661566937460861e+01 8.162380469794100479e-02
4.829999999997057216e+02 -8.094864540370248562e+01 8.157027360254816284e-02
4.839999999997048121e+02 -8.095065718759433082e+01 8.151714227539701152e-02
4.849999999997039026e+02 -8.095265122845093231e+01 8.146440626626097470e-02
4.859999999997029931e+02 -8.095462773062673989e+01 8.141206119878484360e-02
4.869999999997020836e+02 -8.095658689548496056e+01 8.136010276881000536e-02
4.879999999997011741e+02 -8.095852892145148871e+01 8.130852674274594016e-02
4.889999999997002647e+02 -8.096045400406751469e+01 8.125732895598765382e-02
4.899999999996993552e+02 -8.096236233604092547e+01 8.120650531137738048e-02
4.909999999996984457e+02 -8.096425410729736427e+01 8.115605177770816858e-02
4.919999999996975362e+02 -8.096612950502903061e+01 8.110596438826932209e-02
4.929999999996966267e+02 -8.096798871374296880e+01 8.105623923943135190e-02
4.939999999996957172e+02 -8.096983191530870272e+01 8.100687248927028461e-02
4.949999999996948077e+02 -8.097165928900437848e+01 8.095786035622852539e-02
4.959999999996938982e+02 -8.097347101156216809e+01 8.090919911781314922e-02
4.969999999996929887e+02 -8.097526725721257890e+01 8.086088510932837314e-02
4.979999999996920792e+02 -8.097704819772768303e+01 8.081291472264280629e-02
4.989999999996911697e+02 -8.097881400246416206e+01 8.076528440498943751e-02
4.999999999996902602e+02 -8.098056483840456110e+01 8.071799065779748650e-02
5.000000000000000000e+02 -8.098056483840510111e+01 8.071799065778288707e-02
