1.000000000000000666e+00 -7.217003539729454076e+01 7.359460667400762046e-02
2.000000000000001332e+00 -6.327731443598803907e+01 7.362430926564224321e-02
2.999999999999980016e+00 -6.991548764508059399e+00 7.372583715597294529e-02
3.999999999999958700e+00 3.630568390533252199e+01 7.885672809345822820e-02
4.999999999999937828e+00 3.023536442162993509e+01 9.224185955348998545e-02
5.999999999999916511e+00 2.566057367569845837e+01 1.107246988024702672e-01
6.999999999999895195e+00 2.288433238974289807e+01 1.303752591219666523e-01
7.999999999999873879e+00 2.144183531242562069e+01 1.479795094402183431e-01
8.999999999999852562e+00 2.085296415675654202e+01 1.619712812497770549e-01
9.999999999999831246e+00 2.076939865823975850e+01 1.722006697389238117e-01
1.099999999999980993e+01 2.096600305890499172e+01 1.792692990722267177e-01
1.199999999999978861e+01 2.130485239506694484e+01 1.839943606487721983e-01
1.299999999999976730e+01 2.170407829073398887e+01 1.871259239390919149e-01
1.399999999999974598e+01 2.211613458964626133e+01 1.892469259512513935e-01
1.499999999999972466e+01 2.251372658962393558e+01 1.907666168166381182e-01
1.599999999999970335e+01 2.288100867360523338e+01 1.919501191098348103e-01
1.699999999999985789e+01 2.320816971031197440e+01 1.929557127367140246e-01
1.800000000000001421e+01 2.348808842807864039e+01 1.938682156755075214e-01
1.900000000000017053e+01 2.371416649419463596e+01 1.947248043339756540e-01
2.000000000000032685e+01 2.387875011111356471e+01 1.955329585847100649e-01
2.100000000000048317e+01 2.397180502687298187e+01 1.962815510987344636e-01
2.200000000000063949e+01 2.397990556445664012e+01 1.969469639784183768e-01
2.300000000000079581e+01 2.388666016818863014e+01 1.974976709314293921e-01
2.400000000000095213e+01 2.367822168011637984e+01 1.979032172793644684e-01
2.500000000000110845e+01 2.335871533523631172e+01 1.981515543094574394e-01
2.600000000000126477e+01 2.296560961377124599e+01 1.982620532494191179e-01
2.700000000000142109e+01 2.255445697226861412e+01 1.982735019807272125e-01
2.800000000000157740e+01 2.216410448833593705e+01 1.982215639987159606e-01
2.900000000000173372e+01 2.180772504310838400e+01 1.981310321703390331e-01
3.000000000000189004e+01 2.148476686333483343e+01 1.980183032255885545e-01
3.100000000000204636e+01 2.119106645800539113e+01 1.978943231227544841e-01
3.200000000000220268e+01 2.092273045477181981e+01 1.977662880050502225e-01
3.300000000000200373e+01 2.067682081146793749e+01 1.976387261965262543e-01
3.400000000000180478e+01 2.045108652733685517e+01 1.975143036875551539e-01
3.500000000000160583e+01 2.024361822259493593e+01 1.973944292047231652e-01
3.600000000000140687e+01 2.005264178219024274e+01 1.972796867539023113e-01
3.700000000000120792e+01 1.987644080329861396e+01 1.971701329824253890e-01
3.800000000000100897e+01 1.971335181654907487e+01 1.970654985877550724e-01
3.900000000000081002e+01 1.956178756863512547e+01 1.969653246462525209e-01
4.000000000000061107e+01 1.942026350571406113e+01 1.968690547784692213e-01
4.100000000000041211e+01 1.928741707421445994e+01 1.967760966787749921e-01
4.200000000000021316e+01 1.916201743551873804e+01 1.966858619726985502e-01
4.300000000000001421e+01 1.904296673317823263e+01 1.965977906690279386e-01
4.399999999999981526e+01 1.892929516755410546e+01 1.965113647884724757e-01
4.499999999999961631e+01 1.882015212740594379e+01 1.964261145811148634e-01
4.599999999999941735e+01 1.871479520799250196e+01 1.963416198611992181e-01
4.699999999999921840e+01 1.861257844655937532e+01 1.962575082960473782e-01
4.799999999999901945e+01 1.851294066498154578e+01 1.961734519460211768e-01
4.899999999999882050e+01 1.841539446558464022e+01 1.960891629404585557e-01
4.999999999999862155e+01 1.831951617796372389e+01 1.960043888693291936e-01
5.099999999999842260e+01 1.822493688546060753e+01 1.959189082513680957e-01
5.199999999999822364e+01 1.813133455076572176e+01 1.958325262873119033e-01
5.299999999999802469e+01 1.803842719394846483e+01 1.957450710047258235e-01
5.399999999999782574e+01 1.794596703966094609e+01 1.956563898348833985e-01
5.499999999999762679e+01 1.785373553330506269e+01 1.955663466214559443e-01
5.599999999999742784e+01 1.776153912145985103e+01 1.954748190372815608e-01
5.699999999999722888e+01 1.766920569490129012e+01 1.953816963733578937e-01
5.799999999999702993e+01 1.757658159978984003e+01 1.952868776593242595e-01
5.899999999999683098e+01 1.748352913188796265e+01 1.951902700742403352e-01
5.999999999999663203e+01 1.738992443863195092e+01 1.950917876085532243e-01
6.099999999999643308e+01 1.729565576369185820e+01 1.949913499415391605e-01
6.199999999999623412e+01 1.720062197784311664e+01 1.948888815024504839e-01
6.299999999999603517e+01 1.710473134830805364e+01 1.947843106876135655e-01
6.399999999999583622e+01 1.700790050611692905e+01 1.946775692095525645e-01
6.499999999999634781e+01 1.691005357748752402e+01 1.945685915577075598e-01
6.599999999999685940e+01 1.681112145078051867e+01 1.944573145534369274e-01
6.699999999999737099e+01 1.671104115533337264e+01 1.943436769847020351e-01
6.799999999999788258e+01 1.660975533249801117e+01 1.942276193081777791e-01
6.899999999999839417e+01 1.650721178259506772e+01 1.941090834085255623e-01
6.999999999999890576e+01 1.640336307433727470e+01 1.939880124062531574e-01
7.099999999999941735e+01 1.629816620564554341e+01 1.938643505070045681e-01
7.199999999999992895e+01 1.619158230675342836e+01 1.937380428863126336e-01
7.300000000000044054e+01 1.608357637813066177e+01 1.936090356048360273e-01
7.400000000000095213e+01 1.597411705710939955e+01 1.934772755499301056e-01
7.500000000000146372e+01 1.586317640821212827e+01 1.933427104000811914e-01
7.600000000000197531e+01 1.575072973309836399e+01 1.932052886093023891e-01
7.700000000000248690e+01 1.563675539680138193e+01 1.930649594090546040e-01
7.800000000000299849e+01 1.552123466754357040e+01 1.929216728256420987e-01
7.900000000000351008e+01 1.540415156792397688e+01 1.927753797113458401e-01
8.000000000000402167e+01 1.528549273568349420e+01 1.926260317878161488e-01
8.100000000000453326e+01 1.516524729258820692e+01 1.924735817004564753e-01
8.200000000000504485e+01 1.504340672024350134e+01 1.923179830826997616e-01
8.300000000000555644e+01 1.491996474187207156e+01 1.921591906292129670e-01
8.400000000000606803e+01 1.479491720926702669e+01 1.919971601771749414e-01
8.500000000000657963e+01 1.466826199427489108e+01 1.918318487948558193e-01
8.600000000000709122e+01 1.453999888427908971e+01 1.916632148767905552e-01
8.700000000000760281e+01 1.441012948124682502e+01 1.914912182448879063e-01
8.800000000000811440e+01 1.427865710397725074e+01 1.913158202548480291e-01
8.900000000000862599e+01 1.414558669324772922e+01 1.911369839072863397e-01
9.000000000000913758e+01 1.401092471960322428e+01 1.909546739629733036e-01
9.100000000000964917e+01 1.387467909357171081e+01 1.907688570616029311e-01
9.200000000001016076e+01 1.373685907811926299e+01 1.905795018435042232e-01
9.300000000001067235e+01 1.359747520318349068e+01 1.903865790736993802e-01
9.400000000001118394e+01 1.345653918214385492e+01 1.901900617677040328e-01
9.500000000001169553e+01 1.331406383010434702e+01 1.899899253184493264e-01
9.600000000001220712e+01 1.317006298387768304e+01 1.897861476236899769e-01
9.700000000001271871e+01 1.302455142357212736e+01 1.895787092132450724e-01
9.800000000001323031e+01 1.287754479569222177e+01 1.893675933753978802e-01
9.900000000001374190e+01 1.272905953767399900e+01 1.891527862817679317e-01
1.000000000000142535e+02 1.257911280378329266e+01 1.889342771099450924e-01
1.010000000000147651e+02 1.242772239231378428e+01 1.887120581631652194e-01
1.020000000000152767e+02 1.227490667402829949e+01 1.884861249862908039e-01
1.030000000000157883e+02 1.212068452179398825e+01 1.882564764773486388e-01
1.040000000000162999e+02 1.196507524136862699e+01 1.880231149938690616e-01
1.050000000000168114e+02 1.180809850330168231e+01 1.877860464532695450e-01
1.060000000000173230e+02 1.164977427591983350e+01 1.875452804265203277e-01
1.070000000000178346e+02 1.149012275937287164e+01 1.873008302243384937e-01
1.080000000000183462e+02 1.132916432072138946e+01 1.870527129751619055e-01
1.090000000000188578e+02 1.116691943005302257e+01 1.868009496941732406e-01
1.100000000000193694e+02 1.100340859761949375e+01 1.865455653426571492e-01
1.110000000000198810e+02 1.083865231199080270e+01 1.862865888770042500e-01
1.120000000000203926e+02 1.067267097922775321e+01 1.860240532867021845e-01
1.130000000000209042e+02 1.050548486307737406e+01 1.857579956206886207e-01
1.140000000000214158e+02 1.033711402619927355e+01 1.854884570014891376e-01
1.150000000000219273e+02 1.016757827243367984e+01 1.852154826265993981e-01
1.160000000000224389e+02 9.996897090123841423e+00 1.849391217566319634e-01
1.170000000000229505e+02 9.825089596507222467e+00 1.846594276898012310e-01
1.180000000000234621e+02 9.652174483190524512e+00 1.843764577223795664e-01
1.190000000000239737e+02 9.478169962723852038e+00 1.840902730948315025e-01
1.200000000000244853e+02 9.303093716288890036e+00 1.838009389233934976e-01
1.210000000000249969e+02 9.126962842514723562e+00 1.835085241169472636e-01
1.220000000000255085e+02 8.949793807433295001e+00 1.832131012791093638e-01
1.230000000000260201e+02 8.771602395583855127e+00 1.829147465955378027e-01
1.240000000000265317e+02 8.592403662273005338e+00 1.826135397065354327e-01
1.250000000000270433e+02 8.412211886993102183e+00 1.823095635651172663e-01
1.260000000000275548e+02 8.231040527997926404e+00 1.820029042807822517e-01
1.270000000000280664e+02 8.048902178029740284e+00 1.816936509493183305e-01
1.280000000000285638e+02 7.865808521186883340e+00 1.813818954690451235e-01
1.290000000000276543e+02 7.681770290915990174e+00 1.810677323439783826e-01
1.300000000000267448e+02 7.496797229105595761e+00 1.807512584744744299e-01
1.310000000000258353e+02 7.310898046255823068e+00 1.804325729359868569e-01
1.320000000000249258e+02 7.124080382687464130e+00 1.801117767466325070e-01
1.330000000000240163e+02 6.936350770751475991e+00 1.797889726243276365e-01
1.340000000000231068e+02 6.747714597991837593e+00 1.794642647343122899e-01
1.350000000000221974e+02 6.558176071208801083e+00 1.791377584279337798e-01
1.360000000000212879e+02 6.367738181363024275e+00 1.788095599736033159e-01
1.370000000000203784e+02 6.176402669255140587e+00 1.784797762808783550e-01
1.380000000000194689e+02 5.984169991909184638e+00 1.781485146186543300e-01
1.390000000000185594e+02 5.791039289582458949e+00 1.778158823284739232e-01
1.400000000000176499e+02 5.597008353319006702e+00 1.774819865339735681e-01
1.410000000000167404e+02 5.402073592958789305e+00 1.771469338475034627e-01
1.420000000000158309e+02 5.206230005509634218e+00 1.768108300749459683e-01
1.430000000000149214e+02 5.009471143784940850e+00 1.764737799197603485e-01
1.440000000000140119e+02 4.811789085206125804e+00 1.761358866872614615e-01
1.450000000000131024e+02 4.613174400665428720e+00 1.757972519901164765e-01
1.460000000000121929e+02 4.413616123341939534e+00 1.754579754560217364e-01
1.470000000000112834e+02 4.213101717361459109e+00 1.751181544384763367e-01
1.480000000000103739e+02 4.011617046189260627e+00 1.747778837315355771e-01
1.490000000000094644e+02 3.809146340643859929e+00 1.744372552893752593e-01
1.500000000000085549e+02 3.605672166419786162e+00 1.740963579514470394e-01
1.510000000000076454e+02 3.401175391007792204e+00 1.737552771739492574e-01
1.520000000000067359e+02 3.195635149902435579e+00 1.734140947682769052e-01
1.530000000000058265e+02 2.989028811989083767e+00 1.730728886470478123e-01
1.540000000000049170e+02 2.781331944005595691e+00 1.727317325782448676e-01
1.550000000000040075e+02 2.572518273978059877e+00 1.723906959479381829e-01
1.560000000000030980e+02 2.362559653535104331e+00 1.720498435319911534e-01
1.570000000000021885e+02 2.151426019011672963e+00 1.717092352770817620e-01
1.580000000000012790e+02 1.939085351260788403e+00 1.713689260913094092e-01
1.590000000000003695e+02 1.725503634100643113e+00 1.710289656445885820e-01
1.599999999999994600e+02 1.510644811334972859e+00 1.706893981789724402e-01
1.609999999999985505e+02 1.294470742296621957e+00 1.703502623289892548e-01
1.619999999999976410e+02 1.076941155878233802e+00 1.700115909520220903e-01
1.629999999999967315e+02 8.580136030298769478e-01 1.696734109687098868e-01
1.639999999999958220e+02 6.376434077216122098e-01 1.693357432133101304e-01
1.649999999999949125e+02 4.157836163897261073e-01 1.689986022939196086e-01
1.659999999999940030e+02 1.923849459087212388e-01 1.686619964624264112e-01
1.669999999999930935e+02 -3.260426984219676194e-02 1.683259274940411832e-01
1.679999999999921840e+02 -2.592381347194679941e-01 1.679903905762405447e-01
1.689999999999912745e+02 -4.875732462298258407e-01 1.676553742069586128e-01
1.699999999999903650e+02 -7.176687524485093617e-01 1.673208601018623953e-01
1.709999999999894555e+02 -9.495864097274825388e-01 1.669868231105673118e-01
1.719999999999885461e+02 -1.183390640931851756e+00 1.666532311416763779e-01
1.729999999999876366e+02 -1.419148593888497123e+00 1.663200450965711119e-01
1.739999999999867271e+02 -1.656930199670456627e+00 1.659872188119306813e-01
1.749999999999858176e+02 -1.896808230272698736e+00 1.656546990110290551e-01
1.759999999999849081e+02 -2.138858355159141134e+00 1.653224252639378111e-01
1.769999999999839986e+02 -2.383159196076594100e+00 1.649903299568650783e-01
1.779999999999830891e+02 -2.629792379437154271e+00 1.646583382709637111e-01
1.789999999999821796e+02 -2.878842585466686366e+00 1.643263681710857849e-01
1.799999999999812701e+02 -3.130397593201659223e+00 1.639943304050918427e-01
1.809999999999803606e+02 -3.384548320289629153e+00 1.636621285144979066e-01
1.819999999999794511e+02 -3.641388856409117469e+00 1.633296588574174313e-01
1.829999999999785416e+02 -3.901016488971767782e+00 1.629968106449580789e-01
1.839999999999776321e+02 -4.163531719603741799e+00 1.626634659924461601e-01
1.849999999999767226e+02 -4.429038269723498900e+00 1.623294999870881772e-01
1.859999999999758131e+02 -4.697643073340192821e+00 1.619947807739257339e-01
1.869999999999749036e+02 -4.969456254992008937e+00 1.616591696622043384e-01
1.879999999999739941e+02 -5.244591090528127886e+00 1.613225212545558174e-01
1.889999999999730846e+02 -5.523163948213120733e+00 1.609846836016789462e-01
1.899999999999721751e+02 -5.805294207410541141e+00 1.606454983854919971e-01
1.909999999999712657e+02 -6.091104151870103678e+00 1.603048011340344192e-01
1.919999999999703562e+02 -6.380718834435754161e+00 1.599624214716743320e-01
1.929999999999694467e+02 -6.674265909796320173e+00 1.596181834084571260e-01
1.939999999999685372e+02 -6.971875431745319318e+00 1.592719056726847604e-01
1.949999999999676277e+02 -7.273679611316038240e+00 1.589234020910302025e-01
1.959999999999667182e+02 -7.579812532137505166e+00 1.585724820206627361e-01
1.969999999999658087e+02 -7.890409819446867701e+00 1.582189508379577281e-01
1.979999999999648992e+02 -8.205608259431800278e+00 1.578626104883815717e-01
1.989999999999639897e+02 -8.525545366008602244e+00 1.575032601020471823e-01
1.999999999999630802e+02 -8.850358892821908796e+00 1.571406966791968896e-01
2.009999999999621707e+02 -9.180186289243557951e+00 1.567747158494686710e-01
2.019999999999612612e+02 -9.515164100521383617e+00 1.564051127081944326e-01
2.029999999999603517e+02 -9.855427314061092403e+00 1.560316827321268085e-01
2.039999999999594422e+02 -1.020110865619492557e+01 1.556542227758627439e-01
2.049999999999585327e+02 -1.055233784677495201e+01 1.552725321487752053e-01
2.059999999999576232e+02 -1.090924082259200034e+01 1.548864137704409338e-01
2.069999999999567137e+02 -1.127193894500351234e+01 1.544956754003365407e-01
2.079999999999558042e+02 -1.164054821225780323e+01 1.541001309349102899e-01
2.089999999999548947e+02 -1.201517850277367394e+01 1.536996017620382293e-01
2.099999999999539853e+02 -1.239593288194132725e+01 1.532939181593100664e-01
2.109999999999530758e+02 -1.278290701161888698e+01 1.528829207186146177e-01
2.119999999999521663e+02 -1.317618870805514142e+01 1.524664617751581575e-01
2.129999999999512568e+02 -1.357585769997996827e+01 1.520444068144588268e-01
2.139999999999503473e+02 -1.398198564343291395e+01 1.516166358261924196e-01
2.149999999999494378e+02 -1.439463645277137438e+01 1.511830445692347313e-01
2.159999999999485283e+02 -1.481386700732798722e+01 1.507435457081625074e-01
2.169999999999476188e+02 -1.523972828942511804e+01 1.502980697781903796e-01
2.179999999999467093e+02 -1.567226700097060110e+01 1.498465659334816957e-01
2.189999999999457998e+02 -1.611152769183827971e+01 1.493890024334309785e-01
2.199999999999448903e+02 -1.655755541309276424e+01 1.489253668233724570e-01
2.209999999999439808e+02 -1.701039888163317215e+01 1.484556657706904703e-01
2.219999999999430713e+02 -1.747011411027313343e+01 1.479799245248793194e-01
2.229999999999421618e+02 -1.793676841951938172e+01 1.474981859809859908e-01
2.239999999999412523e+02 -1.841044470592229132e+01 1.470105093401422036e-01
2.249999999999403428e+02 -1.889124579915275959e+01 1.465169683783662524e-01
2.259999999999394333e+02 -1.937929869895605250e+01 1.460176493550240373e-01
2.269999999999385238e+02 -1.987475844759070043e+01 1.455126486144851239e-01
2.279999999999376143e+02 -2.037781136762007961e+01 1.450020699574594008e-01
2.289999999999367049e+02 -2.088867738374640837e+01 1.444860218808221297e-01
2.299999999999357954e+02 -2.140761115566758477e+01 1.439646148047222241e-01
2.309999999999348859e+02 -2.193490178131821722e+01 1.434379584215240699e-01
2.319999999999339764e+02 -2.247087089004079274e+01 1.429061593106886741e-01
2.329999999999330669e+02 -2.301586903515490334e+01 1.423693189651224489e-01
2.339999999999321574e+02 -2.357027041410942658e+01 1.418275323661372100e-01
2.349999999999312479e+02 -2.413446608689262973e+01 1.412808872247706127e-01
2.359999999999303384e+02 -2.470885601951666999e+01 1.407294639763322919e-01
2.369999999999294289e+02 -2.529384043362713896e+01 1.401733365732690806e-01
2.379999999999285194e+02 -2.588981107518362990e+01 1.396125740706927187e-01
2.389999999999276099e+02 -2.649714310257733274e+01 1.390472429426112821e-01
2.399999999999267004e+02 -2.711618831616605618e+01 1.384774100099401550e-01
2.409999999999257909e+02 -2.774727039387443028e+01 1.379031458097584317e-01
2.419999999999248814e+02 -2.839068265875238950e+01 1.373245281954436070e-01
2.429999999999239719e+02 -2.904668869695971622e+01 1.367416459350362101e-01
2.439999999999230624e+02 -2.971552589491436436e+01 1.361546020744603680e-01
2.449999999999221529e+02 -3.039741170799636549e+01 1.355635168541989843e-01
2.459999999999212434e+02 -3.109255224758765479e+01 1.349685300104980779e-01
2.469999999999203339e+02 -3.180115260903661678e+01 1.343698023497082172e-01
2.479999999999194245e+02 -3.252342827801052749e+01 1.337675165492106799e-01
2.489999999999185150e+02 -3.325961694851903161e+01 1.331618772018930696e-01
2.499999999999176055e+02 -3.400999015034948769e+01 1.325531101754373886e-01
2.509999999999166960e+02 -3.477486419487182445e+01 1.319414613970138206e-01
2.519999999999157865e+02 -3.555461008068284201e+01 1.313271951954896044e-01
2.529999999999148770e+02 -3.634966213055541573e+01 1.307105923371913170e-01
2.539999999999139675e+02 -3.716052524000655666e+01 1.300919478802950169e-01
2.549999999999130580e+02 -3.798778069329505769e+01 1.294715689514402135e-01
2.559999999999121485e+02 -3.883209053856166548e+01 1.288497725210853151e-01
2.569999999999112674e+02 -3.969420050818987988e+01 1.282268832261270475e-01
2.579999999999103579e+02 -4.057494143159999567e+01 1.276032312631794619e-01
2.589999999999094484e+02 -4.147522902983778437e+01 1.269791503560100121e-01
2.599999999999085389e+02 -4.239606168542249520e+01 1.263549757879325608e-01
2.609999999999076294e+02 -4.333851584900954634e+01 1.257310424855929698e-01
2.619999999999067199e+02 -4.430373841663190859e+01 1.251076831413108215e-01
2.629999999999058105e+02 -4.529293511651697202e+01 1.244852263685506527e-01
2.639999999999049010e+02 -4.630735363715177044e+01 1.238639948978951660e-01
2.649999999999039915e+02 -4.734825982622138696e+01 1.232443038374301386e-01
2.659999999999030820e+02 -4.841690482097788362e+01 1.226264590406576510e-01
2.669999999999021725e+02 -4.951448044534573967e+01 1.220107556458455006e-01
2.679999999999012630e+02 -5.064205966288925254e+01 1.213974768719972702e-01
2.689999999999003535e+02 -5.180051838405353948e+01 1.207868931770774146e-01
2.699999999998994440e+02 -5.299043463271990362e+01 1.201792619019903668e-01
2.709999999998985345e+02 -5.421196121932081979e+01 1.195748275365327018e-01
2.719999999998976250e+02 -5.546466901136780336e+01 1.189738227473417509e-01
2.729999999998967155e+02 -5.674736014659913508e+01 1.183764702973655186e-01
2.739999999998958060e+02 -5.805785472004117764e+01 1.177829859544649166e-01
2.749999999998948965e+02 -5.939276119429918310e+01 1.171935824250094904e-01
2.759999999998939870e+02 -6.074725031185644752e+01 1.166084742486360182e-01
2.769999999998930775e+02 -6.211486407512600749e+01 1.160278834482346005e-01
2.779999999998921680e+02 -6.348740335092931275e+01 1.154520455491697406e-01
2.789999999998912585e+02 -6.485494577542623063e+01 1.148812153836472338e-01
2.799999999998903490e+02 -6.620604403172799834e+01 1.143156719202531035e-01
2.809999999998894396e+02 -6.752813740055928804e+01 1.137557212639398879e-01
2.819999999998885301e+02 -6.880817440218616809e+01 1.132016970220060537e-01
2.829999999998876206e+02 -7.003339634317769935e+01 1.126539574694128132e-01
2.839999999998867111e+02 -7.119218413790751754e+01 1.121128793632942683e-01
2.849999999998858016e+02 -7.227484182889931219e+01 1.115788487762925385e-01
2.859999999998848921e+02 -7.327419366384623345e+01 1.110522498143926562e-01
2.869999999998839826e+02 -7.418590906000628138e+01 1.105334524236253335e-01
2.879999999998830731e+02 -7.500852873370095608e+01 1.100228005847353613e-01
2.889999999998821636e+02 -7.574322504768393571e+01 1.095206020389521417e-01
2.899999999998812541e+02 -7.639337180088200796e+01 1.090271203497044927e-01
2.909999999998803446e+02 -7.696401474382486185e+01 1.085425696919456034e-01
2.919999999998794351e+02 -7.746132659249568064e+01 1.080671123751587026e-01
2.929999999998785256e+02 -7.789210850339003400e+01 1.076008588153024997e-01
2.939999999998776161e+02 -7.826337409084274555e+01 1.071438694988114393e-01
2.949999999998767066e+02 -7.858202942100071198e+01 1.066961584181411460e-01
2.959999999998757971e+02 -7.885464633677476343e+01 1.062576974751016368e-01
2.969999999998748876e+02 -7.908731718674017941e+01 1.058284214134633944e-01
2.979999999998739781e+02 -7.928557515285136503e+01 1.054082329290593895e-01
2.989999999998730686e+02 -7.945436407133085766e+01 1.049970076949649778e-01
2.999999999998721592e+02 -7.959804332297878204e+01 1.045945991202543029e-01
3.009999999998712497e+02 -7.972041589256181737e+01 1.042008427282174604e-01
3.019999999998703402e+02 -7.982477035755304939e+01 1.038155600926151112e-01
3.029999999998694307e+02 -7.991392998967762651e+01 1.034385623095481904e-01
3.039999999998685212e+02 -7.999030417999782117e+01 1.030696530098749730e-01
3.049999999998676117e+02 -8.005593899775013256e+01 1.027086309351123439e-01
3.059999999998667022e+02 -8.011256489845990814e+01 1.023552921106203051e-01
3.069999999998657927e+02 -8.016164046935276133e+01 1.020094316554776975e-01
3.079999999998648832e+02 -8.020439170734915990e+01 1.016708452703686538e-01
3.089999999998639737e+02 -8.024184672978822164e+01 1.013393304442201936e-01
3.099999999998630642e+02 -8.027486607388448192e+01 1.010146874181713228e-01
3.109999999998621547e+02 -8.030416889060325047e+01 1.006967199423797893e-01
3.119999999998612452e+02 -8.033035541507959465e+01 1.003852358576489134e-01
3.129999999998603357e+02 -8.035392612340812946e+01 1.000800475302104503e-01
3.139999999998594262e+02 -8.037529798227930655e+01 9.978097216443619633e-02
3.149999999998585167e+02 -8.039481817598456814e+01 9.948783201489412586e-02
3.159999999998576072e+02 -8.041277566326790804e+01 9.920045451609788012e-02
3.169999999998566977e+02 -8.042941088001822436e+01 9.891867234554088673e-02
3.179999999998557882e+02 -8.044492386649305615e+01 9.864232343316892138e-02
3.189999999998548788e+02 -8.045948106183557513e+01 9.837125092832094131e-02
3.199999999998539693e+02 -8.047322097533695739e+01 9.810530313332747887e-02
3.209999999998530598e+02 -8.048625891380136466e+01 9.784433341138146223e-02
3.219999999998521503e+02 -8.049869091768168516e+01 9.758820007495538906e-02
3.229999999998512408e+02 -8.051059703531531397e+01 9.733676625990565767e-02
3.239999999998503313e+02 -8.052204404438965923e+01 9.708989978944827792e-02
3.249999999998494218e+02 -8.053308771243061415e+01 9.684747303139612518e-02
3.259999999998485123e+02 -8.054377467332298579e+01 9.660936275137803342e-02
3.269999999998476028e+02 -8.055414398432964163e+01 9.637544996421232302e-02
3.279999999998466933e+02 -8.056422841747887276e+01 9.614561978514864216e-02
3.289999999998457838e+02 -8.057405553026822531e+01 9.591976128231805010e-02
3.299999999998448743e+02 -8.058364855314140129e+01 9.569776733142373870e-02
3.309999999998439648e+02 -8.059302712491736997e+01 9.547953447345393363e-02
3.319999999998430553e+02 -8.060220790210588859e+01 9.526496277599519336e-02
3.329999999998421458e+02 -8.061120506365965355e+01 9.505395569855903948e-02
3.339999999998412363e+02 -8.062003072906270518e+01 9.484641996220273541e-02
3.349999999998403268e+02 -8.062869530461084366e+01 9.464226542362122463e-02
3.359999999998394173e+02 -8.063720777021056563e+01 9.444140495379980960e-02
3.369999999998385078e+02 -8.064557591691753657e+01 9.424375432125520202e-02
3.379999999998375984e+02 -8.065380654368739499e+01 9.404923207983915956e-02
3.389999999998366889e+02 -8.066190562036098299e+01 9.385775946103988576e-02
3.399999999998357794e+02 -8.066987842270008002e+01 9.366926027068825378e-02
3.409999999998348699e+02 -8.067772964429238414e+01 9.348366078995193340e-02
3.419999999998339604e+02 -8.068546348931432988e+01 9.330088968048681763e-02
3.429999999998330509e+02 -8.069308374945366324e+01 9.312087789360397327e-02
3.439999999998321414e+02 -8.070059386772604171e+01 9.294355858330261011e-02
3.449999999998312319e+02 -8.070799699144754413e+01 9.276886702301956333e-02
3.459999999998303224e+02 -8.071529601623400652e+01 9.259674052593935833e-02
3.469999999998294129e+02 -8.072249362257564087e+01 9.242711836871647657e-02
3.479999999998285034e+02 -8.072959230626877059e+01 9.225994171845718073e-02
3.489999999998275939e+02 -8.073659440376272300e+01 9.209515356281683385e-02
3.499999999998266844e+02 -8.074350211329873162e+01 9.193269864307021533e-02
3.509999999998257749e+02 -8.075031751256487667e+01 9.177252339001712444e-02
3.519999999998248654e+02 -8.075704257346653492e+01 9.161457586259286190e-02
3.529999999998239559e+02 -8.076367917450762945e+01 9.145880568905456753e-02
3.539999999998230464e+02 -8.077022911119154003e+01 9.130516401062442611e-02
3.549999999998221369e+02 -8.077669410478189604e+01 9.115360342747323708e-02
3.559999999998212274e+02 -8.078307580970150070e+01 9.100407794693278485e-02
3.569999999998203180e+02 -8.078937581980179061e+01 9.085654293383432778e-02
3.579999999998194085e+02 -8.079559567369422268e+01 9.071095506287077392e-02
3.589999999998184990e+02 -8.080173685930175509e+01 9.056727227288993709e-02
3.599999999998175895e+02 -8.080780081776158852e+01 9.042545372302719653e-02
3.609999999998166800e+02 -8.081378894678725544e+01 9.028545975059222573e-02
3.619999999998157705e+02 -8.081970260357947211e+01 9.014725183063011793e-02
3.629999999998148610e+02 -8.082554310736058767e+01 9.001079253707806871e-02
3.639999999998139515e+02 -8.083131174159335330e+01 8.987604550544613102e-02
3.649999999998130420e+02 -8.083700975593536953e+01 8.974297539695219594e-02
3.659999999998121325e+02 -8.084263836797076408e+01 8.961154786404605666e-02
3.669999999998112230e+02 -8.084819876475502554e+01 8.948172951725986979e-02
3.679999999998103135e+02 -8.085369210420057584e+01 8.935348789332692165e-02
3.689999999998094040e+02 -8.085911951632827765e+01 8.922679142451217515e-02
3.699999999998084945e+02 -8.086448210440468642e+01 8.910160940910120952e-02
3.709999999998075850e+02 -8.086978094598099176e+01 8.897791198299845328e-02
3.719999999998066755e+02 -8.087501709384815740e+01 8.885567009238544423e-02
3.729999999998057660e+02 -8.088019157691968530e+01 8.873485546739506846e-02
3.739999999998048565e+02 -8.088530540105151090e+01 8.861544059675706408e-02
3.749999999998039470e+02 -8.089035954980697340e+01 8.849739870337565428e-02
3.759999999998030376e+02 -8.089535498517409451e+01 8.838070372079870340e-02
3.769999999998021281e+02 -8.090029264824029553e+01 8.826533027054241087e-02
3.779999999998012186e+02 -8.090517345982954112e+01 8.815125364023554400e-02
3.789999999998003091e+02 -8.090999832110645684e+01 8.803844976255016663e-02
3.799999999997993996e+02 -8.091476811414943882e+01 8.792689519488644523e-02
3.809999999997984901e+02 -8.091948370249782840e+01 8.781656709978125086e-02
3.819999999997975806e+02 -8.092414593167357850e+01 8.770744322601149723e-02
3.829999999997966711e+02 -8.092875562968059455e+01 8.759950189036491697e-02
3.839999999997957616e+02 -8.093331360748328507e+01 8.749272196005079827e-02
3.849999999997948521e+02 -8.093782065946648174e+01 8.738708283572660385e-02
3.859999999997939426e+02 -8.094227756387698491e+01 8.728256443511539509e-02
3.869999999997930331e+02 -8.094668508324923550e+01 8.717914717719218998e-02
3.879999999997921236e+02 -8.095104396481495712e+01 8.707681196691639813e-02
3.889999999997912141e+02 -8.095535494089877204e+01 8.697554018048957170e-02
3.899999999997903046e+02 -8.095961872929981951e+01 8.687531365111823833e-02
3.909999999997893951e+02 -8.096383603366099635e+01 8.677611465526316459e-02
3.919999999997884856e+02 -8.096800754382525156e+01 8.667792589935621739e-02
3.929999999997875761e+02 -8.097213393618054056e+01 8.658073050696721285e-02
3.939999999997866666e+02 -8.097621587399405030e+01 8.648451200640407122e-02
3.949999999997857572e+02 -8.098025400773559568e+01 8.638925431872976346e-02
3.959999999997848477e+02 -8.098424897539071310e+01 8.629494174618157487e-02
3.969999999997839382e+02 -8.098820140276454538e+01 8.620155896097682346e-02
3.979999999997830287e+02 -8.099211190377620539e+01 8.610909099449080839e-02
3.989999999997821192e+02 -8.099598108074410163e+01 8.601752322679460938e-02
3.999999999997812097e+02 -8.099980952466358985e+01 8.592684137653797127e-02
4.009999999997803002e+02 -8.100359781547496141e+01 8.583703149116624076e-02
4.019999999997793907e+02 -8.100734652232506505e+01 8.574807993745822698e-02
4.029999999997784812e+02 -8.101105620382034544e+01 8.565997339237399477e-02
4.039999999997775717e+02 -8.101472740827297514e+01 8.557269883420134948e-02
4.049999999997766622e+02 -8.101836067393973906e+01 8.548624353399034148e-02
4.059999999997757527e+02 -8.102195652925423985e+01 8.540059504726535411e-02
4.069999999997748432e+02 -8.102551549305285050e+01 8.531574120600561584e-02
4.079999999997739337e+02 -8.102903807479343357e+01 8.523167011088367273e-02
4.089999999997730242e+02 -8.103252477476893034e+01 8.514837012375349456e-02
4.099999999997721147e+02 -8.103597608431424248e+01 8.506582986037904137e-02
4.109999999997712052e+02 -8.103939248600815404e+01 8.498403818339529681e-02
4.119999999997702957e+02 -8.104277445386901491e+01 8.490298419549305309e-02
4.129999999997693862e+02 -8.104612245354539368e+01 8.482265723282045311e-02
4.139999999997684768e+02 -8.104943694250171404e+01 8.474304685859303243e-02
4.149999999997675673e+02 -8.105271837019853365e+01 8.466414285690518349e-02
4.159999999997666578e+02 -8.105596717826838926e+01 8.458593522673700515e-02
4.169999999997657483e+02 -8.105918380068651174e+01 8.450841417614855799e-02
4.179999999997648388e+02 -8.106236866393707885e+01 8.443157011665555767e-02
4.189999999997639293e+02 -8.106552218717567371e+01 8.435539365778089993e-02
4.199999999997630198e+02 -8.106864478238665583e+01 8.427987560177516158e-02
4.209999999997621103e+02 -8.107173685453670942e+01 8.420500693850065110e-02
4.219999999997612008e+02 -8.107479880172482467e+01 8.413077884047387434e-02
4.229999999997602913e+02 -8.107783101532771752e+01 8.405718265806079448e-02
4.239999999997593818e+02 -8.108083388014159709e+01 8.398420991481876652e-02
4.249999999997584723e+02 -8.108380777452113364e+01 8.391185230298216224e-02
4.259999999997575628e+02 -8.108675307051359482e+01 8.384010167908478861e-02
4.269999999997566533e+02 -8.108967013399059454e+01 8.376895005971669861e-02
4.279999999997557438e+02 -8.109255932477601903e+01 8.369838961740846961e-02
4.289999999997548343e+02 -8.109542099677094029e+01 8.362841267664106182e-02
4.299999999997539248e+02 -8.109825549807514733e+01 8.355901170997506733e-02
4.309999999997530153e+02 -8.110106317110603413e+01 8.349017933429675464e-02
4.319999999997521059e+02 -8.110384435271404868e+01 8.342190830717648165e-02
4.329999999997511964e+02 -8.110659937429581134e+01 8.335419152333624349e-02
4.339999999997502869e+02 -8.110932856190409268e+01 8.328702201122144266e-02
4.349999999997493774e+02 -8.111203223635504855e+01 8.322039292967546575e-02
4.359999999997484679e+02 -8.111471071333339466e+01 8.315429756471197364e-02
4.369999999997475584e+02 -8.111736430349415627e+01 8.308872932638253217e-02
4.379999999997466489e+02 -8.111999331256281209e+01 8.302368174573608595e-02
4.389999999997457394e+02 -8.112259804143249653e+01 8.295914847186827701e-02
4.399999999997448299e+02 -8.112517878625888557e+01 8.289512326905569550e-02
4.409999999997439204e+02 -8.112773583855364734e+01 8.283160001397447958e-02
4.419999999997430109e+02 -8.113026948527392790e+01 8.276857269299910114e-02
4.429999999997421014e+02 -8.113278000891176589e+01 8.270603539957942230e-02
4.439999999997411919e+02 -8.113526768757982666e+01 8.264398233169316377e-02
4.449999999997402824e+02 -8.113773279509621261e+01 8.258240778937175897e-02
4.459999999997393729e+02 -8.114017560106645988e+01 8.252130617229637422e-02
4.469999999997384634e+02 -8.114259637096414224e+01 8.246067197746322075e-02
4.479999999997375539e+02 -8.114499536620942877e+01 8.240049979691436988e-02
4.489999999997366444e+02 -8.114737284424600716e+01 8.234078431553361332e-02
4.499999999997357349e+02 -8.114972905861601760e+01 8.228152030890380220e-02
4.509999999997348255e+02 -8.115206425903323861e+01 8.222270264122494288e-02
4.519999999997339160e+02 -8.115437869145517880e+01 8.216432626328988575e-02
4.529999999997330065e+02 -8.115667259815253942e+01 8.210638621051724595e-02
4.539999999997320970e+02 -8.115894621777813711e+01 8.204887760103823924e-02
4.549999999997311875e+02 -8.116119978543362379e+01 8.199179563383712788e-02
4.559999999997302780e+02 -8.116343353273497030e+01 8.193513558694268117e-02
4.569999999997293685e+02 -8.116564768787634421e+01 8.187889281566920752e-02
4.579999999997284590e+02 -8.116784247569287913e+01 8.182306275090593661e-02
4.589999999997275495e+02 -8.117001811772168196e+01 8.176764089745275355e-02
4.599999999997266400e+02 -8.117217483226153263e+01 8.171262283240174340e-02
4.609999999997257305e+02 -8.117431283443188761e+01 8.165800420356152112e-02
4.619999999997248210e+02 -8.117643233622956700e+01 8.160378072792520698e-02
4.629999999997239115e+02 -8.117853354658529952e+01 8.154994819017859220e-02
4.639999999997230020e+02 -8.118061667141806481e+01 8.149650244124860554e-02
4.649999999997220925e+02 -8.118268191368886733e+01 8.144343939689020762e-02
4.659999999997211830e+02 -8.118472947345345858e+01 8.139075503631122699e-02
4.669999999997202735e+02 -8.118675954791312677e+01 8.133844540083257080e-02
4.679999999997193640e+02 -8.118877233146562844e+01 8.128650659258515598e-02
4.689999999997184545e+02 -8.119076801575381808e+01 8.123493477323920353e-02
4.699999999997175451e+02 -8.119274678971409287e+01 8.118372616276813003e-02
4.709999999997166356e+02 -8.119470883962343066e+01 8.113287703824398345e-02
4.719999999997157261e+02 -8.119665434914553259e+01 8.108238373266374310e-02
4.729999999997148166e+02 -8.119858349937604203e+01 8.103224263380617853e-02
4.739999999997139071e+02 -8.120049646888693928e+01 8.098245018311828192e-02
4.749999999997129976e+02 -8.120239343376951524e+01 8.093300287462966425e-02
4.759999999997120881e+02 -8.120427456767734498e+01 8.088389725389474871e-02
4.769999999997111786e+02 -8.120614004186714396e+01 8.083512991696166494e-02
4.779999999997102691e+02 -8.120799002524005061e+01 8.078669750936740002e-02
4.789999999997093596e+02 -8.120982468438143087e+01 8.073859672515765196e-02
4.799999999997084501e+02 -8.121164418359970227e+01 8.069082430593192690e-02
4.809999999997075406e+02 -8.121344868496478853e+01 8.064337703991154849e-02
4.819999999997066311e+02 -8.121523834834574984e+01 8.059625176103128730e-02
4.829999999997057216e+02 -8.121701333144717694e+01 8.054944534805352774e-02
4.839999999997048121e+02 -8.121877378984538609e+01 8.050295472370350147e-02
4.849999999997039026e+02 -8.122051987702414522e+01 8.045677685382622568e-02
4.859999999997029931e+02 -8.122225174440853834e+01 8.041090874656367515e-02
4.869999999997020836e+02 -8.122396954139935588e+01 8.036534745155221593e-02
4.879999999997011741e+02 -8.122567341540609220e+01 8.032009005913896826e-02
4.889999999997002647e+02 -8.122736351187980119e+01 8.027513369961709888e-02
4.899999999996993552e+02 -8.122903997434481482e+01 8.023047554247945967e-02
4.909999999996984457e+02 -8.123070294443020600e+01 8.018611279569003158e-02
4.919999999996975362e+02 -8.123235256190032771e+01 8.014204270497236882e-02
4.929999999996966267e+02 -8.123398896468513897e+01 8.009826255311500165e-02
4.939999999996957172e+02 -8.123561228890974917e+01 8.005476965929322897e-02
4.949999999996948077e+02 -8.123722266892310984e+01 8.001156137840609306e-02
4.959999999996938982e+02 -8.123882023732663527e+01 7.996863510042999390e-02
4.969999999996929887e+02 -8.124040512500218369e+01 7.992598824978572325e-02
4.979999999996920792e+02 -8.124197746113914320e+01 7.988361828472118065e-02
4.989999999996911697e+02 -8.124353737326130442e+01 7.984152269670791169e-02
4.999999999996902602e+02 -8.124508498725343486e+01 7.979969900985137143e-02
5.000000000000000000e+02 -8.124508498725391803e+01 7.979969900983845121e-02
