1.000000000000000666e+00 -7.217004395223803215e+01 7.359440392545084364e-02
2.000000000000001332e+00 -6.327734470077430728e+01 7.362344942081658350e-02
2.999999999999980016e+00 -6.993076037139656975e+00 7.372380621574529946e-02
3.999999999999958700e+00 3.630573218385238476e+01 7.885162267757277188e-02
4.999999999999937828e+00 3.023544853336036553e+01 9.222095426319432132e-02
5.999999999999916511e+00 2.566074122594918450e+01 1.106546709929172173e-01
6.999999999999895195e+00 2.288473664166058086e+01 1.302092278488067856e-01
7.999999999999873879e+00 2.144278697743335371e+01 1.476786912305011190e-01
8.999999999999852562e+00 2.085498543801075400e+01 1.615226964286121114e-01
9.999999999999831246e+00 2.077327522856156605e+01 1.716176411379981837e-01
1.099999999999980993e+01 2.097284154128839972e+01 1.785784738919990455e-01
1.199999999999978861e+01 2.131615691718486616e+01 1.832204035002492903e-01
1.299999999999976730e+01 2.172186239197272428e+01 1.862815772863296582e-01
1.399999999999974598e+01 2.214308759684958616e+01 1.883302644408713089e-01
1.499999999999972466e+01 2.255345968007993207e+01 1.897637975817663414e-01
1.599999999999970335e+01 2.293841771225521242e+01 1.908409723396990165e-01
1.699999999999985789e+01 2.328997203289598517e+01 1.917199485814429505e-01
1.800000000000001421e+01 2.360362200058603221e+01 1.924909218789620791e-01
1.900000000000017053e+01 2.387658464109801670e+01 1.932008287195301210e-01
2.000000000000032685e+01 2.410679715422605085e+01 1.938705322259081654e-01
2.100000000000048317e+01 2.429237031401421731e+01 1.945059601331352306e-01
2.200000000000063949e+01 2.443131770181478402e+01 1.951048249519130029e-01
2.300000000000079581e+01 2.452149341604964050e+01 1.956604101702951459e-01
2.400000000000095213e+01 2.456075843264257230e+01 1.961636817023945101e-01
2.500000000000110845e+01 2.454746820113360073e+01 1.966047504283547076e-01
2.600000000000126477e+01 2.448139607681889629e+01 1.969744359646077025e-01
2.700000000000142109e+01 2.436506839838291683e+01 1.972662388541507605e-01
2.800000000000157740e+01 2.420505323237414430e+01 1.974783350217630129e-01
2.900000000000173372e+01 2.401218906366935357e+01 1.976145783040376136e-01
3.000000000000189004e+01 2.379988419109226783e+01 1.976837010304487163e-01
3.100000000000204636e+01 2.358102372291303084e+01 1.976970955420251919e-01
3.200000000000220268e+01 2.336533833012083861e+01 1.976664863632256186e-01
3.300000000000200373e+01 2.315854800346711073e+01 1.976024537276372117e-01
3.400000000000180478e+01 2.296302378370877051e+01 1.975138676034625396e-01
3.500000000000160583e+01 2.277898689693332912e+01 1.974078551983637075e-01
3.600000000000140687e+01 2.260555426537419521e+01 1.972899807597760236e-01
3.700000000000120792e+01 2.244142100524856787e+01 1.971644820815526833e-01
3.800000000000100897e+01 2.228522785818647733e+01 1.970345073600490993e-01
3.900000000000081002e+01 2.213572396039975487e+01 1.969023330602642230e-01
4.000000000000061107e+01 2.199181775724811416e+01 1.967695545972251159e-01
4.100000000000041211e+01 2.185257587423524583e+01 1.966372463441152796e-01
4.200000000000021316e+01 2.171720295677516432e+01 1.965060910828765051e-01
4.300000000000001421e+01 2.158501826388241795e+01 1.963764817358913117e-01
4.399999999999981526e+01 2.145543518568610608e+01 1.962485996745147454e-01
4.499999999999961631e+01 2.132794515566901694e+01 1.961224742018332634e-01
4.599999999999941735e+01 2.120210550765159141e+01 1.959980273808742957e-01
4.699999999999921840e+01 2.107753029032394210e+01 1.958751076514674838e-01
4.799999999999901945e+01 2.095388310156618417e+01 1.957535149279043818e-01
4.899999999999882050e+01 2.083087123772138227e+01 1.956330192256311162e-01
4.999999999999862155e+01 2.070824069321066574e+01 1.955133743617516462e-01
5.099999999999842260e+01 2.058577173334563071e+01 1.953943278978159948e-01
5.199999999999822364e+01 2.046327488983100196e+01 1.952756282163027879e-01
5.299999999999802469e+01 2.034058730513697455e+01 1.951570294172711439e-01
5.399999999999782574e+01 2.021756939341166515e+01 1.950382945676474855e-01
5.499999999999762679e+01 2.009410180474233343e+01 1.949191977176464585e-01
5.599999999999742784e+01 1.997008268581019763e+01 1.947995250069169682e-01
5.699999999999722888e+01 1.984542522959738875e+01 1.946790751105595130e-01
5.799999999999702993e+01 1.972005550364924176e+01 1.945576592177330477e-01
5.899999999999683098e+01 1.959391054263988963e+01 1.944351006900064127e-01
5.999999999999663203e+01 1.946693668772995167e+01 1.943112345106012828e-01
6.099999999999643308e+01 1.933908815288514305e+01 1.941859066073544915e-01
6.199999999999623412e+01 1.921032579702935905e+01 1.940589731101704241e-01
6.299999999999603517e+01 1.908061608053294478e+01 1.939302995866767076e-01
6.399999999999583622e+01 1.894993018491237180e+01 1.937997602867626012e-01
6.499999999999634781e+01 1.881824327555019849e+01 1.936672374168176280e-01
6.599999999999685940e+01 1.868553388855521291e+01 1.935326204571264641e-01
6.699999999999737099e+01 1.855178342442305350e+01 1.933958055304500490e-01
6.799999999999788258e+01 1.841697573281079059e+01 1.932566948258930550e-01
6.899999999999839417e+01 1.828109677441186065e+01 1.931151960793674460e-01
6.999999999999890576e+01 1.814413434754907328e+01 1.929712221100239600e-01
7.099999999999941735e+01 1.800607786865107940e+01 1.928246904107338011e-01
7.199999999999992895e+01 1.786691819721067276e+01 1.926755227898762357e-01
7.300000000000044054e+01 1.772664749713337784e+01 1.925236450612081429e-01
7.400000000000095213e+01 1.758525912756067200e+01 1.923689867783531238e-01
7.500000000000146372e+01 1.744274755730015158e+01 1.922114810103786875e-01
7.600000000000197531e+01 1.729910829791584703e+01 1.920510641549786623e-01
7.700000000000248690e+01 1.715433785133787836e+01 1.918876757858955229e-01
7.800000000000299849e+01 1.700843366854780569e+01 1.917212585313879392e-01
7.900000000000351008e+01 1.686139411649714859e+01 1.915517579807307635e-01
8.000000000000402167e+01 1.671321845093004654e+01 1.913791226159423653e-01
8.100000000000453326e+01 1.656390679321856751e+01 1.912033037661230728e-01
8.200000000000504485e+01 1.641346010968891633e+01 1.910242555819845478e-01
8.300000000000555644e+01 1.626188019222751535e+01 1.908419350283231675e-01
8.400000000000606803e+01 1.610916963921722456e+01 1.906563018923575492e-01
8.500000000000657963e+01 1.595533183606982242e+01 1.904673188059962941e-01
8.600000000000709122e+01 1.580037093480093802e+01 1.902749512802349441e-01
8.700000000000760281e+01 1.564429183224130071e+01 1.900791677500017207e-01
8.800000000000811440e+01 1.548710014659889644e+01 1.898799396278721130e-01
8.900000000000862599e+01 1.532880219218506568e+01 1.896772413651665601e-01
9.000000000000913758e+01 1.516940495219675000e+01 1.894710505190244643e-01
9.100000000000964917e+01 1.500891604951047142e+01 1.892613478241162994e-01
9.200000000001016076e+01 1.484734371549395782e+01 1.890481172677195287e-01
9.300000000001067235e+01 1.468469675688056775e+01 1.888313461669348936e-01
9.400000000001118394e+01 1.452098452078209334e+01 1.886110252468688464e-01
9.500000000001169553e+01 1.435621685793850055e+01 1.883871487186521421e-01
9.600000000001220712e+01 1.419040408432015887e+01 1.881597143562010743e-01
9.700000000001271871e+01 1.402355694121018814e+01 1.879287235706705306e-01
9.800000000001323031e+01 1.385568655390288484e+01 1.876941814815759613e-01
9.900000000001374190e+01 1.368680438915912490e+01 1.874560969836048252e-01
1.000000000000142535e+02 1.351692221156218565e+01 1.872144828081674650e-01
1.010000000000147651e+02 1.334605203891775105e+01 1.869693555787790840e-01
1.020000000000152767e+02 1.317420609684103106e+01 1.867207358593966360e-01
1.030000000000157883e+02 1.300139677267123339e+01 1.864686481948824859e-01
1.040000000000162999e+02 1.282763656885039083e+01 1.862131211428030286e-01
1.050000000000168114e+02 1.265293805589906739e+01 1.859541872958218600e-01
1.060000000000173230e+02 1.247731382511688381e+01 1.856918832939931097e-01
1.070000000000178346e+02 1.230077644113011992e+01 1.854262498263161696e-01
1.080000000000183462e+02 1.212333839440289118e+01 1.851573316209680076e-01
1.090000000000188578e+02 1.194501205382216291e+01 1.848851774236893453e-01
1.100000000000193694e+02 1.176580961946028303e+01 1.846098399638674004e-01
1.110000000000198810e+02 1.158574307561199390e+01 1.843313759079200642e-01
1.120000000000203926e+02 1.140482414419568080e+01 1.840498457996609938e-01
1.130000000000209042e+02 1.122306423860149849e+01 1.837653139873943464e-01
1.140000000000214158e+02 1.104047441806138252e+01 1.834778485375668233e-01
1.150000000000219273e+02 1.085706534260851086e+01 1.831875211348768517e-01
1.160000000000224389e+02 1.067284722868582847e+01 1.828944069688238638e-01
1.170000000000229505e+02 1.048782980545527010e+01 1.825985846067575413e-01
1.180000000000234621e+02 1.030202227185150576e+01 1.823001358535668026e-01
1.190000000000239737e+02 1.011543325441565067e+01 1.819991455982280237e-01
1.200000000000244853e+02 9.928070765936119813e+00 1.816957016475093112e-01
1.210000000000249969e+02 9.739942164915898815e+00 1.813898945472079693e-01
1.220000000000255085e+02 9.551054115876770112e+00 1.810818173913668061e-01
1.230000000000260201e+02 9.361412550503089847e+00 1.807715656199909426e-01
1.240000000000265317e+02 9.171022629619356437e+00 1.804592368058546836e-01
1.250000000000270433e+02 8.979888705987679742e+00 1.801449304310485111e-01
1.260000000000275548e+02 8.788014287903159527e+00 1.798287476539779661e-01
1.270000000000280664e+02 8.595402003557488513e+00 1.795107910675803886e-01
1.280000000000285638e+02 8.402053566133147910e+00 1.791911644495702560e-01
1.290000000000276543e+02 8.207969739583345969e+00 1.788699725055690748e-01
1.300000000000267448e+02 8.013150305044121069e+00 1.785473206060067819e-01
1.310000000000258353e+02 7.817594027821819225e+00 1.782233145177167521e-01
1.320000000000249258e+02 7.621298624887177020e+00 1.778980601311579424e-01
1.330000000000240163e+02 7.424260732804780716e+00 1.775716631842191584e-01
1.340000000000231068e+02 7.226475876019080147e+00 1.772442289835650664e-01
1.350000000000221974e+02 7.027938435412476537e+00 1.769158621244784901e-01
1.360000000000212879e+02 6.828641617045895451e+00 1.765866662101513440e-01
1.370000000000203784e+02 6.628577420987065594e+00 1.762567435713573716e-01
1.380000000000194689e+02 6.427736610127366745e+00 1.759261949874173780e-01
1.390000000000185594e+02 6.226108678883781167e+00 1.755951194093390844e-01
1.400000000000176499e+02 6.023681821678992243e+00 1.752636136859810068e-01
1.410000000000167404e+02 5.820442901089195153e+00 1.749317722940429420e-01
1.420000000000158309e+02 5.616377415546592644e+00 1.745996870726441441e-01
1.430000000000149214e+02 5.411469466481080737e+00 1.742674469631965428e-01
1.440000000000140119e+02 5.205701724783821760e+00 1.739351377552232902e-01
1.450000000000131024e+02 4.999055396474078705e+00 1.736028418387158823e-01
1.460000000000121929e+02 4.791510187449828706e+00 1.732706379635573779e-01
1.470000000000112834e+02 4.583044267202419420e+00 1.729386010064776769e-01
1.480000000000103739e+02 4.373634231375749692e+00 1.726068017459355675e-01
1.490000000000094644e+02 4.163255063051426674e+00 1.722753066452568371e-01
1.500000000000085549e+02 3.951880092642789499e+00 1.719441776442893755e-01
1.510000000000076454e+02 3.739480956283030011e+00 1.716134719597651459e-01
1.520000000000067359e+02 3.526027552595454306e+00 1.712832418944958968e-01
1.530000000000058265e+02 3.311487997737908362e+00 1.709535346554575397e-01
1.540000000000049170e+02 3.095828578618018412e+00 1.706243921807619468e-01
1.550000000000040075e+02 2.879013704181591748e+00 1.702958509754486649e-01
1.560000000000030980e+02 2.661005854683460736e+00 1.699679419559732285e-01
1.570000000000021885e+02 2.441765528858191647e+00 1.696406903032186275e-01
1.580000000000012790e+02 2.221251188917512831e+00 1.693141153238054142e-01
1.590000000000003695e+02 1.999419203312664095e+00 1.689882303194344126e-01
1.599999999999994600e+02 1.776223787212702465e+00 1.686630424639590231e-01
1.609999999999985505e+02 1.551616940664992894e+00 1.683385526878578564e-01
1.619999999999976410e+02 1.325548384421411985e+00 1.680147555697470985e-01
1.629999999999967315e+02 1.097965493433914252e+00 1.676916392345683127e-01
1.639999999999958220e+02 8.688132280461453583e-01 1.673691852580721784e-01
1.649999999999949125e+02 6.380340629343059788e-01 1.670473685772243810e-01
1.659999999999940030e+02 4.055679138806897455e-01 1.667261574061751073e-01
1.669999999999930935e+02 1.713520624981587637e-01 1.664055131574525281e-01
1.679999999999921840e+02 -6.467892093672407416e-02 1.660853903680761245e-01
1.689999999999912745e+02 -3.025932563389368557e-01 1.657657366303328939e-01
1.699999999999903650e+02 -5.424620341043979721e-01 1.654464925270191511e-01
1.709999999999894555e+02 -7.843592965207876189e-01 1.651275915710204434e-01
1.719999999999885461e+02 -1.028362119921033324e+00 1.648089601491934397e-01
1.729999999999876366e+02 -1.274550697125714338e+00 1.644905174706140505e-01
1.739999999999867271e+02 -1.523008419636025845e+00 1.641721755193779331e-01
1.749999999999858176e+02 -1.773821958943524901e+00 1.638538390122774580e-01
1.759999999999849081e+02 -2.027081346215537039e+00 1.635354053618345294e-01
1.769999999999839986e+02 -2.282880049494714569e+00 1.632167646453489274e-01
1.779999999999830891e+02 -2.541315047416291772e+00 1.628977995808177093e-01
1.789999999999821796e+02 -2.802486898296291606e+00 1.625783855108037523e-01
1.799999999999812701e+02 -3.066499803276525604e+00 1.622583903955776563e-01
1.809999999999803606e+02 -3.333461662026902861e+00 1.619376748171210967e-01
1.819999999999794511e+02 -3.603484119300861099e+00 1.616160919958801179e-01
1.829999999999785416e+02 -3.876682600415418012e+00 1.612934878224706603e-01
1.839999999999776321e+02 -4.153176333482149651e+00 1.609697009068838114e-01
1.849999999999767226e+02 -4.433088355950011383e+00 1.606445626481074751e-01
1.859999999999758131e+02 -4.716545502735712603e+00 1.603178973274682895e-01
1.869999999999749036e+02 -5.003678372914341921e+00 1.599895222294098474e-01
1.879999999999739941e+02 -5.294621271624850856e+00 1.596592477938489629e-01
1.889999999999730846e+02 -5.589512123519541298e+00 1.593268778046828815e-01
1.899999999999721751e+02 -5.888492353753738584e+00 1.589922096194662515e-01
1.909999999999712657e+02 -6.191706732195768836e+00 1.586550344457054729e-01
1.919999999999703562e+02 -6.499303176239100033e+00 1.583151376696275148e-01
1.929999999999694467e+02 -6.811432507347099374e+00 1.579722992436664308e-01
1.939999999999685372e+02 -7.128248156281373760e+00 1.576262941392329309e-01
1.949999999999676277e+02 -7.449905811891548879e+00 1.572768928715795878e-01
1.959999999999667182e+02 -7.776563008423535095e+00 1.569238621037249148e-01
1.969999999999658087e+02 -8.108378646591168248e+00 1.565669653364023806e-01
1.979999999999648992e+02 -8.445512444222426751e+00 1.562059636908337268e-01
1.989999999999639897e+02 -8.788124313220606609e+00 1.558406167907390727e-01
1.999999999999630802e+02 -9.136373660970662058e+00 1.554706837493329552e-01
2.009999999999621707e+02 -9.490418616285802855e+00 1.550959242660715220e-01
2.019999999999612612e+02 -9.850415182650417378e+00 1.547160998365374740e-01
2.029999999999603517e+02 -1.021651632500310036e+01 1.543309750770182898e-01
2.039999999999594422e+02 -1.058887100073924792e+01 1.539403191629841738e-01
2.049999999999585327e+02 -1.096762315110019870e+01 1.535439073777333518e-01
2.059999999999576232e+02 -1.135291067571617063e+01 1.531415227638995014e-01
2.069999999999567137e+02 -1.174486442077532011e+01 1.527329578662499909e-01
2.079999999999558042e+02 -1.214360721998940562e+01 1.523180165492520610e-01
2.089999999999548947e+02 -1.254925303696471062e+01 1.518965158672394011e-01
2.099999999999539853e+02 -1.296190626732750495e+01 1.514682879587657960e-01
2.109999999999530758e+02 -1.338166126834117087e+01 1.510331819300126110e-01
2.119999999999521663e+02 -1.380860219188753035e+01 1.505910656851461304e-01
2.129999999999512568e+02 -1.424280320242137243e+01 1.501418276546241937e-01
2.139999999999503473e+02 -1.468432916347761008e+01 1.496853783660670179e-01
2.149999999999494378e+02 -1.513323687300033171e+01 1.492216517969724709e-01
2.159999999999485283e+02 -1.558957691762020303e+01 1.487506064449510002e-01
2.169999999999476188e+02 -1.605339619761479852e+01 1.482722260500023703e-01
2.179999999999467093e+02 -1.652474114656135740e+01 1.477865199054630707e-01
2.189999999999457998e+02 -1.700366163212304116e+01 1.472935227003556169e-01
2.199999999999448903e+02 -1.749021547729433834e+01 1.467932938466412207e-01
2.209999999999439808e+02 -1.798447348609323981e+01 1.462859162607411667e-01
2.219999999999430713e+02 -1.848652479665031478e+01 1.457714945897728431e-01
2.229999999999421618e+02 -1.899648232173300855e+01 1.452501528989488810e-01
2.239999999999412523e+02 -1.951448797710044047e+01 1.447220318667056804e-01
2.249999999999403428e+02 -2.004071734807875771e+01 1.441872855670049414e-01
2.259999999999394333e+02 -2.057538341176492125e+01 1.436460779519805608e-01
2.269999999999385238e+02 -2.111873892430472210e+01 1.430985791802313889e-01
2.279999999999376143e+02 -2.167107710776198104e+01 1.425449619637567944e-01
2.289999999999367049e+02 -2.223273033624325024e+01 1.419853981266697707e-01
2.299999999999357954e+02 -2.280406663091402208e+01 1.414200555782235968e-01
2.309999999999348859e+02 -2.338548392897165584e+01 1.408490958984746910e-01
2.319999999999339764e+02 -2.397740228700436660e+01 1.402726727147333152e-01
2.329999999999330669e+02 -2.458025440086489866e+01 1.396909310096114132e-01
2.339999999999321574e+02 -2.519447504955679662e+01 1.391040074472802424e-01
2.349999999999312479e+02 -2.582049026886261700e+01 1.385120317358863040e-01
2.359999999999303384e+02 -2.645870719621680323e+01 1.379151289657108981e-01
2.369999999999294289e+02 -2.710950556854152182e+01 1.373134227817693065e-01
2.379999999999285194e+02 -2.777323177709215329e+01 1.367070391751775971e-01
2.389999999999276099e+02 -2.845019618454540122e+01 1.360961106195844872e-01
2.399999999999267004e+02 -2.914067411011770048e+01 1.354807802461383548e-01
2.409999999999257909e+02 -2.984491053108740033e+01 1.348612057488735028e-01
2.419999999999248814e+02 -3.056312819014713256e+01 1.342375627435881957e-01
2.429999999999239719e+02 -3.129553849438797997e+01 1.336100473634834751e-01
2.439999999999230624e+02 -3.204235438704510841e+01 1.329788779553510714e-01
2.449999999999221529e+02 -3.280380428822446248e+01 1.323442958289745008e-01
2.459999999999212434e+02 -3.358014623121523812e+01 1.317065650968386459e-01
2.469999999999203339e+02 -3.437168144152049365e+01 1.310659717101635424e-01
2.479999999999194245e+02 -3.517876677956296305e+01 1.304228218433879927e-01
2.489999999999185150e+02 -3.600182565650291622e+01 1.297774397998849860e-01
2.499999999999176055e+02 -3.684135720295413563e+01 1.291301656087636973e-01
2.509999999999166960e+02 -3.769794359967772834e+01 1.284813524612540558e-01
2.519999999999157865e+02 -3.857225555492191660e+01 1.278313641023561265e-01
2.529999999999148770e+02 -3.946505593054185113e+01 1.271805722562984187e-01
2.539999999999139675e+02 -4.037720148153916000e+01 1.265293541290698209e-01
2.549999999999130580e+02 -4.130964261985944574e+01 1.258780900022039295e-01
2.559999999999121485e+02 -4.226342081820556018e+01 1.252271609117912576e-01
2.569999999999112674e+02 -4.323966320577493150e+01 1.245769463978260161e-01
2.579999999999103579e+02 -4.423957366786660117e+01 1.239278223081947961e-01
2.589999999999094484e+02 -4.526441933532044004e+01 1.232801586491394097e-01
2.599999999999085389e+02 -4.631551099402043548e+01 1.226343174890406340e-01
2.609999999999076294e+02 -4.739417546497380584e+01 1.219906509423253349e-01
2.619999999999067199e+02 -4.850171744743518332e+01 1.213494992835134900e-01
2.629999999999058105e+02 -4.963936769784667291e+01 1.207111892663056685e-01
2.639999999999049010e+02 -5.080821378438355396e+01 1.200760327475890732e-01
2.649999999999039915e+02 -5.200910911361816602e+01 1.194443257395478158e-01
2.659999999999030820e+02 -5.324255566191201439e+01 1.188163480324385540e-01
2.669999999999021725e+02 -5.450855617534861608e+01 1.181923635427989255e-01
2.679999999999012630e+02 -5.580643300726543288e+01 1.175726215422206178e-01
2.689999999999003535e+02 -5.713461389428773884e+01 1.169573589037539163e-01
2.699999999998994440e+02 -5.849039059226472403e+01 1.163468034580120852e-01
2.709999999998985345e+02 -5.986966506108198161e+01 1.157411784694896001e-01
2.719999999998976250e+02 -6.126670990933781979e+01 1.151407081171967745e-01
2.729999999998967155e+02 -6.267398392785854355e+01 1.145456236901020580e-01
2.739999999998958060e+02 -6.408205650095942474e+01 1.139561699976126552e-01
2.749999999998948965e+02 -6.547970071067064168e+01 1.133726112793229102e-01
2.759999999998939870e+02 -6.685420664915011457e+01 1.127952357315005205e-01
2.769999999998930775e+02 -6.819193790774238551e+01 1.122243577223749067e-01
2.779999999998921680e+02 -6.947910581768613270e+01 1.116603169108167370e-01
2.789999999998912585e+02 -7.070267834945197194e+01 1.111034738396006194e-01
2.799999999998903490e+02 -7.185129319510252799e+01 1.105542021004445180e-01
2.809999999998894396e+02 -7.291602803238775721e+01 1.100128777451188644e-01
2.819999999998885301e+02 -7.389090563784223775e+01 1.094798670894692044e-01
2.829999999998876206e+02 -7.477307042171104001e+01 1.089555142941801558e-01
2.839999999998867111e+02 -7.556264464394925540e+01 1.084401300553299863e-01
2.849999999998858016e+02 -7.626233230777503991e+01 1.079339824416877952e-01
2.859999999998848921e+02 -7.687687042641596236e+01 1.074372904831115555e-01
2.869999999998839826e+02 -7.741242877000067324e+01 1.069502206693282165e-01
2.879999999998830731e+02 -7.787603896257191138e+01 1.064728861554796596e-01
2.889999999998821636e+02 -7.827510442920853961e+01 1.060053482354975096e-01
2.899999999998812541e+02 -7.861701455570023711e+01 1.055476195371257975e-01
2.909999999998803446e+02 -7.890886515434922899e+01 1.050996683862352316e-01
2.919999999998794351e+02 -7.915727425795434158e+01 1.046614238467234448e-01
2.929999999998785256e+02 -7.936827614845915946e+01 1.042327810327988713e-01
2.939999999998776161e+02 -7.954727522081246605e+01 1.038136063886852395e-01
2.949999999998767066e+02 -7.969904275655076731e+01 1.034037427220139693e-01
2.959999999998757971e+02 -7.982774242722578606e+01 1.030030138542410295e-01
2.969999999998748876e+02 -7.993697341041200843e+01 1.026112288121753396e-01
2.979999999998739781e+02 -8.002982285954617225e+01 1.022281855299319725e-01
2.989999999998730686e+02 -8.010892189119341822e+01 1.018536740624750719e-01
2.999999999998721592e+02 -8.017650117859759007e+01 1.014874793329890723e-01
3.009999999998712497e+02 -8.023444369762538031e+01 1.011293834491280713e-01
3.019999999998703402e+02 -8.028433322902506575e+01 1.007791676299356065e-01
3.029999999998694307e+02 -8.032749795858781283e+01 1.004366137876878395e-01
3.039999999998685212e+02 -8.036504900944964902e+01 1.001015058085026471e-01
3.049999999998676117e+02 -8.039791405283733638e+01 9.977363057331418983e-02
3.059999999998667022e+02 -8.042686632695520643e+01 9.945277875751790120e-02
3.069999999998657927e+02 -8.045254948842827503e+01 9.913874544377039577e-02
3.079999999998648832e+02 -8.047549875650074114e+01 9.883133057846561764e-02
3.089999999998639737e+02 -8.049615880850222993e+01 9.853033929852114681e-02
3.099999999998630642e+02 -8.051489886098681836e+01 9.823558215146364903e-02
3.109999999998621547e+02 -8.053202533469975322e+01 9.794687522846194649e-02
3.119999999998612452e+02 -8.054779245991433356e+01 9.766404022696853482e-02
3.129999999998603357e+02 -8.056241113604377801e+01 9.738690445699225984e-02
3.139999999998594262e+02 -8.057605631837311932e+01 9.711530080272998133e-02
3.149999999998585167e+02 -8.058887316674289991e+01 9.684906764930466261e-02
3.159999999998576072e+02 -8.060098215674445044e+01 9.658804878266639971e-02
3.169999999998566977e+02 -8.061248332367144087e+01 9.633209326927767713e-02
3.179999999998557882e+02 -8.062345978303508787e+01 9.608105532099112112e-02
3.189999999998548788e+02 -8.063398064863473280e+01 9.583479414951523445e-02
3.199999999998539693e+02 -8.064410344965760657e+01 9.559317381401377656e-02
3.209999999998530598e+02 -8.065387613168476832e+01 9.535606306468118187e-02
3.219999999998521503e+02 -8.066333871244573572e+01 9.512333518455398651e-02
3.229999999998512408e+02 -8.067252465134511397e+01 9.489486783133758985e-02
3.239999999998503313e+02 -8.068146198186167339e+01 9.467054288063463108e-02
3.249999999998494218e+02 -8.069017424761993595e+01 9.445024627163868536e-02
3.259999999998485123e+02 -8.069868127599487195e+01 9.423386785609594307e-02
3.269999999998476028e+02 -8.070699981733260131e+01 9.402130125112541370e-02
3.279999999998466933e+02 -8.071514407305708971e+01 9.381244369631683289e-02
3.289999999998457838e+02 -8.072312613193439290e+01 9.360719591538919915e-02
3.299999999998448743e+02 -8.073095633044449926e+01 9.340546198258380117e-02
3.309999999998439648e+02 -8.073864355045752461e+01 9.320714919387897146e-02
3.319999999998430553e+02 -8.074619546512506929e+01 9.301216794304706381e-02
3.329999999998421458e+02 -8.075361874200979173e+01 9.282043160252143044e-02
3.339999999998412363e+02 -8.076091921090684878e+01 9.263185640900151174e-02
3.349999999998403268e+02 -8.076810200251739502e+01 9.244636135369399543e-02
3.359999999998394173e+02 -8.077517166306033403e+01 9.226386807706643545e-02
3.369999999998385078e+02 -8.078213224902545164e+01 9.208430076797366470e-02
3.379999999998375984e+02 -8.078898740553485425e+01 9.190758606700721867e-02
3.389999999998366889e+02 -8.079574043117746385e+01 9.173365297391238016e-02
3.399999999998357794e+02 -8.080239433167895413e+01 9.156243275891237654e-02
3.409999999998348699e+02 -8.080895186435884625e+01 9.139385887778121720e-02
3.419999999998339604e+02 -8.081541557498239570e+01 9.122786689050478570e-02
3.429999999998330509e+02 -8.082178782833699415e+01 9.106439438337578240e-02
3.439999999998321414e+02 -8.082807083362723688e+01 9.090338089436911240e-02
3.449999999998312319e+02 -8.083426666559273599e+01 9.074476784164976773e-02
3.459999999998303224e+02 -8.084037728209459317e+01 9.058849845507120635e-02
3.469999999998294129e+02 -8.084640453878415656e+01 9.043451771052601895e-02
3.479999999998285034e+02 -8.085235020136229878e+01 9.028277226701700298e-02
3.489999999998275939e+02 -8.085821595584725685e+01 9.013321040632339687e-02
3.499999999998266844e+02 -8.086400341719510720e+01 8.998578197514031651e-02
3.509999999998257749e+02 -8.086971413655878393e+01 8.984043832957806786e-02
3.519999999998248654e+02 -8.087534960741875523e+01 8.969713228191050769e-02
3.529999999998239559e+02 -8.088091127078027398e+01 8.955581804946916025e-02
3.539999999998230464e+02 -8.088640051959625055e+01 8.941645120558432136e-02
3.549999999998221369e+02 -8.089181870254729745e+01 8.927898863247854533e-02
3.559999999998212274e+02 -8.089716712728814230e+01 8.914338847602398808e-02
3.569999999998203180e+02 -8.090244706325000834e+01 8.900961010227849413e-02
3.579999999998194085e+02 -8.090765974407240435e+01 8.887761405572040807e-02
3.589999999998184990e+02 -8.091280636972710738e+01 8.874736201910543576e-02
3.599999999998175895e+02 -8.091788810838239954e+01 8.861881677487382092e-02
3.609999999998166800e+02 -8.092290609805202450e+01 8.849194216803898949e-02
3.619999999998157705e+02 -8.092786144806132143e+01 8.836670307049215856e-02
3.629999999998148610e+02 -8.093275524036025104e+01 8.824306534666132018e-02
3.639999999998139515e+02 -8.093758853070637826e+01 8.812099582046643842e-02
3.649999999998130420e+02 -8.094236234973800492e+01 8.800046224351414093e-02
3.659999999998121325e+02 -8.094707770395308444e+01 8.788143326447922510e-02
3.669999999998112230e+02 -8.095173557660807262e+01 8.776387839962357384e-02
3.679999999998103135e+02 -8.095633692854737262e+01 8.764776800440317317e-02
3.689999999998094040e+02 -8.096088269897298062e+01 8.753307324611864226e-02
3.699999999998084945e+02 -8.096537380616240398e+01 8.741976607756546391e-02
3.709999999998075850e+02 -8.096981114814086311e+01 8.730781921164364190e-02
3.719999999998066755e+02 -8.097419560331366029e+01 8.719720609688609569e-02
3.729999999998057660e+02 -8.097852803106326292e+01 8.708790089386946043e-02
3.739999999998048565e+02 -8.098280927231451187e+01 8.697987845247158456e-02
3.749999999998039470e+02 -8.098704015007216128e+01 8.687311428994122509e-02
3.759999999998030376e+02 -8.099122146993252613e+01 8.676758456974807687e-02
3.769999999998021281e+02 -8.099535402057202305e+01 8.666326608118198049e-02
3.779999999998012186e+02 -8.099943857421513371e+01 8.656013621967191540e-02
3.789999999998003091e+02 -8.100347588708252999e+01 8.645817296779655103e-02
3.799999999997993996e+02 -8.100746669982154913e+01 8.635735487695918311e-02
3.809999999997984901e+02 -8.101141173792011330e+01 8.625766104970215842e-02
3.819999999997975806e+02 -8.101531171210552884e+01 8.615907112263504475e-02
3.829999999997966711e+02 -8.101916731872863409e+01 8.606156524995407786e-02
3.839999999997957616e+02 -8.102297924013421948e+01 8.596512408752995937e-02
3.849999999997948521e+02 -8.102674814501908429e+01 8.586972877754227296e-02
3.859999999997939426e+02 -8.103047468877831250e+01 8.577536093364011849e-02
3.869999999997930331e+02 -8.103415951383942684e+01 8.568200262660931321e-02
3.879999999997921236e+02 -8.103780324998626838e+01 8.558963637052738327e-02
3.889999999997912141e+02 -8.104140651467240275e+01 8.549824510938788813e-02
3.899999999997903046e+02 -8.104496991332453604e+01 8.540781220417634212e-02
3.909999999997893951e+02 -8.104849403963693533e+01 8.531832142038248135e-02
3.919999999997884856e+02 -8.105197947585651264e+01 8.522975691593139003e-02
3.929999999997875761e+02 -8.105542679305916920e+01 8.514210322951859533e-02
3.939999999997866666e+02 -8.105883655141832378e+01 8.505534526933550277e-02
3.949999999997857572e+02 -8.106220930046501394e+01 8.496946830216897673e-02
3.959999999997848477e+02 -8.106554557934074978e+01 8.488445794286365864e-02
3.969999999997839382e+02 -8.106884591704266541e+01 8.480030014413236783e-02
3.979999999997830287e+02 -8.107211083266172125e+01 8.471698118670302480e-02
3.989999999997821192e+02 -8.107534083561391469e+01 8.463448766978955151e-02
3.999999999997812097e+02 -8.107853642586557896e+01 8.455280650187604885e-02
4.009999999997803002e+02 -8.108169809415105078e+01 8.447192489180138653e-02
4.019999999997793907e+02 -8.108482632218553476e+01 8.439183034013582330e-02
4.029999999997784812e+02 -8.108792158287111818e+01 8.431251063083747277e-02
4.039999999997775717e+02 -8.109098434049735715e+01 8.423395382318024649e-02
4.049999999997766622e+02 -8.109401505093649121e+01 8.415614824394171412e-02
4.059999999997757527e+02 -8.109701416183307288e+01 8.407908247984433037e-02
4.069999999997748432e+02 -8.109998211278846725e+01 8.400274537023950938e-02
4.079999999997739337e+02 -8.110291933554032084e+01 8.392712600002640022e-02
4.089999999997730242e+02 -8.110582625413734092e+01 8.385221369279724501e-02
4.099999999997721147e+02 -8.110870328510931415e+01 8.377799800420168697e-02
4.109999999997712052e+02 -8.111155083763225093e+01 8.370446871552249257e-02
4.119999999997702957e+02 -8.111436931368957914e+01 8.363161582745494427e-02
4.129999999997693862e+02 -8.111715910822901776e+01 8.355942955408333928e-02
4.139999999997684768e+02 -8.111992060931511617e+01 8.348790031704755865e-02
4.149999999997675673e+02 -8.112265419827777180e+01 8.341701873989366967e-02
4.159999999997666578e+02 -8.112536024985729455e+01 8.334677564260155325e-02
4.169999999997657483e+02 -8.112803913234499475e+01 8.327716203628388048e-02
4.179999999997648388e+02 -8.113069120772112797e+01 8.320816911805094251e-02
4.189999999997639293e+02 -8.113331683178807907e+01 8.313978826603547756e-02
4.199999999997630198e+02 -8.113591635430142901e+01 8.307201103457143021e-02
4.209999999997621103e+02 -8.113849011909653086e+01 8.300482914952257707e-02
4.219999999997612008e+02 -8.114103846421262745e+01 8.293823450375530093e-02
4.229999999997602913e+02 -8.114356172201364359e+01 8.287221915275055917e-02
4.239999999997593818e+02 -8.114606021930582358e+01 8.280677531035066097e-02
4.249999999997584723e+02 -8.114853427745248382e+01 8.274189534463641249e-02
4.259999999997575628e+02 -8.115098421248610805e+01 8.267757177393014745e-02
4.269999999997566533e+02 -8.115341033521737302e+01 8.261379726292018832e-02
4.279999999997557438e+02 -8.115581295134157358e+01 8.255056461890281083e-02
4.289999999997548343e+02 -8.115819236154251826e+01 8.248786678813861684e-02
4.299999999997539248e+02 -8.116054886159398052e+01 8.242569685231782017e-02
4.309999999997530153e+02 -8.116288274245843581e+01 8.236404802513283552e-02
4.319999999997521059e+02 -8.116519429038356748e+01 8.230291364895277184e-02
4.329999999997511964e+02 -8.116748378699629995e+01 8.224228719159799861e-02
4.339999999997502869e+02 -8.116975150939470041e+01 8.218216224321031604e-02
4.349999999997493774e+02 -8.117199773023790499e+01 8.212253251321650904e-02
4.359999999997484679e+02 -8.117422271783338772e+01 8.206339182738150995e-02
4.369999999997475584e+02 -8.117642673622242455e+01 8.200473412494854730e-02
4.379999999997466489e+02 -8.117861004526371005e+01 8.194655345586381034e-02
4.389999999997457394e+02 -8.118077290071498453e+01 8.188884397808188220e-02
4.399999999997448299e+02 -8.118291555431223117e+01 8.183159995495045691e-02
4.409999999997439204e+02 -8.118503825384755146e+01 8.177481575267103731e-02
4.419999999997430109e+02 -8.118714124324550596e+01 8.171848583783328235e-02
4.429999999997421014e+02 -8.118922476263669807e+01 8.166260477502086668e-02
4.439999999997411919e+02 -8.119128904843061889e+01 8.160716722448606297e-02
4.449999999997402824e+02 -8.119333433338631778e+01 8.155216793989150670e-02
4.459999999997393729e+02 -8.119536084668166609e+01 8.149760176611675622e-02
4.469999999997384634e+02 -8.119736881398115713e+01 8.144346363712660908e-02
4.479999999997375539e+02 -8.119935845750146086e+01 8.138974857390106343e-02
4.489999999997366444e+02 -8.120132999607662327e+01 8.133645168242317758e-02
4.499999999997357349e+02 -8.120328364522110576e+01 8.128356815172406435e-02
4.509999999997348255e+02 -8.120521961719119020e+01 8.123109325198291097e-02
4.519999999997339160e+02 -8.120713812104573037e+01 8.117902233268005363e-02
4.529999999997330065e+02 -8.120903936270504175e+01 8.112735082080153870e-02
4.539999999997320970e+02 -8.121092354500864019e+01 8.107607421909417134e-02
4.549999999997311875e+02 -8.121279086777167322e+01 8.102518810436831753e-02
4.559999999997302780e+02 -8.121464152784017188e+01 8.097468812584750208e-02
4.569999999997293685e+02 -8.121647571914496666e+01 8.092457000356420571e-02
4.579999999997284590e+02 -8.121829363275489300e+01 8.087482952679850290e-02
4.589999999997275495e+02 -8.122009545692810661e+01 8.082546255256015111e-02
4.599999999997266400e+02 -8.122188137716284473e+01 8.077646500411143904e-02
4.609999999997257305e+02 -8.122365157624680876e+01 8.072783286953039150e-02
4.619999999997248210e+02 -8.122540623430562334e+01 8.067956220031229086e-02
4.629999999997239115e+02 -8.122714552885041428e+01 8.063164911000918200e-02
4.639999999997230020e+02 -8.122886963482405065e+01 8.058408977290526520e-02
4.649999999997220925e+02 -8.123057872464650586e+01 8.053688042272799663e-02
4.659999999997211830e+02 -8.123227296825947974e+01 8.049001735139325875e-02
4.669999999997202735e+02 -8.123395253317008269e+01 8.044349690778347661e-02
4.679999999997193640e+02 -8.123561758449275771e+01 8.039731549655815268e-02
4.689999999997184545e+02 -8.123726828499169983e+01 8.035146957699516868e-02
4.699999999997175451e+02 -8.123890479512132856e+01 8.030595566186288226e-02
4.709999999997166356e+02 -8.124052727306668942e+01 8.026077031632104786e-02
4.719999999997157261e+02 -8.124213587478220688e+01 8.021591015684995107e-02
4.729999999997148166e+02 -8.124373075403015321e+01 8.017137185020793699e-02
4.739999999997139071e+02 -8.124531206241843506e+01 8.012715211241489000e-02
4.749999999997129976e+02 -8.124687994943738545e+01 8.008324770776190094e-02
4.759999999997120881e+02 -8.124843456249563189e+01 8.003965544784592823e-02
4.769999999997111786e+02 -8.124997604695565201e+01 7.999637219062961935e-02
4.779999999997102691e+02 -8.125150454616830586e+01 7.995339483952355886e-02
4.789999999997093596e+02 -8.125302020150687099e+01 7.991072034249270539e-02
4.799999999997084501e+02 -8.125452315239992629e+01 7.986834569118421434e-02
4.809999999997075406e+02 -8.125601353636460544e+01 7.982626792007765926e-02
4.819999999997066311e+02 -8.125749148903793184e+01 7.978448410565573690e-02
4.829999999997057216e+02 -8.125895714420838090e+01 7.974299136559553913e-02
4.839999999997048121e+02 -8.126041063384661811e+01 7.970178685797991991e-02
4.849999999997039026e+02 -8.126185208813549821e+01 7.966086778052752781e-02
4.859999999997029931e+02 -8.126328163549943895e+01 7.962023136984196225e-02
4.869999999997020836e+02 -8.126469940263373815e+01 7.957987490067909564e-02
4.879999999997011741e+02 -8.126610551453218534e+01 7.953979568523171506e-02
4.889999999997002647e+02 -8.126750009451562562e+01 7.949999107243151120e-02
4.899999999996993552e+02 -8.126888326425890341e+01 7.946045844726758178e-02
4.909999999996984457e+02 -8.127025514381746518e+01 7.942119523012117210e-02
4.919999999996975362e+02 -8.127161585165376323e+01 7.938219887611613901e-02
4.929999999996966267e+02 -8.127296550466296310e+01 7.934346687448447233e-02
4.939999999996957172e+02 -8.127430421819799733e+01 7.930499674794684595e-02
4.949999999996948077e+02 -8.127563210609450550e+01 7.926678605210754625e-02
4.959999999996938982e+02 -8.127694928069506375e+01 7.922883237486358365e-02
4.969999999996929887e+02 -8.127825585287268950e+01 7.919113333582657177e-02
4.979999999996920792e+02 -8.127955193205481521e+01 7.915368658575931693e-02
4.989999999996911697e+02 -8.128083762624558517e+01 7.911648980602384307e-02
4.999999999996902602e+02 -8.128211304204872079e+01 7.907954070804296132e-02
5.000000000000000000e+02 -8.128211304204911869e+01 7.907954070803155378e-02
