1.000000000000000666e+00 -7.217037238389902143e+01 7.359292680046899959e-02
2.000000000000001332e+00 -6.327834242682334320e+01 7.361879868319562426e-02
2.999999999999980016e+00 -7.040783962642613858e+00 7.371463563007915609e-02
3.999999999999958700e+00 3.630763328992650685e+01 7.883654129474661210e-02
4.999999999999937828e+00 3.023822541740200975e+01 9.221248494517493566e-02
5.999999999999916511e+00 2.566359733151250921e+01 1.106876396086679676e-01
6.999999999999895195e+00 2.288718929821888892e+01 1.303335538343097233e-01
7.999999999999873879e+00 2.144440739280501163e+01 1.479364859303462787e-01
8.999999999999852562e+00 2.085523934732928808e+01 1.619294805792992897e-01
9.999999999999831246e+00 2.077141298306182193e+01 1.721614718753357587e-01
1.099999999999980993e+01 2.096781272869535329e+01 1.792330325487540565e-01
1.199999999999978861e+01 2.130652370507384319e+01 1.839605665338725771e-01
1.299999999999976730e+01 2.170568762305843080e+01 1.870936135348442997e-01
1.399999999999974598e+01 2.211777498846041468e+01 1.892148012782362831e-01
1.499999999999972466e+01 2.251552022421640586e+01 1.907332641388408689e-01
1.599999999999970335e+01 2.288312658681071454e+01 1.919141845314199790e-01
1.699999999999985789e+01 2.321086241348568890e+01 1.929160615367205289e-01
1.800000000000001421e+01 2.349173396526273194e+01 1.938240774866696603e-01
1.900000000000017053e+01 2.371934739776112266e+01 1.946759170058528776e-01
2.000000000000032685e+01 2.388637760045090985e+01 1.954797419363408228e-01
2.100000000000048317e+01 2.398331429182560370e+01 1.962253552119946898e-01
2.200000000000063949e+01 2.399752616113617165e+01 1.968903969801335252e-01
2.300000000000079581e+01 2.391362222773587831e+01 1.974447846615770552e-01
2.400000000000095213e+01 2.371828085834816946e+01 1.978588156807747078e-01
2.500000000000110845e+01 2.341397611773072995e+01 1.981189650347608966e-01
2.600000000000126477e+01 2.303401043118853408e+01 1.982411570692692859e-01
2.700000000000142109e+01 2.263131136427768197e+01 1.982617695595215723e-01
2.800000000000157740e+01 2.224582603056954255e+01 1.982161987116631829e-01
2.900000000000173372e+01 2.189278998394663844e+01 1.981297612248842654e-01
3.000000000000189004e+01 2.157278991851805827e+01 1.980193596411477519e-01
3.100000000000204636e+01 2.128196507530780579e+01 1.978963446535884907e-01
3.200000000000220268e+01 2.101636485542308463e+01 1.977682509345291550e-01
3.300000000000200373e+01 2.077292141043858464e+01 1.976398872114861205e-01
3.400000000000180478e+01 2.054929116836651914e+01 1.975141414456939304e-01
3.500000000000160583e+01 2.034352861796458711e+01 1.973925913858673442e-01
3.600000000000140687e+01 2.015386624500237644e+01 1.972759469924639519e-01
3.700000000000120792e+01 1.997861799128332905e+01 1.971643577110372136e-01
3.800000000000100897e+01 1.981615985985725814e+01 1.970576217586276213e-01
3.900000000000081002e+01 1.966494436888153530e+01 1.969553282343074196e-01
4.000000000000061107e+01 1.952352267522800133e+01 1.968569535774369050e-01
4.100000000000041211e+01 1.939056231314837220e+01 1.967619264495628628e-01
4.200000000000021316e+01 1.926485685992181374e+01 1.966696703238194066e-01
4.300000000000001421e+01 1.914532784882473848e+01 1.965796301984950589e-01
4.399999999999981526e+01 1.903102072075483875e+01 1.964912880827347219e-01
4.499999999999961631e+01 1.892109682831248918e+01 1.964041707064974329e-01
4.599999999999941735e+01 1.881482321874895902e+01 1.963178520222255141e-01
4.699999999999921840e+01 1.871156149470821006e+01 1.962319523790200526e-01
4.799999999999901945e+01 1.861075664550790876e+01 1.961461357132730232e-01
4.899999999999882050e+01 1.851192641274408857e+01 1.960601056867600223e-01
4.999999999999862155e+01 1.841465151007548684e+01 1.959736013938384314e-01
5.099999999999842260e+01 1.831856684712020211e+01 1.958863930344430238e-01
5.199999999999822364e+01 1.822335379535552491e+01 1.957982777909466343e-01
5.299999999999802469e+01 1.812873346433481814e+01 1.957090760386306361e-01
5.399999999999782574e+01 1.803446091671663609e+01 1.956186279480544021e-01
5.499999999999762679e+01 1.794032023082850102e+01 1.955267904924034295e-01
5.599999999999742784e+01 1.784612031269798393e+01 1.954334348458091064e-01
5.699999999999722888e+01 1.775169136071129472e+01 1.953384441437318042e-01
5.799999999999702993e+01 1.765688189192095692e+01 1.952417115695208594e-01
5.899999999999683098e+01 1.756155624727521669e+01 1.951431387292584252e-01
5.999999999999663203e+01 1.746559250224020587e+01 1.950426342779550126e-01
6.099999999999643308e+01 1.736888071854334825e+01 1.949401127627626573e-01
6.199999999999623412e+01 1.727132148156179170e+01 1.948354936522531666e-01
6.299999999999603517e+01 1.717282467593863515e+01 1.947287005244419389e-01
6.399999999999583622e+01 1.707330845921080353e+01 1.946196603898125710e-01
6.499999999999634781e+01 1.697269839955572124e+01 1.945083031289226438e-01
6.599999999999685940e+01 1.687092674923929181e+01 1.943945610271906321e-01
6.699999999999737099e+01 1.676793183004267718e+01 1.942783683921105453e-01
6.799999999999788258e+01 1.666365751093893977e+01 1.941596612404607181e-01
6.899999999999839417e+01 1.655805276166400830e+01 1.940383770450493650e-01
6.999999999999890576e+01 1.645107126866217584e+01 1.939144545322348534e-01
7.099999999999941735e+01 1.634267110225885133e+01 1.937878335228821747e-01
7.199999999999992895e+01 1.623281442589188117e+01 1.936584548106215498e-01
7.300000000000044054e+01 1.612146723987421737e+01 1.935262600722806314e-01
7.400000000000095213e+01 1.600859915352407015e+01 1.933911918062022617e-01
7.500000000000146372e+01 1.589418318062103630e+01 1.932531932948585995e-01
7.600000000000197531e+01 1.577819555407490526e+01 1.931122085887506390e-01
7.700000000000248690e+01 1.566061555645433856e+01 1.929681825090656944e-01
7.800000000000299849e+01 1.554142536364808436e+01 1.928210606669566451e-01
7.900000000000351008e+01 1.542060989944212501e+01 1.926707894976337487e-01
8.000000000000402167e+01 1.529815669921354271e+01 1.925173163077263105e-01
8.100000000000453326e+01 1.517405578128151689e+01 1.923605893345869400e-01
8.200000000000504485e+01 1.504829952473194155e+01 1.922005578163829831e-01
8.300000000000555644e+01 1.492088255275581155e+01 1.920371720719658282e-01
8.400000000000606803e+01 1.479180162072246674e+01 1.918703835896092835e-01
8.500000000000657963e+01 1.466105550835418470e+01 1.917001451238056764e-01
8.600000000000709122e+01 1.452864491548638881e+01 1.915264107993611964e-01
8.700000000000760281e+01 1.439457236099145376e+01 1.913491362220876568e-01
8.800000000000811440e+01 1.425884208451982893e+01 1.911682785954170460e-01
8.900000000000862599e+01 1.412145995077213101e+01 1.909837968422862797e-01
9.000000000000913758e+01 1.398243335606460569e+01 1.907956517316495015e-01
9.100000000000964917e+01 1.384177113698851436e+01 1.906038060089767505e-01
9.200000000001016076e+01 1.369948348099520175e+01 1.904082245300950660e-01
9.300000000001067235e+01 1.355558183876359557e+01 1.902088743977126961e-01
9.400000000001118394e+01 1.341007883822696911e+01 1.900057250999567515e-01
9.500000000001169553e+01 1.326298820015256474e+01 1.897987486502334953e-01
9.600000000001220712e+01 1.311432465518150359e+01 1.895879197277016148e-01
9.700000000001271871e+01 1.296410386224817302e+01 1.893732158176247848e-01
9.800000000001323031e+01 1.281234232830827757e+01 1.891546173508510120e-01
9.900000000001374190e+01 1.265905732931392613e+01 1.889321078416405786e-01
1.000000000000142535e+02 1.250426683238216974e+01 1.887056740230476370e-01
1.010000000000147651e+02 1.234798941911071068e+01 1.884753059790365004e-01
1.020000000000152767e+02 1.219024421000177227e+01 1.882409972725039848e-01
1.030000000000157883e+02 1.203105078996155797e+01 1.880027450683584844e-01
1.040000000000162999e+02 1.187042913484906137e+01 1.877605502508035429e-01
1.050000000000168114e+02 1.170839953905417907e+01 1.875144175339626407e-01
1.060000000000173230e+02 1.154498254409065794e+01 1.872643555649865232e-01
1.070000000000178346e+02 1.138019886819500925e+01 1.870103770187852843e-01
1.080000000000183462e+02 1.121406933692792229e+01 1.867524986835374379e-01
1.090000000000188578e+02 1.104661481477895002e+01 1.864907415361480303e-01
1.100000000000193694e+02 1.087785613778029514e+01 1.862251308068467726e-01
1.110000000000198810e+02 1.070781404713924800e+01 1.859556960321439856e-01
1.120000000000203926e+02 1.053650912390195593e+01 1.856824710954033120e-01
1.130000000000209042e+02 1.036396172466469068e+01 1.854054942543249540e-01
1.140000000000214158e+02 1.019019191835064753e+01 1.851248081546843782e-01
1.150000000000219273e+02 1.001521942407191545e+01 1.848404598297256896e-01
1.160000000000224389e+02 9.839063550097691291e+00 1.845525006846675253e-01
1.170000000000229505e+02 9.661743133949485696e+00 1.842609864658456553e-01
1.180000000000234621e+02 9.483276483643949817e+00 1.839659772140902483e-01
1.190000000000239737e+02 9.303681320102917596e+00 1.836675372020083741e-01
1.200000000000244853e+02 9.122974720747823341e+00 1.833657348549262989e-01
1.210000000000249969e+02 8.941173064293753470e+00 1.830606426553283428e-01
1.220000000000255085e+02 8.758291976754431829e+00 1.827523370307198025e-01
1.230000000000260201e+02 8.574346278666062915e+00 1.824408982249291766e-01
1.240000000000265317e+02 8.389349933532935566e+00 1.821264101529572188e-01
1.250000000000270433e+02 8.203315997492937939e+00 1.818089602395749349e-01
1.260000000000275548e+02 8.016256570195077202e+00 1.814886392419639838e-01
1.270000000000280664e+02 7.828182746875352649e+00 1.811655410567844238e-01
1.280000000000285638e+02 7.639104571610637606e+00 1.808397625121460905e-01
1.290000000000276543e+02 7.449030991723530448e+00 1.805114031450482659e-01
1.300000000000267448e+02 7.257969813302697304e+00 1.801805649649324270e-01
1.310000000000258353e+02 7.065927657799653261e+00 1.798473522040793804e-01
1.320000000000249258e+02 6.872909919650359356e+00 1.795118710556502239e-01
1.330000000000240163e+02 6.678920724866512337e+00 1.791742294002432456e-01
1.340000000000231068e+02 6.483962890532318113e+00 1.788345365219008443e-01
1.350000000000221974e+02 6.288037885135570271e+00 1.784929028145557095e-01
1.360000000000212879e+02 6.091145789654693665e+00 1.781494394799523484e-01
1.370000000000203784e+02 5.893285259316447089e+00 1.778042582181210696e-01
1.380000000000194689e+02 5.694453485932525538e+00 1.774574709115134541e-01
1.390000000000185594e+02 5.494646160716998295e+00 1.771091893039272724e-01
1.400000000000176499e+02 5.293857437480792072e+00 1.767595246753675686e-01
1.410000000000167404e+02 5.092079896094144686e+00 1.764085875139919379e-01
1.420000000000158309e+02 4.889304506103254511e+00 1.760564871862848324e-01
1.430000000000149214e+02 4.685520590383307926e+00 1.757033316065961803e-01
1.440000000000140119e+02 4.480715788706470804e+00 1.753492269071513232e-01
1.450000000000131024e+02 4.274876021100923573e+00 1.749942771096210103e-01
1.460000000000121929e+02 4.067985450874906483e+00 1.746385837992927015e-01
1.470000000000112834e+02 3.860026447178718012e+00 1.742822458028492061e-01
1.480000000000103739e+02 3.650979546977376256e+00 1.739253588707039277e-01
1.490000000000094644e+02 3.440823416307301930e+00 1.735680153647931045e-01
1.500000000000085549e+02 3.229534810692229474e+00 1.732103039526573240e-01
1.510000000000076454e+02 3.017088534596321647e+00 1.728523093085861662e-01
1.520000000000067359e+02 2.803457399796484673e+00 1.724941118225254422e-01
1.530000000000058265e+02 2.588612182561099484e+00 1.721357873173814668e-01
1.540000000000049170e+02 2.372521579529188074e+00 1.717774067752811107e-01
1.550000000000040075e+02 2.155152162192052856e+00 1.714190360732724128e-01
1.560000000000030980e+02 1.936468329889213580e+00 1.710607357288853880e-01
1.570000000000021885e+02 1.716432261242190060e+00 1.707025606558922048e-01
1.580000000000012790e+02 1.495003863963155100e+00 1.703445599305453695e-01
1.590000000000003695e+02 1.272140722991234707e+00 1.699867765685061094e-01
1.599999999999994600e+02 1.047798046927505222e+00 1.696292473126125855e-01
1.609999999999985505e+02 8.219286127605640591e-01 1.692720024315884642e-01
1.619999999999976410e+02 5.944827088985139563e-01 1.689150655297393389e-01
1.629999999999967315e+02 3.654080765503294748e-01 1.685584533676494079e-01
1.639999999999958220e+02 1.346498495307188459e-01 1.682021756938567314e-01
1.649999999999949125e+02 -9.784950737618428040e-02 1.678462350874660725e-01
1.659999999999940030e+02 -3.321502615035436534e-01 1.674906268116456431e-01
1.669999999999930935e+02 -5.683154762471543942e-01 1.671353386779615979e-01
1.679999999999921840e+02 -8.064110761585898679e-01 1.667803509215076141e-01
1.689999999999912745e+02 -1.046505912480925504e+00 1.664256360868264228e-01
1.699999999999903650e+02 -1.288671828923539930e+00 1.660711589246589848e-01
1.709999999999894555e+02 -1.532983727210044389e+00 1.657168762996139022e-01
1.719999999999885461e+02 -1.779519631879936670e+00 1.653627371089314291e-01
1.729999999999876366e+02 -2.028360753733745359e+00 1.650086822126056452e-01
1.739999999999867271e+02 -2.279591551210334188e+00 1.646546443752477662e-01
1.749999999999858176e+02 -2.533299788872084068e+00 1.643005482202008205e-01
1.759999999999849081e+02 -2.789576592048395032e+00 1.639463101965772662e-01
1.769999999999839986e+02 -3.048516496548921761e+00 1.635918385600616254e-01
1.779999999999830891e+02 -3.310217492204524881e+00 1.632370333685208563e-01
1.789999999999821796e+02 -3.574781058825121427e+00 1.628817864936889792e-01
1.799999999999812701e+02 -3.842312192978643903e+00 1.625259816504302235e-01
1.809999999999803606e+02 -4.112919423794086704e+00 1.621694944453573595e-01
1.819999999999794511e+02 -4.386714815773504306e+00 1.618121924468658712e-01
1.829999999999785416e+02 -4.663813956364259994e+00 1.614539352789553794e-01
1.839999999999776321e+02 -4.944335925793816422e+00 1.610945747415357676e-01
1.849999999999767226e+02 -5.228403246408525717e+00 1.607339549602575801e-01
1.859999999999758131e+02 -5.516141808488693954e+00 1.603719125692611713e-01
1.869999999999749036e+02 -5.807680769238457330e+00 1.600082769305991859e-01
1.879999999999739941e+02 -6.103152421381629722e+00 1.596428703944432204e-01
1.889999999999730846e+02 -6.402692027543734454e+00 1.592755086045369584e-01
1.899999999999721751e+02 -6.706437616378376099e+00 1.589060008536823665e-01
1.909999999999712657e+02 -7.014529736227017587e+00 1.585341504943410806e-01
1.919999999999703562e+02 -7.327111162007701850e+00 1.581597554096705049e-01
1.929999999999694467e+02 -7.644326551044910545e+00 1.577826085504796250e-01
1.939999999999685372e+02 -7.966322043720620805e+00 1.574024985436673352e-01
1.949999999999676277e+02 -8.293244805196893665e+00 1.570192103776446024e-01
1.959999999999667182e+02 -8.625242505095275902e+00 1.566325261700347860e-01
1.969999999999658087e+02 -8.962462732990655212e+00 1.562422260225385107e-01
1.979999999999648992e+02 -9.305052348972305154e+00 1.558480889672065328e-01
1.989999999999639897e+02 -9.653156770435066036e+00 1.554498940074366675e-01
1.999999999999630802e+02 -1.000691919879067449e+01 1.550474212557486908e-01
2.009999999999621707e+02 -1.036647979303191036e+01 1.546404531687463335e-01
2.019999999999612612e+02 -1.073197480113237035e+01 1.542287758775876538e-01
2.029999999999603517e+02 -1.110353566519002477e+01 1.538121806097135502e-01
2.039999999999594422e+02 -1.148128812205090910e+01 1.533904651944785758e-01
2.049999999999585327e+02 -1.186535132784492497e+01 1.529634356416680885e-01
2.059999999999576232e+02 -1.225583704229945425e+01 1.525309077776589028e-01
2.069999999999567137e+02 -1.265284891662376410e+01 1.520927089192167514e-01
2.079999999999558042e+02 -1.305648193677665958e+01 1.516486795596828363e-01
2.089999999999548947e+02 -1.346682208147035098e+01 1.511986750367216026e-01
2.099999999999539853e+02 -1.388394626056251902e+01 1.507425671450559335e-01
2.109999999999530758e+02 -1.430792260359743295e+01 1.502802456519979901e-01
2.119999999999521663e+02 -1.473881116907228517e+01 1.498116196684360635e-01
2.129999999999512568e+02 -1.517666514132515942e+01 1.493366188237229553e-01
2.139999999999503473e+02 -1.562153257256252736e+01 1.488551941901690434e-01
2.149999999999494378e+02 -1.607345871139185789e+01 1.483673189021489924e-01
2.159999999999485283e+02 -1.653248893550603071e+01 1.478729884168376862e-01
2.169999999999476188e+02 -1.699867227454774365e+01 1.473722203688657972e-01
2.179999999999467093e+02 -1.747206546996292786e+01 1.468650539802738020e-01
2.189999999999457998e+02 -1.795273747291903632e+01 1.463515490003477748e-01
2.199999999999448903e+02 -1.844077423111520275e+01 1.458317841673778537e-01
2.209999999999439808e+02 -1.893628356352058972e+01 1.453058552058134056e-01
2.219999999999430713e+02 -1.943939987270662328e+01 1.447738723971313257e-01
2.229999999999421618e+02 -1.995028840236797762e+01 1.442359577899000045e-01
2.239999999999412523e+02 -2.046914871850774276e+01 1.436922421425570195e-01
2.249999999999403428e+02 -2.099621708275314091e+01 1.431428617194430986e-01
2.259999999999394333e+02 -2.153176740162157188e+01 1.425879550844174615e-01
2.269999999999385238e+02 -2.207611048198578629e+01 1.420276600544908563e-01
2.279999999999376143e+02 -2.262959140473352448e+01 1.414621109858197334e-01
2.289999999999367049e+02 -2.319258494721468367e+01 1.408914365637201349e-01
2.299999999999357954e+02 -2.376548913782537298e+01 1.403157582550816906e-01
2.309999999999348859e+02 -2.434871720452941091e+01 1.397351895543921252e-01
2.319999999999339764e+02 -2.494268836792052113e+01 1.391498361133316763e-01
2.329999999999330669e+02 -2.554781810660812269e+01 1.385597967898428429e-01
2.339999999999321574e+02 -2.616450866078560722e+01 1.379651655888121942e-01
2.349999999999312479e+02 -2.679314061159574223e+01 1.373660343980603327e-01
2.359999999999303384e+02 -2.743406635602701726e+01 1.367624963569769869e-01
2.369999999999294289e+02 -2.808760617948720295e+01 1.361546496387049943e-01
2.379999999999285194e+02 -2.875404741725906632e+01 1.355426013880350056e-01
2.389999999999276099e+02 -2.943364691716870496e+01 1.349264715424013661e-01
2.399999999999267004e+02 -3.012663670922881565e+01 1.343063962758344609e-01
2.409999999999257909e+02 -3.083323250054920095e+01 1.336825308447220362e-01
2.419999999999248814e+02 -3.155364438793835191e+01 1.330550516747732170e-01
2.429999999999239719e+02 -3.228808904492826315e+01 1.324241576021883693e-01
2.439999999999230624e+02 -3.303680260370028066e+01 1.317900702583330586e-01
2.449999999999221529e+02 -3.380005350562995403e+01 1.311530336559575127e-01
2.459999999999212434e+02 -3.457815471276373387e+01 1.305133130880269665e-01
2.469999999999203339e+02 -3.537147482555660361e+01 1.298711934827707359e-01
2.479999999999194245e+02 -3.618044780923405312e+01 1.292269773696776425e-01
2.489999999999185150e+02 -3.700558116748097603e+01 1.285809826033324221e-01
2.499999999999176055e+02 -3.784746250113989419e+01 1.279335399700401443e-01
2.509999999999166960e+02 -3.870676444236856639e+01 1.272849907720284557e-01
2.519999999999157865e+02 -3.958424795837809995e+01 1.266356844514939795e-01
2.529999999999148770e+02 -4.048076397877412802e+01 1.259859762867276134e-01
2.539999999999139675e+02 -4.139725324656942718e+01 1.253362251682692552e-01
2.549999999999130580e+02 -4.233474398972265362e+01 1.246867914467441885e-01
2.559999999999121485e+02 -4.329434702124991929e+01 1.240380348375650782e-01
2.569999999999112674e+02 -4.427724758508670533e+01 1.233903123676369368e-01
2.579999999999103579e+02 -4.528469290498524202e+01 1.227439763566363778e-01
2.589999999999094484e+02 -4.631797406075941126e+01 1.220993724392544638e-01
2.599999999999085389e+02 -4.737840037204143329e+01 1.214568376529356758e-01
2.609999999999076294e+02 -4.846726395153466171e+01 1.208166986367451984e-01
2.619999999999067199e+02 -4.958579151047064926e+01 1.201792700097511490e-01
2.629999999999058105e+02 -5.073507989979514576e+01 1.195448530203886833e-01
2.639999999999049010e+02 -5.191601134058287670e+01 1.189137345801666718e-01
2.649999999999039915e+02 -5.312914400178418362e+01 1.182861868137988076e-01
2.659999999999030820e+02 -5.437457380016405040e+01 1.176624672705368774e-01
2.669999999999021725e+02 -5.565176445109179326e+01 1.170428199439797895e-01
2.679999999999012630e+02 -5.695934547677717319e+01 1.164274772340307962e-01
2.689999999999003535e+02 -5.829488278431048798e+01 1.158166629472235781e-01
2.699999999998994440e+02 -5.965463420914375092e+01 1.152105963613939965e-01
2.709999999998985345e+02 -6.103331330236827768e+01 1.146094972693936648e-01
2.719999999998976250e+02 -6.242389779574124731e+01 1.140135917606908827e-01
2.729999999998967155e+02 -6.381753196399312600e+01 1.134231183064361159e-01
2.739999999998958060e+02 -6.520357955005313499e+01 1.128383335078095434e-01
2.749999999998948965e+02 -6.656987926509386000e+01 1.122595166962914170e-01
2.759999999998939870e+02 -6.790323200579767615e+01 1.116869725031372634e-01
2.769999999998930775e+02 -6.919010664211464245e+01 1.111210306092266370e-01
2.779999999998921680e+02 -7.041749726258731812e+01 1.105620421805793424e-01
2.789999999998912585e+02 -7.157381596847349670e+01 1.100103729631769500e-01
2.799999999998903490e+02 -7.264968157100746282e+01 1.094663935566684565e-01
2.809999999998894396e+02 -7.363847857813645703e+01 1.089304678683470501e-01
2.819999999998885301e+02 -7.453661014787084582e+01 1.084029410335728555e-01
2.829999999998876206e+02 -7.534343574593327730e+01 1.078841281071569319e-01
2.839999999998867111e+02 -7.606094558059506028e+01 1.073743046008664992e-01
2.849999999998858016e+02 -7.669326160995120745e+01 1.068736995550972901e-01
2.859999999998848921e+02 -7.724606351911903346e+01 1.063824914045683051e-01
2.869999999998839826e+02 -7.772602345193776330e+01 1.059008065271451193e-01
2.879999999998830731e+02 -7.814030680630241932e+01 1.054287201069431246e-01
2.889999999998821636e+02 -7.849616870044006589e+01 1.049662588085452930e-01
2.899999999998812541e+02 -7.880065338434640410e+01 1.045134047287964996e-01
2.909999999998803446e+02 -7.906038919462343983e+01 1.040701001333884101e-01
2.919999999998794351e+02 -7.928146401918679942e+01 1.036362525648368976e-01
2.929999999998785256e+02 -7.946936377911875127e+01 1.032117400011728497e-01
2.939999999998776161e+02 -7.962895715670590846e+01 1.027964158343442763e-01
2.949999999998767066e+02 -7.976451212109434152e+01 1.023901135152262554e-01
2.959999999998757971e+02 -7.987973267226199425e+01 1.019926507749675526e-01
2.969999999998748876e+02 -7.997780703187476092e+01 1.016038333801531218e-01
2.979999999998739781e+02 -8.006146096011343616e+01 1.012234584136423449e-01
2.989999999998730686e+02 -8.013301186788316954e+01 1.008513170962897082e-01
2.999999999998721592e+02 -8.019442092773992670e+01 1.004871971794945307e-01
3.009999999998712497e+02 -8.024734151908863566e+01 1.001308849468265649e-01
3.019999999998703402e+02 -8.029316314636037077e+01 9.978216686665765389e-02
3.029999999998694307e+02 -8.033305051575105438e+01 9.944083093823549713e-02
3.039999999998685212e+02 -8.036797781116125350e+01 9.910666777207464972e-02
3.049999999998676117e+02 -8.039875842632592651e+01 9.877947144272246349e-02
3.059999999998667022e+02 -8.042607052940121548e+01 9.845904014846902641e-02
3.069999999998657927e+02 -8.045047888990295348e+01 9.814517670881724165e-02
3.079999999998648832e+02 -8.047245340884441589e+01 9.783768892677455198e-02
3.089999999998639737e+02 -8.049238477755052656e+01 9.753638983944701302e-02
3.099999999998630642e+02 -8.051059766022169129e+01 9.724109787710283337e-02
3.109999999998621547e+02 -8.052736175748758285e+01 9.695163694787879705e-02
3.119999999998612452e+02 -8.054290106785761338e+01 9.666783646264379137e-02
3.129999999998603357e+02 -8.055740162421079731e+01 9.638953131220248660e-02
3.139999999998594262e+02 -8.057101794506360193e+01 9.611656180700324514e-02
3.149999999998585167e+02 -8.058387840623900900e+01 9.584877358778103040e-02
3.159999999998576072e+02 -8.059608970812411144e+01 9.558601751408704605e-02
3.169999999998566977e+02 -8.060774058696920008e+01 9.532814953640655897e-02
3.179999999998557882e+02 -8.061890489548933658e+01 9.507503055651334023e-02
3.189999999998548788e+02 -8.062964415808477270e+01 9.482652627982621207e-02
3.199999999998539693e+02 -8.064000968897849475e+01 9.458250706280046938e-02
3.209999999998530598e+02 -8.065004434712321313e+01 9.434284775777382337e-02
3.219999999998521503e+02 -8.065978398952842099e+01 9.410742755718606856e-02
3.229999999998512408e+02 -8.066925867438970954e+01 9.387612983867350824e-02
3.239999999998503313e+02 -8.067849365678462448e+01 9.364884201220188831e-02
3.249999999998494218e+02 -8.068751021248743882e+01 9.342545537012242329e-02
3.259999999998485123e+02 -8.069632631943206036e+01 9.320586494081109508e-02
3.269999999998476028e+02 -8.070495722132670835e+01 9.298996934636791223e-02
3.279999999998466933e+02 -8.071341589374385705e+01 9.277767066470751778e-02
3.289999999998457838e+02 -8.072171342952745476e+01 9.256887429625412778e-02
3.299999999998448743e+02 -8.072985935747054498e+01 9.236348883536135701e-02
3.309999999998439648e+02 -8.073786190581529354e+01 9.216142594650350572e-02
3.319999999998430553e+02 -8.074572822013921325e+01 9.196260024522881493e-02
3.329999999998421458e+02 -8.075346454353746140e+01 9.176692918381844366e-02
3.339999999998412363e+02 -8.076107636564712777e+01 9.157433294156591685e-02
3.349999999998403268e+02 -8.076856854592405455e+01 9.138473431956253834e-02
3.359999999998394173e+02 -8.077594541564705821e+01 9.119805863985819272e-02
3.369999999998385078e+02 -8.078321086234734594e+01 9.101423364885613543e-02
3.379999999998375984e+02 -8.079036839971830375e+01 9.083318942478846303e-02
3.389999999998366889e+02 -8.079742122553265915e+01 9.065485828911913624e-02
3.399999999998357794e+02 -8.080437226965125319e+01 9.047917472171521092e-02
3.409999999998348699e+02 -8.081122423384708497e+01 9.030607527963090131e-02
3.419999999998339604e+02 -8.081797962486797360e+01 9.013549851934797574e-02
3.429999999998330509e+02 -8.082464078191262047e+01 8.996738492232160544e-02
3.439999999998321414e+02 -8.083120989949075863e+01 8.980167682368321580e-02
3.449999999998312319e+02 -8.083768904646869657e+01 8.963831834395706577e-02
3.459999999998303224e+02 -8.084408018196101864e+01 8.947725532365238821e-02
3.469999999998294129e+02 -8.085038516861548885e+01 8.931843526059871086e-02
3.479999999998285034e+02 -8.085660578374128704e+01 8.916180724989580808e-02
3.489999999998275939e+02 -8.086274372865332793e+01 8.900732192635874007e-02
3.499999999998266844e+02 -8.086880063653886452e+01 8.885493140933899137e-02
3.509999999998257749e+02 -8.087477807910168792e+01 8.870458924981328153e-02
3.519999999998248654e+02 -8.088067757219113219e+01 8.855625037963295310e-02
3.529999999998239559e+02 -8.088650058059114656e+01 8.840987106283525188e-02
3.539999999998230464e+02 -8.089224852210988104e+01 8.826540884891927174e-02
3.549999999998221369e+02 -8.089792277108934115e+01 8.812282252799766291e-02
3.559999999998212274e+02 -8.090352466143197319e+01 8.798207208773672905e-02
3.569999999998203180e+02 -8.090905548922420110e+01 8.784311867200469970e-02
3.579999999998194085e+02 -8.091451651502406150e+01 8.770592454114929659e-02
3.589999999998184990e+02 -8.091990896586750637e+01 8.757045303383272083e-02
3.599999999998175895e+02 -8.092523403703903284e+01 8.743666853035189646e-02
3.609999999998166800e+02 -8.093049289364397225e+01 8.730453641738070147e-02
3.619999999998157705e+02 -8.093568667201411415e+01 8.717402305406869722e-02
3.629999999998148610e+02 -8.094081648097180448e+01 8.704509573943837453e-02
3.639999999998139515e+02 -8.094588340297431728e+01 8.691772268102362919e-02
3.649999999998130420e+02 -8.095088849515627771e+01 8.679187296469541291e-02
3.659999999998121325e+02 -8.095583279028515733e+01 8.666751652562409980e-02
3.669999999998112230e+02 -8.096071729764091174e+01 8.654462412032927487e-02
3.679999999998103135e+02 -8.096554300383161262e+01 8.642316729977117529e-02
3.689999999998094040e+02 -8.097031087355254897e+01 8.630311838343997233e-02
3.699999999998084945e+02 -8.097502185029621558e+01 8.618445043440021991e-02
3.709999999998075850e+02 -8.097967685701945584e+01 8.606713723525183379e-02
3.719999999998066755e+02 -8.098427679677205049e+01 8.595115326496924335e-02
3.729999999998057660e+02 -8.098882255329159818e+01 8.583647367658200911e-02
3.739999999998048565e+02 -8.099331499156842540e+01 8.572307427566396021e-02
3.749999999998039470e+02 -8.099775495838319728e+01 8.561093149959633775e-02
3.759999999998030376e+02 -8.100214328281937526e+01 8.550002239757549527e-02
3.769999999998021281e+02 -8.100648077675340630e+01 8.539032461133380658e-02
3.779999999998012186e+02 -8.101076823532487481e+01 8.528181635654627502e-02
3.789999999998003091e+02 -8.101500643738715723e+01 8.517447640489561600e-02
3.799999999997993996e+02 -8.101919614594046948e+01 8.506828406676950061e-02
3.809999999997984901e+02 -8.102333810854887020e+01 8.496321917456534090e-02
3.819999999997975806e+02 -8.102743305774230009e+01 8.485926206657930237e-02
3.829999999997966711e+02 -8.103148171140369982e+01 8.475639357145652031e-02
3.839999999997957616e+02 -8.103548477314319598e+01 8.465459499318088443e-02
3.849999999997948521e+02 -8.103944293265971055e+01 8.455384809658418599e-02
3.859999999997939426e+02 -8.104335686608990841e+01 8.445413509335425450e-02
3.869999999997930331e+02 -8.104722723634654358e+01 8.435543862852329378e-02
3.879999999997921236e+02 -8.105105469344567837e+01 8.425774176741850086e-02
3.889999999997912141e+02 -8.105483987482327279e+01 8.416102798305739874e-02
3.899999999997903046e+02 -8.105858340564239484e+01 8.406528114397103513e-02
3.909999999997893951e+02 -8.106228589909092364e+01 8.397048550243960130e-02
3.919999999997884856e+02 -8.106594795666978825e+01 8.387662568312462263e-02
3.929999999997875761e+02 -8.106957016847293573e+01 8.378368667208352383e-02
3.939999999997866666e+02 -8.107315311345914211e+01 8.369165380615214977e-02
3.949999999997857572e+02 -8.107669735971511216e+01 8.360051276268191944e-02
3.959999999997848477e+02 -8.108020346471185746e+01 8.351024954961813740e-02
3.969999999997839382e+02 -8.108367197555264738e+01 8.342085049590852730e-02
3.979999999997830287e+02 -8.108710342921443726e+01 8.333230224222790139e-02
3.989999999997821192e+02 -8.109049835278274543e+01 8.324459173200934869e-02
3.999999999997812097e+02 -8.109385726367882796e+01 8.315770620276977110e-02
4.009999999997803002e+02 -8.109718066988129692e+01 8.307163317771995570e-02
4.019999999997793907e+02 -8.110046907014117323e+01 8.298636045764834490e-02
4.029999999997784812e+02 -8.110372295419151101e+01 8.290187611306927551e-02
4.039999999997775717e+02 -8.110694280295017222e+01 8.281816847662602787e-02
4.049999999997766622e+02 -8.111012908871808236e+01 8.273522613573953965e-02
4.059999999997757527e+02 -8.111328227537154589e+01 8.265303792549448525e-02
4.069999999997748432e+02 -8.111640281854960222e+01 8.257159292175444976e-02
4.079999999997739337e+02 -8.111949116583583930e+01 8.249088043449671892e-02
4.089999999997730242e+02 -8.112254775693594411e+01 8.241089000136155029e-02
4.099999999997721147e+02 -8.112557302385026503e+01 8.233161138140619728e-02
4.109999999997712052e+02 -8.112856739104154258e+01 8.225303454905726064e-02
4.119999999997702957e+02 -8.113153127559856159e+01 8.217514968825516408e-02
4.129999999997693862e+02 -8.113446508739538388e+01 8.209794718678309344e-02
4.139999999997684768e+02 -8.113736922924596229e+01 8.202141763077461234e-02
4.149999999997675673e+02 -8.114024409705599794e+01 8.194555179939361222e-02
4.159999999997666578e+02 -8.114309007996925516e+01 8.187034065968079588e-02
4.169999999997657483e+02 -8.114590756051131848e+01 8.179577536156082407e-02
4.179999999997648388e+02 -8.114869691472891589e+01 8.172184723300472686e-02
4.189999999997639293e+02 -8.115145851232632879e+01 8.164854777534208408e-02
4.199999999997630198e+02 -8.115419271679770929e+01 8.157586865871847837e-02
4.209999999997621103e+02 -8.115689988555615741e+01 8.150380171769272541e-02
4.219999999997612008e+02 -8.115958037006031134e+01 8.143233894696894071e-02
4.229999999997602913e+02 -8.116223451593684501e+01 8.136147249725966812e-02
4.239999999997593818e+02 -8.116486266310003828e+01 8.129119467127508825e-02
4.249999999997584723e+02 -8.116746514586913008e+01 8.122149791983415690e-02
4.259999999997575628e+02 -8.117004229308173535e+01 8.115237483809381591e-02
4.269999999997566533e+02 -8.117259442820521542e+01 8.108381816189173807e-02
4.279999999997557438e+02 -8.117512186944512109e+01 8.101582076420003886e-02
4.289999999997548343e+02 -8.117762492985067979e+01 8.094837565168440385e-02
4.299999999997539248e+02 -8.118010391741836429e+01 8.088147596136696649e-02
4.309999999997530153e+02 -8.118255913519236344e+01 8.081511495738816220e-02
4.319999999997521059e+02 -8.118499088136307762e+01 8.074928602786539400e-02
4.329999999997511964e+02 -8.118739944936267250e+01 8.068398268184448496e-02
4.339999999997502869e+02 -8.118978512795899860e+01 8.061919854634064242e-02
4.349999999997493774e+02 -8.119214820134720867e+01 8.055492736346718530e-02
4.359999999997484679e+02 -8.119448894923861815e+01 8.049116298764819044e-02
4.369999999997475584e+02 -8.119680764694805930e+01 8.042789938291247664e-02
4.379999999997466489e+02 -8.119910456547911792e+01 8.036513062026638676e-02
4.389999999997457394e+02 -8.120137997160716736e+01 8.030285087514273112e-02
4.399999999997448299e+02 -8.120363412796037039e+01 8.024105442492397711e-02
4.409999999997439204e+02 -8.120586729309960106e+01 8.017973564653585461e-02
4.419999999997430109e+02 -8.120807972159532540e+01 8.011888901411071129e-02
4.429999999997421014e+02 -8.121027166410371478e+01 8.005850909671748117e-02
4.439999999997411919e+02 -8.121244336744052816e+01 7.999859055615646253e-02
4.449999999997402824e+02 -8.121459507465345951e+01 7.993912814481611562e-02
4.459999999997393729e+02 -8.121672702509282260e+01 7.988011670359126959e-02
4.469999999997384634e+02 -8.121883945448070108e+01 7.982155115985956062e-02
4.479999999997375539e+02 -8.122093259497840734e+01 7.976342652551440815e-02
4.489999999997366444e+02 -8.122300667525253459e+01 7.970573789505334961e-02
4.499999999997357349e+02 -8.122506192053954521e+01 7.964848044371962421e-02
4.509999999997348255e+02 -8.122709855270899482e+01 7.959164942569491030e-02
4.519999999997339160e+02 -8.122911679032517895e+01 7.953524017234273047e-02
4.529999999997330065e+02 -8.123111684870738713e+01 7.947924809049895789e-02
4.539999999997320970e+02 -8.123309893998924736e+01 7.942366866081071453e-02
4.549999999997311875e+02 -8.123506327317616638e+01 7.936849743611938679e-02
4.559999999997302780e+02 -8.123701005420234367e+01 7.931373003988810566e-02
4.569999999997293685e+02 -8.123893948598528425e+01 7.925936216467203976e-02
4.579999999997284590e+02 -8.124085176848082313e+01 7.920538957062937813e-02
4.589999999997275495e+02 -8.124274709873540701e+01 7.915180808407280832e-02
4.599999999997266400e+02 -8.124462567093807763e+01 7.909861359605944997e-02
4.609999999997257305e+02 -8.124648767647113345e+01 7.904580206101839701e-02
4.619999999997248210e+02 -8.124833330396009501e+01 7.899336949541474473e-02
4.629999999997239115e+02 -8.125016273932168076e+01 7.894131197644888021e-02
4.639999999997230020e+02 -8.125197616581172610e+01 7.888962564078988438e-02
4.649999999997220925e+02 -8.125377376407186603e+01 7.883830668334219915e-02
4.659999999997211830e+02 -8.125555571217478246e+01 7.878735135604454654e-02
4.669999999997202735e+02 -8.125732218566909637e+01 7.873675596669971188e-02
4.679999999997193640e+02 -8.125907335762290984e+01 7.868651687783483062e-02
4.689999999997184545e+02 -8.126080939866662334e+01 7.863663050559116519e-02
4.699999999997175451e+02 -8.126253047703482935e+01 7.858709331864167924e-02
4.709999999997166356e+02 -8.126423675860772278e+01 7.853790183713704742e-02
4.719999999997157261e+02 -8.126592840695074926e+01 7.848905263167794966e-02
4.729999999997148166e+02 -8.126760558335443818e+01 7.844054232231310875e-02
4.739999999997139071e+02 -8.126926844687274354e+01 7.839236757756355700e-02
4.749999999997129976e+02 -8.127091715436097275e+01 7.834452511346984283e-02
4.759999999997120881e+02 -8.127255186051293379e+01 7.829701169266439775e-02
4.769999999997111786e+02 -8.127417271789711606e+01 7.824982412346621896e-02
4.779999999997102691e+02 -8.127577987699226014e+01 7.820295925899801992e-02
4.789999999997093596e+02 -8.127737348622223124e+01 7.815641399632509978e-02
4.799999999997084501e+02 -8.127895369199033837e+01 7.811018527561543190e-02
4.809999999997075406e+02 -8.128052063871272992e+01 7.806427007932013884e-02
4.819999999997066311e+02 -8.128207446885120646e+01 7.801866543137371546e-02
4.829999999997057216e+02 -8.128361532294552205e+01 7.797336839641384743e-02
4.839999999997048121e+02 -8.128514333964480443e+01 7.792837607901983987e-02
4.849999999997039026e+02 -8.128665865573863414e+01 7.788368562296901776e-02
4.859999999997029931e+02 -8.128816140618728525e+01 7.783929421051125064e-02
4.869999999997020836e+02 -8.128965172415171025e+01 7.779519906166046384e-02
4.879999999997011741e+02 -8.129112974102231703e+01 7.775139743350287236e-02
4.889999999997002647e+02 -8.129259558644793060e+01 7.770788661952145182e-02
4.899999999996993552e+02 -8.129404938836373162e+01 7.766466394893620229e-02
4.909999999996984457e+02 -8.129549127301883971e+01 7.762172678605963605e-02
4.919999999996975362e+02 -8.129692136500311506e+01 7.757907252966736444e-02
4.929999999996966267e+02 -8.129833978727417332e+01 7.753669861238321470e-02
4.939999999996957172e+02 -8.129974666118280879e+01 7.749460250007796092e-02
4.949999999996948077e+02 -8.130114210649831819e+01 7.745278169128265444e-02
4.959999999996938982e+02 -8.130252624143457751e+01 7.741123371661416674e-02
4.969999999996929887e+02 -8.130389918267358951e+01 7.736995613821476270e-02
4.979999999996920792e+02 -8.130526104538989784e+01 7.732894654920347000e-02
4.989999999996911697e+02 -8.130661194327424823e+01 7.728820257314027165e-02
4.999999999996902602e+02 -8.130795198855676631e+01 7.724772186350183090e-02
5.000000000000000000e+02 -8.130795198855717842e+01 7.724772186348932701e-02
