1.000000000000000666e+00 -7.217023374637025768e+01 7.359382808264110232e-02
2.000000000000001332e+00 -6.327829483833499324e+01 7.362066536097131020e-02
2.999999999999980016e+00 -7.062184406548411175e+00 7.370534480486545803e-02
3.999999999999958700e+00 3.601508079373584792e+01 7.657446287743742419e-02
4.999999999999937828e+00 2.915827859715362180e+01 8.399500900266405889e-02
5.999999999999916511e+00 2.349820852814258032e+01 9.499771282536749462e-02
6.999999999999895195e+00 1.955326902507857767e+01 1.081363217988703246e-01
7.999999999999873879e+00 1.701979541533796336e+01 1.217578005747272513e-01
8.999999999999852562e+00 1.549804488087684540e+01 1.345339475037269639e-01
9.999999999999831246e+00 1.466048053360132464e+01 1.456943547186591026e-01
1.099999999999980993e+01 1.427114634046172092e+01 1.549678185558493460e-01
1.199999999999978861e+01 1.416855481477107048e+01 1.624106198269041623e-01
1.299999999999976730e+01 1.424458590108685740e+01 1.682457537691091909e-01
1.399999999999974598e+01 1.442754740023540272e+01 1.727537594312482105e-01
1.499999999999972466e+01 1.467015706251925700e+01 1.762116040379451964e-01
1.599999999999970335e+01 1.494139288344064731e+01 1.788642055334919712e-01
1.699999999999985789e+01 1.522104584039532327e+01 1.809148593913509906e-01
1.800000000000001421e+01 1.549608751948839291e+01 1.825254043860213005e-01
1.900000000000017053e+01 1.575824607690862500e+01 1.838207662863174385e-01
2.000000000000032685e+01 1.600238872276529634e+01 1.848949897717702961e-01
2.100000000000048317e+01 1.622544458523241317e+01 1.858173111161253721e-01
2.200000000000063949e+01 1.642568990751647107e+01 1.866376179994472528e-01
2.300000000000079581e+01 1.660227538395029256e+01 1.873910612562122158e-01
2.400000000000095213e+01 1.675491420996430847e+01 1.881017933508716267e-01
2.500000000000110845e+01 1.688367582083580132e+01 1.887859055387777762e-01
2.600000000000126477e+01 1.698884840349974112e+01 1.894536732747316987e-01
2.700000000000142109e+01 1.707084568450538242e+01 1.901112266701614761e-01
2.800000000000157740e+01 1.713014198644238917e+01 1.907617554749326261e-01
2.900000000000173372e+01 1.716722535967746666e+01 1.914063446051317285e-01
3.000000000000189004e+01 1.718256266718864111e+01 1.920445211083557369e-01
3.100000000000204636e+01 1.717657355021425403e+01 1.926745790560896177e-01
3.200000000000220268e+01 1.714961282855936631e+01 1.932937366809261703e-01
3.300000000000200373e+01 1.710196361993019210e+01 1.938981715183979160e-01
3.400000000000180478e+01 1.703384675968364093e+01 1.944829762929189132e-01
3.500000000000160583e+01 1.694545623046228044e+01 1.950420838684492619e-01
3.600000000000140687e+01 1.683703489092155436e+01 1.955682281214440321e-01
3.700000000000120792e+01 1.670900773383672444e+01 1.960530427928286745e-01
3.800000000000100897e+01 1.656218551693216057e+01 1.964874470874626577e-01
3.900000000000081002e+01 1.639802900580525602e+01 1.968624909429378678e-01
4.000000000000061107e+01 1.621891133420564302e+01 1.971707474313158792e-01
4.100000000000041211e+01 1.602824122022035525e+01 1.974080365968357009e-01
4.200000000000021316e+01 1.583027592064748212e+01 1.975748034917959306e-01
4.300000000000001421e+01 1.562956101990866742e+01 1.976762971161638294e-01
4.399999999999981526e+01 1.543017904634350046e+01 1.977212886256890234e-01
4.499999999999961631e+01 1.523515419193220133e+01 1.977200459090832640e-01
4.599999999999941735e+01 1.504625239283710414e+01 1.976825972808157195e-01
4.699999999999921840e+01 1.486415113137567801e+01 1.976177686777408904e-01
4.799999999999901945e+01 1.468878742365266810e+01 1.975328705361063253e-01
4.899999999999882050e+01 1.451970118596384118e+01 1.974337331527195039e-01
4.999999999999862155e+01 1.435628144224530800e+01 1.973248796731562060e-01
5.099999999999842260e+01 1.419790279336878669e+01 1.972097368578339116e-01
5.199999999999822364e+01 1.404397982404377743e+01 1.970908424724185926e-01
5.299999999999802469e+01 1.389397527137208321e+01 1.969700316495182069e-01
5.399999999999782574e+01 1.374738981930639525e+01 1.968485949021125947e-01
5.499999999999762679e+01 1.360374959393188377e+01 1.967274065837641972e-01
5.599999999999742784e+01 1.346259797676900938e+01 1.966070263573020949e-01
5.699999999999722888e+01 1.332349277783326791e+01 1.964877779880013220e-01
5.799999999999702993e+01 1.318600739808489131e+01 1.963698100463267537e-01
5.899999999999683098e+01 1.304973408601376228e+01 1.962531425670011875e-01
5.999999999999663203e+01 1.291428771948307563e+01 1.961377029060515920e-01
6.099999999999643308e+01 1.277930910330937131e+01 1.960233532696707692e-01
6.199999999999623412e+01 1.264446727853518304e+01 1.959099117731307460e-01
6.299999999999603517e+01 1.250946070005097077e+01 1.957971684340702456e-01
6.399999999999583622e+01 1.237401735663891955e+01 1.956848971805081883e-01
6.499999999999634781e+01 1.223789401531311682e+01 1.955728647217181426e-01
6.599999999999685940e+01 1.210087480725765019e+01 1.954608369587016170e-01
6.699999999999737099e+01 1.196276936591169537e+01 1.953485834792992593e-01
6.799999999999788258e+01 1.182341069994997085e+01 1.952358805779646489e-01
6.899999999999839417e+01 1.168265294838132284e+01 1.951225131543067315e-01
6.999999999999890576e+01 1.154036912937667836e+01 1.950082757733437033e-01
7.099999999999941735e+01 1.139644896259268769e+01 1.948929731113468455e-01
7.199999999999992895e+01 1.125079681821494404e+01 1.947764199624055503e-01
7.300000000000044054e+01 1.110332982492401577e+01 1.946584409409757299e-01
7.400000000000095213e+01 1.095397615303120631e+01 1.945388699834518231e-01
7.500000000000146372e+01 1.080267347739681405e+01 1.944175497260623997e-01
7.600000000000197531e+01 1.064936761662170817e+01 1.942943308161042826e-01
7.700000000000248690e+01 1.049401133963204558e+01 1.941690711977287209e-01
7.800000000000299849e+01 1.033656332749275464e+01 1.940416354013476119e-01
7.900000000000351008e+01 1.017698727654041946e+01 1.939118938565149719e-01
8.000000000000402167e+01 1.001525112827937392e+01 1.937797222412342424e-01
8.100000000000453326e+01 9.851326411597401744e+00 1.936450008755619123e-01
8.200000000000504485e+01 9.685187683468718944e+00 1.935076141636820346e-01
8.300000000000555644e+01 9.516812055231310907e+00 1.933674500860115275e-01
8.400000000000606803e+01 9.346178792613541120e+00 1.932243997410785230e-01
8.500000000000657963e+01 9.173268978842671117e+00 1.930783569357042428e-01
8.600000000000709122e+01 8.998065231328673974e+00 1.929292178212465014e-01
8.700000000000760281e+01 8.820551463535830194e+00 1.927768805732138213e-01
8.800000000000811440e+01 8.640712684703993673e+00 1.926212451113373525e-01
8.900000000000862599e+01 8.458534831047245461e+00 1.924622128571228663e-01
9.000000000000913758e+01 8.274004622930982933e+00 1.922996865259514743e-01
9.100000000000964917e+01 8.087109443310238177e+00 1.921335699509089945e-01
9.200000000001016076e+01 7.897837233403542712e+00 1.919637679356801241e-01
9.300000000001067235e+01 7.706176402184064855e+00 1.917901861340181868e-01
9.400000000001118394e+01 7.512115746799324256e+00 1.916127309534874645e-01
9.500000000001169553e+01 7.315644381489364356e+00 1.914313094813558935e-01
9.600000000001220712e+01 7.116751672969058085e+00 1.912458294306901840e-01
9.700000000001271871e+01 6.915427180579943212e+00 1.910561991048694286e-01
9.800000000001323031e+01 6.711660599807166783e+00 1.908623273788774832e-01
9.900000000001374190e+01 6.505441708005156087e+00 1.906641236958701024e-01
1.000000000000142535e+02 6.296760311386065290e+00 1.904614980776266620e-01
1.010000000000147651e+02 6.085606192504313228e+00 1.902543611476001928e-01
1.020000000000152767e+02 5.871969057622216326e+00 1.900426241653645765e-01
1.030000000000157883e+02 5.655838483470973621e+00 1.898261990713309422e-01
1.040000000000162999e+02 5.437203863030852347e+00 1.896049985406692007e-01
1.050000000000168114e+02 5.216054350048251465e+00 1.893789360454176673e-01
1.060000000000173230e+02 4.992378802087530154e+00 1.891479259238104393e-01
1.070000000000178346e+02 4.766165721985160530e+00 1.889118834558783655e-01
1.080000000000183462e+02 4.537403197634192864e+00 1.886707249444129486e-01
1.090000000000188578e+02 4.306078840080724390e+00 1.884243678004010880e-01
1.100000000000193694e+02 4.072179719962042199e+00 1.881727306320568338e-01
1.110000000000198810e+02 3.835692302359887229e+00 1.879157333365924498e-01
1.120000000000203926e+02 3.596602380183003156e+00 1.876532971938876249e-01
1.130000000000209042e+02 3.354895006231471744e+00 1.873853449612280231e-01
1.140000000000214158e+02 3.110554424132422113e+00 1.871118009683057359e-01
1.150000000000219273e+02 2.863563998372918640e+00 1.868325912116889087e-01
1.160000000000224389e+02 2.613906143691850925e+00 1.865476434479986234e-01
1.170000000000229505e+02 2.361562254128821259e+00 1.862568872850561275e-01
1.180000000000234621e+02 2.106512632065051793e+00 1.859602542703030770e-01
1.190000000000239737e+02 1.848736417628863427e+00 1.856576779758395690e-01
1.200000000000244853e+02 1.588211518877409301e+00 1.853490940794805808e-01
1.210000000000249969e+02 1.324914543206555440e+00 1.850344404412897770e-01
1.220000000000255085e+02 1.058820730482707972e+00 1.847136571751275547e-01
1.230000000000260201e+02 7.899038884340577882e-01 1.843866867148280797e-01
1.240000000000265317e+02 5.181363308840434279e-01 1.840534738747202914e-01
1.250000000000270433e+02 2.434888194574278963e-01 1.837139659043120488e-01
1.260000000000275548e+02 -3.406949056108288937e-02 1.833681125370719978e-01
1.270000000000280664e+02 -3.145710994839460151e-01 1.830158660333813803e-01
1.280000000000285638e+02 -5.980502068074482480e-01 1.826571812178587606e-01
1.290000000000276543e+02 -8.845427482846358602e-01 1.822920155114199359e-01
1.300000000000267448e+02 -1.174086425583831028e+00 1.819203289585876460e-01
1.310000000000258353e+02 -1.466720727563414206e+00 1.815420842507419474e-01
1.320000000000249258e+02 -1.762486942135583989e+00 1.811572467461634861e-01
1.330000000000240163e+02 -2.061428157616577383e+00 1.807657844879085596e-01
1.340000000000231068e+02 -2.363589252390296380e+00 1.803676682207259463e-01
1.350000000000221974e+02 -2.669016871635125021e+00 1.799628714083950642e-01
1.360000000000212879e+02 -2.977759389783760646e+00 1.795513702530457389e-01
1.370000000000203784e+02 -3.289866857302300662e+00 1.791331437181578334e-01
1.380000000000194689e+02 -3.605390930288758788e+00 1.787081735570952290e-01
1.390000000000185594e+02 -3.924384781304237180e+00 1.782764443491415274e-01
1.400000000000176499e+02 -4.246902989763439606e+00 1.778379435451012958e-01
1.410000000000167404e+02 -4.573001410129778677e+00 1.773926615245963734e-01
1.420000000000158309e+02 -4.902737016087252542e+00 1.769405916672101009e-01
1.430000000000149214e+02 -5.236167718805901927e+00 1.764817304396206488e-01
1.440000000000140119e+02 -5.573352157387163608e+00 1.760160775007962308e-01
1.450000000000131024e+02 -5.914349459587110225e+00 1.755436358272088881e-01
1.460000000000121929e+02 -6.259218970981683228e+00 1.750644118598421728e-01
1.470000000000112834e+02 -6.608019950888778915e+00 1.745784156745320004e-01
1.480000000000103739e+02 -6.960811233620865401e+00 1.740856611768633044e-01
1.490000000000094644e+02 -7.317650854047946574e+00 1.735861663224692042e-01
1.500000000000085549e+02 -7.678595637048268863e+00 1.730799533631235398e-01
1.510000000000076454e+02 -8.043700751262960580e+00 1.725670491184914113e-01
1.520000000000067359e+02 -8.413019228710306052e+00 1.720474852727988668e-01
1.530000000000058265e+02 -8.786601453317173238e+00 1.715212986950084839e-01
1.540000000000049170e+02 -9.164494623353080627e+00 1.709885317803431226e-01
1.550000000000040075e+02 -9.546742195165052181e+00 1.704492328101834264e-01
1.560000000000030980e+02 -9.933383318553680397e+00 1.699034563264935627e-01
1.570000000000021885e+02 -1.032445227762489637e+01 1.693512635159881152e-01
1.580000000000012790e+02 -1.071997795498083583e+01 1.687927225982757129e-01
1.590000000000003695e+02 -1.111998334160757906e+01 1.682279092111831631e-01
1.599999999999994600e+02 -1.152448511963727995e+01 1.676569067854151718e-01
1.609999999999985505e+02 -1.193349335008073986e+01 1.670798068996351138e-01
1.619999999999976410e+02 -1.234701130232002342e+01 1.664967096060030460e-01
1.629999999999967315e+02 -1.276503546618860163e+01 1.659077237151984630e-01
1.639999999999958220e+02 -1.318755579032348990e+01 1.653129670290351683e-01
1.649999999999949125e+02 -1.361455619154013874e+01 1.647125665080057810e-01
1.659999999999940030e+02 -1.404601537861059057e+01 1.641066583605250429e-01
1.669999999999930935e+02 -1.448190802937668131e+01 1.634953880403945403e-01
1.679999999999921840e+02 -1.492220635204948032e+01 1.628789101391463490e-01
1.689999999999912745e+02 -1.536688204943530955e+01 1.622573881605784696e-01
1.699999999999903650e+02 -1.581590868853577270e+01 1.616309941660620253e-01
1.709999999999894555e+02 -1.626926445765998963e+01 1.609999082811960081e-01
1.719999999999885461e+02 -1.672693526939660558e+01 1.603643180571684423e-01
1.729999999999876366e+02 -1.718891814145928265e+01 1.597244176838372165e-01
1.739999999999867271e+02 -1.765522475986530182e+01 1.590804070560278283e-01
1.749999999999858176e+02 -1.812588510180623658e+01 1.584324906998313409e-01
1.759999999999849081e+02 -1.860095097086318816e+01 1.577808765716244288e-01
1.769999999999839986e+02 -1.908049927702067805e+01 1.571257747489332168e-01
1.779999999999830891e+02 -1.956463488041993770e+01 1.564673960388401341e-01
1.789999999999821796e+02 -2.005349281308550857e+01 1.558059505360532560e-01
1.799999999999812701e+02 -2.054723969891338342e+01 1.551416461686322135e-01
1.809999999999803606e+02 -2.104607421068125461e+01 1.544746872742640553e-01
1.819999999999794511e+02 -2.155022643494876533e+01 1.538052732534610778e-01
1.829999999999785416e+02 -2.205995606202703740e+01 1.531335973476911083e-01
1.839999999999776321e+02 -2.257554937838794018e+01 1.524598455898310834e-01
1.849999999999767226e+02 -2.309731511137971438e+01 1.517841959711379585e-01
1.859999999999758131e+02 -2.362557925776594558e+01 1.511068178629166869e-01
1.869999999999749036e+02 -2.416067911334006624e+01 1.504278717221648465e-01
1.879999999999739941e+02 -2.470295680362070456e+01 1.497475090988039659e-01
1.889999999999730846e+02 -2.525275268667061468e+01 1.490658729480635047e-01
1.899999999999721751e+02 -2.581039904841286159e+01 1.483830982358587125e-01
1.909999999999712657e+02 -2.637621452975512781e+01 1.476993128085971885e-01
1.919999999999703562e+02 -2.695049970549673546e+01 1.470146384830483821e-01
1.929999999999694467e+02 -2.753353417540256487e+01 1.463291922981877768e-01
1.939999999999685372e+02 -2.812557543031119422e+01 1.456430878607464785e-01
1.949999999999676277e+02 -2.872685962984677133e+01 1.449564367108135965e-01
1.959999999999667182e+02 -2.933760428739399018e+01 1.442693496340932691e-01
1.969999999999658087e+02 -2.995801271955961198e+01 1.435819378534691770e-01
1.979999999999648992e+02 -3.058827999831643396e+01 1.428943140438639625e-01
1.989999999999639897e+02 -3.122860005790611027e+01 1.422065931297540886e-01
1.999999999999630802e+02 -3.187917356307918126e+01 1.415188928423798120e-01
2.009999999999621707e+02 -3.254021614129249684e+01 1.408313340316907913e-01
2.019999999999612612e+02 -3.321196661376223602e+01 1.401440407444951020e-01
2.029999999999603517e+02 -3.389469491904567633e+01 1.394571400935926409e-01
2.039999999999594422e+02 -3.458870949625167412e+01 1.387707619519119029e-01
2.049999999999585327e+02 -3.529436397141439130e+01 1.380850385104998856e-01
2.059999999999576232e+02 -3.601206306022364600e+01 1.374001037398925595e-01
2.069999999999567137e+02 -3.674226765613854440e+01 1.367160927916397373e-01
2.079999999999558042e+02 -3.748549911071725660e+01 1.360331413715673288e-01
2.089999999999548947e+02 -3.824234273095525083e+01 1.353513851097939980e-01
2.099999999999539853e+02 -3.901345051632422667e+01 1.346709589456023815e-01
2.109999999999530758e+02 -3.979954313661368559e+01 1.339919965388430001e-01
2.119999999999521663e+02 -4.060141112193143442e+01 1.333146297142311920e-01
2.129999999999512568e+02 -4.141991519195166660e+01 1.326389879408999550e-01
2.139999999999503473e+02 -4.225598542151850978e+01 1.319651978478144638e-01
2.149999999999494378e+02 -4.311061908682076904e+01 1.312933827759550365e-01
2.159999999999485283e+02 -4.398487675982251943e+01 1.306236623691360010e-01
2.169999999999476188e+02 -4.487987606831754306e+01 1.299561522087132603e-01
2.179999999999467093e+02 -4.579678235987761781e+01 1.292909635024551973e-01
2.189999999999457998e+02 -4.673679526787490346e+01 1.286282028443221093e-01
2.199999999999448903e+02 -4.770112989067807518e+01 1.279679720697257939e-01
2.209999999999439808e+02 -4.869099095921782805e+01 1.273103682399099601e-01
2.219999999999430713e+02 -4.970753799024279829e+01 1.266554837991841764e-01
2.229999999999421618e+02 -5.075183902451524176e+01 1.260034069595254713e-01
2.239999999999412523e+02 -5.182481017806880885e+01 1.253542223779217091e-01
2.249999999999403428e+02 -5.292713797764312034e+01 1.247080122017472092e-01
2.259999999999394333e+02 -5.405918145458359447e+01 1.240648575647698565e-01
2.269999999999385238e+02 -5.522085146007618306e+01 1.234248406185534802e-01
2.279999999999376143e+02 -5.641146595709128064e+01 1.227880471773489107e-01
2.289999999999367049e+02 -5.762958254467059760e+01 1.221545700341572643e-01
2.299999999999357954e+02 -5.887281360995707757e+01 1.215245129655434519e-01
2.309999999999348859e+02 -6.013763559773195055e+01 1.208979953768122839e-01
2.319999999999339764e+02 -6.141921186680550449e+01 1.202751574428421316e-01
2.329999999999330669e+02 -6.271125762274770210e+01 1.196561654734217550e-01
2.339999999999321574e+02 -6.400598344369575443e+01 1.190412170845404904e-01
2.349999999999312479e+02 -6.529415756385927239e+01 1.184305456110012339e-01
2.359999999999303384e+02 -6.656532213321219160e+01 1.178244230878351118e-01
2.369999999999294289e+02 -6.780818167844383026e+01 1.172231611051749584e-01
2.379999999999285194e+02 -6.901115272033776193e+01 1.166271089469845257e-01
2.389999999999276099e+02 -7.016302708138722721e+01 1.160366486780761847e-01
2.399999999999267004e+02 -7.125366825437433249e+01 1.154521872232237983e-01
2.409999999999257909e+02 -7.227464257186504426e+01 1.148741459160415174e-01
2.419999999999248814e+02 -7.321969322570424765e+01 1.143029483817915165e-01
2.429999999999239719e+02 -7.408499515575321936e+01 1.137390078595833381e-01
2.439999999999230624e+02 -7.486917292935179091e+01 1.131827151087658467e-01
2.449999999999221529e+02 -7.557310761146725042e+01 1.126344278857332737e-01
2.459999999999212434e+02 -7.619958976602931955e+01 1.120944626788964310e-01
2.469999999999203339e+02 -7.675288829189560147e+01 1.115630890358920990e-01
2.479999999999194245e+02 -7.723830031870248547e+01 1.110405264878557841e-01
2.489999999999185150e+02 -7.766173205879059083e+01 1.105269438236450991e-01
2.499999999999176055e+02 -7.802934144717551135e+01 1.100224603123609868e-01
2.509999999999166960e+02 -7.834725598565705695e+01 1.095271484089735126e-01
2.519999999999157865e+02 -7.862136619305096019e+01 1.090410374840309754e-01
2.529999999999148770e+02 -7.885718698795307091e+01 1.085641181689190604e-01
2.539999999999139675e+02 -7.905977543233304061e+01 1.080963469804556709e-01
2.549999999999130580e+02 -7.923369231757021680e+01 1.076376509662256148e-01
2.559999999999121485e+02 -7.938299590503015679e+01 1.071879321846283956e-01
2.569999999999112674e+02 -7.951125783813868964e+01 1.067470718958347525e-01
2.579999999999103579e+02 -7.962159322291628882e+01 1.063149343899035815e-01
2.589999999999094484e+02 -7.971669878067898196e+01 1.058913704165141967e-01
2.599999999999085389e+02 -7.979889463866545896e+01 1.054762202085150757e-01
2.609999999999076294e+02 -7.987016668185748358e+01 1.050693161105912404e-01
2.619999999999067199e+02 -7.993220744554159296e+01 1.046704848366548923e-01
2.629999999999058105e+02 -7.998645431765864089e+01 1.042795493867231249e-01
2.639999999999049010e+02 -8.003412438867870549e+01 1.038963306574661044e-01
2.649999999999039915e+02 -8.007624568126418296e+01 1.035206487814097076e-01
2.659999999999030820e+02 -8.011368475418896651e+01 1.031523242288342468e-01
2.669999999999021725e+02 -8.014717083987052604e+01 1.027911787043665898e-01
2.679999999999012630e+02 -8.017731677031216009e+01 1.024370358676053028e-01
2.689999999999003535e+02 -8.020463699362976229e+01 1.020897219041714543e-01
2.699999999998994440e+02 -8.022956299859828277e+01 1.017490659705746897e-01
2.709999999998985345e+02 -8.025245645935608252e+01 1.014149005333736392e-01
2.719999999998976250e+02 -8.027362039473257482e+01 1.010870616203820571e-01
2.729999999998967155e+02 -8.029330861226389970e+01 1.007653889991753093e-01
2.739999999998958060e+02 -8.031173367961434906e+01 1.004497262959151427e-01
2.749999999998948965e+02 -8.032907363827291647e+01 1.001399210655225802e-01
2.759999999998939870e+02 -8.034547764755728849e+01 9.983582482249739321e-02
2.769999999998930775e+02 -8.036107072199804691e+01 9.953729304017548685e-02
2.779999999998921680e+02 -8.037595770251748206e+01 9.924418512492329258e-02
2.789999999998912585e+02 -8.039022658162079438e+01 9.895636437066197832e-02
2.799999999998903490e+02 -8.040395128504491140e+01 9.867369789817639902e-02
2.809999999998894396e+02 -8.041719399683576341e+01 9.839605658286981749e-02
2.819999999998885301e+02 -8.043000710145527421e+01 9.812331497396120650e-02
2.829999999998876206e+02 -8.044243480504489696e+01 9.785535120755980976e-02
2.839999999998867111e+02 -8.045451448817276230e+01 9.759204691559028588e-02
2.849999999998858016e+02 -8.046627783405665468e+01 9.733328713215258499e-02
2.859999999998848921e+02 -8.047775176919323314e+01 9.707896019858049119e-02
2.869999999998839826e+02 -8.048895924735199969e+01 9.682895766820180661e-02
2.879999999998830731e+02 -8.049991990286018506e+01 9.658317421158173210e-02
2.889999999998821636e+02 -8.051065059486907671e+01 9.634150752285840225e-02
2.899999999998812541e+02 -8.052116586073140070e+01 9.610385822763117813e-02
2.909999999998803446e+02 -8.053147829363634003e+01 9.587012979274733837e-02
2.919999999998794351e+02 -8.054159885714369693e+01 9.564022843823669073e-02
2.929999999998785256e+02 -8.055153714716760760e+01 9.541406305156820145e-02
2.939999999998776161e+02 -8.056130161020338676e+01 9.519154510434185701e-02
2.949999999998767066e+02 -8.057089972513261955e+01 9.497258857148001276e-02
2.959999999998757971e+02 -8.058033815471512185e+01 9.475710985294680255e-02
2.969999999998748876e+02 -8.058962287185602236e+01 9.454502769799172368e-02
2.979999999998739781e+02 -8.059875926488615505e+01 9.433626313189313883e-02
2.989999999998730686e+02 -8.060775222538327967e+01 9.413073938515956196e-02
2.999999999998721592e+02 -8.061660622146844446e+01 9.392838182513435497e-02
3.009999999998712497e+02 -8.062532535902168718e+01 9.372911788993956717e-02
3.019999999998703402e+02 -8.063391343284723689e+01 9.353287702468887632e-02
3.029999999998694307e+02 -8.064237396947906689e+01 9.333959061989696715e-02
3.039999999998685212e+02 -8.065071026303124313e+01 9.314919195200757618e-02
3.049999999998676117e+02 -8.065892540526168375e+01 9.296161612596458290e-02
3.059999999998667022e+02 -8.066702231082017249e+01 9.277680001974920876e-02
3.069999999998657927e+02 -8.067500373848844220e+01 9.259468223080734306e-02
3.079999999998648832e+02 -8.068287230908249796e+01 9.241520302429377665e-02
3.089999999998639737e+02 -8.069063052057539664e+01 9.223830428306151186e-02
3.099999999998630642e+02 -8.069828076090369962e+01 9.206392945932567740e-02
3.109999999998621547e+02 -8.070582531884211619e+01 9.189202352793679474e-02
3.119999999998612452e+02 -8.071326639326778718e+01 9.172253294119871170e-02
3.129999999998603357e+02 -8.072060610107818945e+01 9.155540558516872540e-02
3.139999999998594262e+02 -8.072784648398570084e+01 9.139059073738299566e-02
3.149999999998585167e+02 -8.073498951437068172e+01 9.122803902595015557e-02
3.159999999998576072e+02 -8.074203710034797155e+01 9.106770238996057809e-02
3.169999999998566977e+02 -8.074899109017138699e+01 9.090953404115938163e-02
3.179999999998557882e+02 -8.075585327608403929e+01 9.075348842683637896e-02
3.189999999998548788e+02 -8.076262539770083038e+01 9.059952119388652025e-02
3.199999999998539693e+02 -8.076930914499723713e+01 9.044758915399615795e-02
3.209999999998530598e+02 -8.077590616096493648e+01 9.029765024991506794e-02
3.219999999998521503e+02 -8.078241804398501813e+01 9.014966352277418993e-02
3.229999999998512408e+02 -8.078884634996113334e+01 9.000358908041089512e-02
3.239999999998503313e+02 -8.079519259424800737e+01 8.985938806666687872e-02
3.249999999998494218e+02 -8.080145825340476051e+01 8.971702263162337210e-02
3.259999999998485123e+02 -8.080764476679773622e+01 8.957645590274286584e-02
3.269999999998476028e+02 -8.081375353807334250e+01 8.943765195688453684e-02
3.279999999998466933e+02 -8.081978593651861331e+01 8.930057579316474925e-02
3.289999999998457838e+02 -8.082574329832324622e+01 8.916519330663370824e-02
3.299999999998448743e+02 -8.083162692775614744e+01 8.903147126274214840e-02
3.309999999998439648e+02 -8.083743809826691518e+01 8.889937727257114786e-02
3.319999999998430553e+02 -8.084317805351932407e+01 8.876887976880044884e-02
3.329999999998421458e+02 -8.084884800836672980e+01 8.863994798239217821e-02
3.339999999998412363e+02 -8.085444914977365727e+01 8.851255191996602878e-02
3.349999999998403268e+02 -8.085998263768946970e+01 8.838666234184529291e-02
3.359999999998394173e+02 -8.086544960587909259e+01 8.826225074075141896e-02
3.369999999998385078e+02 -8.087085116271450147e+01 8.813928932112792547e-02
3.379999999998375984e+02 -8.087618839193004305e+01 8.801775097907310608e-02
3.389999999998366889e+02 -8.088146235334450296e+01 8.789760928286408093e-02
3.399999999998357794e+02 -8.088667408355368593e+01 8.777883845405309859e-02
3.409999999998348699e+02 -8.089182459659329538e+01 8.766141334911854710e-02
3.419999999998339604e+02 -8.089691488457674495e+01 8.754530944165550554e-02
3.429999999998330509e+02 -8.090194591830812954e+01 8.743050280508721239e-02
3.439999999998321414e+02 -8.090691864787142151e+01 8.731697009588346159e-02
3.449999999998312319e+02 -8.091183400319916075e+01 8.720468853727050829e-02
3.459999999998303224e+02 -8.091669289461970038e+01 8.709363590341732964e-02
3.469999999998294129e+02 -8.092149621338569432e+01 8.698379050408436286e-02
3.479999999998285034e+02 -8.092624483218413900e+01 8.687513116972130078e-02
3.489999999998275939e+02 -8.093093960562875111e+01 8.676763723700037234e-02
3.499999999998266844e+02 -8.093558137073605963e+01 8.666128853477175764e-02
3.509999999998257749e+02 -8.094017094738568119e+01 8.655606537042991044e-02
3.519999999998248654e+02 -8.094470913876516249e+01 8.645194851667778457e-02
3.529999999998239559e+02 -8.094919673180093866e+01 8.634891919867697385e-02
3.539999999998230464e+02 -8.095363449757482499e+01 8.624695908157416213e-02
3.549999999998221369e+02 -8.095802319172790362e+01 8.614605025839032482e-02
3.559999999998212274e+02 -8.096236355485098102e+01 8.604617523826409153e-02
3.569999999998203180e+02 -8.096665631286370512e+01 8.594731693503807057e-02
3.579999999998194085e+02 -8.097090217738126228e+01 8.584945865617822636e-02
3.589999999998184990e+02 -8.097510184607003225e+01 8.575258409201617915e-02
3.599999999998175895e+02 -8.097925600299245730e+01 8.565667730530600321e-02
3.609999999998166800e+02 -8.098336531894167933e+01 8.556172272108476806e-02
3.619999999998157705e+02 -8.098743045176541955e+01 8.546770511682917626e-02
3.629999999998148610e+02 -8.099145204668093356e+01 8.537460961289958239e-02
3.639999999998139515e+02 -8.099543073658036008e+01 8.528242166326176210e-02
3.649999999998130420e+02 -8.099936714232678980e+01 8.519112704647943679e-02
3.659999999998121325e+02 -8.100326187304222003e+01 8.510071185697010154e-02
3.669999999998112230e+02 -8.100711552638648527e+01 8.501116249651387291e-02
3.679999999998103135e+02 -8.101092868882875564e+01 8.492246566601144298e-02
3.689999999998094040e+02 -8.101470193591066504e+01 8.483460835748034279e-02
3.699999999998084945e+02 -8.101843583250206393e+01 8.474757784628560164e-02
3.709999999998075850e+02 -8.102213093304973768e+01 8.466136168359550407e-02
3.719999999998066755e+02 -8.102578778181883479e+01 8.457594768905711546e-02
3.729999999998057660e+02 -8.102940691312745969e+01 8.449132394368435994e-02
3.739999999998048565e+02 -8.103298885157505538e+01 8.440747878295329354e-02
3.749999999998039470e+02 -8.103653411226362380e+01 8.432440079009723144e-02
3.759999999998030376e+02 -8.104004320101397241e+01 8.424207878959706630e-02
3.769999999998021281e+02 -8.104351661457508271e+01 8.416050184085988040e-02
3.779999999998012186e+02 -8.104695484082779444e+01 8.407965923208086945e-02
3.789999999998003091e+02 -8.105035835898348751e+01 8.399954047428316584e-02
3.799999999997993996e+02 -8.105372763977696593e+01 8.392013529553024598e-02
3.809999999997984901e+02 -8.105706314565392745e+01 8.384143363530524584e-02
3.819999999997975806e+02 -8.106036533095392826e+01 8.376342563905320171e-02
3.829999999997966711e+02 -8.106363464208827452e+01 8.368610165288008218e-02
3.839999999997957616e+02 -8.106687151771271260e+01 8.360945221840546115e-02
3.849999999997948521e+02 -8.107007638889631096e+01 8.353346806776310030e-02
3.859999999997939426e+02 -8.107324967928519754e+01 8.345814011874531924e-02
3.869999999997930331e+02 -8.107639180526244616e+01 8.338345947008699022e-02
3.879999999997921236e+02 -8.107950317610348634e+01 8.330941739688479952e-02
3.889999999997912141e+02 -8.108258419412798901e+01 8.323600534614823687e-02
3.899999999997903046e+02 -8.108563525484699142e+01 8.316321493247758045e-02
3.909999999997893951e+02 -8.108865674710716576e+01 8.309103793386565795e-02
3.919999999997884856e+02 -8.109164905323058292e+01 8.301946628761934510e-02
3.929999999997875761e+02 -8.109461254915154882e+01 8.294849208639760996e-02
3.939999999997866666e+02 -8.109754760454950429e+01 8.287810757436214759e-02
3.949999999997857572e+02 -8.110045458297879861e+01 8.280830514343766324e-02
3.959999999997848477e+02 -8.110333384199510931e+01 8.273907732967801520e-02
3.969999999997839382e+02 -8.110618573327884917e+01 8.267041680973551132e-02
3.979999999997830287e+02 -8.110901060275556063e+01 8.260231639742998677e-02
3.989999999997821192e+02 -8.111180879071271477e+01 8.253476904041495699e-02
3.999999999997812097e+02 -8.111458063191444978e+01 8.246776781693744562e-02
4.009999999997803002e+02 -8.111732645571299827e+01 8.240130593268910064e-02
4.019999999997793907e+02 -8.112004658615754238e+01 8.233537671774598943e-02
4.029999999997784812e+02 -8.112274134210029786e+01 8.226997362359346477e-02
4.039999999997775717e+02 -8.112541103730045222e+01 8.220509022023488044e-02
4.049999999997766622e+02 -8.112805598052466394e+01 8.214072019338074238e-02
4.059999999997757527e+02 -8.113067647564631102e+01 8.207685734171600578e-02
4.069999999997748432e+02 -8.113327282174175537e+01 8.201349557424357506e-02
4.079999999997739337e+02 -8.113584531318383597e+01 8.195062890770112018e-02
4.089999999997730242e+02 -8.113839423973441001e+01 8.188825146404962729e-02
4.099999999997721147e+02 -8.114091988663349753e+01 8.182635746803099130e-02
4.109999999997712052e+02 -8.114342253468689137e+01 8.176494124479309622e-02
4.119999999997702957e+02 -8.114590246035190546e+01 8.170399721757967693e-02
4.129999999997693862e+02 -8.114835993582049412e+01 8.164351990548407434e-02
4.139999999997684768e+02 -8.115079522910095022e+01 8.158350392126370587e-02
4.149999999997675673e+02 -8.115320860409771342e+01 8.152394396921452957e-02
4.159999999997666578e+02 -8.115560032068923135e+01 8.146483484310296230e-02
4.169999999997657483e+02 -8.115797063480376039e+01 8.140617142415405849e-02
4.179999999997648388e+02 -8.116031979849378786e+01 8.134794867909386773e-02
4.189999999997639293e+02 -8.116264806000896215e+01 8.129016165824466678e-02
4.199999999997630198e+02 -8.116495566386673488e+01 8.123280549367130343e-02
4.209999999997621103e+02 -8.116724285092175251e+01 8.117587539737734781e-02
4.219999999997612008e+02 -8.116950985843405419e+01 8.111936665954898318e-02
4.229999999997602913e+02 -8.117175692013510968e+01 8.106327464684617845e-02
4.239999999997593818e+02 -8.117398426629290498e+01 8.100759480073890795e-02
4.249999999997584723e+02 -8.117619212377491067e+01 8.095232263588764132e-02
4.259999999997575628e+02 -8.117838071611082285e+01 8.089745373856611910e-02
4.269999999997566533e+02 -8.118055026355260395e+01 8.084298376512601136e-02
4.279999999997557438e+02 -8.118270098313396943e+01 8.078890844050184983e-02
4.289999999997548343e+02 -8.118483308872869486e+01 8.073522355675441520e-02
4.299999999997539248e+02 -8.118694679110701884e+01 8.068192497165302401e-02
4.309999999997530153e+02 -8.118904229799154848e+01 8.062900860729362018e-02
4.319999999997521059e+02 -8.119111981411137435e+01 8.057647044875299036e-02
4.329999999997511964e+02 -8.119317954125533277e+01 8.052430654277800692e-02
4.339999999997502869e+02 -8.119522167832417381e+01 8.047251299650791390e-02
4.349999999997493774e+02 -8.119724642138132253e+01 8.042108597622969757e-02
4.359999999997484679e+02 -8.119925396370300064e+01 8.037002170616508456e-02
4.369999999997475584e+02 -8.120124449582679915e+01 8.031931646728820984e-02
4.379999999997466489e+02 -8.120321820559935588e+01 8.026896659617359375e-02
4.389999999997457394e+02 -8.120517527822381965e+01 8.021896848387249923e-02
4.399999999997448299e+02 -8.120711589630488447e+01 8.016931857481833512e-02
4.409999999997439204e+02 -8.120904023989385223e+01 8.012001336575869104e-02
4.419999999997430109e+02 -8.121094848653306997e+01 8.007104940471433674e-02
4.429999999997421014e+02 -8.121284081129834931e+01 8.002242328996454768e-02
4.439999999997411919e+02 -8.121471738684127217e+01 7.997413166905605053e-02
4.449999999997402824e+02 -8.121657838343064384e+01 7.992617123783836430e-02
4.459999999997393729e+02 -8.121842396899279493e+01 7.987853873952133199e-02
4.469999999997384634e+02 -8.122025430915108757e+01 7.983123096375613348e-02
4.479999999997375539e+02 -8.122206956726502369e+01 7.978424474573882208e-02
4.489999999997366444e+02 -8.122386990446787536e+01 7.973757696533523287e-02
4.499999999997357349e+02 -8.122565547970440036e+01 7.969122454622772078e-02
4.509999999997348255e+02 -8.122742644976712256e+01 7.964518445508157740e-02
4.519999999997339160e+02 -8.122918296933190163e+01 7.959945370073173709e-02
4.529999999997330065e+02 -8.123092519099338915e+01 7.955402933338918958e-02
4.539999999997320970e+02 -8.123265326529919150e+01 7.950890844386587775e-02
4.549999999997311875e+02 -8.123436734078362065e+01 7.946408816281770593e-02
4.559999999997302780e+02 -8.123606756400083384e+01 7.941956566000589468e-02
4.569999999997293685e+02 -8.123775407955706385e+01 7.937533814357559947e-02
4.579999999997284590e+02 -8.123942703014236599e+01 7.933140285935093294e-02
4.589999999997275495e+02 -8.124108655656198152e+01 7.928775709014677930e-02
4.599999999997266400e+02 -8.124273279776640777e+01 7.924439815509620733e-02
4.609999999997257305e+02 -8.124436589088199412e+01 7.920132340899384282e-02
4.619999999997248210e+02 -8.124598597123974741e+01 7.915853024165374341e-02
4.629999999997239115e+02 -8.124759317240433631e+01 7.911601607728240004e-02
4.639999999997230020e+02 -8.124918762620238510e+01 7.907377837386576902e-02
4.649999999997220925e+02 -8.125076946275017065e+01 7.903181462257012624e-02
4.659999999997211830e+02 -8.125233881048072249e+01 7.899012234715664660e-02
4.669999999997202735e+02 -8.125389579617051083e+01 7.894869910340897301e-02
4.679999999997193640e+02 -8.125544054496556612e+01 7.890754247857352521e-02
4.689999999997184545e+02 -8.125697318040739958e+01 7.886665009081240962e-02
4.699999999997175451e+02 -8.125849382445784386e+01 7.882601958866834735e-02
4.709999999997166356e+02 -8.126000259752396460e+01 7.878564865054130117e-02
4.719999999997157261e+02 -8.126149961848238945e+01 7.874553498417673214e-02
4.729999999997148166e+02 -8.126298500470269914e+01 7.870567632616512488e-02
4.739999999997139071e+02 -8.126445887207135854e+01 7.866607044145203231e-02
4.749999999997129976e+02 -8.126592133501432613e+01 7.862671512285902831e-02
4.759999999997120881e+02 -8.126737250651960665e+01 7.858760819061497149e-02
4.769999999997111786e+02 -8.126881249815929209e+01 7.854874749189703909e-02
4.779999999997102691e+02 -8.127024142011144647e+01 7.851013090038201636e-02
4.789999999997093596e+02 -8.127165938118102417e+01 7.847175631580678712e-02
4.799999999997084501e+02 -8.127306648882117202e+01 7.843362166353809450e-02
4.809999999997075406e+02 -8.127446284915372132e+01 7.839572489415154444e-02
4.819999999997066311e+02 -8.127584856698901206e+01 7.835806398301929654e-02
4.829999999997057216e+02 -8.127722374584600118e+01 7.832063692990648418e-02
4.839999999997048121e+02 -8.127858848797160363e+01 7.828344175857597509e-02
4.849999999997039026e+02 -8.127994289435982012e+01 7.824647651640130597e-02
4.859999999997029931e+02 -8.128128706477048127e+01 7.820973927398741643e-02
4.869999999997020836e+02 -8.128262109774743749e+01 7.817322812479933491e-02
4.879999999997011741e+02 -8.128394509063708995e+01 7.813694118479833084e-02
4.889999999997002647e+02 -8.128525913960582727e+01 7.810087659208586608e-02
4.899999999996993552e+02 -8.128656333965774650e+01 7.806503250655394410e-02
4.909999999996984457e+02 -8.128785778465126555e+01 7.802940710954311965e-02
4.919999999996975362e+02 -8.128914256731657417e+01 7.799399860350716973e-02
4.929999999996966267e+02 -8.129041777927189116e+01 7.795880521168449540e-02
4.939999999996957172e+02 -8.129168351103993473e+01 7.792382517777587947e-02
4.949999999996948077e+02 -8.129293985206345496e+01 7.788905676562886404e-02
4.959999999996938982e+02 -8.129418689072160475e+01 7.785449825892827580e-02
4.969999999996929887e+02 -8.129542471434487538e+01 7.782014796089234410e-02
4.979999999996920792e+02 -8.129665340923035899e+01 7.778600419397549426e-02
4.989999999996911697e+02 -8.129787306065674102e+01 7.775206529957656709e-02
4.999999999996902602e+02 -8.129908375289893741e+01 7.771832963775249237e-02
5.000000000000000000e+02 -8.129908375289930689e+01 7.771832963774207015e-02
