1.000000000000000666e+00 -7.217161298653591928e+01 7.359457632957444595e-02
2.000000000000001332e+00 -6.342951878773514807e+01 7.362412336034795945e-02
2.999999999999980016e+00 -4.710947844939641982e+01 7.370047755853639804e-02
3.999999999999958700e+00 2.387079107594150074e+01 7.694682775910040295e-02
4.999999999999937828e+00 2.282751967084281119e+01 9.207742675546602695e-02
5.999999999999916511e+00 2.169669893927747495e+01 1.132720560981222702e-01
6.999999999999895195e+00 2.092425866712853022e+01 1.342968676680077467e-01
7.999999999999873879e+00 2.052954407114846092e+01 1.519303638858288674e-01
8.999999999999852562e+00 2.043816333826710618e+01 1.652818114280528439e-01
9.999999999999831246e+00 2.055992899434026100e+01 1.747259526728066892e-01
1.099999999999980993e+01 2.081739063921841293e+01 1.811115721137419865e-01
1.199999999999978861e+01 2.115200708121466988e+01 1.853259763301881857e-01
1.299999999999976730e+01 2.152223648185722027e+01 1.881101229601118974e-01
1.399999999999974598e+01 2.189952411727402293e+01 1.900121437385509926e-01
1.499999999999972466e+01 2.226436959617574374e+01 1.914037470039395838e-01
1.599999999999970335e+01 2.260310365957172962e+01 1.925178705303928484e-01
1.699999999999985789e+01 2.290540755141113038e+01 1.934878508656329987e-01
1.800000000000001421e+01 2.316239758569831153e+01 1.943802674247673001e-01
1.900000000000017053e+01 2.336504459086996022e+01 1.952193042085032249e-01
2.000000000000032685e+01 2.350272913670549002e+01 1.960029312808526103e-01
2.100000000000048317e+01 2.356190924963434341e+01 1.967123919926634934e-01
2.200000000000063949e+01 2.352554328584135135e+01 1.973178308150729254e-01
2.300000000000079581e+01 2.337594668044589596e+01 1.977854891100058743e-01
2.400000000000095213e+01 2.310684077964377181e+01 1.980932130460236196e-01
2.500000000000110845e+01 2.274329807498609668e+01 1.982492668609446285e-01
2.600000000000126477e+01 2.234049862168431488e+01 1.982899793536043453e-01
2.700000000000142109e+01 2.194796491753285039e+01 1.982553643775711028e-01
2.800000000000157740e+01 2.158761029595411784e+01 1.981746240488520550e-01
2.900000000000173372e+01 2.126218839407867023e+01 1.980669258608531436e-01
3.000000000000189004e+01 2.096800286535416191e+01 1.979449645776807931e-01
3.100000000000204636e+01 2.070082494215944635e+01 1.978171223306596227e-01
3.200000000000220268e+01 2.045733635705265741e+01 1.976887344462062990e-01
3.300000000000200373e+01 2.023502136737389989e+01 1.975629956534430964e-01
3.400000000000180478e+01 2.003179990333320148e+01 1.974416459560742465e-01
3.500000000000160583e+01 1.984577476397198126e+01 1.973254677591027573e-01
3.600000000000140687e+01 1.967512378706534903e+01 1.972146296738637727e-01
3.700000000000120792e+01 1.951808242360829126e+01 1.971089190258918100e-01
3.800000000000100897e+01 1.937296474382009492e+01 1.970078985345262990e-01
3.900000000000081002e+01 1.923819186933790348e+01 1.969110118885482041e-01
4.000000000000061107e+01 1.911231401706929134e+01 1.968176542249617245e-01
4.100000000000041211e+01 1.899402231400574692e+01 1.967272179646648023e-01
4.200000000000021316e+01 1.888215116254283643e+01 1.966391211887411894e-01
4.300000000000001421e+01 1.877567351784948002e+01 1.965528237457793703e-01
4.399999999999981526e+01 1.867369157574100313e+01 1.964678349364534227e-01
4.499999999999961631e+01 1.857542494857027293e+01 1.963837156242140558e-01
4.599999999999941735e+01 1.848019785725750452e+01 1.963000768450753053e-01
4.699999999999921840e+01 1.838742636826870580e+01 1.962165763838361332e-01
4.799999999999901945e+01 1.829660631083024214e+01 1.961329143207071746e-01
4.899999999999882050e+01 1.820730222401508058e+01 1.960488282081238043e-01
4.999999999999862155e+01 1.811913748814353298e+01 1.959640882899656988e-01
5.099999999999842260e+01 1.803178566874738920e+01 1.958784930031511606e-01
5.199999999999822364e+01 1.794496302476143512e+01 1.957918648857709110e-01
5.299999999999802469e+01 1.785842209015813964e+01 1.957040469410000483e-01
5.399999999999782574e+01 1.777194621837952582e+01 1.956148994597550483e-01
5.499999999999762679e+01 1.768534497340471390e+01 1.955242972783007849e-01
5.599999999999742784e+01 1.759845025442886879e+01 1.954321274330921288e-01
5.699999999999722888e+01 1.751111304910408251e+01 1.953382871694226142e-01
5.799999999999702993e+01 1.742320072061807323e+01 1.952426822597194966e-01
5.899999999999683098e+01 1.733459474499592190e+01 1.951452255894760568e-01
5.999999999999663203e+01 1.724518882596064628e+01 1.950458359724370760e-01
6.099999999999643308e+01 1.715488732494538127e+01 1.949444371609072579e-01
6.199999999999623412e+01 1.706360395315025258e+01 1.948409570213934794e-01
6.299999999999603517e+01 1.697126068077833594e+01 1.947353268499343038e-01
6.399999999999583622e+01 1.687778682577092937e+01 1.946274808052559924e-01
6.499999999999634781e+01 1.678311829055054361e+01 1.945173554412520933e-01
6.599999999999685940e+01 1.668719692055995552e+01 1.944048893232184494e-01
6.699999999999737099e+01 1.658996996285555525e+01 1.942900227147958681e-01
6.799999999999788258e+01 1.649138960677748500e+01 1.941726973247139831e-01
6.899999999999839417e+01 1.639141259187082511e+01 1.940528561042443312e-01
6.999999999999890576e+01 1.628999987086219647e+01 1.939304430877888119e-01
7.099999999999941735e+01 1.618711631768206161e+01 1.938054032703020457e-01
7.199999999999992895e+01 1.608273047233542385e+01 1.936776825163017690e-01
7.300000000000044054e+01 1.597681431592080337e+01 1.935472274961045347e-01
7.400000000000095213e+01 1.586934307033201819e+01 1.934139856456463802e-01
7.500000000000146372e+01 1.576029501819312273e+01 1.932779051468536402e-01
7.600000000000197531e+01 1.564965133940956044e+01 1.931389349260216881e-01
7.700000000000248690e+01 1.553739596140128221e+01 1.929970246680710044e-01
7.800000000000299849e+01 1.542351542064046832e+01 1.928521248448782921e-01
7.900000000000351008e+01 1.530799873357074148e+01 1.927041867561603006e-01
8.000000000000402167e+01 1.519083727535395312e+01 1.925531625816027104e-01
8.100000000000453326e+01 1.507202466518979733e+01 1.923990054431136687e-01
8.200000000000504485e+01 1.495155665719577698e+01 1.922416694762185962e-01
8.300000000000555644e+01 1.482943103603025747e+01 1.920811099097324559e-01
8.400000000000606803e+01 1.470564751659829561e+01 1.919172831529299406e-01
8.500000000000657963e+01 1.458020764730596142e+01 1.917501468895105865e-01
8.600000000000709122e+01 1.445311471642953727e+01 1.915796601776969810e-01
8.700000000000760281e+01 1.432437366124628220e+01 1.914057835558509446e-01
8.800000000000811440e+01 1.419399097963734491e+01 1.912284791530085848e-01
8.900000000000862599e+01 1.406197464392413465e+01 1.910477108037567373e-01
9.000000000000913758e+01 1.392833401673980909e+01 1.908634441668748405e-01
9.100000000000964917e+01 1.379307976876915909e+01 1.906756468471652866e-01
9.200000000001016076e+01 1.365622379821603616e+01 1.904842885198937408e-01
9.300000000001067235e+01 1.351777915187738266e+01 1.902893410572432387e-01
9.400000000001118394e+01 1.337775994771952526e+01 1.900907786561770729e-01
9.500000000001169553e+01 1.323618129886568973e+01 1.898885779670873575e-01
9.600000000001220712e+01 1.309305923891478507e+01 1.896827182225851449e-01
9.700000000001271871e+01 1.294841064852089119e+01 1.894731813657744290e-01
9.800000000001323031e+01 1.280225318317132199e+01 1.892599521773278559e-01
9.900000000001374190e+01 1.265460520210798911e+01 1.890430184006668957e-01
1.000000000000142535e+02 1.250548569834396595e+01 1.888223708645324073e-01
1.010000000000147651e+02 1.235491422973315068e+01 1.885980036022114337e-01
1.020000000000152767e+02 1.220291085105687401e+01 1.883699139666794864e-01
1.030000000000157883e+02 1.204949604709721811e+01 1.881381027409046724e-01
1.040000000000162999e+02 1.189469066667219721e+01 1.879025742425511347e-01
1.050000000000168114e+02 1.173851585761353711e+01 1.876633364223224409e-01
1.060000000000173230e+02 1.158099300267294929e+01 1.874204009551807271e-01
1.070000000000178346e+02 1.142214365634793616e+01 1.871737833236884474e-01
1.080000000000183462e+02 1.126198948262306843e+01 1.869235028927294928e-01
1.090000000000188578e+02 1.110055219362718937e+01 1.866695829748805380e-01
1.100000000000193694e+02 1.093785348921139722e+01 1.864120508857307623e-01
1.110000000000198810e+02 1.077391499745653114e+01 1.861509379884684068e-01
1.120000000000203926e+02 1.060875821612246561e+01 1.858862797270927347e-01
1.130000000000209042e+02 1.044240445505450587e+01 1.856181156476429395e-01
1.140000000000214158e+02 1.027487477956477946e+01 1.853464894068844737e-01
1.150000000000219273e+02 1.010618995480848170e+01 1.850714487679395170e-01
1.160000000000224389e+02 9.936370391176344796e+00 1.847930455824043083e-01
1.170000000000229505e+02 9.765436090725287954e+00 1.845113357585575764e-01
1.180000000000234621e+02 9.593406594669646736e+00 1.842263792153277513e-01
1.190000000000239737e+02 9.420300931954640689e+00 1.839382398217533909e-01
1.200000000000244853e+02 9.246137568933006534e+00 1.836469853217486126e-01
1.210000000000249969e+02 9.070934360163509069e+00 1.833526872440568167e-01
1.220000000000255085e+02 8.894708500348107449e+00 1.830554207973562053e-01
1.230000000000260201e+02 8.717476477421284287e+00 1.827552647505608363e-01
1.240000000000265317e+02 8.539254026801765818e+00 1.824523012984437254e-01
1.250000000000270433e+02 8.360056086812592824e+00 1.821466159127885787e-01
1.260000000000275548e+02 8.179896755271125031e+00 1.818382971793622571e-01
1.270000000000280664e+02 7.998789247245409406e+00 1.815274366210761769e-01
1.280000000000285638e+02 7.816745853968121160e+00 1.812141285077931985e-01
1.290000000000276543e+02 7.633777902893674749e+00 1.808984696533041392e-01
1.300000000000267448e+02 7.449895718876710760e+00 1.805805592000786497e-01
1.310000000000258353e+02 7.265108586447692751e+00 1.802604983924654958e-01
1.320000000000249258e+02 7.079424713149990112e+00 1.799383903390796569e-01
1.330000000000240163e+02 6.892851193900088269e+00 1.796143397651770723e-01
1.340000000000231068e+02 6.705393976324677041e+00 1.792884527558723795e-01
1.350000000000221974e+02 6.517057827022154193e+00 1.789608364911042249e-01
1.360000000000212879e+02 6.327846298689684623e+00 1.786315989732928933e-01
1.370000000000203784e+02 6.137761698050936410e+00 1.783008487486727467e-01
1.380000000000194689e+02 5.946805054513391475e+00 1.779686946233070277e-01
1.390000000000185594e+02 5.754976089478706314e+00 1.776352453748138160e-01
1.400000000000176499e+02 5.562273186223950283e+00 1.773006094608426397e-01
1.410000000000167404e+02 5.368693360266658665e+00 1.769648947253486815e-01
1.420000000000158309e+02 5.174232230121949883e+00 1.766282081037035823e-01
1.430000000000149214e+02 4.978883988355749857e+00 1.762906553276730182e-01
1.440000000000140119e+02 4.782641372834516957e+00 1.759523406312731575e-01
1.450000000000131024e+02 4.585495638068519675e+00 1.756133664584908216e-01
1.460000000000121929e+02 4.387436526543342374e+00 1.752738331738186439e-01
1.470000000000112834e+02 4.188452239931902632e+00 1.749338387765198566e-01
1.480000000000103739e+02 3.988529410078196946e+00 1.745934786194899835e-01
1.490000000000094644e+02 3.787653069642872072e+00 1.742528451335330908e-01
1.500000000000085549e+02 3.585806622300882651e+00 1.739120275578148189e-01
1.510000000000076454e+02 3.382971812382014054e+00 1.735711116771953832e-01
1.520000000000067359e+02 3.179128693846486886e+00 1.732301795670824207e-01
1.530000000000058265e+02 2.974255598490014307e+00 1.728893093463793607e-01
1.540000000000049170e+02 2.768329103275892322e+00 1.725485749390359702e-01
1.550000000000040075e+02 2.561323996695509475e+00 1.722080458446408335e-01
1.560000000000030980e+02 2.353213244063828480e+00 1.718677869184253859e-01
1.570000000000021885e+02 2.143967951662231197e+00 1.715278581609831210e-01
1.580000000000012790e+02 1.933557329648553758e+00 1.711883145179357302e-01
1.590000000000003695e+02 1.721948653662262574e+00 1.708492056897184530e-01
1.599999999999994600e+02 1.509107225062792157e+00 1.705105759515899433e-01
1.609999999999985505e+02 1.294996329750242925e+00 1.701724639839146402e-01
1.619999999999976410e+02 1.079577195530560640e+00 1.698349027127112054e-01
1.629999999999967315e+02 8.628089480021722268e-01 1.694979191604104873e-01
1.639999999999958220e+02 6.446485649578242993e-01 1.691615343067200405e-01
1.649999999999949125e+02 4.250508293143954175e-01 1.688257629594603904e-01
1.659999999999940030e+02 2.039682806050759356e-01 1.684906136351990991e-01
1.669999999999930935e+02 -1.864883490743377698e-02 1.681560884494925912e-01
1.679999999999921840e+02 -2.428526154104816148e-01 1.678221830165280704e-01
1.689999999999912745e+02 -4.686975558967748645e-01 1.674888863579523934e-01
1.699999999999903650e+02 -6.962406015435579354e-01 1.671561808206769306e-01
1.709999999999894555e+02 -9.255412019247771793e-01 1.668240420034661498e-01
1.719999999999885461e+02 -1.156661365821472831e+00 1.664924386921367294e-01
1.729999999999876366e+02 -1.389665716346597302e+00 1.661613328032373882e-01
1.739999999999867271e+02 -1.624621546045367682e+00 1.658306793361186138e-01
1.749999999999858176e+02 -1.861598871570943503e+00 1.655004263333751113e-01
1.759999999999849081e+02 -2.100670487466568481e+00 1.651705148497058795e-01
1.769999999999839986e+02 -2.341912018508990556e+00 1.648408789293357712e-01
1.779999999999830891e+02 -2.585401969983042836e+00 1.645114455922397634e-01
1.789999999999821796e+02 -2.831221775163182741e+00 1.641821348295297578e-01
1.799999999999812701e+02 -3.079455839173474985e+00 1.638528596084996292e-01
1.809999999999803606e+02 -3.330191578282799991e+00 1.635235258879725040e-01
1.819999999999794511e+02 -3.583519453565611634e+00 1.631940326447603729e-01
1.829999999999785416e+02 -3.839532997720541463e+00 1.628642719122275762e-01
1.839999999999776321e+02 -4.098328833688427153e+00 1.625341288321494326e-01
1.849999999999767226e+02 -4.360006683548436790e+00 1.622034817212704150e-01
1.859999999999758131e+02 -4.624669365995499604e+00 1.618722021541964540e-01
1.869999999999749036e+02 -4.892422780515198966e+00 1.615401550644995909e-01
1.879999999999739941e+02 -5.163375876174842283e+00 1.612071988661694377e-01
1.889999999999730846e+02 -5.437640602744751028e+00 1.608731855978111080e-01
1.899999999999721751e+02 -5.715331841651709155e+00 1.605379610922642586e-01
1.909999999999712657e+02 -5.996567314056702180e+00 1.602013651745950173e-01
1.919999999999703562e+02 -6.281467463146815255e+00 1.598632318916834716e-01
1.929999999999694467e+02 -6.570155307540659351e+00 1.595233897768961184e-01
1.939999999999685372e+02 -6.862756262547508257e+00 1.591816621535838416e-01
1.949999999999676277e+02 -7.159397925903140170e+00 1.588378674813627767e-01
1.959999999999667182e+02 -7.460209824552229918e+00 1.584918197493188075e-01
1.969999999999658087e+02 -7.765323119082625070e+00 1.581433289204052794e-01
1.979999999999648992e+02 -8.074870262573647040e+00 1.577922014313584420e-01
1.989999999999639897e+02 -8.388984610935517949e+00 1.574382407524196059e-01
1.999999999999630802e+02 -8.707799982337872891e+00 1.570812480110028719e-01
2.009999999999621707e+02 -9.031450164103999256e+00 1.567210226831541042e-01
2.019999999999612612e+02 -9.360068366546977714e+00 1.563573633561819720e-01
2.029999999999603517e+02 -9.693786624710169164e+00 1.559900685651685881e-01
2.039999999999594422e+02 -1.003273515092050516e+01 1.556189377051554190e-01
2.049999999999585327e+02 -1.037704164353852931e+01 1.552437720196068183e-01
2.059999999999576232e+02 -1.072683056036048477e+01 1.548643756642378022e-01
2.069999999999567137e+02 -1.108222236884279077e+01 1.544805568434276799e-01
2.079999999999558042e+02 -1.144333278970125356e+01 1.540921290141844813e-01
2.089999999999548947e+02 -1.181027205546534198e+01 1.536989121499564015e-01
2.099999999999539853e+02 -1.218314421116288848e+01 1.533007340534986718e-01
2.109999999999530758e+02 -1.256204649031213272e+01 1.528974317045073139e-01
2.119999999999521663e+02 -1.294706880554888784e+01 1.524888526238570574e-01
2.129999999999512568e+02 -1.333829339914127488e+01 1.520748562321149466e-01
2.139999999999503473e+02 -1.373579470384120427e+01 1.516553151756587503e-01
2.149999999999494378e+02 -1.413963946835830399e+01 1.512301165893805144e-01
2.159999999999485283e+02 -1.454988720347157205e+01 1.507991632608476906e-01
2.169999999999476188e+02 -1.496659100358517414e+01 1.503623746572113895e-01
2.179999999999467093e+02 -1.538979879352596036e+01 1.499196877734625677e-01
2.189999999999457998e+02 -1.581955504075454932e+01 1.494710577592544554e-01
2.199999999999448903e+02 -1.625590295824556009e+01 1.490164582818657713e-01
2.209999999999439808e+02 -1.669888720265931070e+01 1.485558815854355619e-01
2.219999999999430713e+02 -1.714855704602130260e+01 1.480893382117507429e-01
2.229999999999421618e+02 -1.760496996736392461e+01 1.476168563559583924e-01
2.239999999999412523e+02 -1.806819557465295745e+01 1.471384808417659507e-01
2.249999999999403428e+02 -1.853831972844266218e+01 1.466542717150156050e-01
2.259999999999394333e+02 -1.901544869935841575e+01 1.461643024716905714e-01
2.269999999999385238e+02 -1.949971315463464094e+01 1.456686579559501316e-01
2.279999999999376143e+02 -1.999127173807555025e+01 1.451674319848387240e-01
2.289999999999367049e+02 -2.049031398698307171e+01 1.446607247777895733e-01
2.299999999999357954e+02 -2.099706232316366439e+01 1.441486402895250929e-01
2.309999999999348859e+02 -2.151177286747847361e+01 1.436312835628561491e-01
2.319999999999339764e+02 -2.203473486258384284e+01 1.431087582314153617e-01
2.329999999999330669e+02 -2.256626854961366035e+01 1.425811643097197323e-01
2.339999999999321574e+02 -2.310672143291092340e+01 1.420485964074283403e-01
2.349999999999312479e+02 -2.365646298109455969e+01 1.415111424947467500e-01
2.359999999999303384e+02 -2.421587794748801059e+01 1.409688833256523000e-01
2.369999999999294289e+02 -2.478535863829651831e+01 1.404218925947028074e-01
2.379999999999285194e+02 -2.536529659817504267e+01 1.398702378623475628e-01
2.389999999999276099e+02 -2.595607430070662858e+01 1.393139822349047929e-01
2.399999999999267004e+02 -2.655805750635819606e+01 1.387531867320102030e-01
2.409999999999257909e+02 -2.717158896277516078e+01 1.381879132211013550e-01
2.419999999999248814e+02 -2.779698406174447101e+01 1.376182277509875040e-01
2.429999999999239719e+02 -2.843452893209571286e+01 1.370442040807034745e-01
2.439999999999230624e+02 -2.908448125117617877e+01 1.364659271808702223e-01
2.449999999999221529e+02 -2.974707382410340628e+01 1.358834964861712347e-01
2.459999999999212434e+02 -3.042252074258438199e+01 1.352970287001103167e-01
2.469999999999203339e+02 -3.111102572760137264e+01 1.347066599946612486e-01
2.479999999999194245e+02 -3.181279211024616060e+01 1.341125475025309322e-01
2.489999999999185150e+02 -3.252803382803202226e+01 1.335148700612517614e-01
2.499999999999176055e+02 -3.325698681149246028e+01 1.329138282281875916e-01
2.509999999999166960e+02 -3.399992019636274421e+01 1.323096436364996076e-01
2.519999999999157865e+02 -3.475714690014384445e+01 1.317025577989088814e-01
2.529999999999148770e+02 -3.552903322509301631e+01 1.310928304861342930e-01
2.539999999999139675e+02 -3.631600727088851954e+01 1.304807378104058113e-01
2.549999999999130580e+02 -3.711856604219536848e+01 1.298665701340006584e-01
2.559999999999121485e+02 -3.793728120773013046e+01 1.292506299023529481e-01
2.569999999999112674e+02 -3.877280350222194727e+01 1.286332294755558325e-01
2.579999999999103579e+02 -3.962586575884060380e+01 1.280146890053713571e-01
2.589999999999094484e+02 -4.049728452013457058e+01 1.273953343807375793e-01
2.599999999999085389e+02 -4.138796011306566669e+01 1.267754952456161821e-01
2.609999999999076294e+02 -4.229887487244783273e+01 1.261555030803923061e-01
2.619999999999067199e+02 -4.323108914400906855e+01 1.255356893329131751e-01
2.629999999999058105e+02 -4.418573445895126639e+01 1.249163835858049937e-01
2.639999999999049010e+02 -4.516400299354318548e+01 1.242979117533259126e-01
2.649999999999039915e+02 -4.616713212994881843e+01 1.236805943127134155e-01
2.659999999999030820e+02 -4.719638255543559779e+01 1.230647445904351212e-01
2.669999999999021725e+02 -4.825300789156781889e+01 1.224506671419115234e-01
2.679999999999012630e+02 -4.933821334089775235e+01 1.218386562831659387e-01
2.689999999999003535e+02 -5.045310030483804553e+01 1.212289948534433365e-01
2.699999999998994440e+02 -5.159859342759191492e+01 1.206219533079556788e-01
2.709999999998985345e+02 -5.277534617998369271e+01 1.200177892579844807e-01
2.719999999998976250e+02 -5.398362112314825367e+01 1.194167475893266189e-01
2.729999999998967155e+02 -5.522314171221805879e+01 1.188190612961228104e-01
2.739999999998958060e+02 -5.649291437953956319e+01 1.182249531606035797e-01
2.749999999998948965e+02 -5.779102326225989827e+01 1.176346383836368581e-01
2.759999999998939870e+02 -5.911440591788326060e+01 1.170483282181535994e-01
2.769999999998930775e+02 -6.045862708342256298e+01 1.164662345693601164e-01
2.779999999998921680e+02 -6.181767868017546164e+01 1.158885753964959686e-01
2.789999999998912585e+02 -6.318384624031002517e+01 1.153155805825145930e-01
2.799999999998903490e+02 -6.454769123589957758e+01 1.147474977457239864e-01
2.809999999998894396e+02 -6.589820003556596362e+01 1.141845972854916152e-01
2.819999999998885301e+02 -6.722313744480409525e+01 1.136271758363835982e-01
2.829999999998876206e+02 -6.850961254077783735e+01 1.130755573146323412e-01
2.839999999998867111e+02 -6.974481967223128720e+01 1.125300909268670407e-01
2.849999999998858016e+02 -7.091686932867482085e+01 1.119911458795076892e-01
2.859999999998848921e+02 -7.201558915052332566e+01 1.114591030205925593e-01
2.869999999998839826e+02 -7.303317002314454953e+01 1.109343441497571553e-01
2.879999999998830731e+02 -7.396456108090822568e+01 1.104172401130431580e-01
2.889999999998821636e+02 -7.480757154162490963e+01 1.099081389569329936e-01
2.899999999998812541e+02 -7.556269759149202514e+01 1.094073553228879364e-01
2.909999999998803446e+02 -7.623273960232934598e+01 1.089151619698323359e-01
2.919999999998794351e+02 -7.682229758679369525e+01 1.084317839164525982e-01
2.929999999998785256e+02 -7.733723087555901543e+01 1.079573953026021077e-01
2.939999999998776161e+02 -7.778414938536953116e+01 1.074921187557591057e-01
2.949999999998767066e+02 -7.816997873418272036e+01 1.070360268485624627e-01
2.959999999998757971e+02 -7.850161794714374253e+01 1.065891451445823701e-01
2.969999999998748876e+02 -7.878569085782511650e+01 1.061514563274595369e-01
2.979999999998739781e+02 -7.902838146260482688e+01 1.057229049622279982e-01
2.989999999998730686e+02 -7.923533837754310127e+01 1.053034025188931966e-01
2.999999999998721592e+02 -7.941163242980221071e+01 1.048928323764959231e-01
3.009999999998712497e+02 -7.956175263614581183e+01 1.044910546081758984e-01
3.019999999998703402e+02 -7.968962813717593008e+01 1.040979104177644499e-01
3.029999999998694307e+02 -7.979866626826705556e+01 1.037132261541431621e-01
3.039999999998685212e+02 -7.989179941026107201e+01 1.033368168715110003e-01
3.049999999998676117e+02 -7.997153536886453651e+01 1.029684894336005269e-01
3.059999999998667022e+02 -8.004000772087420046e+01 1.026080451799836479e-01
3.069999999998657927e+02 -8.009902385606488906e+01 1.022552821851161753e-01
3.079999999998648832e+02 -8.015010939003339274e+01 1.019099971476292027e-01
3.089999999998639737e+02 -8.019454829087163716e+01 1.015719869502009071e-01
3.099999999998630642e+02 -8.023341851446865292e+01 1.012410499304067651e-01
3.109999999998621547e+02 -8.026762323456595993e+01 1.009169869012263299e-01
3.119999999998612452e+02 -8.029791792928649841e+01 1.005996019570860461e-01
3.129999999998603357e+02 -8.032493368070996098e+01 1.002887030979643102e-01
3.139999999998594262e+02 -8.034919708445721653e+01 9.998410270052032756e-02
3.149999999998585167e+02 -8.037114717136323350e+01 9.968561786167277894e-02
3.159999999998576072e+02 -8.039114972678062543e+01 9.939307063668981201e-02
3.169999999998566977e+02 -8.040950936427840645e+01 9.910628819075109619e-02
3.179999999998557882e+02 -8.042647967580980151e+01 9.882510288013840460e-02
3.189999999998548788e+02 -8.044227174392263180e+01 9.854935227672287357e-02
3.199999999998539693e+02 -8.045706126582034301e+01 9.827887914723509866e-02
3.209999999998530598e+02 -8.047099450554523514e+01 9.801353139691287852e-02
3.219999999998521503e+02 -8.048419325999934415e+01 9.775316198549437174e-02
3.229999999998512408e+02 -8.049675899725980344e+01 9.749762882213627857e-02
3.239999999998503313e+02 -8.050877630169058818e+01 9.724679464466182144e-02
3.249999999998494218e+02 -8.052031573954258192e+01 9.700052688754923214e-02
3.259999999998485123e+02 -8.053143624081786811e+01 9.675869754224220021e-02
3.269999999998476028e+02 -8.054218707785551601e+01 9.652118301266798817e-02
3.279999999998466933e+02 -8.055260950807466713e+01 9.628786396827053451e-02
3.289999999998457838e+02 -8.056273813728458322e+01 9.605862519639199459e-02
3.299999999998448743e+02 -8.057260205067838399e+01 9.583335545543830714e-02
3.309999999998439648e+02 -8.058222575080584704e+01 9.561194732994304779e-02
3.319999999998430553e+02 -8.059162993526901175e+01 9.539429708838009780e-02
3.329999999998421458e+02 -8.060083214139066854e+01 9.518030454435830179e-02
3.339999999998412363e+02 -8.060984728052227410e+01 9.496987292165953720e-02
3.349999999998403268e+02 -8.061868808082732585e+01 9.476290872343924587e-02
3.359999999998394173e+02 -8.062736545418751177e+01 9.455932160579817725e-02
3.369999999998385078e+02 -8.063588880021964655e+01 9.435902425584076492e-02
3.379999999998375984e+02 -8.064426625818218497e+01 9.416193227427006873e-02
3.389999999998366889e+02 -8.065250491571180191e+01 9.396796406251028966e-02
3.399999999998357794e+02 -8.066061098180318822e+01 9.377704071430616184e-02
3.409999999998348699e+02 -8.066858993017578427e+01 9.358908591171731517e-02
3.419999999998339604e+02 -8.067644661812157381e+01 9.340402582540036081e-02
3.429999999998330509e+02 -8.068418538505112281e+01 9.322178901905436854e-02
3.439999999998321414e+02 -8.069181013423281001e+01 9.304230635789395576e-02
3.449999999998312319e+02 -8.069932440061946011e+01 9.286551092100535365e-02
3.459999999998303224e+02 -8.070673140715825866e+01 9.269133791743672246e-02
3.469999999998294129e+02 -8.071403411156673258e+01 9.251972460587308544e-02
3.479999999998285034e+02 -8.072123524521789761e+01 9.235061021774454426e-02
3.489999999998275939e+02 -8.072833734549213602e+01 9.218393588362047697e-02
3.499999999998266844e+02 -8.073534278272082076e+01 9.201964456274332183e-02
3.509999999998257749e+02 -8.074225378265245467e+01 9.185768097556075429e-02
3.519999999998248654e+02 -8.074907244520977656e+01 9.169799153911903367e-02
3.529999999998239559e+02 -8.075580076017574527e+01 9.154052430518475059e-02
3.539999999998230464e+02 -8.076244062033472915e+01 9.138522890096907603e-02
3.549999999998221369e+02 -8.076899383250443520e+01 9.123205647233131876e-02
3.559999999998212274e+02 -8.077546212681966153e+01 9.108095962934659173e-02
3.569999999998203180e+02 -8.078184716456516412e+01 9.093189239412481639e-02
3.579999999998194085e+02 -8.078815054480466529e+01 9.078481015077739802e-02
3.589999999998184990e+02 -8.079437381001054064e+01 9.063966959742922325e-02
3.599999999998175895e+02 -8.080051845086165940e+01 9.049642870018012597e-02
3.609999999998166800e+02 -8.080658591035025040e+01 9.035504664892655968e-02
3.619999999998157705e+02 -8.081257758731281626e+01 9.021548381495510249e-02
3.629999999998148610e+02 -8.081849483948064972e+01 9.007770171022706773e-02
3.639999999998139515e+02 -8.082433898612934797e+01 8.994166294827612984e-02
3.649999999998130420e+02 -8.083011131039268093e+01 8.980733120664527447e-02
3.659999999998121325e+02 -8.083581306129502764e+01 8.967467119079340632e-02
3.669999999998112230e+02 -8.084144545554806882e+01 8.954364859940470989e-02
3.679999999998103135e+02 -8.084700967914795910e+01 8.941423009103804942e-02
3.689999999998094040e+02 -8.085250688880485370e+01 8.928638325205773274e-02
3.699999999998084945e+02 -8.085793821323012764e+01 8.916007656578774088e-02
3.709999999998075850e+02 -8.086330475430189324e+01 8.903527938283595233e-02
3.719999999998066755e+02 -8.086860758812866834e+01 8.891196189253815219e-02
3.729999999998057660e+02 -8.087384776602344516e+01 8.879009509547279577e-02
3.739999999998048565e+02 -8.087902631540187315e+01 8.866965077700066089e-02
3.749999999998039470e+02 -8.088414424061500085e+01 8.855060148178550694e-02
3.759999999998030376e+02 -8.088920252372439279e+01 8.843292048925489868e-02
3.769999999998021281e+02 -8.089420212522706777e+01 8.831658178996119879e-02
3.779999999998012186e+02 -8.089914398473713675e+01 8.820156006280485683e-02
3.789999999998003091e+02 -8.090402902162756504e+01 8.808783065308525839e-02
3.799999999997993996e+02 -8.090885813563812690e+01 8.797536955134416248e-02
3.809999999997984901e+02 -8.091363220745202511e+01 8.786415337297012740e-02
3.819999999997975806e+02 -8.091835209924431638e+01 8.775415933853211725e-02
3.829999999997966711e+02 -8.092301865520553861e+01 8.764536525481418650e-02
3.839999999997957616e+02 -8.092763270204233095e+01 8.753774949652182169e-02
3.849999999997948521e+02 -8.093219504945614062e+01 8.743129098863418325e-02
3.859999999997939426e+02 -8.093670649060395306e+01 8.732596918937640673e-02
3.869999999997930331e+02 -8.094116780253958154e+01 8.722176407378751106e-02
3.879999999997921236e+02 -8.094557974663887023e+01 8.711865611786057118e-02
3.889999999997912141e+02 -8.094994306900971992e+01 8.701662628323357518e-02
3.899999999997903046e+02 -8.095425850088679454e+01 8.691565600240874767e-02
3.909999999997893951e+02 -8.095852675901238626e+01 8.681572716448067439e-02
3.919999999997884856e+02 -8.096274854600540039e+01 8.671682210135372992e-02
3.929999999997875761e+02 -8.096692455071678296e+01 8.661892357443028156e-02
3.939999999997866666e+02 -8.097105544857370774e+01 8.652201476175143402e-02
3.949999999997857572e+02 -8.097514190191320438e+01 8.642607924557388355e-02
3.959999999997848477e+02 -8.097918456030448908e+01 8.633110100036614498e-02
3.969999999997839382e+02 -8.098318406086150389e+01 8.623706438120887219e-02
3.979999999997830287e+02 -8.098714102854577845e+01 8.614395411258392310e-02
3.989999999997821192e+02 -8.099105607646028204e+01 8.605175527753829157e-02
3.999999999997812097e+02 -8.099492980613366910e+01 8.596045330720847311e-02
4.009999999997803002e+02 -8.099876280779710669e+01 8.587003397069305211e-02
4.019999999997793907e+02 -8.100255566065206381e+01 8.578048336525968820e-02
4.029999999997784812e+02 -8.100630893313054059e+01 8.569178790687535796e-02
4.039999999997775717e+02 -8.101002318314758099e+01 8.560393432104738964e-02
4.049999999997766622e+02 -8.101369895834682211e+01 8.551690963396509082e-02
4.059999999997757527e+02 -8.101733679633852603e+01 8.543070116392983970e-02
4.069999999997748432e+02 -8.102093722493135886e+01 8.534529651306448084e-02
4.079999999997739337e+02 -8.102450076235707854e+01 8.526068355929168618e-02
4.089999999997730242e+02 -8.102802791748941047e+01 8.517685044857163656e-02
4.099999999997721147e+02 -8.103151919005630077e+01 8.509378558738993348e-02
4.109999999997712052e+02 -8.103497507084676954e+01 8.501147763548717873e-02
4.119999999997702957e+02 -8.103839604191166757e+01 8.492991549882095148e-02
4.129999999997693862e+02 -8.104178257675950192e+01 8.484908832275334101e-02
4.139999999997684768e+02 -8.104513514054585244e+01 8.476898548545465373e-02
4.149999999997675673e+02 -8.104845419025873809e+01 8.468959659151728547e-02
4.159999999997666578e+02 -8.105174017489861171e+01 8.461091146577107147e-02
4.169999999997657483e+02 -8.105499353565333820e+01 8.453292014729409110e-02
4.179999999997648388e+02 -8.105821470606859691e+01 8.445561288361198848e-02
4.189999999997639293e+02 -8.106140411221385023e+01 8.437898012507895340e-02
4.199999999997630198e+02 -8.106456217284387833e+01 8.430301251943460306e-02
4.209999999997621103e+02 -8.106768929955605074e+01 8.422770090653049213e-02
4.219999999997612008e+02 -8.107078589694353354e+01 8.415303631322043620e-02
4.229999999997602913e+02 -8.107385236274450335e+01 8.407900994840938891e-02
4.239999999997593818e+02 -8.107688908798735383e+01 8.400561319825487760e-02
4.249999999997584723e+02 -8.107989645713234950e+01 8.393283762151647343e-02
4.259999999997575628e+02 -8.108287484820971258e+01 8.386067494504804987e-02
4.269999999997566533e+02 -8.108582463295375931e+01 8.378911705942801436e-02
4.279999999997557438e+02 -8.108874617693416553e+01 8.371815601472265556e-02
4.289999999997548343e+02 -8.109163983968359446e+01 8.364778401637835981e-02
4.299999999997539248e+02 -8.109450597482218370e+01 8.357799342123894970e-02
4.309999999997530153e+02 -8.109734493017884915e+01 8.350877673368244103e-02
4.319999999997521059e+02 -8.110015704791007352e+01 8.344012660187509478e-02
4.329999999997511964e+02 -8.110294266461455948e+01 8.337203581413743514e-02
4.339999999997502869e+02 -8.110570211144639075e+01 8.330449729541919424e-02
4.349999999997493774e+02 -8.110843571422478249e+01 8.323750410387971421e-02
4.359999999997484679e+02 -8.111114379354094694e+01 8.317104942756944896e-02
4.369999999997475584e+02 -8.111382666486285586e+01 8.310512658121060880e-02
4.379999999997466489e+02 -8.111648463863706127e+01 8.303972900307249327e-02
4.389999999997457394e+02 -8.111911802038828512e+01 8.297485025193893082e-02
4.399999999997448299e+02 -8.112172711081656473e+01 8.291048400416477226e-02
4.409999999997439204e+02 -8.112431220589206760e+01 8.284662405081846814e-02
4.419999999997430109e+02 -8.112687359694737665e+01 8.278326429490800997e-02
4.429999999997421014e+02 -8.112941157076842558e+01 8.272039874868736264e-02
4.439999999997411919e+02 -8.113192640968225078e+01 8.265802153104125083e-02
4.449999999997402824e+02 -8.113441839164326552e+01 8.259612686494498257e-02
4.459999999997393729e+02 -8.113688779031730292e+01 8.253470907499770026e-02
4.469999999997384634e+02 -8.113933487516408150e+01 8.247376258502601976e-02
4.479999999997375539e+02 -8.114175991151732603e+01 8.241328191575625350e-02
4.489999999997366444e+02 -8.114416316066284196e+01 8.235326168255278911e-02
4.499999999997357349e+02 -8.114654487991589349e+01 8.229369659322104125e-02
4.509999999997348255e+02 -8.114890532269541268e+01 8.223458144587146579e-02
4.519999999997339160e+02 -8.115124473859742693e+01 8.217591112684505261e-02
4.529999999997330065e+02 -8.115356337346652538e+01 8.211768060869548136e-02
4.539999999997320970e+02 -8.115586146946566259e+01 8.205988494822911983e-02
4.549999999997311875e+02 -8.115813926514481125e+01 8.200251928459878492e-02
4.559999999997302780e+02 -8.116039699550717046e+01 8.194557883745022531e-02
4.569999999997293685e+02 -8.116263489207494786e+01 8.188905890512024333e-02
4.579999999997284590e+02 -8.116485318295302420e+01 8.183295486288422182e-02
4.589999999997275495e+02 -8.116705209289131062e+01 8.177726216125193182e-02
4.599999999997266400e+02 -8.116923184334582686e+01 8.172197632430930336e-02
4.609999999997257305e+02 -8.117139265253864266e+01 8.166709294810590991e-02
4.619999999997248210e+02 -8.117353473551590071e+01 8.161260769908583457e-02
4.629999999997239115e+02 -8.117565830420522843e+01 8.155851631256105794e-02
4.639999999997230020e+02 -8.117776356747155830e+01 8.150481459122567440e-02
4.649999999997220925e+02 -8.117985073117183958e+01 8.145149840370999317e-02
4.659999999997211830e+02 -8.118191999820861326e+01 8.139856368317334445e-02
4.669999999997202735e+02 -8.118397156858203800e+01 8.134600642593388387e-02
4.679999999997193640e+02 -8.118600563944154658e+01 8.129382269013483986e-02
4.689999999997184545e+02 -8.118802240513589652e+01 8.124200859444617728e-02
4.699999999997175451e+02 -8.119002205726215493e+01 8.119056031679983132e-02
4.709999999997166356e+02 -8.119200478471364590e+01 8.113947409315837300e-02
4.719999999997157261e+02 -8.119397077372755689e+01 8.108874621631521895e-02
4.729999999997148166e+02 -8.119592020793028553e+01 8.103837303472631592e-02
4.739999999997139071e+02 -8.119785326838308492e+01 8.098835095137205120e-02
4.749999999997129976e+02 -8.119977013362584728e+01 8.093867642264794549e-02
4.759999999997120881e+02 -8.120167097972078807e+01 8.088934595728394794e-02
4.769999999997111786e+02 -8.120355598029422595e+01 8.084035611529150067e-02
4.779999999997102691e+02 -8.120542530657874636e+01 8.079170350693661018e-02
4.789999999997093596e+02 -8.120727912745326194e+01 8.074338479173950867e-02
4.799999999997084501e+02 -8.120911760948318658e+01 8.069539667749911493e-02
4.809999999997075406e+02 -8.121094091695930217e+01 8.064773591934223940e-02
4.819999999997066311e+02 -8.121274921193605678e+01 8.060039931879571518e-02
4.829999999997057216e+02 -8.121454265426878294e+01 8.055338372288230187e-02
4.839999999997048121e+02 -8.121632140165066005e+01 8.050668602323855783e-02
4.849999999997039026e+02 -8.121808560964856838e+01 8.046030315525440346e-02
4.859999999997029931e+02 -8.121983543173841724e+01 8.041423209723386201e-02
4.869999999997020836e+02 -8.122157101933953527e+01 8.036846986957606187e-02
4.879999999997011741e+02 -8.122329252184856330e+01 8.032301353397608423e-02
4.889999999997002647e+02 -8.122500008667267934e+01 8.027786019264522566e-02
4.899999999996993552e+02 -8.122669385926221253e+01 8.023300698755021776e-02
4.909999999996984457e+02 -8.122837398314239010e+01 8.018845109966971085e-02
4.919999999996975362e+02 -8.123004059994468662e+01 8.014418974826949260e-02
4.929999999996966267e+02 -8.123169384943756199e+01 8.010022019019447104e-02
4.939999999996957172e+02 -8.123333386955631852e+01 8.005653971917719991e-02
4.949999999996948077e+02 -8.123496079643290102e+01 8.001314566516275206e-02
4.959999999996938982e+02 -8.123657476442468806e+01 7.997003539364946900e-02
4.969999999996929887e+02 -8.123817590614272888e+01 7.992720630504490664e-02
4.979999999996920792e+02 -8.123976435247962513e+01 7.988465583403647763e-02
4.989999999996911697e+02 -8.124134023263701465e+01 7.984238144897719269e-02
4.999999999996902602e+02 -8.124290367415204628e+01 7.980038065128478020e-02
5.000000000000000000e+02 -8.124290367415252945e+01 7.980038065127180447e-02
