1.000000000000000666e+00 -7.134972484238733159e+01 7.359520615353006001e-02
2.000000000000001332e+00 -6.077160153399119480e+01 7.362948391626462918e-02
2.999999999999980016e+00 3.871825854219051166e+01 7.415043298419275730e-02
3.999999999999958700e+00 3.577873931221217418e+01 8.132102110314888554e-02
4.999999999999937828e+00 2.949802936924207941e+01 9.591910754332889921e-02
5.999999999999916511e+00 2.512602526142377712e+01 1.148019515042381644e-01
6.999999999999895195e+00 2.258029083584843377e+01 1.341482353551616269e-01
7.999999999999873879e+00 2.131112401857442862e+01 1.510478822111641362e-01
8.999999999999852562e+00 2.083592542723211594e+01 1.642443887105426714e-01
9.999999999999831246e+00 2.082130657414071706e+01 1.737765043725314484e-01
1.099999999999980993e+01 2.105676828328385852e+01 1.803142396776201140e-01
1.199999999999978861e+01 2.141522801084633443e+01 1.846716256065652484e-01
1.299999999999976730e+01 2.182210815747199106e+01 1.875665411577360497e-01
1.399999999999974598e+01 2.223452326293336867e+01 1.895447173222665482e-01
1.499999999999972466e+01 2.262804428098347387e+01 1.909833443724114621e-01
1.599999999999970335e+01 2.298851375449965317e+01 1.921233849872460431e-01
1.699999999999985789e+01 2.330705072936921596e+01 1.931064038414693484e-01
1.800000000000001421e+01 2.357697269336892276e+01 1.940064092606412216e-01
1.900000000000017053e+01 2.379178474622018058e+01 1.948539741281367366e-01
2.000000000000032685e+01 2.394368429961452094e+01 1.956526769236992813e-01
2.100000000000048317e+01 2.402229216063979322e+01 1.963890287468422202e-01
2.200000000000063949e+01 2.401377276790891457e+01 1.970379256408831548e-01
2.300000000000079581e+01 2.390173842725606335e+01 1.975673802200627605e-01
2.400000000000095213e+01 2.367401100635166955e+01 1.979486409603733177e-01
2.500000000000110845e+01 2.333923304885451699e+01 1.981740878928284488e-01
2.600000000000126477e+01 2.293933090309369405e+01 1.982672576803176656e-01
2.700000000000142109e+01 2.252895260796906030e+01 1.982674534631506114e-01
2.800000000000157740e+01 2.214266523987951985e+01 1.982086596528894462e-01
2.900000000000173372e+01 2.179069707417073687e+01 1.981141333175556740e-01
3.000000000000189004e+01 2.147151743556278802e+01 1.979992881085153866e-01
3.100000000000204636e+01 2.118089162936928105e+01 1.978744197239411251e-01
3.200000000000220268e+01 2.091507675473817329e+01 1.977462685712108315e-01
3.300000000000200373e+01 2.067126979408580212e+01 1.976190454828881116e-01
3.400000000000180478e+01 2.044729899411310470e+01 1.974952027979344493e-01
3.500000000000160583e+01 2.024129494140758467e+01 1.973760103364468332e-01
3.600000000000140687e+01 2.005150566897363262e+01 1.972619644813981832e-01
3.700000000000120792e+01 1.987623256521549564e+01 1.971530685848526532e-01
3.800000000000100897e+01 1.971383139164316489e+01 1.970490228828388757e-01
3.900000000000081002e+01 1.956273680154254535e+01 1.969493531389816809e-01
4.000000000000061107e+01 1.942148804057476497e+01 1.968534975905702755e-01
4.100000000000041211e+01 1.928874691154554455e+01 1.967608648629879387e-01
4.200000000000021316e+01 1.916330627091847916e+01 1.966708713038189116e-01
4.300000000000001421e+01 1.904409041920780865e+01 1.965829636902912403e-01
4.399999999999981526e+01 1.893014965332364596e+01 1.964966316818172187e-01
4.499999999999961631e+01 1.882065116444747943e+01 1.964114132762348197e-01
4.599999999999941735e+01 1.871486802867751820e+01 1.963268956808228161e-01
4.699999999999921840e+01 1.861216754813467489e+01 1.962427133446640604e-01
4.799999999999901945e+01 1.851199977575137012e+01 1.961585443812834673e-01
4.899999999999882050e+01 1.841388672962937889e+01 1.960741062167028481e-01
4.999999999999862155e+01 1.831741256813391416e+01 1.959891510073695498e-01
5.099999999999842260e+01 1.822221483783902229e+01 1.959034611645449342e-01
5.199999999999822364e+01 1.812797680437834202e+01 1.958168451778394548e-01
5.299999999999802469e+01 1.803442081489521343e+01 1.957291338343066789e-01
5.399999999999782574e+01 1.794130260731758852e+01 1.956401768675475605e-01
5.499999999999762679e+01 1.784840646661564989e+01 1.955498400332842945e-01
5.599999999999742784e+01 1.775554112477871271e+01 1.954580025861311077e-01
5.699999999999722888e+01 1.766253630481873671e+01 1.953645551212553344e-01
5.799999999999702993e+01 1.756923981654698252e+01 1.952693977403821834e-01
5.899999999999683098e+01 1.747551512114849004e+01 1.951724385014855789e-01
5.999999999999663203e+01 1.738123929141358914e+01 1.950735921137531081e-01
6.099999999999643308e+01 1.728630130410936871e+01 1.949727788428531339e-01
6.199999999999623412e+01 1.719060060995409245e+01 1.948699235954543252e-01
6.299999999999603517e+01 1.709404593478124923e+01 1.947649551559110792e-01
6.399999999999583622e+01 1.699655427267128616e+01 1.946578055517813599e-01
6.499999999999634781e+01 1.689805003809545525e+01 1.945484095282701276e-01
6.599999999999685940e+01 1.679846434951281253e+01 1.944367041147261332e-01
6.699999999999737099e+01 1.669773442146405529e+01 1.943226282689740625e-01
6.799999999999788258e+01 1.659580304610650714e+01 1.942061225875422181e-01
6.899999999999839417e+01 1.649261814841728579e+01 1.940871290717865183e-01
6.999999999999890576e+01 1.638813240204311228e+01 1.939655909415583246e-01
7.099999999999941735e+01 1.628230289507142814e+01 1.938414524894410407e-01
7.199999999999992895e+01 1.617509083690717020e+01 1.937146589697386068e-01
7.300000000000044054e+01 1.606646129902292941e+01 1.935851565173633826e-01
7.400000000000095213e+01 1.595638298365901164e+01 1.934528920925721873e-01
7.500000000000146372e+01 1.584482801563021148e+01 1.933178134481657318e-01
7.600000000000197531e+01 1.573177175328421740e+01 1.931798691163163773e-01
7.700000000000248690e+01 1.561719261538615733e+01 1.930390084126429040e-01
7.800000000000299849e+01 1.550107192130121803e+01 1.928951814555267541e-01
7.900000000000351008e+01 1.538339374233589574e+01 1.927483391989688877e-01
8.000000000000402167e+01 1.526414476249651742e+01 1.925984334775382445e-01
8.100000000000453326e+01 1.514331414724785319e+01 1.924454170621652249e-01
8.200000000000504485e+01 1.502089341911809228e+01 1.922892437257008313e-01
8.300000000000555644e+01 1.489687633920913079e+01 1.921298683172891486e-01
8.400000000000606803e+01 1.477125879384387375e+01 1.919672468447109759e-01
8.500000000000657963e+01 1.464403868572095035e+01 1.918013365639312240e-01
8.600000000000709122e+01 1.451521582905892593e+01 1.916320960751506375e-01
8.700000000000760281e+01 1.438479184830224966e+01 1.914594854247045619e-01
8.800000000000811440e+01 1.425277008003262225e+01 1.912834662121824236e-01
8.900000000000862599e+01 1.411915547778782809e+01 1.911040017021685966e-01
9.000000000000913758e+01 1.398395451953556545e+01 1.909210569400101865e-01
9.100000000000964917e+01 1.384717511758766229e+01 1.907345988710232587e-01
9.200000000001016076e+01 1.370882653076932201e+01 1.905445964625502309e-01
9.300000000001067235e+01 1.356891927868266023e+01 1.903510208282667981e-01
9.400000000001118394e+01 1.342746505792330680e+01 1.901538453541322671e-01
9.500000000001169553e+01 1.328447666012529460e+01 1.899530458253574083e-01
9.600000000001220712e+01 1.313996789172311885e+01 1.897486005537498410e-01
9.700000000001271871e+01 1.299395349533156541e+01 1.895404905047799737e-01
9.800000000001323031e+01 1.284644907265417046e+01 1.893286994236907383e-01
9.900000000001374190e+01 1.269747100884020519e+01 1.891132139599573658e-01
1.000000000000142535e+02 1.254703639821856775e+01 1.888940237893872998e-01
1.010000000000147651e+02 1.239516297134449552e+01 1.886711217331332180e-01
1.020000000000152767e+02 1.224186902330249005e+01 1.884445038728808364e-01
1.030000000000157883e+02 1.208717334321558923e+01 1.882141696614625659e-01
1.040000000000162999e+02 1.193109514491820100e+01 1.879801220281389906e-01
1.050000000000168114e+02 1.177365399875562524e+01 1.877423674777888574e-01
1.060000000000173230e+02 1.161486976448030362e+01 1.875009161832474625e-01
1.070000000000178346e+02 1.145476252522019323e+01 1.872557820700387898e-01
1.080000000000183462e+02 1.129335252250085553e+01 1.870069828927561628e-01
1.090000000000188578e+02 1.113066009230809961e+01 1.867545403023616601e-01
1.100000000000193694e+02 1.096670560218315948e+01 1.864984799036941698e-01
1.110000000000198810e+02 1.080150938934698956e+01 1.862388313025005182e-01
1.120000000000203926e+02 1.063509169985469072e+01 1.859756281413380563e-01
1.130000000000209042e+02 1.046747262878469797e+01 1.857089081237312811e-01
1.140000000000214158e+02 1.029867206147066305e+01 1.854387130260075900e-01
1.150000000000219273e+02 1.012870961578657614e+01 1.851650886962860898e-01
1.160000000000224389e+02 9.957604585497833227e+00 1.848880850401448950e-01
1.170000000000229505e+02 9.785375884692316006e+00 1.846077559925528300e-01
1.180000000000234621e+02 9.612041993306386090e+00 1.843241594757101254e-01
1.190000000000239737e+02 9.437620903760668867e+00 1.840373573425130305e-01
1.200000000000244853e+02 9.262130068720251685e+00 1.837474153054269310e-01
1.210000000000249969e+02 9.085586349992514243e+00 1.834544028506272240e-01
1.220000000000255085e+02 8.908005968574025601e+00 1.831583931373421958e-01
1.230000000000260201e+02 8.729404455855522826e+00 1.828594628824154744e-01
1.240000000000265317e+02 8.549796605990945153e+00 1.825576922301805072e-01
1.250000000000270433e+02 8.369196429432918194e+00 1.822531646078281442e-01
1.260000000000275548e+02 8.187617107632862101e+00 1.819459665665221770e-01
1.270000000000280664e+02 8.005070948899483341e+00 1.816361876086063920e-01
1.280000000000285638e+02 7.821569345404340901e+00 1.813239200013207486e-01
1.290000000000276543e+02 7.637122731318027213e+00 1.810092585775238683e-01
1.300000000000267448e+02 7.451740542053507887e+00 1.806923005239926827e-01
1.310000000000258353e+02 7.265431174590926133e+00 1.803731451579465850e-01
1.320000000000249258e+02 7.078201948847119951e+00 1.800518936924979385e-01
1.330000000000240163e+02 6.890059070050837953e+00 1.797286489918085706e-01
1.340000000000231068e+02 6.701007592076763331e+00 1.794035153167748420e-01
1.350000000000221974e+02 6.511051381685690309e+00 1.790765980621198683e-01
1.360000000000212879e+02 6.320193083612109852e+00 1.787480034858192901e-01
1.370000000000203784e+02 6.128434086434404904e+00 1.784178384318139410e-01
1.380000000000194689e+02 5.935774489157284783e+00 1.780862100470028964e-01
1.390000000000185594e+02 5.742213068430667811e+00 1.777532254935236811e-01
1.400000000000176499e+02 5.547747246323912584e+00 1.774189916573488124e-01
1.410000000000167404e+02 5.352373058569813047e+00 1.770836148542277722e-01
1.420000000000158309e+02 5.156085123188367980e+00 1.767472005340073593e-01
1.430000000000149214e+02 4.958876609396430268e+00 1.764098529843522445e-01
1.440000000000140119e+02 4.760739206706268156e+00 1.760716750348720050e-01
1.450000000000131024e+02 4.561663094113241002e+00 1.757327677626388807e-01
1.460000000000121929e+02 4.361636909270739437e+00 1.753932302000480448e-01
1.470000000000112834e+02 4.160647717549201374e+00 1.750531590459384612e-01
1.480000000000103739e+02 3.958680980875338928e+00 1.747126483808470465e-01
1.490000000000094644e+02 3.755720526247809055e+00 1.743717893872237246e-01
1.500000000000085549e+02 3.551748513826572307e+00 1.740306700753800062e-01
1.510000000000076454e+02 3.346745404494949394e+00 1.736893750158890748e-01
1.520000000000067359e+02 3.140689926796254028e+00 1.733479850790920762e-01
1.530000000000058265e+02 2.933559043150683276e+00 1.730065771823073306e-01
1.540000000000049170e+02 2.725327915263145773e+00 1.726652240452680453e-01
1.550000000000040075e+02 2.515969868638741058e+00 1.723239939542540733e-01
1.560000000000030980e+02 2.305456356130236362e+00 1.719829505353127341e-01
1.570000000000021885e+02 2.093756920450597026e+00 1.716421525368995171e-01
1.580000000000012790e+02 1.880839155594297596e+00 1.713016536222056740e-01
1.590000000000003695e+02 1.666668667123138325e+00 1.709615021713749849e-01
1.599999999999994600e+02 1.451209031286571971e+00 1.706217410937546364e-01
1.609999999999985505e+02 1.234421752962681751e+00 1.702824076502688910e-01
1.619999999999976410e+02 1.016266222424567767e+00 1.699435332859512982e-01
1.629999999999967315e+02 7.966996709581587455e-01 1.696051434726288387e-01
1.639999999999958220e+02 5.756771253815553546e-01 1.692672575617071851e-01
1.649999999999949125e+02 3.531513615434807019e-01 1.689298886469790817e-01
1.659999999999940030e+02 1.290728569095697942e-01 1.685930434373471010e-01
1.669999999999930935e+02 -9.661025761965506831e-02 1.682567221393383161e-01
1.679999999999921840e+02 -3.239522464754160391e-01 1.679209183492854918e-01
1.689999999999912745e+02 -5.530098185429498381e-01 1.675856189550409270e-01
1.699999999999903650e+02 -7.838421763602485548e-01 1.672508040471173962e-01
1.709999999999894555e+02 -1.016511065056206142e+00 1.669164468391629019e-01
1.719999999999885461e+02 -1.251080820627023860e+00 1.665825135977217486e-01
1.729999999999876366e+02 -1.487618417076952859e+00 1.662489635812835487e-01
1.739999999999867271e+02 -1.726193511867915475e+00 1.659157489886845249e-01
1.749999999999858176e+02 -1.966878489030845945e+00 1.655828149170079366e-01
1.759999999999849081e+02 -2.209748499188837201e+00 1.652500993292258802e-01
1.769999999999839986e+02 -2.454881495627016630e+00 1.649175330319334332e-01
1.779999999999830891e+02 -2.702358265415220728e+00 1.645850396636588941e-01
1.789999999999821796e+02 -2.952262454445815809e+00 1.642525356943791703e-01
1.799999999999812701e+02 -3.204680585088715450e+00 1.639199304370335397e-01
1.809999999999803606e+02 -3.459702064987520309e+00 1.635871260720163922e-01
1.819999999999794511e+02 -3.717419185323147968e+00 1.632540176858311154e-01
1.829999999999785416e+02 -3.977927106652929812e+00 1.629204933253109444e-01
1.839999999999776321e+02 -4.241323830192638589e+00 1.625864340690586773e-01
1.849999999999767226e+02 -4.507710152144976945e+00 1.622517141180165323e-01
1.859999999999758131e+02 -4.777189598390235936e+00 1.619162009073594199e-01
1.869999999999749036e+02 -5.049868336542377101e+00 1.615797552422041095e-01
1.879999999999739941e+02 -5.325855062037044618e+00 1.612422314599375461e-01
1.889999999999730846e+02 -5.605260854561069372e+00 1.609034776222949270e-01
1.899999999999721751e+02 -5.888199000749072098e+00 1.605633357406495154e-01
1.909999999999712657e+02 -6.174784778684698772e+00 1.602216420383135165e-01
1.919999999999703562e+02 -6.465135199336511818e+00 1.598782272539814864e-01
1.929999999999694467e+02 -6.759368699658046431e+00 1.595329169907688527e-01
1.939999999999685372e+02 -7.057604781694197804e+00 1.591855321155977721e-01
1.949999999999676277e+02 -7.359963591681410122e+00 1.588358892139448142e-01
1.959999999999667182e+02 -7.666565432831228044e+00 1.584838011051808160e-01
1.969999999999658087e+02 -7.977530205275353836e+00 1.581290774238798824e-01
1.979999999999648992e+02 -8.292976766565161029e+00 1.577715252725283013e-01
1.989999999999639897e+02 -8.613022206204021813e+00 1.574109499510095989e-01
1.999999999999630802e+02 -8.937781028006122952e+00 1.570471557680412078e-01
2.009999999999621707e+02 -9.267364234683638458e+00 1.566799469393570510e-01
2.019999999999612612e+02 -9.601878310042271991e+00 1.563091285768501981e-01
2.029999999999603517e+02 -9.941424095593569987e+00 1.559345077720445116e-01
2.039999999999594422e+02 -1.028609556035724637e+01 1.555558947761365995e-01
2.049999999999585327e+02 -1.063597846521229329e+01 1.551731042773843161e-01
2.059999999999576232e+02 -1.099114892643473063e+01 1.547859567747709164e-01
2.069999999999567137e+02 -1.135167188708672192e+01 1.543942800446255204e-01
2.079999999999558042e+02 -1.171759950971495456e+01 1.539979106941746501e-01
2.089999999999548947e+02 -1.208896950934325254e+01 1.535966957928480703e-01
2.099999999999539853e+02 -1.246580345190653638e+01 1.531904945685506336e-01
2.109999999999530758e+02 -1.284810504988386981e+01 1.527791801520753945e-01
2.119999999999521663e+02 -1.323585849366332745e+01 1.523626413484477637e-01
2.129999999999512568e+02 -1.362902686371809580e+01 1.519407844093552118e-01
2.139999999999503473e+02 -1.402755067449673732e+01 1.515135347761001616e-01
2.149999999999494378e+02 -1.443134660544675185e+01 1.510808387579349876e-01
2.159999999999485283e+02 -1.484030647716745221e+01 1.506426651064640965e-01
2.169999999999476188e+02 -1.525429653069198466e+01 1.501990064433688377e-01
2.179999999999467093e+02 -1.567315706477090487e+01 1.497498804963787178e-01
2.189999999999457998e+02 -1.609670247936321630e+01 1.492953310975679571e-01
2.199999999999448903e+02 -1.652472176316681995e+01 1.488354288990685892e-01
2.209999999999439808e+02 -1.695697944907570331e+01 1.483702717644620195e-01
2.219999999999430713e+02 -1.739321704443261396e+01 1.478999847996746442e-01
2.229999999999421618e+02 -1.783315492371250244e+01 1.474247199952065102e-01
2.239999999999412523e+02 -1.827649465101433890e+01 1.469446554618742129e-01
2.249999999999403428e+02 -1.872292167988906186e+01 1.464599942546261635e-01
2.259999999999394333e+02 -1.917210836012874964e+01 1.459709627928438835e-01
2.269999999999385238e+02 -1.962371716667763977e+01 1.454778089001846353e-01
2.279999999999376143e+02 -2.007740405605600387e+01 1.449807995015508222e-01
2.289999999999367049e+02 -2.053282185148459149e+01 1.444802180282653004e-01
2.299999999999357954e+02 -2.098962355962027715e+01 1.439763615940525265e-01
2.309999999999348859e+02 -2.144746552924999250e+01 1.434695380131499887e-01
2.319999999999339764e+02 -2.190601037467425982e+01 1.429600627371754862e-01
2.329999999999330669e+02 -2.236492960260758167e+01 1.424482557888850642e-01
2.339999999999321574e+02 -2.282390589968810701e+01 1.419344387686252429e-01
2.349999999999312479e+02 -2.328263505646623344e+01 1.414189320033421571e-01
2.359999999999303384e+02 -2.374082752147248598e+01 1.409020518990187765e-01
2.369999999999294289e+02 -2.419820959436722418e+01 1.403841085460828253e-01
2.379999999999285194e+02 -2.465452427938088320e+01 1.398654036145740298e-01
2.389999999999276099e+02 -2.510953182885954149e+01 1.393462285625716723e-01
2.399999999999267004e+02 -2.556301001178368182e+01 1.388268631684398680e-01
2.409999999999257909e+02 -2.601475414403851616e+01 1.383075743855808892e-01
2.419999999999248814e+02 -2.646457691663296430e+01 1.377886155081518016e-01
2.429999999999239719e+02 -2.691230805574741680e+01 1.372702256279327016e-01
2.439999999999230624e+02 -2.735779384516635204e+01 1.367526293564102213e-01
2.449999999999221529e+02 -2.780089653794713911e+01 1.362360367820832641e-01
2.459999999999212434e+02 -2.824149368054404619e+01 1.357206436308677211e-01
2.469999999999203339e+02 -2.867947736933462366e+01 1.352066315969782662e-01
2.479999999999194245e+02 -2.911475345671207293e+01 1.346941688124886627e-01
2.489999999999185150e+02 -2.954724072162282411e+01 1.341834104255797133e-01
2.499999999999176055e+02 -2.997687001758017544e+01 1.336744992599633308e-01
2.509999999999166960e+02 -3.040358340967031126e+01 1.331675665308544032e-01
2.519999999999157865e+02 -3.082733331078165762e+01 1.326627325959179315e-01
2.529999999999148770e+02 -3.124808162613886608e+01 1.321601077226870480e-01
2.539999999999139675e+02 -3.166579891414425774e+01 1.316597928568910003e-01
2.549999999999130580e+02 -3.208046357047783914e+01 1.311618803788886511e-01
2.559999999999121485e+02 -3.249206104136771955e+01 1.306664548379084523e-01
2.569999999999112674e+02 -3.290058307091435807e+01 1.301735936560401152e-01
2.579999999999103579e+02 -3.330602698634644554e+01 1.296833677958977860e-01
2.589999999999094484e+02 -3.370839502411995880e+01 1.291958423875873840e-01
2.599999999999085389e+02 -3.410769369886571667e+01 1.287110773120830609e-01
2.609999999999076294e+02 -3.450393321635505828e+01 1.282291277393607376e-01
2.619999999999067199e+02 -3.489712693090825724e+01 1.277500446206775164e-01
2.629999999999058105e+02 -3.528729084701544139e+01 1.272738751352495423e-01
2.639999999999049010e+02 -3.567444316438449192e+01 1.268006630922711708e-01
2.649999999999039915e+02 -3.605860386516953753e+01 1.263304492897813214e-01
2.659999999999030820e+02 -3.643979434176630861e+01 1.258632718323075272e-01
2.669999999999021725e+02 -3.681803706327647774e+01 1.253991664095472081e-01
2.679999999999012630e+02 -3.719335527853889545e+01 1.249381665385718432e-01
2.689999999999003535e+02 -3.756577275348629996e+01 1.244803037721937261e-01
2.699999999998994440e+02 -3.793531354050912796e+01 1.240256078762179692e-01
2.709999999998985345e+02 -3.830200177747674672e+01 1.235741069783285878e-01
2.719999999998976250e+02 -3.866586151408067451e+01 1.231258276913415745e-01
2.729999999998967155e+02 -3.902691656320773461e+01 1.226807952134981866e-01
2.739999999998958060e+02 -3.938519037512278942e+01 1.222390334083843372e-01
2.749999999998948965e+02 -3.974070593233145132e+01 1.218005648669527596e-01
2.759999999998939870e+02 -4.009348566381347467e+01 1.213654109539916703e-01
2.769999999998930775e+02 -4.044355139638634000e+01 1.209335918411728744e-01
2.779999999998921680e+02 -4.079092428391635394e+01 1.205051265285059792e-01
2.789999999998912585e+02 -4.113562475138876806e+01 1.200800328565690411e-01
2.799999999998903490e+02 -4.147767247086448350e+01 1.196583275113451417e-01
2.809999999998894396e+02 -4.181708634349734410e+01 1.192400260230283282e-01
2.819999999998885301e+02 -4.215388448992020898e+01 1.188251427601638016e-01
2.829999999998876206e+02 -4.248808424809939766e+01 1.184136909203857557e-01
2.839999999998867111e+02 -4.281970217772209963e+01 1.180056825188861014e-01
2.849999999998858016e+02 -4.314875407021574460e+01 1.176011283756136089e-01
2.859999999998848921e+02 -4.347525496355814312e+01 1.172000381020742166e-01
2.869999999998839826e+02 -4.379921916110937730e+01 1.168024200884783675e-01
2.879999999998830731e+02 -4.412066025377027501e+01 1.164082814918686731e-01
2.889999999998821636e+02 -4.443959114484373885e+01 1.160176282257525116e-01
2.899999999998812541e+02 -4.475602407704432295e+01 1.156304649516693706e-01
2.909999999998803446e+02 -4.506997066116495176e+01 1.152467950730338558e-01
2.919999999998794351e+02 -4.538144190596888450e+01 1.148666207315135745e-01
2.929999999998785256e+02 -4.569044824892888101e+01 1.144899428061329910e-01
2.939999999998776161e+02 -4.599699958748501416e+01 1.141167609152259205e-01
2.949999999998767066e+02 -4.630110531053732359e+01 1.137470734213082701e-01
2.959999999998757971e+02 -4.660277432992961621e+01 1.133808774388879587e-01
2.969999999998748876e+02 -4.690201511171665771e+01 1.130181688451896288e-01
2.979999999998739781e+02 -4.719883570704048736e+01 1.126589422937335772e-01
2.989999999998730686e+02 -4.749324378246923573e+01 1.123031912306776958e-01
2.999999999998721592e+02 -4.778524664967803659e+01 1.119509079138056445e-01
3.009999999998712497e+02 -4.807485129437448279e+01 1.116020834340221285e-01
3.019999999998703402e+02 -4.836206440439102749e+01 1.112567077392014464e-01
3.029999999998694307e+02 -4.864689239688387090e+01 1.109147696602203192e-01
3.039999999998685212e+02 -4.892934144459407975e+01 1.105762569389988764e-01
3.049999999998676117e+02 -4.920941750113914281e+01 1.102411562583661964e-01
3.059999999998667022e+02 -4.948712632531556466e+01 1.099094532735631208e-01
3.069999999998657927e+02 -4.976247350440275596e+01 1.095811326451950479e-01
3.079999999998648832e+02 -5.003546447646718320e+01 1.092561780734479238e-01
3.089999999998639737e+02 -5.030610455167305872e+01 1.089345723333828286e-01
3.099999999998630642e+02 -5.057439893261214792e+01 1.086162973111303304e-01
3.109999999998621547e+02 -5.084035273367092600e+01 1.083013340408101877e-01
3.119999999998612452e+02 -5.110397099945710409e+01 1.079896627420092597e-01
3.129999999998603357e+02 -5.136525872231138123e+01 1.076812628576574032e-01
3.139999999998594262e+02 -5.162422085893361867e+01 1.073761130921501439e-01
3.149999999998585167e+02 -5.188086234615492742e+01 1.070741914495747793e-01
3.159999999998576072e+02 -5.213518811588817670e+01 1.067754752719059508e-01
3.169999999998566977e+02 -5.238720310929216595e+01 1.064799412770452841e-01
3.179999999998557882e+02 -5.263691229018432693e+01 1.061875655965902610e-01
3.189999999998548788e+02 -5.288432065773780266e+01 1.058983238132244625e-01
3.199999999998539693e+02 -5.312943325849952458e+01 1.056121909976332207e-01
3.209999999998530598e+02 -5.337225519776464466e+01 1.053291417448551370e-01
3.219999999998521503e+02 -5.361279165034266470e+01 1.050491502099907687e-01
3.229999999998512408e+02 -5.385104787075042054e+01 1.047721901431965391e-01
3.239999999998503313e+02 -5.408702920286477678e+01 1.044982349239014785e-01
3.249999999998494218e+02 -5.432074108906804355e+01 1.042272575941906032e-01
3.259999999998485123e+02 -5.455218907891692481e+01 1.039592308913091234e-01
3.269999999998476028e+02 -5.478137883736339830e+01 1.036941272792445828e-01
3.279999999998466933e+02 -5.500831615255625451e+01 1.034319189793542482e-01
3.289999999998457838e+02 -5.523300694324778704e+01 1.031725780000097709e-01
3.299999999998448743e+02 -5.545545726582925283e+01 1.029160761652375133e-01
3.309999999998439648e+02 -5.567567332101636168e+01 1.026623851423378031e-01
3.319999999998430553e+02 -5.589366146020369541e+01 1.024114764684718043e-01
3.329999999998421458e+02 -5.610942819150456984e+01 1.021633215762098174e-01
3.339999999998412363e+02 -5.632298018549069241e+01 1.019178918180387999e-01
3.349999999998403268e+02 -5.653432428064351001e+01 1.016751584898301919e-01
3.359999999998394173e+02 -5.674346748852737932e+01 1.014350928532742752e-01
3.369999999998385078e+02 -5.695041699869113927e+01 1.011976661572892011e-01
3.379999999998375984e+02 -5.715518018330467953e+01 1.009628496584155793e-01
3.389999999998366889e+02 -5.735776460153265788e+01 1.007306146402125596e-01
3.399999999998357794e+02 -5.755817800364772552e+01 1.005009324316705061e-01
3.409999999998348699e+02 -5.775642833488256400e+01 1.002737744246592899e-01
3.419999999998339604e+02 -5.795252373901864473e+01 1.000491120904328513e-01
3.429999999998330509e+02 -5.814647256170933076e+01 9.982691699521197004e-02
3.439999999998321414e+02 -5.833828335353181416e+01 9.960716081486906126e-02
3.449999999998312319e+02 -5.852796487276350490e+01 9.938981534873855828e-02
3.459999999998303224e+02 -5.871552608787590088e+01 9.917485253257987687e-02
3.469999999998294129e+02 -5.890097617973977862e+01 9.896224445071720444e-02
3.479999999998285034e+02 -5.908432454353431496e+01 9.875196334738479964e-02
3.489999999998275939e+02 -5.926558079035326898e+01 9.854398163730447580e-02
3.499999999998266844e+02 -5.944475474850074903e+01 9.833827191552203806e-02
3.509999999998257749e+02 -5.962185646447015586e+01 9.813480696653122115e-02
3.519999999998248654e+02 -5.979689620359956592e+01 9.793355977271286927e-02
3.529999999998239559e+02 -5.996988445039831106e+01 9.773450352211623948e-02
3.539999999998230464e+02 -6.014083190853963856e+01 9.753761161561037840e-02
3.549999999998221369e+02 -6.030974950051507477e+01 9.734285767343291151e-02
3.559999999998212274e+02 -6.047664836694853818e+01 9.715021554116279323e-02
3.569999999998203180e+02 -6.064153986556767251e+01 9.695965929514289983e-02
3.579999999998194085e+02 -6.080443556983232867e+01 9.677116324737936037e-02
3.589999999998184990e+02 -6.096534726722084940e+01 9.658470194994232816e-02
3.599999999998175895e+02 -6.112428695717635208e+01 9.640025019889288116e-02
3.609999999998166800e+02 -6.128126684871683238e+01 9.621778303776104546e-02
3.619999999998157705e+02 -6.143629935771355832e+01 9.603727576059666038e-02
3.629999999998148610e+02 -6.158939710384413502e+01 9.585870391461757956e-02
3.639999999998139515e+02 -6.174057290722826963e+01 9.568204330247645495e-02
3.649999999998130420e+02 -6.188983978475410197e+01 9.550726998416735058e-02
3.659999999998121325e+02 -6.203721094610590825e+01 9.533436027859293338e-02
3.669999999998112230e+02 -6.218269978950390708e+01 9.516329076481219729e-02
3.679999999998103135e+02 -6.232631989716826837e+01 9.499403828298720598e-02
3.689999999998094040e+02 -6.246808503052044159e+01 9.482657993504765848e-02
3.699999999998084945e+02 -6.260800912513529681e+01 9.466089308509084699e-02
3.709999999998075850e+02 -6.274610628545903523e+01 9.449695535953325787e-02
3.719999999998066755e+02 -6.288239077930757759e+01 9.433474464703031637e-02
3.729999999998057660e+02 -6.301687703216100545e+01 9.417423909817954075e-02
3.739999999998048565e+02 -6.314957962127009949e+01 9.401541712502183012e-02
3.749999999998039470e+02 -6.328051326959101175e+01 9.385825740035427800e-02
3.759999999998030376e+02 -6.340969283956419389e+01 9.370273885686845883e-02
3.769999999998021281e+02 -6.353713332675421555e+01 9.354884068612610848e-02
3.779999999998012186e+02 -6.366284985336626079e+01 9.339654233738482747e-02
3.789999999998003091e+02 -6.378685766165580162e+01 9.324582351628489529e-02
3.799999999997993996e+02 -6.390917210724708752e+01 9.309666418340724336e-02
3.809999999997984901e+02 -6.402980865237589114e+01 9.294904455271384147e-02
3.819999999997975806e+02 -6.414878285907209943e+01 9.280294508987946278e-02
3.829999999997966711e+02 -6.426611038229648898e+01 9.265834651052397286e-02
3.839999999997957616e+02 -6.438180696304613093e+01 9.251522977835387185e-02
3.849999999997948521e+02 -6.449588842144248702e+01 9.237357610322075030e-02
3.859999999997939426e+02 -6.460837064981481603e+01 9.223336693910533235e-02
3.869999999997930331e+02 -6.471926960579219212e+01 9.209458398203267115e-02
3.879999999997921236e+02 -6.482860130541607191e+01 9.195720916792653188e-02
3.889999999997912141e+02 -6.493638181628442396e+01 9.182122467040873537e-02
3.899999999997903046e+02 -6.504262725073900242e+01 9.168661289854966590e-02
3.909999999997893951e+02 -6.514735375910568393e+01 9.155335649457507774e-02
3.919999999997884856e+02 -6.525057752299750291e+01 9.142143833153498766e-02
3.929999999997875761e+02 -6.535231474868936630e+01 9.129084151093939947e-02
3.939999999997866666e+02 -6.545258166057331550e+01 9.116154936036502399e-02
3.949999999997857572e+02 -6.555139449470168245e+01 9.103354543103771290e-02
3.959999999997848477e+02 -6.564876949242639625e+01 9.090681349539500578e-02
3.969999999997839382e+02 -6.574472289413942860e+01 9.078133754463117711e-02
3.979999999997830287e+02 -6.583927093312321688e+01 9.065710178623009874e-02
3.989999999997821192e+02 -6.593242982951404940e+01 9.053409064148724983e-02
3.999999999997812097e+02 -6.602421578438598715e+01 9.041228874302578711e-02
4.009999999997803002e+02 -6.611464497395810724e+01 9.029168093230827141e-02
4.019999999997793907e+02 -6.620373354393123577e+01 9.017225225714607661e-02
4.029999999997784812e+02 -6.629149760395591784e+01 9.005398796921168514e-02
4.039999999997775717e+02 -6.637795322223760763e+01 8.993687352155244064e-02
4.049999999997766622e+02 -6.646311642027978905e+01 8.982089456611051792e-02
4.059999999997757527e+02 -6.654700316776849434e+01 8.970603695124974852e-02
4.069999999997748432e+02 -6.662962937760138971e+01 8.959228671929217458e-02
4.079999999997739337e+02 -6.671101090106206755e+01 8.947963010406402573e-02
4.089999999997730242e+02 -6.679116352314171934e+01 8.936805352845492156e-02
4.099999999997721147e+02 -6.687010295800968152e+01 8.925754360198999426e-02
4.109999999997712052e+02 -6.694784484463322372e+01 8.914808711841705480e-02
4.119999999997702957e+02 -6.702440474254784419e+01 8.903967105330931608e-02
4.129999999997693862e+02 -6.709979812777820030e+01 8.893228256168532464e-02
4.139999999997684768e+02 -6.717404038890991558e+01 8.882590897564685006e-02
4.149999999997675673e+02 -6.724714682331250515e+01 8.872053780203476014e-02
4.159999999997666578e+02 -6.731913263351184185e+01 8.861615672010578204e-02
4.169999999997657483e+02 -6.739001292371375484e+01 8.851275357922770703e-02
4.179999999997648388e+02 -6.745980269647594696e+01 8.841031639659688302e-02
4.189999999997639293e+02 -6.752851684952821643e+01 8.830883335497628772e-02
4.199999999997630198e+02 -6.759617017274021578e+01 8.820829280045523746e-02
4.209999999997621103e+02 -6.766277734523438880e+01 8.810868324023191089e-02
4.219999999997612008e+02 -6.772835293264343193e+01 8.800999334041810507e-02
4.229999999997602913e+02 -6.779291138451090148e+01 8.791221192386715344e-02
4.239999999997593818e+02 -6.785646703183144268e+01 8.781532796802428431e-02
4.249999999997584723e+02 -6.791903408473110915e+01 8.771933060280115435e-02
4.259999999997575628e+02 -6.798062663028420616e+01 8.762420910847383559e-02
4.269999999997566533e+02 -6.804125863046466804e+01 8.752995291360372854e-02
4.279999999997557438e+02 -6.810094392023010812e+01 8.743655159298359403e-02
4.289999999997548343e+02 -6.815969620573551424e+01 8.734399486560574799e-02
4.299999999997539248e+02 -6.821752906267533945e+01 8.725227259265552759e-02
4.309999999997530153e+02 -6.827445593474976704e+01 8.716137477552844681e-02
4.319999999997521059e+02 -6.833049013225402746e+01 8.707129155387022257e-02
4.329999999997511964e+02 -6.838564483078739897e+01 8.698201320364165601e-02
4.339999999997502869e+02 -6.843993307007889371e+01 8.689353013520749458e-02
4.349999999997493774e+02 -6.849336775292731261e+01 8.680583289144770676e-02
4.359999999997484679e+02 -6.854596164425274196e+01 8.671891214589336205e-02
4.369999999997475584e+02 -6.859772737025662082e+01 8.663275870088607555e-02
4.379999999997466489e+02 -6.864867741768698295e+01 8.654736348576011484e-02
4.389999999997457394e+02 -6.869882413320662806e+01 8.646271755504815471e-02
4.399999999997448299e+02 -6.874817972286088263e+01 8.637881208671020772e-02
4.409999999997439204e+02 -6.879675625164253461e+01 8.629563838038492585e-02
4.419999999997430109e+02 -6.884456564314928073e+01 8.621318785566409182e-02
4.429999999997421014e+02 -6.889161967933358710e+01 8.613145205038957863e-02
4.439999999997411919e+02 -6.893793000033893748e+01 8.605042261897241640e-02
4.449999999997402824e+02 -6.898350810442164516e+01 8.597009133073404974e-02
4.459999999997393729e+02 -6.902836534795463308e+01 8.589045006826995232e-02
4.469999999997384634e+02 -6.907251294550962939e+01 8.581149082583421073e-02
4.479999999997375539e+02 -6.911596197001617270e+01 8.573320570774647931e-02
4.489999999997366444e+02 -6.915872335299299323e+01 8.565558692681950193e-02
4.499999999997357349e+02 -6.920080788485034873e+01 8.557862680280832468e-02
4.509999999997348255e+02 -6.924222621525983357e+01 8.550231776087979796e-02
4.519999999997339160e+02 -6.928298885358843506e+01 8.542665233010318659e-02
4.529999999997330065e+02 -6.932310616939513181e+01 8.535162314196106936e-02
4.539999999997320970e+02 -6.936258839298669443e+01 8.527722292888025024e-02
4.549999999997311875e+02 -6.940144561602980389e+01 8.520344452278293124e-02
4.559999999997302780e+02 -6.943968779221762588e+01 8.513028085365761943e-02
4.569999999997293685e+02 -6.947732473798770059e+01 8.505772494814896334e-02
4.579999999997284590e+02 -6.951436613328864667e+01 8.498576992816776754e-02
4.589999999997275495e+02 -6.955082152239354798e+01 8.491440900951942317e-02
4.599999999997266400e+02 -6.958670031475760709e+01 8.484363550055154524e-02
4.609999999997257305e+02 -6.962201178591719497e+01 8.477344280082006744e-02
4.619999999997248210e+02 -6.965676507842844956e+01 8.470382439977360012e-02
4.629999999997239115e+02 -6.969096920284319197e+01 8.463477387545632891e-02
4.639999999997230020e+02 -6.972463303872002882e+01 8.456628489322839948e-02
4.649999999997220925e+02 -6.975776533566785531e+01 8.449835120450469028e-02
4.659999999997211830e+02 -6.979037471442063634e+01 8.443096664551036357e-02
4.669999999997202735e+02 -6.982246966794083676e+01 8.436412513605427710e-02
4.679999999997193640e+02 -6.985405856254980961e+01 8.429782067831906311e-02
4.689999999997184545e+02 -6.988514963908301070e+01 8.423204735566869328e-02
4.699999999997175451e+02 -6.991575101406814952e+01 8.416679933147208637e-02
4.709999999997166356e+02 -6.994587068092521065e+01 8.410207084794336929e-02
4.719999999997157261e+02 -6.997551651118577354e+01 8.403785622499874985e-02
4.729999999997148166e+02 -7.000469625573015264e+01 8.397414985912871055e-02
4.739999999997139071e+02 -7.003341754604089431e+01 8.391094622228724431e-02
4.749999999997129976e+02 -7.006168789547150766e+01 8.384823986079505131e-02
4.759999999997120881e+02 -7.008951470052792843e+01 8.378602539426005524e-02
4.769999999997111786e+02 -7.011690524216206200e+01 8.372429751451158919e-02
4.779999999997102691e+02 -7.014386668707555827e+01 8.366305098455102673e-02
4.789999999997093596e+02 -7.017040608903293730e+01 8.360228063751595773e-02
4.799999999997084501e+02 -7.019653039018244556e+01 8.354198137566003213e-02
4.809999999997075406e+02 -7.022224642238316505e+01 8.348214816934712568e-02
4.819999999997066311e+02 -7.024756090853800572e+01 8.342277605605949442e-02
4.829999999997057216e+02 -7.027248046393047787e+01 8.336386013942022333e-02
4.839999999997048121e+02 -7.029701159756497475e+01 8.330539558822981638e-02
4.849999999997039026e+02 -7.032116071350860409e+01 8.324737763551631753e-02
4.859999999997029931e+02 -7.034493411223490966e+01 8.318980157759929550e-02
4.869999999997020836e+02 -7.036833799196710970e+01 8.313266277316672115e-02
4.879999999997011741e+02 -7.039137845002041161e+01 8.307595664236606947e-02
4.889999999997002647e+02 -7.041406148414340294e+01 8.301967866590725942e-02
4.899999999996993552e+02 -7.043639299385648656e+01 8.296382438417972127e-02
4.909999999996984457e+02 -7.045837878178710412e+01 8.290838939638132954e-02
4.919999999996975362e+02 -7.048002455500079577e+01 8.285336935966008953e-02
4.929999999996966267e+02 -7.050133592632806767e+01 8.279875998826875805e-02
4.939999999996957172e+02 -7.052231841568537618e+01 8.274455705273096873e-02
4.949999999996948077e+02 -7.054297745139032827e+01 8.269075637902030540e-02
4.959999999996938982e+02 -7.056331837147000385e+01 8.263735384775042214e-02
4.969999999996929887e+02 -7.058334642496242850e+01 8.258434539337737579e-02
4.979999999996920792e+02 -7.060306677321015911e+01 8.253172700341368517e-02
4.989999999996911697e+02 -7.062248449114544258e+01 8.247949471765368690e-02
4.999999999996902602e+02 -7.064160456856726000e+01 8.242764462741043741e-02
5.000000000000000000e+02 -7.064160456857314330e+01 8.242764462739443632e-02
