1.000000000000000666e+00 -7.217318335605435209e+01 7.359457577429033559e-02
2.000000000000001332e+00 -6.357368477249753624e+01 7.362403726815684724e-02
2.999999999999980016e+00 -5.498907203545953593e+01 7.369314362040858823e-02
3.999999999999958700e+00 -5.621645104903367951e+01 7.381060617469868690e-02
4.999999999999937828e+00 -5.757936851155448466e+01 7.393847016047250253e-02
5.999999999999916511e+00 -5.897769614336832689e+01 7.405768818397764908e-02
6.999999999999895195e+00 -6.040737678022959045e+01 7.416203332331317011e-02
7.999999999999873879e+00 -6.186204787993236920e+01 7.425011753349913812e-02
8.999999999999852562e+00 -6.333313013133250280e+01 7.432249182856873193e-02
9.999999999999831246e+00 -6.480975558407904202e+01 7.438045442329410672e-02
1.099999999999980993e+01 -6.627885591649415176e+01 7.442553164197464322e-02
1.199999999999978861e+01 -6.772552831074229118e+01 7.445925189619458096e-02
1.299999999999976730e+01 -6.913372298425871065e+01 7.448305309379874006e-02
1.399999999999974598e+01 -7.048722132032187915e+01 7.449825095038370426e-02
1.499999999999972466e+01 -7.177078892822370904e+01 7.450603405732963980e-02
1.599999999999970335e+01 -7.297132041669594571e+01 7.450746952460507444e-02
1.699999999999985789e+01 -7.407877359963117669e+01 7.450351175783037627e-02
1.800000000000001421e+01 -7.508673429344877093e+01 7.449501128832107522e-02
1.900000000000017053e+01 -7.599254395479195523e+01 7.448272272671972727e-02
2.000000000000032685e+01 -7.679702468878365096e+01 7.446731187684750564e-02
2.100000000000048317e+01 -7.750391233114551426e+01 7.444936235945670555e-02
2.200000000000063949e+01 -7.811913888545528550e+01 7.442938207590704680e-02
2.300000000000079581e+01 -7.865009373346570953e+01 7.440780969438488823e-02
2.400000000000095213e+01 -7.910495618545546392e+01 7.438502118691622811e-02
2.500000000000110845e+01 -7.949214943294772695e+01 7.436133633885981531e-02
2.600000000000126477e+01 -7.981993076994969272e+01 7.433702510396977825e-02
2.700000000000142109e+01 -8.009610990360428673e+01 7.431231367485027772e-02
2.800000000000157740e+01 -8.032787542861865404e+01 7.428739016186999833e-02
2.900000000000173372e+01 -8.052170584983204549e+01 7.426240980736496800e-02
3.000000000000189004e+01 -8.068334255643299002e+01 7.423749969589701903e-02
3.100000000000204636e+01 -8.081780538657679358e+01 7.421276295022458114e-02
3.200000000000220268e+01 -8.092943533496695352e+01 7.418828242471005308e-02
3.300000000000200373e+01 -8.102195273088997851e+01 7.416412392324539526e-02
3.400000000000180478e+01 -8.109852248334273384e+01 7.414033897839136800e-02
3.500000000000160583e+01 -8.116182063829685944e+01 7.411696723349704696e-02
3.600000000000140687e+01 -8.121409853508988874e+01 7.409403847126060094e-02
3.700000000000120792e+01 -8.125724235811128437e+01 7.407157433151063952e-02
3.800000000000100897e+01 -8.129282695109598933e+01 7.404958975874385840e-02
3.900000000000081002e+01 -8.132216348950996121e+01 7.402809421677147839e-02
4.000000000000061107e+01 -8.134634107691120164e+01 7.400709270417446528e-02
4.100000000000041211e+01 -8.136626261482578570e+01 7.398658660046598945e-02
4.200000000000021316e+01 -8.138267544885894722e+01 7.396657436914123862e-02
4.300000000000001421e+01 -8.139619735921057497e+01 7.394705214028846063e-02
4.399999999999981526e+01 -8.140733847280600344e+01 7.392801419223110626e-02
4.499999999999961631e+01 -8.141651964912630035e+01 7.390945334879407691e-02
4.599999999999941735e+01 -8.142408784780056408e+01 7.389136130625681420e-02
4.699999999999921840e+01 -8.143032893325715804e+01 7.387372890184475127e-02
4.799999999999901945e+01 -8.143547831670082360e+01 7.385654633371387112e-02
4.899999999999882050e+01 -8.143972978231872162e+01 7.383980334075557206e-02
4.999999999999862155e+01 -8.144324279511086218e+01 7.382348934916996286e-02
5.099999999999842260e+01 -8.144614854316012043e+01 7.380759359159075328e-02
5.199999999999822364e+01 -8.144855492783753448e+01 7.379210520356482839e-02
5.299999999999802469e+01 -8.145055068129383358e+01 7.377701330137130531e-02
5.399999999999782574e+01 -8.145220876127254428e+01 7.376230704447642172e-02
5.499999999999762679e+01 -8.145358914833539643e+01 7.374797568535489123e-02
5.599999999999742784e+01 -8.145474114951190359e+01 7.373400860893050690e-02
5.699999999999722888e+01 -8.145570529466581888e+01 7.372039536349693500e-02
5.799999999999702993e+01 -8.145651489704800952e+01 7.370712568465499770e-02
5.899999999999683098e+01 -8.145719733713649191e+01 7.369418951353164104e-02
5.999999999999663203e+01 -8.145777511858453579e+01 7.368157701032358731e-02
6.099999999999643308e+01 -8.145826673656233652e+01 7.366927856402544217e-02
6.199999999999623412e+01 -8.145868739171162076e+01 7.365728479904877501e-02
6.299999999999603517e+01 -8.145904957708646066e+01 7.364558657931487284e-02
6.399999999999583622e+01 -8.145936356062478012e+01 7.363417501030029844e-02
6.499999999999634781e+01 -8.145963778171086744e+01 7.362304143942874357e-02
6.599999999999685940e+01 -8.145987917710175452e+01 7.361217745513316812e-02
6.699999999999737099e+01 -8.146009344878396519e+01 7.360157488485366550e-02
6.799999999999788258e+01 -8.146028528409617309e+01 7.359122579219150306e-02
6.899999999999839417e+01 -8.146045853661698288e+01 7.358112247339618217e-02
6.999999999999890576e+01 -8.146061637480619311e+01 7.357125745333538414e-02
7.099999999999941735e+01 -8.146076140414558608e+01 7.356162348106638771e-02
7.199999999999992895e+01 -8.146089576750095773e+01 7.355221352510889210e-02
7.300000000000044054e+01 -8.146102122758806274e+01 7.354302076850018077e-02
7.400000000000095213e+01 -8.146113923473193097e+01 7.353403860369848999e-02
7.500000000000146372e+01 -8.146125098254294983e+01 7.352526062738808099e-02
7.600000000000197531e+01 -8.146135745366265724e+01 7.351668063523117413e-02
7.700000000000248690e+01 -8.146145945735231919e+01 7.350829261660116187e-02
7.800000000000299849e+01 -8.146155766037611556e+01 7.350009074932634112e-02
7.900000000000351008e+01 -8.146165261237804600e+01 7.349206939446753517e-02
8.000000000000402167e+01 -8.146174476673201070e+01 7.348422309114854833e-02
8.100000000000453326e+01 -8.146183449767406159e+01 7.347654655145349767e-02
8.200000000000504485e+01 -8.146192211437960395e+01 7.346903465540338685e-02
8.300000000000555644e+01 -8.146200787253042108e+01 7.346168244602119257e-02
8.400000000000606803e+01 -8.146209198381848182e+01 7.345448512449166689e-02
8.500000000000657963e+01 -8.146217462375682317e+01 7.344743804542241961e-02
8.600000000000709122e+01 -8.146225593809670329e+01 7.344053671220887591e-02
8.700000000000760281e+01 -8.146233604810164763e+01 7.343377677250674529e-02
8.800000000000811440e+01 -8.146241505488140433e+01 7.342715401381334772e-02
8.900000000000862599e+01 -8.146249304295393756e+01 7.342066435915907407e-02
9.000000000000913758e+01 -8.146257008317279258e+01 7.341430386290816179e-02
9.100000000000964917e+01 -8.146264623513285130e+01 7.340806870667056228e-02
9.200000000001016076e+01 -8.146272154914838382e+01 7.340195519532217994e-02
9.300000000001067235e+01 -8.146279606787882699e+01 7.339595975313389919e-02
9.400000000001118394e+01 -8.146286982766548590e+01 7.339007892000766475e-02
9.500000000001169553e+01 -8.146294285963043080e+01 7.338430934781753345e-02
9.600000000001220712e+01 -8.146301519058046381e+01 7.337864779685498995e-02
9.700000000001271871e+01 -8.146308684375044606e+01 7.337309113237609759e-02
9.800000000001323031e+01 -8.146315783941498978e+01 7.336763632124865264e-02
9.900000000001374190e+01 -8.146322819539152249e+01 7.336228042869755162e-02
1.000000000000142535e+02 -8.146329792745473242e+01 7.335702061514566552e-02
1.010000000000147651e+02 -8.146336704967714581e+01 7.335185413314881941e-02
1.020000000000152767e+02 -8.146343557471055874e+01 7.334677832442226819e-02
1.030000000000157883e+02 -8.146350351401713397e+01 7.334179061695700330e-02
1.040000000000162999e+02 -8.146357087806053698e+01 7.333688852222242094e-02
1.050000000000168114e+02 -8.146363767646276699e+01 7.333206963245543497e-02
1.060000000000173230e+02 -8.146370391813483991e+01 7.332733161803123290e-02
1.070000000000178346e+02 -8.146376961138373929e+01 7.332267222491568870e-02
1.080000000000183462e+02 -8.146383476400121992e+01 7.331808927219599092e-02
1.090000000000188578e+02 -8.146389938333750536e+01 7.331358064968841737e-02
1.100000000000193694e+02 -8.146396347636203927e+01 7.330914431561988409e-02
1.110000000000198810e+02 -8.146402704971403352e+01 7.330477829438225568e-02
1.120000000000203926e+02 -8.146409010974480225e+01 7.330048067435755710e-02
1.130000000000209042e+02 -8.146415266255263532e+01 7.329624960581114512e-02
1.140000000000214158e+02 -8.146421471401184533e+01 7.329208329885147921e-02
1.150000000000219273e+02 -8.146427626979762238e+01 7.328798002145497925e-02
1.160000000000224389e+02 -8.146433733540662558e+01 7.328393809755301413e-02
1.170000000000229505e+02 -8.146439791617375192e+01 7.327995590518096569e-02
1.180000000000234621e+02 -8.146445801728744129e+01 7.327603187468521850e-02
1.190000000000239737e+02 -8.146451764380172733e+01 7.327216448698858908e-02
1.200000000000244853e+02 -8.146457680064699503e+01 7.326835227191137723e-02
1.210000000000249969e+02 -8.146463549263890513e+01 7.326459380654623543e-02
1.220000000000255085e+02 -8.146469372448638069e+01 7.326088771368573227e-02
1.230000000000260201e+02 -8.146475150079807293e+01 7.325723266030116643e-02
1.240000000000265317e+02 -8.146480882608862828e+01 7.325362735607035547e-02
1.250000000000270433e+02 -8.146486570478357692e+01 7.325007055195348338e-02
1.260000000000275548e+02 -8.146492214122395126e+01 7.324656103881568847e-02
1.270000000000280664e+02 -8.146497813967026502e+01 7.324309764609412965e-02
1.280000000000285638e+02 -8.146503370430627911e+01 7.323967924050939216e-02
1.290000000000276543e+02 -8.146508883924221323e+01 7.323630472481837406e-02
1.300000000000267448e+02 -8.146514354851748863e+01 7.323297303660920854e-02
1.310000000000258353e+02 -8.146519783610352761e+01 7.322968314713458604e-02
1.320000000000249258e+02 -8.146525170590626885e+01 7.322643406018508605e-02
1.330000000000240163e+02 -8.146530516176831327e+01 7.322322481099831359e-02
1.340000000000231068e+02 -8.146535820747106982e+01 7.322005446520529759e-02
1.350000000000221974e+02 -8.146541084673678768e+01 7.321692211781116733e-02
1.360000000000212879e+02 -8.146546308323013363e+01 7.321382689220984341e-02
1.370000000000203784e+02 -8.146551492056015320e+01 7.321076793923156356e-02
1.380000000000194689e+02 -8.146556636228170589e+01 7.320774443622228567e-02
1.390000000000185594e+02 -8.146561741189709949e+01 7.320475558615344158e-02
1.400000000000176499e+02 -8.146566807285742584e+01 7.320180061676177796e-02
1.410000000000167404e+02 -8.146571834856418093e+01 7.319887877971788248e-02
1.420000000000158309e+02 -8.146576824237008907e+01 7.319598934982236849e-02
1.430000000000149214e+02 -8.146581775758083666e+01 7.319313162422937113e-02
1.440000000000140119e+02 -8.146586689745608112e+01 7.319030492169575908e-02
1.450000000000131024e+02 -8.146591566521072991e+01 7.318750858185590902e-02
1.460000000000121929e+02 -8.146596406401556578e+01 7.318474196452044722e-02
1.470000000000112834e+02 -8.146601209699903734e+01 7.318200444899938817e-02
1.480000000000103739e+02 -8.146605976724762854e+01 7.317929543344720011e-02
1.490000000000094644e+02 -8.146610707780742189e+01 7.317661433423058859e-02
1.500000000000085549e+02 -8.146615403168434000e+01 7.317396058531740188e-02
1.510000000000076454e+02 -8.146620063184569460e+01 7.317133363768642262e-02
1.520000000000067359e+02 -8.146624688122085445e+01 7.316873295875668537e-02
1.530000000000058265e+02 -8.146629278270185637e+01 7.316615803183672273e-02
1.540000000000049170e+02 -8.146633833914462741e+01 7.316360835559219955e-02
1.550000000000040075e+02 -8.146638355336959592e+01 7.316108344353138004e-02
1.560000000000030980e+02 -8.146642842816231678e+01 7.315858282350842789e-02
1.570000000000021885e+02 -8.146647296627439516e+01 7.315610603724372052e-02
1.580000000000012790e+02 -8.146651717042436758e+01 7.315365263985995625e-02
1.590000000000003695e+02 -8.146656104329778714e+01 7.315122219943431814e-02
1.599999999999994600e+02 -8.146660458754874412e+01 7.314881429656609757e-02
1.609999999999985505e+02 -8.146664780579985177e+01 7.314642852395884798e-02
1.619999999999976410e+02 -8.146669070064309892e+01 7.314406448601645794e-02
1.629999999999967315e+02 -8.146673327464058900e+01 7.314172179845389310e-02
1.639999999999958220e+02 -8.146677553032503738e+01 7.313940008792033098e-02
1.649999999999949125e+02 -8.146681747020026876e+01 7.313709899163574335e-02
1.659999999999940030e+02 -8.146685909674189929e+01 7.313481815703935796e-02
1.669999999999930935e+02 -8.146690041239773450e+01 7.313255724145086012e-02
1.679999999999921840e+02 -8.146694141958849400e+01 7.313031591174251611e-02
1.689999999999912745e+02 -8.146698212070833733e+01 7.312809384402282897e-02
1.699999999999903650e+02 -8.146702251812504869e+01 7.312589072333107454e-02
1.709999999999894555e+02 -8.146706261418086115e+01 7.312370624334200986e-02
1.719999999999885461e+02 -8.146710241119266982e+01 7.312154010608128141e-02
1.729999999999876366e+02 -8.146714191145285611e+01 7.311939202164963181e-02
1.739999999999867271e+02 -8.146718111722924505e+01 7.311726170795747326e-02
1.749999999999858176e+02 -8.146722003076578744e+01 7.311514889046816235e-02
1.759999999999849081e+02 -8.146725865428305724e+01 7.311305330194994845e-02
1.769999999999839986e+02 -8.146729698997877733e+01 7.311097468223681783e-02
1.779999999999830891e+02 -8.146733504002770587e+01 7.310891277799705379e-02
1.789999999999821796e+02 -8.146737280658227576e+01 7.310686734251022056e-02
1.799999999999812701e+02 -8.146741029177326254e+01 7.310483813545146092e-02
1.809999999999803606e+02 -8.146744749770991234e+01 7.310282492268314891e-02
1.819999999999794511e+02 -8.146748442648015498e+01 7.310082747605418929e-02
1.829999999999785416e+02 -8.146752108015112981e+01 7.309884557320572851e-02
1.839999999999776321e+02 -8.146755746076966886e+01 7.309687899738316619e-02
1.849999999999767226e+02 -8.146759357036205529e+01 7.309492753725575775e-02
1.859999999999758131e+02 -8.146762941093503230e+01 7.309299098674164330e-02
1.869999999999749036e+02 -8.146766498447581739e+01 7.309106914483846917e-02
1.879999999999739941e+02 -8.146770029295225868e+01 7.308916181546090685e-02
1.889999999999730846e+02 -8.146773533831328962e+01 7.308726880728295960e-02
1.899999999999721751e+02 -8.146777012248932692e+01 7.308538993358584812e-02
1.909999999999712657e+02 -8.146780464739241268e+01 7.308352501211107244e-02
1.919999999999703562e+02 -8.146783891491631380e+01 7.308167386491874751e-02
1.929999999999694467e+02 -8.146787292693714733e+01 7.307983631825044901e-02
1.939999999999685372e+02 -8.146790668531343726e+01 7.307801220239719397e-02
1.949999999999676277e+02 -8.146794019188646985e+01 7.307620135157132102e-02
1.959999999999667182e+02 -8.146797344848040723e+01 7.307440360378332500e-02
1.969999999999658087e+02 -8.146800645690248643e+01 7.307261880072267457e-02
1.979999999999648992e+02 -8.146803921894367306e+01 7.307084678764276531e-02
1.989999999999639897e+02 -8.146807173637829180e+01 7.306908741324961987e-02
1.999999999999630802e+02 -8.146810401096476539e+01 7.306734052959457104e-02
2.009999999999621707e+02 -8.146813604444542989e+01 7.306560599197078898e-02
2.019999999999612612e+02 -8.146816783854710309e+01 7.306388365881258395e-02
2.029999999999603517e+02 -8.146819939498118401e+01 7.306217339159933044e-02
2.039999999999594422e+02 -8.146823071544355344e+01 7.306047505476166715e-02
2.049999999999585327e+02 -8.146826180161529862e+01 7.305878851559138853e-02
2.059999999999576232e+02 -8.146829265516257124e+01 7.305711364415383435e-02
2.069999999999567137e+02 -8.146832327773672944e+01 7.305545031320448413e-02
2.079999999999558042e+02 -8.146835367097487790e+01 7.305379839810655085e-02
2.089999999999548947e+02 -8.146838383649962623e+01 7.305215777675345967e-02
2.099999999999539853e+02 -8.146841377591965738e+01 7.305052832949227026e-02
2.109999999999530758e+02 -8.146844349082961401e+01 7.304890993905037433e-02
2.119999999999521663e+02 -8.146847298281031158e+01 7.304730249046496871e-02
2.129999999999512568e+02 -8.146850225342919316e+01 7.304570587101417989e-02
2.139999999999503473e+02 -8.146853130424017309e+01 7.304411997015133884e-02
2.149999999999494378e+02 -8.146856013678377906e+01 7.304254467944061580e-02
2.159999999999485283e+02 -8.146858875258759269e+01 7.304097989249569434e-02
2.169999999999476188e+02 -8.146861715316620689e+01 7.303942550491966668e-02
2.179999999999467093e+02 -8.146864534002138214e+01 7.303788141424789881e-02
2.189999999999457998e+02 -8.146867331464244444e+01 7.303634751989174223e-02
2.199999999999448903e+02 -8.146870107850601528e+01 7.303482372308517379e-02
2.209999999999439808e+02 -8.146872863307650903e+01 7.303330992683247647e-02
2.219999999999430713e+02 -8.146875597980604766e+01 7.303180603585807118e-02
2.229999999999421618e+02 -8.146878312013465973e+01 7.303031195655769470e-02
2.239999999999412523e+02 -8.146881005549059296e+01 7.302882759695181192e-02
2.249999999999403428e+02 -8.146883678729021483e+01 7.302735286663962488e-02
2.259999999999394333e+02 -8.146886331693829675e+01 7.302588767675584347e-02
2.269999999999385238e+02 -8.146888964582798565e+01 7.302443193992780301e-02
2.279999999999376143e+02 -8.146891577534108819e+01 7.302298557023445547e-02
2.289999999999367049e+02 -8.146894170684819869e+01 7.302154848316681768e-02
2.299999999999357954e+02 -8.146896744170874172e+01 7.302012059558966872e-02
2.309999999999348859e+02 -8.146899298127100053e+01 7.301870182570421863e-02
2.319999999999339764e+02 -8.146901832687235867e+01 7.301729209301260903e-02
2.329999999999330669e+02 -8.146904347983956995e+01 7.301589131828291335e-02
2.339999999999321574e+02 -8.146906844148864479e+01 7.301449942351564970e-02
2.349999999999312479e+02 -8.146909321312499230e+01 7.301311633191170936e-02
2.359999999999303384e+02 -8.146911779604359083e+01 7.301174196784038228e-02
2.369999999999294289e+02 -8.146914219152894532e+01 7.301037625680951992e-02
2.379999999999285194e+02 -8.146916640085551364e+01 7.300901912543587835e-02
2.389999999999276099e+02 -8.146919042528755028e+01 7.300767050141682146e-02
2.399999999999267004e+02 -8.146921426607934791e+01 7.300633031350299562e-02
2.409999999999257909e+02 -8.146923792447515211e+01 7.300499849147154552e-02
2.419999999999248814e+02 -8.146926140170944564e+01 7.300367496610038476e-02
2.429999999999239719e+02 -8.146928469900691994e+01 7.300235966914345176e-02
2.439999999999230624e+02 -8.146930781758277362e+01 7.300105253330636812e-02
2.449999999999221529e+02 -8.146933075864262719e+01 7.299975349222351251e-02
2.459999999999212434e+02 -8.146935352338262248e+01 7.299846248043515007e-02
2.469999999999203339e+02 -8.146937611298962167e+01 7.299717943336564430e-02
2.479999999999194245e+02 -8.146939852864112197e+01 7.299590428730229341e-02
2.489999999999185150e+02 -8.146942077150562511e+01 7.299463697937483286e-02
2.499999999999176055e+02 -8.146944284274245263e+01 7.299337744753574275e-02
2.509999999999166960e+02 -8.146946474350194478e+01 7.299212563054097158e-02
2.519999999999157865e+02 -8.146948647492574480e+01 7.299088146793132614e-02
2.529999999999148770e+02 -8.146950803814630149e+01 7.298964490001434713e-02
2.539999999999139675e+02 -8.146952943428766503e+01 7.298841586784705904e-02
2.549999999999130580e+02 -8.146955066446506066e+01 7.298719431321888662e-02
2.559999999999121485e+02 -8.146957172978535766e+01 7.298598017863540399e-02
2.569999999999112674e+02 -8.146959263134678508e+01 7.298477340730251395e-02
2.579999999999103579e+02 -8.146961337023920180e+01 7.298357394311080770e-02
2.589999999999094484e+02 -8.146963394754422438e+01 7.298238173062095158e-02
2.599999999999085389e+02 -8.146965436433507080e+01 7.298119671504897654e-02
2.609999999999076294e+02 -8.146967462167683038e+01 7.298001884225260860e-02
2.619999999999067199e+02 -8.146969472062669126e+01 7.297884805871729386e-02
2.629999999999058105e+02 -8.146971466223361347e+01 7.297768431154334767e-02
2.639999999999049010e+02 -8.146973444753868421e+01 7.297652754843295120e-02
2.649999999999039915e+02 -8.146975407757524579e+01 7.297537771767800829e-02
2.659999999999030820e+02 -8.146977355336872506e+01 7.297423476814787757e-02
2.669999999999021725e+02 -8.146979287593681818e+01 7.297309864927788159e-02
2.679999999999012630e+02 -8.146981204628951900e+01 7.297196931105805195e-02
2.689999999999003535e+02 -8.146983106542946018e+01 7.297084670402206874e-02
2.699999999998994440e+02 -8.146984993435150102e+01 7.296973077923626927e-02
2.709999999998985345e+02 -8.146986865404309697e+01 7.296862148829003081e-02
2.719999999998976250e+02 -8.146988722548448436e+01 7.296751878328512630e-02
2.729999999998967155e+02 -8.146990564964856674e+01 7.296642261682641240e-02
2.739999999998958060e+02 -8.146992392750071588e+01 7.296533294201183739e-02
2.749999999998948965e+02 -8.146994205999926919e+01 7.296424971242382318e-02
2.759999999998939870e+02 -8.146996004809558656e+01 7.296317288212002261e-02
2.769999999998930775e+02 -8.146997789273389401e+01 7.296210240562467364e-02
2.779999999998921680e+02 -8.146999559485131215e+01 7.296103823792027265e-02
2.789999999998912585e+02 -8.147001315537815458e+01 7.295998033443912290e-02
2.799999999998903490e+02 -8.147003057523778580e+01 7.295892865105588210e-02
2.809999999998894396e+02 -8.147004785534669224e+01 7.295788314407933295e-02
2.819999999998885301e+02 -8.147006499661475232e+01 7.295684377024502787e-02
2.829999999998876206e+02 -8.147008199994499478e+01 7.295581048670794766e-02
2.839999999998867111e+02 -8.147009886623392561e+01 7.295478325103570139e-02
2.849999999998858016e+02 -8.147011559637138589e+01 7.295376202120097686e-02
2.859999999998848921e+02 -8.147013219124083605e+01 7.295274675557539279e-02
2.869999999998839826e+02 -8.147014865171905740e+01 7.295173741292254599e-02
2.879999999998830731e+02 -8.147016497867653584e+01 7.295073395239191905e-02
2.889999999998821636e+02 -8.147018117297731976e+01 7.294973633351260756e-02
2.899999999998812541e+02 -8.147019723547929004e+01 7.294874451618697797e-02
2.909999999998803446e+02 -8.147021316703398952e+01 7.294775846068542180e-02
2.919999999998794351e+02 -8.147022896848665141e+01 7.294677812763983304e-02
2.929999999998785256e+02 -8.147024464067656879e+01 7.294580347803857057e-02
2.939999999998776161e+02 -8.147026018443676776e+01 7.294483447322099023e-02
2.949999999998767066e+02 -8.147027560059426321e+01 7.294387107487189381e-02
2.959999999998757971e+02 -8.147029088997024360e+01 7.294291324501635254e-02
2.969999999998748876e+02 -8.147030605337970144e+01 7.294196094601507196e-02
2.979999999998739781e+02 -8.147032109163187386e+01 7.294101414055917387e-02
2.989999999998730686e+02 -8.147033600553014310e+01 7.294007279166533908e-02
2.999999999998721592e+02 -8.147035079587213602e+01 7.293913686267111673e-02
3.009999999998712497e+02 -8.147036546344963881e+01 7.293820631723084424e-02
3.019999999998703402e+02 -8.147038000904869648e+01 7.293728111931052638e-02
3.029999999998694307e+02 -8.147039443344989706e+01 7.293636123318400499e-02
3.039999999998685212e+02 -8.147040873742805900e+01 7.293544662342853202e-02
3.049999999998676117e+02 -8.147042292175245848e+01 7.293453725492055062e-02
3.059999999998667022e+02 -8.147043698718692895e+01 7.293363309283172613e-02
3.069999999998657927e+02 -8.147045093448980424e+01 7.293273410262510192e-02
3.079999999998648832e+02 -8.147046476441400387e+01 7.293184025005110260e-02
3.089999999998639737e+02 -8.147047847770687667e+01 7.293095150114389802e-02
3.099999999998630642e+02 -8.147049207511081192e+01 7.293006782221758688e-02
3.109999999998621547e+02 -8.147050555736258559e+01 7.292918917986258853e-02
3.119999999998612452e+02 -8.147051892519390037e+01 7.292831554094235391e-02
3.129999999998603357e+02 -8.147053217933111569e+01 7.292744687258966019e-02
3.139999999998594262e+02 -8.147054532049554609e+01 7.292658314220341886e-02
3.149999999998585167e+02 -8.147055834940341867e+01 7.292572431744526185e-02
3.159999999998576072e+02 -8.147057126676553196e+01 7.292487036623630792e-02
3.169999999998566977e+02 -8.147058407328812280e+01 7.292402125675434554e-02
3.179999999998557882e+02 -8.147059676967218422e+01 7.292317695743021078e-02
3.189999999998548788e+02 -8.147060935661380654e+01 7.292233743694517822e-02
3.199999999998539693e+02 -8.147062183480402098e+01 7.292150266422771365e-02
3.209999999998530598e+02 -8.147063420492932551e+01 7.292067260845100374e-02
3.219999999998521503e+02 -8.147064646767091745e+01 7.291984723902962540e-02
3.229999999998512408e+02 -8.147065862370558875e+01 7.291902652561697840e-02
3.239999999998503313e+02 -8.147067067370504390e+01 7.291821043810271796e-02
3.249999999998494218e+02 -8.147068261833659619e+01 7.291739894660979882e-02
3.259999999998485123e+02 -8.147069445826258516e+01 7.291659202149207430e-02
3.269999999998476028e+02 -8.147070619414080284e+01 7.291578963333156249e-02
3.279999999998466933e+02 -8.147071782662445116e+01 7.291499175293605917e-02
3.289999999998457838e+02 -8.147072935636221303e+01 7.291419835133650107e-02
3.299999999998448743e+02 -8.147074078399806751e+01 7.291340939978475932e-02
3.309999999998439648e+02 -8.147075211017160257e+01 7.291262486975122470e-02
3.319999999998430553e+02 -8.147076333551788707e+01 7.291184473292228185e-02
3.329999999998421458e+02 -8.147077446066764139e+01 7.291106896119813052e-02
3.339999999998412363e+02 -8.147078548624709526e+01 7.291029752669071773e-02
3.349999999998403268e+02 -8.147079641287820095e+01 7.290953040172104549e-02
3.359999999998394173e+02 -8.147080724117843431e+01 7.290876755881761651e-02
3.369999999998385078e+02 -8.147081797176117846e+01 7.290800897071382514e-02
3.379999999998375984e+02 -8.147082860523542536e+01 7.290725461034607002e-02
3.389999999998366889e+02 -8.147083914220596057e+01 7.290650445085154752e-02
3.399999999998357794e+02 -8.147084958327326376e+01 7.290575846556640593e-02
3.409999999998348699e+02 -8.147085992903389240e+01 7.290501662802385818e-02
3.419999999998339604e+02 -8.147087018008005543e+01 7.290427891195172538e-02
3.429999999998330509e+02 -8.147088033700002541e+01 7.290354529127113237e-02
3.439999999998321414e+02 -8.147089040037791108e+01 7.290281574009402354e-02
3.449999999998312319e+02 -8.147090037079377112e+01 7.290209023272184452e-02
3.459999999998303224e+02 -8.147091024882379884e+01 7.290136874364336328e-02
3.469999999998294129e+02 -8.147092003504005220e+01 7.290065124753285219e-02
3.479999999998285034e+02 -8.147092973001068117e+01 7.289993771924847821e-02
3.489999999998275939e+02 -8.147093933430004142e+01 7.289922813383060973e-02
3.499999999998266844e+02 -8.147094884846846696e+01 7.289852246649992928e-02
3.509999999998257749e+02 -8.147095827307251170e+01 7.289782069265586528e-02
3.519999999998248654e+02 -8.147096760866492104e+01 7.289712278787453814e-02
3.529999999998239559e+02 -8.147097685579461768e+01 7.289642872790773331e-02
3.539999999998230464e+02 -8.147098601500682946e+01 7.289573848868091677e-02
3.549999999998221369e+02 -8.147099508684291891e+01 7.289505204629156965e-02
3.559999999998212274e+02 -8.147100407184072424e+01 7.289436937700793928e-02
3.569999999998203180e+02 -8.147101297053413305e+01 7.289369045726719343e-02
3.579999999998194085e+02 -8.147102178345369339e+01 7.289301526367400474e-02
3.589999999998184990e+02 -8.147103051112610217e+01 7.289234377299885770e-02
3.599999999998175895e+02 -8.147103915407461727e+01 7.289167596217709100e-02
3.609999999998166800e+02 -8.147104771281891544e+01 7.289101180830682980e-02
3.619999999998157705e+02 -8.147105618787503545e+01 7.289035128864783386e-02
3.629999999998148610e+02 -8.147106457975563387e+01 7.288969438062005424e-02
3.639999999998139515e+02 -8.147107288896971511e+01 7.288904106180223164e-02
3.649999999998130420e+02 -8.147108111602307190e+01 7.288839130993046700e-02
3.659999999998121325e+02 -8.147108926141780216e+01 7.288774510289681985e-02
3.669999999998112230e+02 -8.147109732565276374e+01 7.288710241874796214e-02
3.679999999998103135e+02 -8.147110530922333282e+01 7.288646323568397090e-02
3.689999999998094040e+02 -8.147111321262157446e+01 7.288582753205702369e-02
3.699999999998084945e+02 -8.147112103633639890e+01 7.288519528636981659e-02
3.709999999998075850e+02 -8.147112878085312104e+01 7.288456647727459270e-02
3.719999999998066755e+02 -8.147113644665394361e+01 7.288394108357168499e-02
3.729999999998057660e+02 -8.147114403421787188e+01 7.288331908420830896e-02
3.739999999998048565e+02 -8.147115154402058579e+01 7.288270045827729970e-02
3.749999999998039470e+02 -8.147115897653449679e+01 7.288208518501608502e-02
3.759999999998030376e+02 -8.147116633222906046e+01 7.288147324380531145e-02
3.769999999998021281e+02 -8.147117361157025073e+01 7.288086461416752593e-02
3.779999999998012186e+02 -8.147118081502121356e+01 7.288025927576637086e-02
3.789999999998003091e+02 -8.147118794304178380e+01 7.287965720840502981e-02
3.799999999997993996e+02 -8.147119499608888304e+01 7.287905839202531155e-02
3.809999999997984901e+02 -8.147120197461623547e+01 7.287846280670635946e-02
3.819999999997975806e+02 -8.147120887907460940e+01 7.287787043266363840e-02
3.829999999997966711e+02 -8.147121570991167516e+01 7.287728125024781067e-02
3.839999999997957616e+02 -8.147122246757220410e+01 7.287669523994366738e-02
3.849999999997948521e+02 -8.147122915249788377e+01 7.287611238236900435e-02
3.859999999997939426e+02 -8.147123576512761645e+01 7.287553265827359517e-02
3.869999999997930331e+02 -8.147124230589720639e+01 7.287495604853788667e-02
3.879999999997921236e+02 -8.147124877523960151e+01 7.287438253417229117e-02
3.889999999997912141e+02 -8.147125517358506386e+01 7.287381209631595136e-02
3.899999999997903046e+02 -8.147126150136057277e+01 7.287324471623581046e-02
3.909999999997893951e+02 -8.147126775899066331e+01 7.287268037532541876e-02
3.919999999997884856e+02 -8.147127394689688629e+01 7.287211905510419807e-02
3.929999999997875761e+02 -8.147128006549802137e+01 7.287156073721623439e-02
3.939999999997866666e+02 -8.147128611520996344e+01 7.287100540342929256e-02
3.949999999997857572e+02 -8.147129209644600678e+01 7.287045303563405296e-02
3.959999999997848477e+02 -8.147129800961670298e+01 7.286990361584304299e-02
3.969999999997839382e+02 -8.147130385512978989e+01 7.286935712618937411e-02
3.979999999997830287e+02 -8.147130963339033372e+01 7.286881354892631169e-02
3.989999999997821192e+02 -8.147131534480084269e+01 7.286827286642599821e-02
3.999999999997812097e+02 -8.147132098976094028e+01 7.286773506117857901e-02
4.009999999997803002e+02 -8.147132656866776301e+01 7.286720011579159162e-02
4.019999999997793907e+02 -8.147133208191579001e+01 7.286666801298848084e-02
4.029999999997784812e+02 -8.147133752989694244e+01 7.286613873560826571e-02
4.039999999997775717e+02 -8.147134291300061193e+01 7.286561226660417945e-02
4.049999999997766622e+02 -8.147134823161349004e+01 7.286508858904336416e-02
4.059999999997757527e+02 -8.147135348611982408e+01 7.286456768610531654e-02
4.069999999997748432e+02 -8.147135867690120392e+01 7.286404954108151311e-02
4.079999999997739337e+02 -8.147136380433698832e+01 7.286353413737441109e-02
4.089999999997730242e+02 -8.147136886880377915e+01 7.286302145849650469e-02
4.099999999997721147e+02 -8.147137387067581926e+01 7.286251148806971445e-02
4.109999999997712052e+02 -8.147137881032483619e+01 7.286200420982433257e-02
4.119999999997702957e+02 -8.147138368812019849e+01 7.286149960759837063e-02
4.129999999997693862e+02 -8.147138850442891567e+01 7.286099766533658817e-02
4.139999999997684768e+02 -8.147139325961553880e+01 7.286049836708979877e-02
4.149999999997675673e+02 -8.147139795404207518e+01 7.286000169701400964e-02
4.159999999997666578e+02 -8.147140258806859947e+01 7.285950763936971386e-02
4.169999999997657483e+02 -8.147140716205238675e+01 7.285901617852105772e-02
4.179999999997648388e+02 -8.147141167634849523e+01 7.285852729893495250e-02
4.189999999997639293e+02 -8.147141613130982307e+01 7.285804098518054717e-02
4.199999999997630198e+02 -8.147142052728692363e+01 7.285755722192807649e-02
4.209999999997621103e+02 -8.147142486462801969e+01 7.285707599394863898e-02
4.219999999997612008e+02 -8.147142914367900346e+01 7.285659728611310060e-02
4.229999999997602913e+02 -8.147143336478373499e+01 7.285612108339134529e-02
4.239999999997593818e+02 -8.147143752828365848e+01 7.285564737085170606e-02
4.249999999997584723e+02 -8.147144163451812915e+01 7.285517613366002121e-02
4.259999999997575628e+02 -8.147144568382422847e+01 7.285470735707909318e-02
4.269999999997566533e+02 -8.147144967653686365e+01 7.285424102646786970e-02
4.279999999997557438e+02 -8.147145361298881028e+01 7.285377712728081934e-02
4.289999999997548343e+02 -8.147145749351065547e+01 7.285331564506715429e-02
4.299999999997539248e+02 -8.147146131843093997e+01 7.285285656547013655e-02
4.309999999997530153e+02 -8.147146508807594500e+01 7.285239987422646724e-02
4.319999999997521059e+02 -8.147146880276994807e+01 7.285194555716568987e-02
4.329999999997511964e+02 -8.147147246283505240e+01 7.285149360020908016e-02
4.339999999997502869e+02 -8.147147606859148539e+01 7.285104398936939618e-02
4.349999999997493774e+02 -8.147147962035714386e+01 7.285059671075003185e-02
4.359999999997484679e+02 -8.147148311844817670e+01 7.285015175054453118e-02
4.369999999997475584e+02 -8.147148656317840221e+01 7.284970909503568626e-02
4.379999999997466489e+02 -8.147148995485986234e+01 7.284926873059500985e-02
4.389999999997457394e+02 -8.147149329380243898e+01 7.284883064368209704e-02
4.399999999997448299e+02 -8.147149658031415242e+01 7.284839482084401463e-02
4.409999999997439204e+02 -8.147149981470099078e+01 7.284796124871456557e-02
4.419999999997430109e+02 -8.147150299726688161e+01 7.284752991401367839e-02
4.429999999997421014e+02 -8.147150612831404715e+01 7.284710080354692141e-02
4.439999999997411919e+02 -8.147150920814257802e+01 7.284667390420482280e-02
4.449999999997402824e+02 -8.147151223705081691e+01 7.284624920296205175e-02
4.459999999997393729e+02 -8.147151521533497487e+01 7.284582668687715479e-02
4.469999999997384634e+02 -8.147151814328955766e+01 7.284540634309170926e-02
4.479999999997375539e+02 -8.147152102120718098e+01 7.284498815882978207e-02
4.489999999997366444e+02 -8.147152384937862735e+01 7.284457212139723581e-02
4.499999999997357349e+02 -8.147152662809260448e+01 7.284415821818150671e-02
4.509999999997348255e+02 -8.147152935763622850e+01 7.284374643665074422e-02
4.519999999997339160e+02 -8.147153203829468282e+01 7.284333676435313099e-02
4.529999999997330065e+02 -8.147153467035145979e+01 7.284292918891639712e-02
4.539999999997320970e+02 -8.147153725408807645e+01 7.284252369804740390e-02
4.549999999997311875e+02 -8.147153978978440136e+01 7.284212027953146373e-02
4.559999999997302780e+02 -8.147154227771839885e+01 7.284171892123185443e-02
4.569999999997293685e+02 -8.147154471816638477e+01 7.284131961108895881e-02
4.579999999997284590e+02 -8.147154711140291283e+01 7.284092233712029241e-02
4.589999999997275495e+02 -8.147154945770091672e+01 7.284052708741932392e-02
4.599999999997266400e+02 -8.147155175733138321e+01 7.284013385015535025e-02
4.609999999997257305e+02 -8.147155401056369328e+01 7.283974261357301083e-02
4.619999999997248210e+02 -8.147155621766545153e+01 7.283935336599127452e-02
4.629999999997239115e+02 -8.147155837890275620e+01 7.283896609580335635e-02
4.639999999997230020e+02 -8.147156049453988658e+01 7.283858079147599585e-02
4.649999999997220925e+02 -8.147156256483945924e+01 7.283819744154922116e-02
4.659999999997211830e+02 -8.147156459006248497e+01 7.283781603463540533e-02
4.669999999997202735e+02 -8.147156657046835448e+01 7.283743655941893325e-02
4.679999999997193640e+02 -8.147156850631482428e+01 7.283705900465595184e-02
4.689999999997184545e+02 -8.147157039785795973e+01 7.283668335917337089e-02
4.699999999997175451e+02 -8.147157224535231990e+01 7.283630961186890462e-02
4.709999999997166356e+02 -8.147157404905084377e+01 7.283593775170994766e-02
4.719999999997157261e+02 -8.147157580920469400e+01 7.283556776773368602e-02
4.729999999997148166e+02 -8.147157752606386794e+01 7.283519964904631994e-02
4.739999999997139071e+02 -8.147157919987640184e+01 7.283483338482267533e-02
4.749999999997129976e+02 -8.147158083088898195e+01 7.283446896430552375e-02
4.759999999997120881e+02 -8.147158241934674550e+01 7.283410637680544364e-02
4.769999999997111786e+02 -8.147158396549329495e+01 7.283374561170000150e-02
4.779999999997102691e+02 -8.147158546957069802e+01 7.283338665843347437e-02
4.789999999997093596e+02 -8.147158693181945921e+01 7.283302950651646124e-02
4.799999999997084501e+02 -8.147158835247866193e+01 7.283267414552517527e-02
4.809999999997075406e+02 -8.147158973178598274e+01 7.283232056510108299e-02
4.819999999997066311e+02 -8.147159106997730760e+01 7.283196875495061284e-02
4.829999999997057216e+02 -8.147159236728739984e+01 7.283161870484451683e-02
4.839999999997048121e+02 -8.147159362394938853e+01 7.283127040461762070e-02
4.849999999997039026e+02 -8.147159484019502429e+01 7.283092384416799125e-02
4.859999999997029931e+02 -8.147159601625459402e+01 7.283057901345704743e-02
4.869999999997020836e+02 -8.147159715235693511e+01 7.283023590250849166e-02
4.879999999997011741e+02 -8.147159824872946388e+01 7.282989450140853194e-02
4.889999999997002647e+02 -8.147159930559824659e+01 7.282955480030493811e-02
4.899999999996993552e+02 -8.147160032318799949e+01 7.282921678940673660e-02
4.909999999996984457e+02 -8.147160130172194670e+01 7.282888045898426588e-02
4.919999999996975362e+02 -8.147160224142194807e+01 7.282854579936788586e-02
4.929999999996966267e+02 -8.147160314250848501e+01 7.282821280094825545e-02
4.939999999996957172e+02 -8.147160400520070311e+01 7.282788145417572190e-02
4.949999999996948077e+02 -8.147160482971652584e+01 7.282755174955964084e-02
4.959999999996938982e+02 -8.147160561627222819e+01 7.282722367766852889e-02
4.969999999996929887e+02 -8.147160636508299092e+01 7.282689722912910613e-02
4.979999999996920792e+02 -8.147160707636267318e+01 7.282657239462619891e-02
4.989999999996911697e+02 -8.147160775032369884e+01 7.282624916490232359e-02
4.999999999996902602e+02 -8.147160838717732645e+01 7.282592753075714520e-02
5.000000000000000000e+02 -8.147160838717732645e+01 7.282592753075704806e-02
