1.000000000000000666e+00 -7.215909140782488862e+01 7.360061836704109850e-02
2.000000000000001332e+00 -6.325307517035305693e+01 7.363770120434366684e-02
2.999999999999980016e+00 -5.900943057731146801e+00 7.374809885250382946e-02
3.999999999999958700e+00 3.629613845169284758e+01 7.891008427786029567e-02
4.999999999999937828e+00 3.022835953630069383e+01 9.231270095233906625e-02
5.999999999999916511e+00 2.565989168757992189e+01 1.107973876229152999e-01
6.999999999999895195e+00 2.288906267702938280e+01 1.304370842288483934e-01
7.999999999999873879e+00 2.145042887385411490e+01 1.480246420072590940e-01
8.999999999999852562e+00 2.086418201589544452e+01 1.620000463048792139e-01
9.999999999999831246e+00 2.078240498227588873e+01 1.722165258279999278e-01
1.099999999999980993e+01 2.098027097537116958e+01 1.792763044972729425e-01
1.199999999999978861e+01 2.132006287998087757e+01 1.839958990050474252e-01
1.299999999999976730e+01 2.172004581383950850e+01 1.871243603922305432e-01
1.399999999999974598e+01 2.213275732400903806e+01 1.892437161306519677e-01
1.499999999999972466e+01 2.253095418900193891e+01 1.907625576789709898e-01
1.599999999999970335e+01 2.289882214211658251e+01 1.919455953346042021e-01
1.699999999999985789e+01 2.322656973985202455e+01 1.929508880275727090e-01
1.800000000000001421e+01 2.350708993781040945e+01 1.938631628908816240e-01
1.900000000000017053e+01 2.373379813341227873e+01 1.947195858416491954e-01
2.000000000000032685e+01 2.389905829405294213e+01 1.955276734208652722e-01
2.100000000000048317e+01 2.399286231175884865e+01 1.962763645021592951e-01
2.200000000000063949e+01 2.400182091854211563e+01 1.969421266404459692e-01
2.300000000000079581e+01 2.390957713664237616e+01 1.974935119346958867e-01
2.400000000000095213e+01 2.370226039149810049e+01 1.979000586386667482e-01
2.500000000000110845e+01 2.338381660060564471e+01 1.981495312626188887e-01
2.600000000000126477e+01 2.299144559018890632e+01 1.982610227434932482e-01
2.700000000000142109e+01 2.258065638952906085e+01 1.982731909331108822e-01
2.800000000000157740e+01 2.219049291845979965e+01 1.982217323925072883e-01
2.900000000000173372e+01 2.183430135579281739e+01 1.981315057507032629e-01
3.000000000000189004e+01 2.151159517404457944e+01 1.980189567470339584e-01
3.100000000000204636e+01 2.121821558480517211e+01 1.978950662352536027e-01
3.200000000000220268e+01 2.095025664600289517e+01 1.977670568523457739e-01
3.300000000000200373e+01 2.070476809477782609e+01 1.976394771785756899e-01
3.400000000000180478e+01 2.047949098394685663e+01 1.975150082923564365e-01
3.500000000000160583e+01 2.027251148984514728e+01 1.973950698862426967e-01
3.600000000000140687e+01 2.008205297709267967e+01 1.972802538174815712e-01
3.700000000000120792e+01 1.990639727132053949e+01 1.971706222882625426e-01
3.800000000000100897e+01 1.974387925407564026e+01 1.970659098556910294e-01
3.900000000000081002e+01 1.959290990682971412e+01 1.969656601933250928e-01
4.000000000000061107e+01 1.945200276573556408e+01 1.968693185765697518e-01
4.100000000000041211e+01 1.931979328248889871e+01 1.967762936580343958e-01
4.200000000000021316e+01 1.919504862107126186e+01 1.966859975175584974e-01
4.300000000000001421e+01 1.907666899845703767e+01 1.965978702654165300e-01
4.399999999999981526e+01 1.896368281364388153e+01 1.965113937876581951e-01
4.499999999999961631e+01 1.885523781367949780e+01 1.964260980514766219e-01
4.599999999999941735e+01 1.875059012932259250e+01 1.963415625043204438e-01
4.699999999999921840e+01 1.864909251532450796e+01 1.962574144083292227e-01
4.799999999999901945e+01 1.855018268897388722e+01 1.961733254112965064e-01
4.899999999999882050e+01 1.845337231610779583e+01 1.960890072427418918e-01
4.999999999999862155e+01 1.835823694482181523e+01 1.960042071178131617e-01
5.099999999999842260e+01 1.826440701727212357e+01 1.959187032121103289e-01
5.199999999999822364e+01 1.817155998022053609e+01 1.958323004178280091e-01
5.299999999999802469e+01 1.807941344839627718e+01 1.957448264890029876e-01
5.399999999999782574e+01 1.798771933788836463e+01 1.956561286172657232e-01
5.499999999999762679e+01 1.789625886961491830e+01 1.955660704385051019e-01
5.599999999999742784e+01 1.780483833828009921e+01 1.954745294471593176e-01
5.699999999999722888e+01 1.771328554516894371e+01 1.953813947825704944e-01
5.799999999999702993e+01 1.762144680031465782e+01 1.952865653468569551e-01
5.899999999999683098e+01 1.752918440882544360e+01 1.951899482132198604e-01
5.999999999999663203e+01 1.743637456610115066e+01 1.950914572856386475e-01
6.099999999999643308e+01 1.734290559647268282e+01 1.949910121742718938e-01
6.199999999999623412e+01 1.724867647898713940e+01 1.948885372547981554e-01
6.299999999999603517e+01 1.715359561239971242e+01 1.947839608839393444e-01
6.399999999999583622e+01 1.705757977883193277e+01 1.946772147472255188e-01
6.499999999999634781e+01 1.696055327201342067e+01 1.945682333185557167e-01
6.599999999999685940e+01 1.686244716158989121e+01 1.944569534142212008e-01
6.699999999999737099e+01 1.676319866973457451e+01 1.943433138267730842e-01
6.799999999999788258e+01 1.666275064033038333e+01 1.942272550264604047e-01
6.899999999999839417e+01 1.656105108438443452e+01 1.941087189199556251e-01
6.999999999999890576e+01 1.645805278818329853e+01 1.939876486577796766e-01
7.099999999999941735e+01 1.635371297307411353e+01 1.938639884832557836e-01
7.199999999999992895e+01 1.624799299773364680e+01 1.937376836170098260e-01
7.300000000000044054e+01 1.614085809542744343e+01 1.936086801720336703e-01
7.400000000000095213e+01 1.603227714011791250e+01 1.934769250951481057e-01
7.500000000000146372e+01 1.592222243639902857e+01 1.933423661313881381e-01
7.600000000000197531e+01 1.581066952915676538e+01 1.932049518084026640e-01
7.700000000000248690e+01 1.569759702961069436e+01 1.930646314384266427e-01
7.800000000000299849e+01 1.558298645501226076e+01 1.929213551357687462e-01
7.900000000000351008e+01 1.546682207978199664e+01 1.927750738480742410e-01
8.000000000000402167e+01 1.534909079628153172e+01 1.926257393998826728e-01
8.100000000000453326e+01 1.522978198375271575e+01 1.924733045472065973e-01
8.200000000000504485e+01 1.510888738422979571e+01 1.923177230420312356e-01
8.300000000000555644e+01 1.498640098445186197e+01 1.921589497057696605e-01
8.400000000000606803e+01 1.486231890298200753e+01 1.919969405108141736e-01
8.500000000000657963e+01 1.473663928188406835e+01 1.918316526694127944e-01
8.600000000000709122e+01 1.460936218242391327e+01 1.916630447291615968e-01
8.700000000000760281e+01 1.448048948435600458e+01 1.914910766744512549e-01
8.800000000000811440e+01 1.435002478843035156e+01 1.913157100332423532e-01
8.900000000000862599e+01 1.421797332181528084e+01 1.911369079885656130e-01
9.000000000000913758e+01 1.408434184617957108e+01 1.909546354941538682e-01
9.100000000000964917e+01 1.394913856821567677e+01 1.907688593936212040e-01
9.200000000001016076e+01 1.381237305241724300e+01 1.905795485426007296e-01
9.300000000001067235e+01 1.367405613594862679e+01 1.903866739332449043e-01
9.400000000001118394e+01 1.353419984546513710e+01 1.901902088204827090e-01
9.500000000001169553e+01 1.339281731575897183e+01 1.899901288494153517e-01
9.600000000001220712e+01 1.324992271012030898e+01 1.897864121832106843e-01
9.700000000001271871e+01 1.310553114231463745e+01 1.895790396308462966e-01
9.800000000001323031e+01 1.295965860008820947e+01 1.893679947740253000e-01
9.900000000001374190e+01 1.281232187012224877e+01 1.891532640925790432e-01
1.000000000000142535e+02 1.266353846436538610e+01 1.889348370876453576e-01
1.010000000000147651e+02 1.251332654768131825e+01 1.887127064019029354e-01
1.020000000000152767e+02 1.236170486675600522e+01 1.884868679361244581e-01
1.030000000000157883e+02 1.220869268021576026e+01 1.882573209613009613e-01
1.040000000000162999e+02 1.205430968991433360e+01 1.880240682255828188e-01
1.050000000000168114e+02 1.189857597335331363e+01 1.877871160552783136e-01
1.060000000000173230e+02 1.174151191720673282e+01 1.875464744491497637e-01
1.070000000000178346e+02 1.158313815192661522e+01 1.873021571652530581e-01
1.080000000000183462e+02 1.142347548741181207e+01 1.870541817995736711e-01
1.090000000000188578e+02 1.126254484972832159e+01 1.868025698557264080e-01
1.100000000000193694e+02 1.110036721887396105e+01 1.865473468050085071e-01
1.110000000000198810e+02 1.093696356758532673e+01 1.862885421361135108e-01
1.120000000000203926e+02 1.077235480118926425e+01 1.860261893938523758e-01
1.130000000000209042e+02 1.060656169850469688e+01 1.857603262062573479e-01
1.140000000000214158e+02 1.043960485380419634e+01 1.854909942994878991e-01
1.150000000000219273e+02 1.027150461984739316e+01 1.852182395000059600e-01
1.160000000000224389e+02 1.010228105200038051e+01 1.849421117235366119e-01
1.170000000000229505e+02 9.931953853456992221e+00 1.846626649503926298e-01
1.180000000000234621e+02 9.760542321578524749e+00 1.843799571867991982e-01
1.190000000000239737e+02 9.588065295368911833e+00 1.840940504119202015e-01
1.200000000000244853e+02 9.414541104101809665e+00 1.838050105103667120e-01
1.210000000000249969e+02 9.239987517115133997e+00 1.835129071900286624e-01
1.220000000000255085e+02 9.064421694786599204e+00 1.832178138851601468e-01
1.230000000000260201e+02 8.887860140701857148e+00 1.829198076447195176e-01
1.240000000000265317e+02 8.710318655023542078e+00 1.826189690060502913e-01
1.250000000000270433e+02 8.531812289066364130e+00 1.823153818540697302e-01
1.260000000000275548e+02 8.352355301078894456e+00 1.820091332662106265e-01
1.270000000000280664e+02 8.171961113228841000e+00 1.817003133434506867e-01
1.280000000000285638e+02 7.990642269783095664e+00 1.813890150278357483e-01
1.290000000000276543e+02 7.808410396469082748e+00 1.810753339069866852e-01
1.300000000000267448e+02 7.625276160996819819e+00 1.807593680061516384e-01
1.310000000000258353e+02 7.441249234718767980e+00 1.804412175684434738e-01
1.320000000000249258e+02 7.256338255393803394e+00 1.801209848239618549e-01
1.330000000000240163e+02 7.070550791018908043e+00 1.797987737485675919e-01
1.340000000000231068e+02 6.883893304684543857e+00 1.794746898131339696e-01
1.350000000000221974e+02 6.696371120403608934e+00 1.791488397241509656e-01
1.360000000000212879e+02 6.507988389857684908e+00 1.788213311566029251e-01
1.370000000000203784e+02 6.318748059998106292e+00 1.784922724800792337e-01
1.380000000000194689e+02 6.128651841433443437e+00 1.781617724791073054e-01
1.390000000000185594e+02 5.937700177529326773e+00 1.778299400687249621e-01
1.400000000000176499e+02 5.745892214140980059e+00 1.774968840063182729e-01
1.410000000000167404e+02 5.553225769893689545e+00 1.771627126007667974e-01
1.420000000000158309e+02 5.359697306921757054e+00 1.768275334199315429e-01
1.430000000000149214e+02 5.165301901971988130e+00 1.764914529975184221e-01
1.440000000000140119e+02 4.970033217773842438e+00 1.761545765403331465e-01
1.450000000000131024e+02 4.773883474574955876e+00 1.758170076369220125e-01
1.460000000000121929e+02 4.576843421737756046e+00 1.754788479685616132e-01
1.470000000000112834e+02 4.378902309290515937e+00 1.751401970235275940e-01
1.480000000000103739e+02 4.180047859324306003e+00 1.748011518155298816e-01
1.490000000000094644e+02 3.980266237126079965e+00 1.744618066071513818e-01
1.500000000000085549e+02 3.779542021937670526e+00 1.741222526390785175e-01
1.510000000000076454e+02 3.577858177230348602e+00 1.737825778658512454e-01
1.520000000000067359e+02 3.375196020385561546e+00 1.734428666988019618e-01
1.530000000000058265e+02 3.171535191673875431e+00 1.731031997567869241e-01
1.540000000000049170e+02 2.966853622426609771e+00 1.727636536252478705e-01
1.550000000000040075e+02 2.761127502297673342e+00 1.724243006240741560e-01
1.560000000000030980e+02 2.554331245517288185e+00 1.720852085846658053e-01
1.570000000000021885e+02 2.346437456044185410e+00 1.717464406365312168e-01
1.580000000000012790e+02 2.137416891529086538e+00 1.714080550036810868e-01
1.590000000000003695e+02 1.927238426009265204e+00 1.710701048110182254e-01
1.599999999999994600e+02 1.715869011262554533e+00 1.707326379008551331e-01
1.609999999999985505e+02 1.503273636758817977e+00 1.703956966596307243e-01
1.619999999999976410e+02 1.289415288158144879e+00 1.700593178548390205e-01
1.629999999999967315e+02 1.074254904317902160e+00 1.697235324821328717e-01
1.639999999999958220e+02 8.577513327853951708e-01 1.693883656225099177e-01
1.649999999999949125e+02 6.398612837695873967e-01 1.690538363094551133e-01
1.659999999999940030e+02 4.205392826041416399e-01 1.687199574058691198e-01
1.669999999999930935e+02 1.997376207354922550e-01 1.683867354905904390e-01
1.679999999999921840e+02 -2.259369470628959028e-02 1.680541707542915209e-01
1.689999999999912745e+02 -2.465069926687643853e-01 1.677222569045220268e-01
1.699999999999903650e+02 -4.720569911549997166e-01 1.673909810796645747e-01
1.709999999999894555e+02 -6.993008512677121313e-01 1.670603237715750922e-01
1.719999999999885461e+02 -9.282982321308622664e-01 1.667302587566975580e-01
1.729999999999876366e+02 -1.159111346456272118e+00 1.664007530354669473e-01
1.739999999999867271e+02 -1.391805016473957934e+00 1.660717667798554675e-01
1.749999999999858176e+02 -1.626446729890379306e+00 1.657432532889650811e-01
1.759999999999849081e+02 -1.863106695477640740e+00 1.654151589526316191e-01
1.769999999999839986e+02 -2.101857897828411925e+00 1.650874232230863659e-01
1.779999999999830891e+02 -2.342776150735452312e+00 1.647599785948044848e-01
1.789999999999821796e+02 -2.585940148569976227e+00 1.644327505927786481e-01
1.799999999999812701e+02 -2.831431514939314109e+00 1.641056577695751972e-01
1.809999999999803606e+02 -3.079334847800400343e+00 1.637786117116612206e-01
1.819999999999794511e+02 -3.329737760091128873e+00 1.634515170556464225e-01
1.829999999999785416e+02 -3.582730914815481782e+00 1.631242715152456113e-01
1.839999999999776321e+02 -3.838408053380321316e+00 1.627967659199535400e-01
1.849999999999767226e+02 -4.096866015831292174e+00 1.624688842666230648e-01
1.859999999999758131e+02 -4.358204751472226413e+00 1.621405037853486941e-01
1.869999999999749036e+02 -4.622527318176794964e+00 1.618114950212938552e-01
1.879999999999739941e+02 -4.889939868513963894e+00 1.614817219343389343e-01
1.889999999999730846e+02 -5.160551620610491774e+00 1.611510420186887671e-01
1.899999999999721751e+02 -5.434474811468276378e+00 1.608193064448423804e-01
1.909999999999712657e+02 -5.711824630241546075e+00 1.604863602266042577e-01
1.919999999999703562e+02 -5.992719128766623271e+00 1.601520424160958189e-01
1.929999999999694467e+02 -6.277279106433234723e+00 1.598161863299988050e-01
1.939999999999685372e+02 -6.565627966292816531e+00 1.594786198105317410e-01
1.949999999999676277e+02 -6.857891539136713455e+00 1.591391655249154713e-01
1.959999999999667182e+02 -7.154197872155463322e+00 1.587976413073010629e-01
1.969999999999658087e+02 -7.454676978731693104e+00 1.584538605473298778e-01
1.979999999999648992e+02 -7.759460545948253518e+00 1.581076326296189660e-01
1.989999999999639897e+02 -8.068681596541484424e+00 1.577587634285370077e-01
1.999999999999630802e+02 -8.382474102335338628e+00 1.574070558625992322e-01
2.009999999999621707e+02 -8.700972546701102317e+00 1.570523105126761798e-01
2.019999999999612612e+02 -9.024311434353521122e+00 1.566943263079230153e-01
2.029999999999603517e+02 -9.352624747878440559e+00 1.563329012828811870e-01
2.039999999999594422e+02 -9.686045351857204722e+00 1.559678334085485008e-01
2.049999999999585327e+02 -1.002470434738115301e+01 1.555989214993094838e-01
2.059999999999576232e+02 -1.036873038220729804e+01 1.552259661964381088e-01
2.069999999999567137e+02 -1.071824892485966707e+01 1.548487710273860896e-01
2.079999999999558042e+02 -1.107338151468051457e+01 1.544671435382156399e-01
2.089999999999548947e+02 -1.143424500420615431e+01 1.540808964942895765e-01
2.099999999999539853e+02 -1.180095081526556022e+01 1.536898491416758827e-01
2.109999999999530758e+02 -1.217360423580002582e+01 1.532938285186427330e-01
2.119999999999521663e+02 -1.255230379042314226e+01 1.528926708031216608e-01
2.129999999999512568e+02 -1.293714072392732994e+01 1.524862226781448782e-01
2.139999999999503473e+02 -1.332819864292600442e+01 1.520743426930810105e-01
2.149999999999494378e+02 -1.372555336609936916e+01 1.516569025941337800e-01
2.159999999999485283e+02 -1.412927303745681762e+01 1.512337885931846482e-01
2.169999999999476188e+02 -1.453941855889218893e+01 1.508049025399108012e-01
2.179999999999467093e+02 -1.495604439725517665e+01 1.503701629584680288e-01
2.189999999999457998e+02 -1.537919981632292199e+01 1.499295059072669190e-01
2.199999999999448903e+02 -1.580893057460269624e+01 1.494828856189045208e-01
2.209999999999439808e+02 -1.624528111513750872e+01 1.490302748775752528e-01
2.219999999999430713e+02 -1.668829725297725730e+01 1.485716650937415617e-01
2.229999999999421618e+02 -1.713802933963650332e+01 1.481070660408962125e-01
2.239999999999412523e+02 -1.759453585208150272e+01 1.476365052272461675e-01
2.249999999999403428e+02 -1.805788731753685639e+01 1.471600268862678917e-01
2.259999999999394333e+02 -1.852817044628049814e+01 1.466776905843626966e-01
2.269999999999385238e+02 -1.900549230487844810e+01 1.461895694610036156e-01
2.279999999999376143e+02 -1.948998432493927524e+01 1.456957481363483353e-01
2.289999999999367049e+02 -1.998180591099727721e+01 1.451963203424312676e-01
2.299999999999357954e+02 -2.048114738962446069e+01 1.446913863556741342e-01
2.309999999999348859e+02 -2.098823203472960586e+01 1.441810503291339474e-01
2.319999999999339764e+02 -2.150331691569798309e+01 1.436654176410558370e-01
2.329999999999330669e+02 -2.202669234969014056e+01 1.431445923900960815e-01
2.339999999999321574e+02 -2.255867980024959252e+01 1.426186751752320236e-01
2.349999999999312479e+02 -2.309962815279846993e+01 1.420877612980930016e-01
2.359999999999303384e+02 -2.364990841229325014e+01 1.415519395157543159e-01
2.369999999999294289e+02 -2.420990700405908669e+01 1.410112914518822369e-01
2.379999999999285194e+02 -2.478001800571543711e+01 1.404658917432231868e-01
2.389999999999276099e+02 -2.536063478086738954e+01 1.399158089574761565e-01
2.399999999999267004e+02 -2.595214160620521682e+01 1.393611072695662423e-01
2.409999999999257909e+02 -2.655490595878079318e+01 1.388018488295887087e-01
2.419999999999248814e+02 -2.716927214568003990e+01 1.382380967019591622e-01
2.429999999999239719e+02 -2.779555689723365930e+01 1.376699182072561312e-01
2.439999999999230624e+02 -2.843404740966240496e+01 1.370973884618839067e-01
2.449999999999221529e+02 -2.908500212479646763e+01 1.365205938913220673e-01
2.459999999999212434e+02 -2.974865429864734168e+01 1.359396354939042262e-01
2.469999999999203339e+02 -3.042521817038178611e+01 1.353546316546471173e-01
2.479999999999194245e+02 -3.111489733303378813e+01 1.347657203503505319e-01
2.489999999999185150e+02 -3.181789475512903920e+01 1.341730606427271877e-01
2.499999999999176055e+02 -3.253442382416940859e+01 1.335768334183638217e-01
2.509999999999166960e+02 -3.326471978008419228e+01 1.329772413947254706e-01
2.519999999999157865e+02 -3.400905096774165060e+01 1.323745084628468738e-01
2.529999999999148770e+02 -3.476772944214994254e+01 1.317688784744598662e-01
2.539999999999139675e+02 -3.554112058446656164e+01 1.311606136014846768e-01
2.549999999999130580e+02 -3.632965150929540243e+01 1.305499923993020672e-01
2.559999999999121485e+02 -3.713381814657009272e+01 1.299373076946093164e-01
2.569999999999112674e+02 -3.795419095311610391e+01 1.293228643980325610e-01
2.579999999999103579e+02 -3.879141924372930816e+01 1.287069773156894748e-01
2.589999999999094484e+02 -3.964623412730059471e+01 1.280899690069798036e-01
2.599999999999085389e+02 -4.051944999656905111e+01 1.274721677116149310e-01
2.609999999999076294e+02 -4.141196447244920620e+01 1.268539053495768287e-01
2.619999999999067199e+02 -4.232475641741482519e+01 1.262355155850901633e-01
2.629999999999058105e+02 -4.325888169193704869e+01 1.256173319412098588e-01
2.639999999999049010e+02 -4.421546603921841267e+01 1.249996859519677955e-01
2.649999999999039915e+02 -4.519569418724618970e+01 1.243829053456991379e-01
2.659999999999030820e+02 -4.620079397212213479e+01 1.237673122651587188e-01
2.669999999999021725e+02 -4.723201390559218282e+01 1.231532215456955376e-01
2.679999999999012630e+02 -4.829059216391308951e+01 1.225409390910600776e-01
2.689999999999003535e+02 -4.937771447322128893e+01 1.219307604063582934e-01
2.699999999998994440e+02 -5.049445783892380746e+01 1.213229693682099097e-01
2.709999999998985345e+02 -5.164171658078530669e+01 1.207178373320895171e-01
2.719999999998976250e+02 -5.282010681814356445e+01 1.201156226945304245e-01
2.729999999998967155e+02 -5.402984561585726908e+01 1.195165710410115989e-01
2.739999999998958060e+02 -5.527060178421935888e+01 1.189209160154834494e-01
2.749999999998948965e+02 -5.654131729483553670e+01 1.183288810396965346e-01
2.759999999998939870e+02 -5.784000201404579400e+01 1.177406819831647161e-01
2.769999999998930775e+02 -5.916351055686210714e+01 1.171565308297911195e-01
2.779999999998921680e+02 -6.050731886669473880e+01 1.165766402969428267e-01
2.789999999998912585e+02 -6.186532925953527240e+01 1.160012292320018734e-01
2.799999999998903490e+02 -6.322974443522048915e+01 1.154305284427049466e-01
2.809999999998894396e+02 -6.459105977201002702e+01 1.148647864272258901e-01
2.819999999998885301e+02 -6.593822368703946779e+01 1.143042742932002531e-01
2.829999999998876206e+02 -6.725900216234444429e+01 1.137492890457115352e-01
2.839999999998867111e+02 -6.854055258799880335e+01 1.132001544445141866e-01
2.849999999998858016e+02 -6.977016719014294210e+01 1.126572188269077818e-01
2.859999999998848921e+02 -7.093609906464892845e+01 1.121208496667918664e-01
2.869999999998839826e+02 -7.202835117201304627e+01 1.115914251318100431e-01
2.879999999998830731e+02 -7.303930532694653266e+01 1.110693233940772962e-01
2.889999999998821636e+02 -7.396409850721062185e+01 1.105549108148089626e-01
2.899999999998812541e+02 -7.480070811691963684e+01 1.100485302640064889e-01
2.909999999998803446e+02 -7.554976716086009958e+01 1.095504907307616460e-01
2.919999999998794351e+02 -7.621417571757964993e+01 1.090610590808544916e-01
2.929999999998785256e+02 -7.679859615910345383e+01 1.085804544250935227e-01
2.939999999998776161e+02 -7.730891664846488709e+01 1.081088451766341052e-01
2.949999999998767066e+02 -7.775174852683201721e+01 1.076463485713601009e-01
2.959999999998757971e+02 -7.813399830340635788e+01 1.071930322338891517e-01
2.969999999998748876e+02 -7.846253190692333135e+01 1.067489172890475901e-01
2.979999999998739781e+02 -7.874393169512281077e+01 1.063139825202536470e-01
2.989999999998730686e+02 -7.898433624726075664e+01 1.058881691313942053e-01
2.999999999998721592e+02 -7.918934809925266904e+01 1.054713857500241270e-01
3.009999999998712497e+02 -7.936399359337896442e+01 1.050635133970120733e-01
3.019999999998703402e+02 -7.951272028573590944e+01 1.046644102288165901e-01
3.029999999998694307e+02 -7.963941967439713210e+01 1.042739159273083638e-01
3.039999999998685212e+02 -7.974746560312486565e+01 1.038918556665860554e-01
3.049999999998676117e+02 -7.983976112761145316e+01 1.035180436271493920e-01
3.059999999998667022e+02 -7.991878870580640637e+01 1.031522860569010352e-01
3.069999999998657927e+02 -7.998666023460572205e+01 1.027943838979445551e-01
3.079999999998648832e+02 -8.004516472197320809e+01 1.024441350102122394e-01
3.089999999998639737e+02 -8.009581231101145704e+01 1.021013360295073835e-01
3.099999999998630642e+02 -8.013987402560601936e+01 1.017657839001621795e-01
3.109999999998621547e+02 -8.017841704859705487e+01 1.014372771224508613e-01
3.119999999998612452e+02 -8.021233562727263688e+01 1.011156167531026967e-01
3.129999999998603357e+02 -8.024237787149432677e+01 1.008006071944328452e-01
3.139999999998594262e+02 -8.026916880132303334e+01 1.004920568042515505e-01
3.149999999998585167e+02 -8.029323003939076386e+01 1.001897783551587567e-01
3.159999999998576072e+02 -8.031499654726198401e+01 9.989358936832389013e-02
3.169999999998566977e+02 -8.033483078797235066e+01 9.960331234351479934e-02
3.179999999998557882e+02 -8.035303466802614025e+01 9.931877490407016451e-02
3.189999999998548788e+02 -8.036985957755173615e+01 9.903980987274074721e-02
3.199999999998539693e+02 -8.038551481105622543e+01 9.876625529186366936e-02
3.209999999998530598e+02 -8.040017461576839253e+01 9.849795439918385132e-02
3.219999999998521503e+02 -8.041398408135168552e+01 9.823475556876801185e-02
3.229999999998512408e+02 -8.042706405454229923e+01 9.797651222485376232e-02
3.239999999998503313e+02 -8.043951523531569592e+01 9.772308273510790788e-02
3.249999999998494218e+02 -8.045142158750711303e+01 9.747433028861055004e-02
3.259999999998485123e+02 -8.046285317624838740e+01 9.723012276290089739e-02
3.269999999998476028e+02 -8.047386852688305225e+01 9.699033258360584275e-02
3.279999999998466933e+02 -8.048451658488750127e+01 9.675483657948558136e-02
3.289999999998457838e+02 -8.049483834346033007e+01 9.652351583516309563e-02
3.299999999998448743e+02 -8.050486819455251464e+01 9.629625554333519355e-02
3.309999999998439648e+02 -8.051463504992440789e+01 9.607294485787336302e-02
3.319999999998430553e+02 -8.052416327109428096e+01 9.585347674890612457e-02
3.329999999998421458e+02 -8.053347344056294332e+01 9.563774786071385647e-02
3.339999999998412363e+02 -8.054258300127374071e+01 9.542565837305533316e-02
3.349999999998403268e+02 -8.055150678673493303e+01 9.521711186637431268e-02
3.359999999998394173e+02 -8.056025746044626601e+01 9.501201519119581440e-02
3.369999999998385078e+02 -8.056884588011702419e+01 9.481027834191281534e-02
3.379999999998375984e+02 -8.057728139953522373e+01 9.461181433507344363e-02
3.389999999998366889e+02 -8.058557211876141935e+01 9.441653909221227325e-02
3.399999999998357794e+02 -8.059372509150198027e+01 9.422437132721339648e-02
3.409999999998348699e+02 -8.060174649700638838e+01 9.403523243815273269e-02
3.419999999998339604e+02 -8.060964178257626145e+01 9.384904640353301797e-02
3.429999999998330509e+02 -8.061741578173547396e+01 9.366573968280432483e-02
3.439999999998321414e+02 -8.062507281224176836e+01 9.348524112104408812e-02
3.449999999998312319e+02 -8.063261675740598378e+01 9.330748185765887215e-02
3.459999999998303224e+02 -8.064005113358903998e+01 9.313239523896377214e-02
3.469999999998294129e+02 -8.064737914625433746e+01 9.295991673448991688e-02
3.479999999998285034e+02 -8.065460373654323689e+01 9.278998385686933192e-02
3.489999999998275939e+02 -8.066172762000390151e+01 9.262253608514724179e-02
3.499999999998266844e+02 -8.066875331882206979e+01 9.245751479137220841e-02
3.509999999998257749e+02 -8.067568318867196808e+01 9.229486317032040144e-02
3.519999999998248654e+02 -8.068251944110986074e+01 9.213452617221036534e-02
3.529999999998239559e+02 -8.068926416227600384e+01 9.197645043827287759e-02
3.539999999998230464e+02 -8.069591932853801097e+01 9.182058423904342070e-02
3.549999999998221369e+02 -8.070248681959955661e+01 9.166687741524935651e-02
3.559999999998212274e+02 -8.070896842950699579e+01 9.151528132117171810e-02
3.569999999998203180e+02 -8.071536587591380396e+01 9.136574877036433839e-02
3.579999999998194085e+02 -8.072168080789819555e+01 9.121823398361977864e-02
3.589999999998184990e+02 -8.072791481258045110e+01 9.107269253907618323e-02
3.599999999998175895e+02 -8.073406942074269921e+01 9.092908132436514079e-02
3.609999999998166800e+02 -8.074014611161931043e+01 9.078735849070450337e-02
3.619999999998157705e+02 -8.074614631699697043e+01 9.064748340884491717e-02
3.629999999998148610e+02 -8.075207142473965405e+01 9.050941662678554933e-02
3.639999999998139515e+02 -8.075792278183453732e+01 9.037311982917529962e-02
3.649999999998130420e+02 -8.076370169703622537e+01 9.023855579832350260e-02
3.659999999998121325e+02 -8.076940944317647109e+01 9.010568837674572118e-02
3.669999999998112230e+02 -8.077504725919227724e+01 8.997448243117540934e-02
3.679999999998103135e+02 -8.078061635191812684e+01 8.984490381797440028e-02
3.689999999998094040e+02 -8.078611789767936102e+01 8.971691934988100525e-02
3.699999999998084945e+02 -8.079155304371747093e+01 8.959049676403468832e-02
3.709999999998075850e+02 -8.079692290947241418e+01 8.946560469122173676e-02
3.719999999998066755e+02 -8.080222858774502015e+01 8.934221262628810889e-02
3.729999999998057660e+02 -8.080747114575586920e+01 8.922029089966894422e-02
3.739999999998048565e+02 -8.081265162611515507e+01 8.909981064998545586e-02
3.749999999998039470e+02 -8.081777104771686027e+01 8.898074379766500452e-02
3.759999999998030376e+02 -8.082283040656731998e+01 8.886306301953911246e-02
3.769999999998021281e+02 -8.082783067655614673e+01 8.874674172437881092e-02
3.779999999998012186e+02 -8.083277281017718963e+01 8.863175402932850500e-02
3.789999999998003091e+02 -8.083765773920573849e+01 8.851807473719934538e-02
3.799999999997993996e+02 -8.084248637533674753e+01 8.840567931458845341e-02
3.809999999997984901e+02 -8.084725961078858347e+01 8.829454387078806976e-02
3.819999999997975806e+02 -8.085197831887549569e+01 8.818464513745416511e-02
3.829999999997966711e+02 -8.085664335455267349e+01 8.807596044900181664e-02
3.839999999997957616e+02 -8.086125555493603656e+01 8.796846772370052470e-02
3.849999999997948521e+02 -8.086581573979887594e+01 8.786214544543861915e-02
3.859999999997939426e+02 -8.087032471204746287e+01 8.775697264613251114e-02
3.869999999997930331e+02 -8.087478325817764357e+01 8.765292888875371446e-02
3.879999999997921236e+02 -8.087919214871300255e+01 8.754999425095036369e-02
3.889999999997912141e+02 -8.088355213862703863e+01 8.744814930923970608e-02
3.899999999997903046e+02 -8.088786396774970910e+01 8.734737512374848856e-02
3.909999999997893951e+02 -8.089212836115838456e+01 8.724765322348218555e-02
3.919999999997884856e+02 -8.089634602955669607e+01 8.714896559210026650e-02
3.929999999997875761e+02 -8.090051766963992463e+01 8.705129465418040557e-02
3.939999999997866666e+02 -8.090464396444708939e+01 8.695462326195102509e-02
3.949999999997857572e+02 -8.090872558370330125e+01 8.685893468247626870e-02
3.959999999997848477e+02 -8.091276318414996638e+01 8.676421258527546032e-02
3.969999999997839382e+02 -8.091675740986458720e+01 8.667044103036074254e-02
3.979999999997830287e+02 -8.092070889257063016e+01 8.657760445667764260e-02
3.989999999997821192e+02 -8.092461825193824154e+01 8.648568767093343934e-02
3.999999999997812097e+02 -8.092848609587501585e+01 8.639467583679917573e-02
4.009999999997803002e+02 -8.093231302080863543e+01 8.630455446447156398e-02
4.019999999997793907e+02 -8.093609961196095526e+01 8.621530940058118320e-02
4.029999999997784812e+02 -8.093984644361346170e+01 8.612692681843546472e-02
4.039999999997775717e+02 -8.094355407936545532e+01 8.603939320858246254e-02
4.049999999997766622e+02 -8.094722307238467351e+01 8.595269536968606905e-02
4.059999999997757527e+02 -8.095085396565058034e+01 8.586682039969970037e-02
4.069999999997748432e+02 -8.095444729219056512e+01 8.578175568732851475e-02
4.079999999997739337e+02 -8.095800357530958991e+01 8.569748890376947814e-02
4.089999999997730242e+02 -8.096152332881322877e+01 8.561400799471993728e-02
4.099999999997721147e+02 -8.096500705722456814e+01 8.553130117264472199e-02
4.109999999997712052e+02 -8.096845525599493953e+01 8.544935690929282568e-02
4.119999999997702957e+02 -8.097186841170878324e+01 8.536816392845447687e-02
4.129999999997693862e+02 -8.097524700228316874e+01 8.528771119895102448e-02
4.139999999997684768e+02 -8.097859149716124705e+01 8.520798792784832487e-02
4.149999999997675673e+02 -8.098190235750114141e+01 8.512898355388677507e-02
4.159999999997666578e+02 -8.098518003635916784e+01 8.505068774112017893e-02
4.169999999997657483e+02 -8.098842497886812453e+01 8.497309037275592447e-02
4.179999999997648388e+02 -8.099163762241157372e+01 8.489618154518975557e-02
4.189999999997639293e+02 -8.099481839679231143e+01 8.481995156222835175e-02
4.199999999997630198e+02 -8.099796772439709969e+01 8.474439092949333230e-02
4.209999999997621103e+02 -8.100108602035707861e+01 8.466949034900032867e-02
4.219999999997612008e+02 -8.100417369270354584e+01 8.459524071390740751e-02
4.229999999997602913e+02 -8.100723114252004109e+01 8.452163310342646063e-02
4.239999999997593818e+02 -8.101025876409028115e+01 8.444865877789287101e-02
4.249999999997584723e+02 -8.101325694504224373e+01 8.437630917398689090e-02
4.259999999997575628e+02 -8.101622606648879810e+01 8.430457590010363711e-02
4.269999999997566533e+02 -8.101916650316447033e+01 8.423345073186361276e-02
4.279999999997557438e+02 -8.102207862355841428e+01 8.416292560776220122e-02
4.289999999997548343e+02 -8.102496279004520829e+01 8.409299262495158189e-02
4.299999999997539248e+02 -8.102781935901077759e+01 8.402364403515039104e-02
4.309999999997530153e+02 -8.103064868097632711e+01 8.395487224067883780e-02
4.319999999997521059e+02 -8.103345110071863644e+01 8.388666979061243367e-02
4.329999999997511964e+02 -8.103622695738725668e+01 8.381902937705280887e-02
4.339999999997502869e+02 -8.103897658461953313e+01 8.375194383150970368e-02
4.349999999997493774e+02 -8.104170031065156365e+01 8.368540612139223345e-02
4.359999999997484679e+02 -8.104439845842797752e+01 8.361940934660436198e-02
4.369999999997475584e+02 -8.104707134570739413e+01 8.355394673624214064e-02
4.379999999997466489e+02 -8.104971928516670232e+01 8.348901164538842512e-02
4.389999999997457394e+02 -8.105234258450178686e+01 8.342459755200312688e-02
4.399999999997448299e+02 -8.105494154652687655e+01 8.336069805390466936e-02
4.409999999997439204e+02 -8.105751646927019749e+01 8.329730686584008170e-02
4.419999999997430109e+02 -8.106006764606847526e+01 8.323441781664128736e-02
4.429999999997421014e+02 -8.106259536565860913e+01 8.317202484646413208e-02
4.439999999997411919e+02 -8.106509991226737100e+01 8.311012200410762552e-02
4.449999999997402824e+02 -8.106758156569902951e+01 8.304870344441110663e-02
4.459999999997393729e+02 -8.107004060142047308e+01 8.298776342572665443e-02
4.469999999997384634e+02 -8.107247729064515340e+01 8.292729630746395464e-02
4.479999999997375539e+02 -8.107489190041432892e+01 8.286729654770579045e-02
4.489999999997366444e+02 -8.107728469367665980e+01 8.280775870089182589e-02
4.499999999997357349e+02 -8.107965592936623977e+01 8.274867741556810041e-02
4.509999999997348255e+02 -8.108200586247863839e+01 8.269004743220050024e-02
4.519999999997339160e+02 -8.108433474414491116e+01 8.263186358104995799e-02
4.529999999997330065e+02 -8.108664282170451543e+01 8.257412078010804846e-02
4.539999999997320970e+02 -8.108893033877575363e+01 8.251681403308945562e-02
4.549999999997311875e+02 -8.109119753532560537e+01 8.245993842748186586e-02
4.559999999997302780e+02 -8.109344464773742800e+01 8.240348913264923525e-02
4.569999999997293685e+02 -8.109567190887700860e+01 8.234746139798809761e-02
4.579999999997284590e+02 -8.109787954815753608e+01 8.229185055113491520e-02
4.589999999997275495e+02 -8.110006779160268309e+01 8.223665199622248734e-02
4.599999999997266400e+02 -8.110223686190902015e+01 8.218186121218459816e-02
4.609999999997257305e+02 -8.110438697850604228e+01 8.212747375110673875e-02
4.619999999997248210e+02 -8.110651835761576933e+01 8.207348523662193196e-02
4.629999999997239115e+02 -8.110863121231072626e+01 8.201989136234950906e-02
4.639999999997230020e+02 -8.111072575257021811e+01 8.196668789037717118e-02
4.649999999997220925e+02 -8.111280218533623554e+01 8.191387064978264410e-02
4.659999999997211830e+02 -8.111486071456764080e+01 8.186143553519584226e-02
4.669999999997202735e+02 -8.111690154129304631e+01 8.180937850539878042e-02
4.679999999997193640e+02 -8.111892486366302535e+01 8.175769558196341324e-02
4.689999999997184545e+02 -8.112093087700060323e+01 8.170638284792473838e-02
4.699999999997175451e+02 -8.112291977385153530e+01 8.165543644648938504e-02
4.709999999997166356e+02 -8.112489174403256698e+01 8.160485257977798113e-02
4.719999999997157261e+02 -8.112684697467950912e+01 8.155462750760017476e-02
4.729999999997148166e+02 -8.112878565029349431e+01 8.150475754626210212e-02
4.739999999997139071e+02 -8.113070795278700587e+01 8.145523906740409492e-02
4.749999999997129976e+02 -8.113261406152828670e+01 8.140606849686887747e-02
4.759999999997120881e+02 -8.113450415338574828e+01 8.135724231359844905e-02
4.769999999997111786e+02 -8.113637840277036162e+01 8.130875704855972108e-02
4.779999999997102691e+02 -8.113823698167776399e+01 8.126060928369696623e-02
4.789999999997093596e+02 -8.114008005972976889e+01 8.121279565091117647e-02
4.799999999997084501e+02 -8.114190780421417060e+01 8.116531283106495631e-02
4.809999999997075406e+02 -8.114372038012473354e+01 8.111815755301281239e-02
4.819999999997066311e+02 -8.114551795019950475e+01 8.107132659265527119e-02
4.829999999997057216e+02 -8.114730067495898425e+01 8.102481677201704702e-02
4.839999999997048121e+02 -8.114906871274331479e+01 8.097862495834740049e-02
4.849999999997039026e+02 -8.115082221974836330e+01 8.093274806324349258e-02
4.859999999997029931e+02 -8.115256135006175953e+01 8.088718304179472185e-02
4.869999999997020836e+02 -8.115428625569764165e+01 8.084192689174830859e-02
4.879999999997011741e+02 -8.115599708663098966e+01 8.079697665269507112e-02
4.889999999997002647e+02 -8.115769399083127666e+01 8.075232940527481140e-02
4.899999999996993552e+02 -8.115937711429533863e+01 8.070798227040125450e-02
4.909999999996984457e+02 -8.116104660107950508e+01 8.066393240850541768e-02
4.919999999996975362e+02 -8.116270259333154513e+01 8.062017701879688192e-02
4.929999999996966267e+02 -8.116434523132150503e+01 8.057671333854296569e-02
4.939999999996957172e+02 -8.116597465347226148e+01 8.053353864236464932e-02
4.949999999996948077e+02 -8.116759099638917974e+01 8.049065024154976322e-02
4.959999999996938982e+02 -8.116919439488951582e+01 8.044804548338123362e-02
4.969999999996929887e+02 -8.117078498203107983e+01 8.040572175048187054e-02
4.979999999996920792e+02 -8.117236288914041609e+01 8.036367646017428257e-02
4.989999999996911697e+02 -8.117392824584030109e+01 8.032190706385552992e-02
4.999999999996902602e+02 -8.117548118007684366e+01 8.028041104638564129e-02
5.000000000000000000e+02 -8.117548118007732683e+01 8.028041104637283210e-02
