2.999999999999965361e+00 -2.582296535040057073e+00 7.373288450220588652e-02
6.000000000000005329e+00 2.548915960954677828e+01 1.114849736454116280e-01
9.000000000000119016e+00 2.083811907984448197e+01 1.625201877713044474e-01
1.200000000000023270e+01 2.130988034610515669e+01 1.842013320868407800e-01
1.500000000000034639e+01 2.251549952042852354e+01 1.908509983779302643e-01
1.800000000000045830e+01 2.348443431076175258e+01 1.939105555903639089e-01
2.100000000000057199e+01 2.396705429531246168e+01 1.962690085863635636e-01
2.400000000000068567e+01 2.371461555111807940e+01 1.978191620549395735e-01
2.700000000000079936e+01 2.274968428039386126e+01 1.981732492748390084e-01
3.000000000000091305e+01 2.184889757191502824e+01 1.979043035755465307e-01
3.300000000000102318e+01 2.119257935356494116e+01 1.974864201876664338e-01
3.600000000000113687e+01 2.069195632064845469e+01 1.970719999655832499e-01
3.900000000000125056e+01 2.029030260792852758e+01 1.966944923304236870e-01
4.200000000000136424e+01 1.994931642147669848e+01 1.963499747962697273e-01
4.500000000000147793e+01 1.964188584226452150e+01 1.960258729396251731e-01
4.800000000000159162e+01 1.934994874515864183e+01 1.957100172160860241e-01
5.100000000000170530e+01 1.906207835771496661e+01 1.953928581724444780e-01
5.400000000000181899e+01 1.877122548241716515e+01 1.950673924539343407e-01
5.700000000000193268e+01 1.847305486290394683e+01 1.947285265490135142e-01
6.000000000000204636e+01 1.816486629774616546e+01 1.943724644992858575e-01
6.300000000000216005e+01 1.784494296233599897e+01 1.939962568371442486e-01
6.600000000000227374e+01 1.751217403407195761e+01 1.935975021690533315e-01
6.900000000000238742e+01 1.716584143954220210e+01 1.931741614606213020e-01
7.200000000000250111e+01 1.680550034325085917e+01 1.927244485782625139e-01
7.500000000000261480e+01 1.643091122650780989e+01 1.922467708523377949e-01
7.800000000000272848e+01 1.604199935150151646e+01 1.917397023082108853e-01
8.100000000000284217e+01 1.563882817180645368e+01 1.912019784028488878e-01
8.400000000000295586e+01 1.522157947236547848e+01 1.906325050384807540e-01
8.700000000000306954e+01 1.479053651396129432e+01 1.900303769921655173e-01
9.000000000000318323e+01 1.434606836402531194e+01 1.893949022613919952e-01
9.300000000000329692e+01 1.388861460659946623e+01 1.887256295697271047e-01
9.600000000000341061e+01 1.341867014207684861e+01 1.880223766594558699e-01
9.900000000000352429e+01 1.293677004145819254e+01 1.872852571887453077e-01
1.020000000000036380e+02 1.244347453749648480e+01 1.865147041619604484e-01
1.050000000000037517e+02 1.193935428430803292e+01 1.857114879303518040e-01
1.080000000000038654e+02 1.142497603233714898e+01 1.848767269583348749e-01
1.110000000000039790e+02 1.090088886313369798e+01 1.840118897902379980e-01
1.140000000000040927e+02 1.036761111492300813e+01 1.831187869884529640e-01
1.170000000000042064e+02 9.825618107750267782e+00 1.821995522448493499e-01
1.200000000000043201e+02 9.275330746917921587e+00 1.812566123763325043e-01
1.230000000000044338e+02 8.717105046344205022e+00 1.802926464728615841e-01
1.260000000000045475e+02 8.151222570776246457e+00 1.793105350326553993e-01
1.290000000000046612e+02 7.577881749588120996e+00 1.783133004503051344e-01
1.320000000000047748e+02 6.997189967734541050e+00 1.773040406749000208e-01
1.350000000000048885e+02 6.409156294010632138e+00 1.762858581886101728e-01
1.380000000000050022e+02 5.813684665599949675e+00 1.752617866434318938e-01
1.410000000000051159e+02 5.210567313083967811e+00 1.742347175208374122e-01
1.440000000000052296e+02 4.599478183231406447e+00 1.732073290470321214e-01
1.470000000000053433e+02 3.979966099126182488e+00 1.721820193215896910e-01
1.500000000000054570e+02 3.351447389411035704e+00 1.711608452283210624e-01
1.530000000000055707e+02 2.713197721587751854e+00 1.701454682326026535e-01
1.560000000000056843e+02 2.064342889944442483e+00 1.691371076727536671e-01
1.590000000000057980e+02 1.403848339448666716e+00 1.681365016695637593e-01
1.620000000000059117e+02 7.305072574201556534e-01 1.671438753516148179e-01
1.650000000000060254e+02 4.292714236442036341e-02 1.661589157652429705e-01
1.680000000000061391e+02 -6.604851246538284704e-01 1.651807526443341279e-01
1.710000000000062528e+02 -1.381539509601688254e+00 1.642079441920679117e-01
1.740000000000063665e+02 -2.122279909616223481e+00 1.632384672101289680e-01
1.770000000000064801e+02 -2.885001284113925646e+00 1.622697113398793300e-01
1.800000000000065938e+02 -3.672265510347591633e+00 1.612984778985170065e-01
1.830000000000067075e+02 -4.486913919801330586e+00 1.603209848489332012e-01
1.860000000000068212e+02 -5.332073487531082456e+00 1.593328808780218597e-01
1.890000000000069349e+02 -6.211152354079134241e+00 1.583292733934573981e-01
1.920000000000070486e+02 -7.127818768914193193e+00 1.573047774382423658e-01
1.950000000000071623e+02 -8.085955817533557521e+00 1.562535948867297686e-01
1.980000000000072760e+02 -9.089582943215027910e+00 1.551696354014855117e-01
2.010000000000073896e+02 -1.014273551359258896e+01 1.540466916707024791e-01
2.040000000000075033e+02 -1.124929793290410629e+01 1.528786799920185679e-01
2.070000000000076170e+02 -1.241279806812675268e+01 1.516599511710143844e-01
2.100000000000077307e+02 -1.363619592832639071e+01 1.503856632285220374e-01
2.130000000000078444e+02 -1.492173967837258353e+01 1.490521841979386142e-01
2.160000000000079581e+02 -1.627100794742855427e+01 1.476574608993907189e-01
2.190000000000080718e+02 -1.768527786856978778e+01 1.462012559758082975e-01
2.220000000000081855e+02 -1.916630025512680646e+01 1.446851404216819847e-01
2.250000000000082991e+02 -2.071738121898933827e+01 1.431121615757053878e-01
2.280000000000084128e+02 -2.234438769917967704e+01 1.414862088913973193e-01
2.310000000000085265e+02 -2.405606740817880507e+01 1.398112562778875412e-01
2.340000000000086402e+02 -2.586317505054309507e+01 1.380907955395503095e-01
2.370000000000087539e+02 -2.777653827223123528e+01 1.363277730949534194e-01
2.400000000000088676e+02 -2.980514038753542039e+01 1.345251216309769071e-01
2.430000000000089813e+02 -3.195566972051088328e+01 1.326866208612447195e-01
2.460000000000090949e+02 -3.423411531167302968e+01 1.308175998887272928e-01
2.490000000000092086e+02 -3.664859365846709949e+01 1.289251313199392956e-01
2.520000000000093223e+02 -3.921205896336988417e+01 1.270177319621139111e-01
2.550000000000094360e+02 -4.194405464340847089e+01 1.251048210607877131e-01
2.580000000000000568e+02 -4.487122120341955167e+01 1.231961522041281759e-01
2.609999999999859597e+02 -4.802609657066231108e+01 1.213012890265517812e-01
2.639999999999718625e+02 -5.144258718820385923e+01 1.194291262408224280e-01
2.669999999999577653e+02 -5.514420559724052140e+01 1.175875122349081120e-01
2.699999999999436682e+02 -5.911838031195792098e+01 1.157831512917797540e-01
2.729999999999295710e+02 -6.327200758038530637e+01 1.140220459577074991e-01
2.759999999999154738e+02 -6.738522003806818361e+01 1.123105827269609974e-01
2.789999999999013767e+02 -7.112715109797132129e+01 1.106567252999856310e-01
2.819999999998872795e+02 -7.418950542820927296e+01 1.090700368635445089e-01
2.849999999998731823e+02 -7.644575080559904734e+01 1.075598395689998099e-01
2.879999999998590852e+02 -7.797282899014929569e+01 1.061327602682124033e-01
2.909999999998449880e+02 -7.894876561885823207e+01 1.047914727332282248e-01
2.939999999998308908e+02 -7.955301942404651072e+01 1.035349946534882964e-01
2.969999999998167937e+02 -7.992343160680059100e+01 1.023597650556208605e-01
2.999999999998026965e+02 -8.015259045133443294e+01 1.012607639292101569e-01
3.029999999997885993e+02 -8.029830010333844825e+01 1.002323589986006680e-01
3.059999999997745022e+02 -8.039518848515240279e+01 9.926884633580623785e-02
3.089999999997604050e+02 -8.046351988103059227e+01 9.836475414293674446e-02
3.119999999997463078e+02 -8.051500122345551347e+01 9.751499053035787845e-02
3.149999999997322107e+02 -8.055635342576486835e+01 9.671489813863098917e-02
3.179999999997181135e+02 -8.059142892980305817e+01 9.596025739343207184e-02
3.209999999997040163e+02 -8.062244177299898240e+01 9.524726387190510235e-02
3.239999999996899192e+02 -8.065067372179625238e+01 9.457249440133273788e-02
3.269999999996758220e+02 -8.067687681341868711e+01 9.393286983876281138e-02
3.299999999996617248e+02 -8.070150187615180926e+01 9.332561858675131328e-02
3.329999999996476276e+02 -8.072482794679363849e+01 9.274824271889228755e-02
3.359999999996335305e+02 -8.074703547967102679e+01 9.219848741421667049e-02
3.389999999996194333e+02 -8.076824775913743792e+01 9.167431379740405284e-02
3.419999999996053361e+02 -8.078855435534478602e+01 9.117387499560491992e-02
3.449999999995912390e+02 -8.080802444907783411e+01 9.069549510554843208e-02
3.479999999995771418e+02 -8.082671444268663663e+01 9.023765073430337069e-02
3.509999999995630446e+02 -8.084467234692291981e+01 8.979895478864885483e-02
3.539999999995489475e+02 -8.086194034588814361e+01 8.937814221753952182e-02
3.569999999995348503e+02 -8.087855632941108297e+01 8.897405744734339372e-02
3.599999999995207531e+02 -8.089455483717397044e+01 8.858564328438285618e-02
3.629999999995066560e+02 -8.090996766487639036e+01 8.821193109120345488e-02
3.659999999994925588e+02 -8.092482427365422382e+01 8.785203207100331091e-02
3.689999999994784616e+02 -8.093915208267726769e+01 8.750512951872473077e-02
3.719999999994643645e+02 -8.095297669040070332e+01 8.717047191774621173e-02
3.749999999994502673e+02 -8.096632205055078657e+01 8.684736677835218355e-02
3.779999999994361701e+02 -8.097921061800929010e+01 8.653517512869217387e-02
3.809999999994220730e+02 -8.099166347357289908e+01 8.623330658117484004e-02
3.839999999994079758e+02 -8.100370043305584034e+01 8.594121490757425375e-02
3.869999999993938786e+02 -8.101534014418272989e+01 8.565839406488134911e-02
3.899999999993797815e+02 -8.102660017355262312e+01 8.538437462135563261e-02
3.929999999993656843e+02 -8.103749708525661788e+01 8.511872053858292320e-02
3.959999999993515871e+02 -8.104804651231040680e+01 8.486102627076799743e-02
3.989999999993374900e+02 -8.105826322179648002e+01 8.461091414715990466e-02
4.019999999993233928e+02 -8.106816117443472081e+01 8.436803200754275367e-02
4.049999999993092956e+02 -8.107775357917681447e+01 8.413205106420858226e-02
4.079999999992951984e+02 -8.108705294333486790e+01 8.390266396687315331e-02
4.109999999992811013e+02 -8.109607111867967433e+01 8.367958304963893368e-02
4.139999999992670041e+02 -8.110481934389598280e+01 8.346253874143244600e-02
4.169999999992529069e+02 -8.111330828373426982e+01 8.325127812337596023e-02
4.199999999992388098e+02 -8.112154806516223005e+01 8.304556361834682099e-02
4.229999999992247126e+02 -8.112954831078293694e+01 8.284517179955799837e-02
4.259999999992106154e+02 -8.113731816976549283e+01 8.264989230638791762e-02
4.289999999991965183e+02 -8.114486634650216956e+01 8.245952685693121176e-02
4.319999999991824211e+02 -8.115220112718826329e+01 8.227388834783612437e-02
4.349999999991683239e+02 -8.115933040450114788e+01 8.209280003297270145e-02
4.379999999991542268e+02 -8.116626170053690714e+01 8.191609477334511891e-02
4.409999999991401296e+02 -8.117300218814932578e+01 8.174361435143646937e-02
4.439999999991260324e+02 -8.117955871081890962e+01 8.157520884386761095e-02
4.469999999991119353e+02 -8.118593780117417680e+01 8.141073604686575871e-02
4.499999999990978381e+02 -8.119214569826772276e+01 8.125006094959337510e-02
4.529999999990837409e+02 -8.119818836370865256e+01 8.109305525088413014e-02
4.559999999990696438e+02 -8.120407149673734182e+01 8.093959691537006007e-02
4.589999999990555466e+02 -8.120980054832470785e+01 8.078956976538585744e-02
4.619999999990414494e+02 -8.121538073436872196e+01 8.064286310538830438e-02
4.649999999990273523e+02 -8.122081704805631830e+01 8.049937137595129799e-02
4.679999999990132551e+02 -8.122611427145302798e+01 8.035899383468057822e-02
4.709999999989991579e+02 -8.123127698637529193e+01 8.022163426165095090e-02
4.739999999989850608e+02 -8.123630958459672513e+01 8.008720068719897556e-02
4.769999999989709636e+02 -8.124121627743883778e+01 7.995560514011548769e-02
4.799999999989568664e+02 -8.124600110478559145e+01 7.982676341446216794e-02
4.829999999989427693e+02 -8.125066794356511934e+01 7.970059485341395022e-02
4.859999999989286721e+02 -8.125522051573429394e+01 7.957702214866972656e-02
4.889999999989145749e+02 -8.125966239579885553e+01 7.945597115412113276e-02
4.919999999989004777e+02 -8.126399701790241181e+01 7.933737071258330220e-02
4.949999999988863806e+02 -8.126822768251274454e+01 7.922115249450660535e-02
4.979999999988722834e+02 -8.127235756272952472e+01 7.910725084768499560e-02
5.000000000000000000e+02 -8.127505633772642568e+01 7.903257212578013169e-02
0.000000000000000000e+00 0.000000000000000000e+00 0.000000000000000000e+00
0.000000000000000000e+00 0.000000000000000000e+00 0.000000000000000000e+00
0.000000000000000000e+00 0.000000000000000000e+00 0.000000000000000000e+00
0.000000000000000000e+00 0.000000000000000000e+00 0.000000000000000000e+00
0.000000000000000000e+00 0.000000000000000000e+00 0.000000000000000000e+00
0.000000000000000000e+00 0.000000000000000000e+00 0.000000000000000000e+00
0.000000000000000000e+00 0.000000000000000000e+00 0.000000000000000000e+00
0.000000000000000000e+00 0.000000000000000000e+00 0.000000000000000000e+00
0.000000000000000000e+00 0.000000000000000000e+00 0.000000000000000000e+00
0.000000000000000000e+00 0.000000000000000000e+00 0.000000000000000000e+00
0.000000000000000000e+00 0.000000000000000000e+00 0.000000000000000000e+00
0.000000000000000000e+00 0.000000000000000000e+00 0.000000000000000000e+00
0.000000000000000000e+00 0.000000000000000000e+00 0.000000000000000000e+00
0.000000000000000000e+00 0.000000000000000000e+00 0.000000000000000000e+00
0.000000000000000000e+00 0.000000000000000000e+00 0.000000000000000000e+00
0.000000000000000000e+00 0.000000000000000000e+00 0.000000000000000000e+00
0.000000000000000000e+00 0.000000000000000000e+00 0.000000000000000000e+00
0.000000000000000000e+00 0.000000000000000000e+00 0.000000000000000000e+00
0.000000000000000000e+00 0.000000000000000000e+00 0.000000000000000000e+00
0.000000000000000000e+00 0.000000000000000000e+00 0.000000000000000000e+00
0.000000000000000000e+00 0.000000000000000000e+00 0.000000000000000000e+00
0.000000000000000000e+00 0.000000000000000000e+00 0.000000000000000000e+00
0.000000000000000000e+00 0.000000000000000000e+00 0.000000000000000000e+00
0.000000000000000000e+00 0.000000000000000000e+00 0.000000000000000000e+00
0.000000000000000000e+00 0.000000000000000000e+00 0.000000000000000000e+00
0.000000000000000000e+00 0.000000000000000000e+00 0.000000000000000000e+00
0.000000000000000000e+00 0.000000000000000000e+00 0.000000000000000000e+00
0.000000000000000000e+00 0.000000000000000000e+00 0.000000000000000000e+00
0.000000000000000000e+00 0.000000000000000000e+00 0.000000000000000000e+00
0.000000000000000000e+00 0.000000000000000000e+00 0.000000000000000000e+00
0.000000000000000000e+00 0.000000000000000000e+00 0.000000000000000000e+00
0.000000000000000000e+00 0.000000000000000000e+00 0.000000000000000000e+00
0.000000000000000000e+00 0.000000000000000000e+00 0.000000000000000000e+00
0.000000000000000000e+00 0.000000000000000000e+00 0.000000000000000000e+00
0.000000000000000000e+00 0.000000000000000000e+00 0.000000000000000000e+00
0.000000000000000000e+00 0.000000000000000000e+00 0.000000000000000000e+00
0.000000000000000000e+00 0.000000000000000000e+00 0.000000000000000000e+00
0.000000000000000000e+00 0.000000000000000000e+00 0.000000000000000000e+00
0.000000000000000000e+00 0.000000000000000000e+00 0.000000000000000000e+00
0.000000000000000000e+00 0.000000000000000000e+00 0.000000000000000000e+00
0.000000000000000000e+00 0.000000000000000000e+00 0.000000000000000000e+00
0.000000000000000000e+00 0.000000000000000000e+00 0.000000000000000000e+00
0.000000000000000000e+00 0.000000000000000000e+00 0.000000000000000000e+00
0.000000000000000000e+00 0.000000000000000000e+00 0.000000000000000000e+00
0.000000000000000000e+00 0.000000000000000000e+00 0.000000000000000000e+00
0.000000000000000000e+00 0.000000000000000000e+00 0.000000000000000000e+00
0.000000000000000000e+00 0.000000000000000000e+00 0.000000000000000000e+00
0.000000000000000000e+00 0.000000000000000000e+00 0.000000000000000000e+00
0.000000000000000000e+00 0.000000000000000000e+00 0.000000000000000000e+00
0.000000000000000000e+00 0.000000000000000000e+00 0.000000000000000000e+00
0.000000000000000000e+00 0.000000000000000000e+00 0.000000000000000000e+00
0.000000000000000000e+00 0.000000000000000000e+00 0.000000000000000000e+00
0.000000000000000000e+00 0.000000000000000000e+00 0.000000000000000000e+00
0.000000000000000000e+00 0.000000000000000000e+00 0.000000000000000000e+00
0.000000000000000000e+00 0.000000000000000000e+00 0.000000000000000000e+00
0.000000000000000000e+00 0.000000000000000000e+00 0.000000000000000000e+00
0.000000000000000000e+00 0.000000000000000000e+00 0.000000000000000000e+00
0.000000000000000000e+00 0.000000000000000000e+00 0.000000000000000000e+00
0.000000000000000000e+00 0.000000000000000000e+00 0.000000000000000000e+00
0.000000000000000000e+00 0.000000000000000000e+00 0.000000000000000000e+00
0.000000000000000000e+00 0.000000000000000000e+00 0.000000000000000000e+00
0.000000000000000000e+00 0.000000000000000000e+00 0.000000000000000000e+00
0.000000000000000000e+00 0.000000000000000000e+00 0.000000000000000000e+00
0.000000000000000000e+00 0.000000000000000000e+00 0.000000000000000000e+00
0.000000000000000000e+00 0.000000000000000000e+00 0.000000000000000000e+00
0.000000000000000000e+00 0.000000000000000000e+00 0.000000000000000000e+00
0.000000000000000000e+00 0.000000000000000000e+00 0.000000000000000000e+00
0.000000000000000000e+00 0.000000000000000000e+00 0.000000000000000000e+00
0.000000000000000000e+00 0.000000000000000000e+00 0.000000000000000000e+00
0.000000000000000000e+00 0.000000000000000000e+00 0.000000000000000000e+00
0.000000000000000000e+00 0.000000000000000000e+00 0.000000000000000000e+00
0.000000000000000000e+00 0.000000000000000000e+00 0.000000000000000000e+00
0.000000000000000000e+00 0.000000000000000000e+00 0.000000000000000000e+00
0.000000000000000000e+00 0.000000000000000000e+00 0.000000000000000000e+00
0.000000000000000000e+00 0.000000000000000000e+00 0.000000000000000000e+00
0.000000000000000000e+00 0.000000000000000000e+00 0.000000000000000000e+00
0.000000000000000000e+00 0.000000000000000000e+00 0.000000000000000000e+00
0.000000000000000000e+00 0.000000000000000000e+00 0.000000000000000000e+00
0.000000000000000000e+00 0.000000000000000000e+00 0.000000000000000000e+00
0.000000000000000000e+00 0.000000000000000000e+00 0.000000000000000000e+00
0.000000000000000000e+00 0.000000000000000000e+00 0.000000000000000000e+00
0.000000000000000000e+00 0.000000000000000000e+00 0.000000000000000000e+00
0.000000000000000000e+00 0.000000000000000000e+00 0.000000000000000000e+00
0.000000000000000000e+00 0.000000000000000000e+00 0.000000000000000000e+00
0.000000000000000000e+00 0.000000000000000000e+00 0.000000000000000000e+00
0.000000000000000000e+00 0.000000000000000000e+00 0.000000000000000000e+00
0.000000000000000000e+00 0.000000000000000000e+00 0.000000000000000000e+00
0.000000000000000000e+00 0.000000000000000000e+00 0.000000000000000000e+00
0.000000000000000000e+00 0.000000000000000000e+00 0.000000000000000000e+00
0.000000000000000000e+00 0.000000000000000000e+00 0.000000000000000000e+00
0.000000000000000000e+00 0.000000000000000000e+00 0.000000000000000000e+00
0.000000000000000000e+00 0.000000000000000000e+00 0.000000000000000000e+00
0.000000000000000000e+00 0.000000000000000000e+00 0.000000000000000000e+00
0.000000000000000000e+00 0.000000000000000000e+00 0.000000000000000000e+00
0.000000000000000000e+00 0.000000000000000000e+00 0.000000000000000000e+00
0.000000000000000000e+00 0.000000000000000000e+00 0.000000000000000000e+00
0.000000000000000000e+00 0.000000000000000000e+00 0.000000000000000000e+00
0.000000000000000000e+00 0.000000000000000000e+00 0.000000000000000000e+00
0.000000000000000000e+00 0.000000000000000000e+00 0.000000000000000000e+00
0.000000000000000000e+00 0.000000000000000000e+00 0.000000000000000000e+00
0.000000000000000000e+00 0.000000000000000000e+00 0.000000000000000000e+00
0.000000000000000000e+00 0.000000000000000000e+00 0.000000000000000000e+00
0.000000000000000000e+00 0.000000000000000000e+00 0.000000000000000000e+00
0.000000000000000000e+00 0.000000000000000000e+00 0.000000000000000000e+00
0.000000000000000000e+00 0.000000000000000000e+00 0.000000000000000000e+00
0.000000000000000000e+00 0.000000000000000000e+00 0.000000000000000000e+00
0.000000000000000000e+00 0.000000000000000000e+00 0.000000000000000000e+00
0.000000000000000000e+00 0.000000000000000000e+00 0.000000000000000000e+00
0.000000000000000000e+00 0.000000000000000000e+00 0.000000000000000000e+00
0.000000000000000000e+00 0.000000000000000000e+00 0.000000000000000000e+00
0.000000000000000000e+00 0.000000000000000000e+00 0.000000000000000000e+00
0.000000000000000000e+00 0.000000000000000000e+00 0.000000000000000000e+00
0.000000000000000000e+00 0.000000000000000000e+00 0.000000000000000000e+00
0.000000000000000000e+00 0.000000000000000000e+00 0.000000000000000000e+00
0.000000000000000000e+00 0.000000000000000000e+00 0.000000000000000000e+00
0.000000000000000000e+00 0.000000000000000000e+00 0.000000000000000000e+00
0.000000000000000000e+00 0.000000000000000000e+00 0.000000000000000000e+00
0.000000000000000000e+00 0.000000000000000000e+00 0.000000000000000000e+00
0.000000000000000000e+00 0.000000000000000000e+00 0.000000000000000000e+00
0.000000000000000000e+00 0.000000000000000000e+00 0.000000000000000000e+00
0.000000000000000000e+00 0.000000000000000000e+00 0.000000000000000000e+00
0.000000000000000000e+00 0.000000000000000000e+00 0.000000000000000000e+00
0.000000000000000000e+00 0.000000000000000000e+00 0.000000000000000000e+00
0.000000000000000000e+00 0.000000000000000000e+00 0.000000000000000000e+00
0.000000000000000000e+00 0.000000000000000000e+00 0.000000000000000000e+00
0.000000000000000000e+00 0.000000000000000000e+00 0.000000000000000000e+00
0.000000000000000000e+00 0.000000000000000000e+00 0.000000000000000000e+00
0.000000000000000000e+00 0.000000000000000000e+00 0.000000000000000000e+00
0.000000000000000000e+00 0.000000000000000000e+00 0.000000000000000000e+00
0.000000000000000000e+00 0.000000000000000000e+00 0.000000000000000000e+00
0.000000000000000000e+00 0.000000000000000000e+00 0.000000000000000000e+00
0.000000000000000000e+00 0.000000000000000000e+00 0.000000000000000000e+00
0.000000000000000000e+00 0.000000000000000000e+00 0.000000000000000000e+00
0.000000000000000000e+00 0.000000000000000000e+00 0.000000000000000000e+00
0.000000000000000000e+00 0.000000000000000000e+00 0.000000000000000000e+00
0.000000000000000000e+00 0.000000000000000000e+00 0.000000000000000000e+00
0.000000000000000000e+00 0.000000000000000000e+00 0.000000000000000000e+00
0.000000000000000000e+00 0.000000000000000000e+00 0.000000000000000000e+00
0.000000000000000000e+00 0.000000000000000000e+00 0.000000000000000000e+00
0.000000000000000000e+00 0.000000000000000000e+00 0.000000000000000000e+00
0.000000000000000000e+00 0.000000000000000000e+00 0.000000000000000000e+00
0.000000000000000000e+00 0.000000000000000000e+00 0.000000000000000000e+00
0.000000000000000000e+00 0.000000000000000000e+00 0.000000000000000000e+00
0.000000000000000000e+00 0.000000000000000000e+00 0.000000000000000000e+00
0.000000000000000000e+00 0.000000000000000000e+00 0.000000000000000000e+00
0.000000000000000000e+00 0.000000000000000000e+00 0.000000000000000000e+00
0.000000000000000000e+00 0.000000000000000000e+00 0.000000000000000000e+00
0.000000000000000000e+00 0.000000000000000000e+00 0.000000000000000000e+00
0.000000000000000000e+00 0.000000000000000000e+00 0.000000000000000000e+00
0.000000000000000000e+00 0.000000000000000000e+00 0.000000000000000000e+00
0.000000000000000000e+00 0.000000000000000000e+00 0.000000000000000000e+00
0.000000000000000000e+00 0.000000000000000000e+00 0.000000000000000000e+00
0.000000000000000000e+00 0.000000000000000000e+00 0.000000000000000000e+00
0.000000000000000000e+00 0.000000000000000000e+00 0.000000000000000000e+00
0.000000000000000000e+00 0.000000000000000000e+00 0.000000000000000000e+00
0.000000000000000000e+00 0.000000000000000000e+00 0.000000000000000000e+00
0.000000000000000000e+00 0.000000000000000000e+00 0.000000000000000000e+00
0.000000000000000000e+00 0.000000000000000000e+00 0.000000000000000000e+00
0.000000000000000000e+00 0.000000000000000000e+00 0.000000000000000000e+00
0.000000000000000000e+00 0.000000000000000000e+00 0.000000000000000000e+00
0.000000000000000000e+00 0.000000000000000000e+00 0.000000000000000000e+00
0.000000000000000000e+00 0.000000000000000000e+00 0.000000000000000000e+00
0.000000000000000000e+00 0.000000000000000000e+00 0.000000000000000000e+00
0.000000000000000000e+00 0.000000000000000000e+00 0.000000000000000000e+00
0.000000000000000000e+00 0.000000000000000000e+00 0.000000000000000000e+00
0.000000000000000000e+00 0.000000000000000000e+00 0.000000000000000000e+00
0.000000000000000000e+00 0.000000000000000000e+00 0.000000000000000000e+00
0.000000000000000000e+00 0.000000000000000000e+00 0.000000000000000000e+00
0.000000000000000000e+00 0.000000000000000000e+00 0.000000000000000000e+00
0.000000000000000000e+00 0.000000000000000000e+00 0.000000000000000000e+00
0.000000000000000000e+00 0.000000000000000000e+00 0.000000000000000000e+00
0.000000000000000000e+00 0.000000000000000000e+00 0.000000000000000000e+00
0.000000000000000000e+00 0.000000000000000000e+00 0.000000000000000000e+00
0.000000000000000000e+00 0.000000000000000000e+00 0.000000000000000000e+00
0.000000000000000000e+00 0.000000000000000000e+00 0.000000000000000000e+00
0.000000000000000000e+00 0.000000000000000000e+00 0.000000000000000000e+00
0.000000000000000000e+00 0.000000000000000000e+00 0.000000000000000000e+00
0.000000000000000000e+00 0.000000000000000000e+00 0.000000000000000000e+00
0.000000000000000000e+00 0.000000000000000000e+00 0.000000000000000000e+00
0.000000000000000000e+00 0.000000000000000000e+00 0.000000000000000000e+00
0.000000000000000000e+00 0.000000000000000000e+00 0.000000000000000000e+00
0.000000000000000000e+00 0.000000000000000000e+00 0.000000000000000000e+00
0.000000000000000000e+00 0.000000000000000000e+00 0.000000000000000000e+00
0.000000000000000000e+00 0.000000000000000000e+00 0.000000000000000000e+00
0.000000000000000000e+00 0.000000000000000000e+00 0.000000000000000000e+00
0.000000000000000000e+00 0.000000000000000000e+00 0.000000000000000000e+00
0.000000000000000000e+00 0.000000000000000000e+00 0.000000000000000000e+00
0.000000000000000000e+00 0.000000000000000000e+00 0.000000000000000000e+00
0.000000000000000000e+00 0.000000000000000000e+00 0.000000000000000000e+00
0.000000000000000000e+00 0.000000000000000000e+00 0.000000000000000000e+00
0.000000000000000000e+00 0.000000000000000000e+00 0.000000000000000000e+00
0.000000000000000000e+00 0.000000000000000000e+00 0.000000000000000000e+00
0.000000000000000000e+00 0.000000000000000000e+00 0.000000000000000000e+00
0.000000000000000000e+00 0.000000000000000000e+00 0.000000000000000000e+00
0.000000000000000000e+00 0.000000000000000000e+00 0.000000000000000000e+00
0.000000000000000000e+00 0.000000000000000000e+00 0.000000000000000000e+00
0.000000000000000000e+00 0.000000000000000000e+00 0.000000000000000000e+00
0.000000000000000000e+00 0.000000000000000000e+00 0.000000000000000000e+00
0.000000000000000000e+00 0.000000000000000000e+00 0.000000000000000000e+00
0.000000000000000000e+00 0.000000000000000000e+00 0.000000000000000000e+00
0.000000000000000000e+00 0.000000000000000000e+00 0.000000000000000000e+00
0.000000000000000000e+00 0.000000000000000000e+00 0.000000000000000000e+00
0.000000000000000000e+00 0.000000000000000000e+00 0.000000000000000000e+00
0.000000000000000000e+00 0.000000000000000000e+00 0.000000000000000000e+00
0.000000000000000000e+00 0.000000000000000000e+00 0.000000000000000000e+00
0.000000000000000000e+00 0.000000000000000000e+00 0.000000000000000000e+00
0.000000000000000000e+00 0.000000000000000000e+00 0.000000000000000000e+00
0.000000000000000000e+00 0.000000000000000000e+00 0.000000000000000000e+00
0.000000000000000000e+00 0.000000000000000000e+00 0.000000000000000000e+00
0.000000000000000000e+00 0.000000000000000000e+00 0.000000000000000000e+00
0.000000000000000000e+00 0.000000000000000000e+00 0.000000000000000000e+00
0.000000000000000000e+00 0.000000000000000000e+00 0.000000000000000000e+00
0.000000000000000000e+00 0.000000000000000000e+00 0.000000000000000000e+00
0.000000000000000000e+00 0.000000000000000000e+00 0.000000000000000000e+00
0.000000000000000000e+00 0.000000000000000000e+00 0.000000000000000000e+00
0.000000000000000000e+00 0.000000000000000000e+00 0.000000000000000000e+00
0.000000000000000000e+00 0.000000000000000000e+00 0.000000000000000000e+00
0.000000000000000000e+00 0.000000000000000000e+00 0.000000000000000000e+00
0.000000000000000000e+00 0.000000000000000000e+00 0.000000000000000000e+00
0.000000000000000000e+00 0.000000000000000000e+00 0.000000000000000000e+00
0.000000000000000000e+00 0.000000000000000000e+00 0.000000000000000000e+00
0.000000000000000000e+00 0.000000000000000000e+00 0.000000000000000000e+00
0.000000000000000000e+00 0.000000000000000000e+00 0.000000000000000000e+00
0.000000000000000000e+00 0.000000000000000000e+00 0.000000000000000000e+00
0.000000000000000000e+00 0.000000000000000000e+00 0.000000000000000000e+00
0.000000000000000000e+00 0.000000000000000000e+00 0.000000000000000000e+00
0.000000000000000000e+00 0.000000000000000000e+00 0.000000000000000000e+00
0.000000000000000000e+00 0.000000000000000000e+00 0.000000000000000000e+00
0.000000000000000000e+00 0.000000000000000000e+00 0.000000000000000000e+00
0.000000000000000000e+00 0.000000000000000000e+00 0.000000000000000000e+00
0.000000000000000000e+00 0.000000000000000000e+00 0.000000000000000000e+00
0.000000000000000000e+00 0.000000000000000000e+00 0.000000000000000000e+00
0.000000000000000000e+00 0.000000000000000000e+00 0.000000000000000000e+00
0.000000000000000000e+00 0.000000000000000000e+00 0.000000000000000000e+00
0.000000000000000000e+00 0.000000000000000000e+00 0.000000000000000000e+00
0.000000000000000000e+00 0.000000000000000000e+00 0.000000000000000000e+00
0.000000000000000000e+00 0.000000000000000000e+00 0.000000000000000000e+00
0.000000000000000000e+00 0.000000000000000000e+00 0.000000000000000000e+00
0.000000000000000000e+00 0.000000000000000000e+00 0.000000000000000000e+00
0.000000000000000000e+00 0.000000000000000000e+00 0.000000000000000000e+00
0.000000000000000000e+00 0.000000000000000000e+00 0.000000000000000000e+00
0.000000000000000000e+00 0.000000000000000000e+00 0.000000000000000000e+00
0.000000000000000000e+00 0.000000000000000000e+00 0.000000000000000000e+00
0.000000000000000000e+00 0.000000000000000000e+00 0.000000000000000000e+00
0.000000000000000000e+00 0.000000000000000000e+00 0.000000000000000000e+00
0.000000000000000000e+00 0.000000000000000000e+00 0.000000000000000000e+00
0.000000000000000000e+00 0.000000000000000000e+00 0.000000000000000000e+00
0.000000000000000000e+00 0.000000000000000000e+00 0.000000000000000000e+00
0.000000000000000000e+00 0.000000000000000000e+00 0.000000000000000000e+00
0.000000000000000000e+00 0.000000000000000000e+00 0.000000000000000000e+00
0.000000000000000000e+00 0.000000000000000000e+00 0.000000000000000000e+00
0.000000000000000000e+00 0.000000000000000000e+00 0.000000000000000000e+00
0.000000000000000000e+00 0.000000000000000000e+00 0.000000000000000000e+00
0.000000000000000000e+00 0.000000000000000000e+00 0.000000000000000000e+00
0.000000000000000000e+00 0.000000000000000000e+00 0.000000000000000000e+00
0.000000000000000000e+00 0.000000000000000000e+00 0.000000000000000000e+00
0.000000000000000000e+00 0.000000000000000000e+00 0.000000000000000000e+00
0.000000000000000000e+00 0.000000000000000000e+00 0.000000000000000000e+00
0.000000000000000000e+00 0.000000000000000000e+00 0.000000000000000000e+00
0.000000000000000000e+00 0.000000000000000000e+00 0.000000000000000000e+00
0.000000000000000000e+00 0.000000000000000000e+00 0.000000000000000000e+00
0.000000000000000000e+00 0.000000000000000000e+00 0.000000000000000000e+00
0.000000000000000000e+00 0.000000000000000000e+00 0.000000000000000000e+00
0.000000000000000000e+00 0.000000000000000000e+00 0.000000000000000000e+00
0.000000000000000000e+00 0.000000000000000000e+00 0.000000000000000000e+00
0.000000000000000000e+00 0.000000000000000000e+00 0.000000000000000000e+00
0.000000000000000000e+00 0.000000000000000000e+00 0.000000000000000000e+00
0.000000000000000000e+00 0.000000000000000000e+00 0.000000000000000000e+00
0.000000000000000000e+00 0.000000000000000000e+00 0.000000000000000000e+00
0.000000000000000000e+00 0.000000000000000000e+00 0.000000000000000000e+00
0.000000000000000000e+00 0.000000000000000000e+00 0.000000000000000000e+00
0.000000000000000000e+00 0.000000000000000000e+00 0.000000000000000000e+00
0.000000000000000000e+00 0.000000000000000000e+00 0.000000000000000000e+00
0.000000000000000000e+00 0.000000000000000000e+00 0.000000000000000000e+00
0.000000000000000000e+00 0.000000000000000000e+00 0.000000000000000000e+00
0.000000000000000000e+00 0.000000000000000000e+00 0.000000000000000000e+00
0.000000000000000000e+00 0.000000000000000000e+00 0.000000000000000000e+00
0.000000000000000000e+00 0.000000000000000000e+00 0.000000000000000000e+00
0.000000000000000000e+00 0.000000000000000000e+00 0.000000000000000000e+00
0.000000000000000000e+00 0.000000000000000000e+00 0.000000000000000000e+00
0.000000000000000000e+00 0.000000000000000000e+00 0.000000000000000000e+00
0.000000000000000000e+00 0.000000000000000000e+00 0.000000000000000000e+00
0.000000000000000000e+00 0.000000000000000000e+00 0.000000000000000000e+00
0.000000000000000000e+00 0.000000000000000000e+00 0.000000000000000000e+00
0.000000000000000000e+00 0.000000000000000000e+00 0.000000000000000000e+00
0.000000000000000000e+00 0.000000000000000000e+00 0.000000000000000000e+00
0.000000000000000000e+00 0.000000000000000000e+00 0.000000000000000000e+00
0.000000000000000000e+00 0.000000000000000000e+00 0.000000000000000000e+00
0.000000000000000000e+00 0.000000000000000000e+00 0.000000000000000000e+00
0.000000000000000000e+00 0.000000000000000000e+00 0.000000000000000000e+00
0.000000000000000000e+00 0.000000000000000000e+00 0.000000000000000000e+00
0.000000000000000000e+00 0.000000000000000000e+00 0.000000000000000000e+00
0.000000000000000000e+00 0.000000000000000000e+00 0.000000000000000000e+00
0.000000000000000000e+00 0.000000000000000000e+00 0.000000000000000000e+00
0.000000000000000000e+00 0.000000000000000000e+00 0.000000000000000000e+00
0.000000000000000000e+00 0.000000000000000000e+00 0.000000000000000000e+00
0.000000000000000000e+00 0.000000000000000000e+00 0.000000000000000000e+00
0.000000000000000000e+00 0.000000000000000000e+00 0.000000000000000000e+00
0.000000000000000000e+00 0.000000000000000000e+00 0.000000000000000000e+00
0.000000000000000000e+00 0.000000000000000000e+00 0.000000000000000000e+00
0.000000000000000000e+00 0.000000000000000000e+00 0.000000000000000000e+00
0.000000000000000000e+00 0.000000000000000000e+00 0.000000000000000000e+00
0.000000000000000000e+00 0.000000000000000000e+00 0.000000000000000000e+00
0.000000000000000000e+00 0.000000000000000000e+00 0.000000000000000000e+00
0.000000000000000000e+00 0.000000000000000000e+00 0.000000000000000000e+00
0.000000000000000000e+00 0.000000000000000000e+00 0.000000000000000000e+00
0.000000000000000000e+00 0.000000000000000000e+00 0.000000000000000000e+00
0.000000000000000000e+00 0.000000000000000000e+00 0.000000000000000000e+00
0.000000000000000000e+00 0.000000000000000000e+00 0.000000000000000000e+00
0.000000000000000000e+00 0.000000000000000000e+00 0.000000000000000000e+00
0.000000000000000000e+00 0.000000000000000000e+00 0.000000000000000000e+00
0.000000000000000000e+00 0.000000000000000000e+00 0.000000000000000000e+00
0.000000000000000000e+00 0.000000000000000000e+00 0.000000000000000000e+00
0.000000000000000000e+00 0.000000000000000000e+00 0.000000000000000000e+00
0.000000000000000000e+00 0.000000000000000000e+00 0.000000000000000000e+00
0.000000000000000000e+00 0.000000000000000000e+00 0.000000000000000000e+00
0.000000000000000000e+00 0.000000000000000000e+00 0.000000000000000000e+00
0.000000000000000000e+00 0.000000000000000000e+00 0.000000000000000000e+00
0.000000000000000000e+00 0.000000000000000000e+00 0.000000000000000000e+00
0.000000000000000000e+00 0.000000000000000000e+00 0.000000000000000000e+00
0.000000000000000000e+00 0.000000000000000000e+00 0.000000000000000000e+00
0.000000000000000000e+00 0.000000000000000000e+00 0.000000000000000000e+00
0.000000000000000000e+00 0.000000000000000000e+00 0.000000000000000000e+00
0.000000000000000000e+00 0.000000000000000000e+00 0.000000000000000000e+00
0.000000000000000000e+00 0.000000000000000000e+00 0.000000000000000000e+00
0.000000000000000000e+00 0.000000000000000000e+00 0.000000000000000000e+00
0.000000000000000000e+00 0.000000000000000000e+00 0.000000000000000000e+00
0.000000000000000000e+00 0.000000000000000000e+00 0.000000000000000000e+00
0.000000000000000000e+00 0.000000000000000000e+00 0.000000000000000000e+00
0.000000000000000000e+00 0.000000000000000000e+00 0.000000000000000000e+00
0.000000000000000000e+00 0.000000000000000000e+00 0.000000000000000000e+00
0.000000000000000000e+00 0.000000000000000000e+00 0.000000000000000000e+00
0.000000000000000000e+00 0.000000000000000000e+00 0.000000000000000000e+00
0.000000000000000000e+00 0.000000000000000000e+00 0.000000000000000000e+00
