1.000000000000000666e+00 -7.216846854961701752e+01 7.359457744077572972e-02
2.000000000000001332e+00 -6.311635218640553546e+01 7.362430280305924668e-02
2.999999999999980016e+00 4.230808415962552260e+01 7.388687959692294416e-02
3.999999999999958700e+00 4.137975073672463111e+01 7.911908396570027646e-02
4.999999999999937828e+00 3.298049325614294958e+01 9.115657041942565320e-02
5.999999999999916511e+00 2.712396214364875391e+01 1.083915681511741919e-01
6.999999999999895195e+00 2.366406477957198717e+01 1.275299053604691257e-01
7.999999999999873879e+00 2.186964635049867667e+01 1.452662450903134395e-01
8.999999999999852562e+00 2.110788516856576535e+01 1.597115010508546318e-01
9.999999999999831246e+00 2.094499252676344980e+01 1.704600110579436445e-01
1.099999999999980993e+01 2.110942467928773780e+01 1.779836179698080223e-01
1.199999999999978861e+01 2.143873458004879495e+01 1.830576773259381118e-01
1.299999999999976730e+01 2.183849879514910342e+01 1.864343574410531890e-01
1.399999999999974598e+01 2.225505759812609341e+01 1.887154481893856817e-01
1.499999999999972466e+01 2.265841601498677349e+01 1.903325355572056399e-01
1.599999999999970335e+01 2.303180657184965341e+01 1.915710301966406515e-01
1.699999999999985789e+01 2.336542049400953047e+01 1.926056334706155171e-01
1.800000000000001421e+01 2.365265120277570077e+01 1.935335753167134465e-01
1.900000000000017053e+01 2.388777065153142232e+01 1.944010391909792579e-01
2.000000000000032685e+01 2.406434313745247877e+01 1.952220390688400309e-01
2.100000000000048317e+01 2.417395698146652094e+01 1.959905114968290563e-01
2.200000000000063949e+01 2.420515988011609210e+01 1.966871230796294889e-01
2.300000000000079581e+01 2.414316595458137016e+01 1.972833478769673299e-01
2.400000000000095213e+01 2.397269358277929285e+01 1.977474878255754409e-01
2.500000000000110845e+01 2.368877436435498041e+01 1.980582527091776790e-01
2.600000000000126477e+01 2.331435513593016040e+01 1.982216763868681064e-01
2.700000000000142109e+01 2.290025200666744354e+01 1.982704051263451395e-01
2.800000000000157740e+01 2.249404637886735614e+01 1.982424724422454654e-01
2.900000000000173372e+01 2.211828605376187795e+01 1.981667605913784713e-01
3.000000000000189004e+01 2.177659994824692546e+01 1.980625986935387328e-01
3.100000000000204636e+01 2.146567661763937451e+01 1.979429003693235212e-01
3.200000000000220268e+01 2.118138443937668569e+01 1.978162725350723627e-01
3.300000000000200373e+01 2.092044058015068231e+01 1.976882700671122040e-01
3.400000000000180478e+01 2.068039598232943277e+01 1.975622867551852790e-01
3.500000000000160583e+01 2.045927987552425620e+01 1.974402320324998017e-01
3.600000000000140687e+01 2.025532854912135861e+01 1.973230268994890790e-01
3.700000000000120792e+01 2.006685607935512650e+01 1.972109506279290658e-01
3.800000000000100897e+01 1.989222182437776354e+01 1.971038771475734364e-01
3.900000000000081002e+01 1.972984367693208085e+01 1.970014353848463795e-01
4.000000000000061107e+01 1.957822418391176811e+01 1.969031181152194332e-01
4.100000000000041211e+01 1.943597353724167576e+01 1.968083554261652879e-01
4.200000000000021316e+01 1.930182394068734197e+01 1.967165632906553996e-01
4.300000000000001421e+01 1.917463508537390027e+01 1.966271744125836773e-01
4.399999999999981526e+01 1.905339251334996575e+01 1.965396564904847709e-01
4.499999999999961631e+01 1.893720108663508128e+01 1.964535217169428583e-01
4.599999999999941735e+01 1.882527553468726111e+01 1.963683303617444476e-01
4.699999999999921840e+01 1.871692959843809589e+01 1.962836905359434392e-01
4.799999999999901945e+01 1.861156483509354231e+01 1.961992556441807534e-01
4.899999999999882050e+01 1.850865977198941437e+01 1.961147205758055345e-01
4.999999999999862155e+01 1.840775981512666348e+01 1.960298173408551448e-01
5.099999999999842260e+01 1.830846811879264635e+01 1.959443106049746641e-01
5.199999999999822364e+01 1.821043748964354236e+01 1.958579933987932009e-01
5.299999999999802469e+01 1.811336331459201787e+01 1.957706831547609272e-01
5.399999999999782574e+01 1.801697745239710713e+01 1.956822181432841257e-01
5.499999999999762679e+01 1.792104300287916629e+01 1.955924543283392159e-01
5.599999999999742784e+01 1.782534985704588948e+01 1.955012626315756341e-01
5.699999999999722888e+01 1.772971093037930856e+01 1.954085265765252155e-01
5.799999999999702993e+01 1.763395898616152380e+01 1.953141402761421341e-01
5.899999999999683098e+01 1.753794396339477757e+01 1.952180067241749972e-01
5.999999999999663203e+01 1.744153073290037881e+01 1.951200363515353531e-01
6.099999999999643308e+01 1.734459721450573255e+01 1.950201458113916264e-01
6.199999999999623412e+01 1.724703279722216820e+01 1.949182569602042336e-01
6.299999999999603517e+01 1.714873701263162786e+01 1.948142960057284434e-01
6.399999999999583622e+01 1.704961841918035148e+01 1.947081927967818649e-01
6.499999999999634781e+01 1.694959366166985859e+01 1.945998802331127542e-01
6.599999999999685940e+01 1.684858667596575188e+01 1.944892937769002184e-01
6.699999999999737099e+01 1.674652801386550749e+01 1.943763710502503517e-01
6.799999999999788258e+01 1.664335426726145428e+01 1.942610515055046838e-01
6.899999999999839417e+01 1.653900757428084134e+01 1.941432761572962906e-01
6.999999999999890576e+01 1.643343519307046918e+01 1.940229873670763217e-01
7.099999999999941735e+01 1.632658913139152190e+01 1.939001286723624762e-01
7.199999999999992895e+01 1.621842582227508345e+01 1.937746446542270573e-01
7.300000000000044054e+01 1.610890583772162898e+01 1.936464808376184010e-01
7.400000000000095213e+01 1.599799363386344986e+01 1.935155836199966561e-01
7.500000000000146372e+01 1.588565732219700877e+01 1.933819002245074081e-01
7.600000000000197531e+01 1.577186846247046859e+01 1.932453786745316482e-01
7.700000000000248690e+01 1.565660187361731914e+01 1.931059677869571556e-01
7.800000000000299849e+01 1.553983545978803882e+01 1.929636171819412716e-01
7.900000000000351008e+01 1.542155004907333549e+01 1.928182773072746881e-01
8.000000000000402167e+01 1.530172924295515280e+01 1.926698994757410355e-01
8.100000000000453326e+01 1.518035927488236680e+01 1.925184359141011714e-01
8.200000000000504485e+01 1.505742887666216667e+01 1.923638398225141766e-01
8.300000000000555644e+01 1.493292915159657319e+01 1.922060654433601357e-01
8.400000000000606803e+01 1.480685345348701887e+01 1.920450681385512670e-01
8.500000000000657963e+01 1.467919727078601611e+01 1.918808044745107799e-01
8.600000000000709122e+01 1.454995811530155336e+01 1.917132323140748329e-01
8.700000000000760281e+01 1.441913541496120743e+01 1.915423109146264791e-01
8.800000000000811440e+01 1.428673041022500456e+01 1.913680010318115909e-01
8.900000000000862599e+01 1.415274605380185591e+01 1.911902650282156779e-01
9.000000000000913758e+01 1.401718691337723399e+01 1.910090669863966639e-01
9.100000000000964917e+01 1.388005907710233799e+01 1.908243728256769078e-01
9.200000000001016076e+01 1.374137006162969676e+01 1.906361504221013858e-01
9.300000000001067235e+01 1.360112872250756944e+01 1.904443697309618766e-01
9.400000000001118394e+01 1.345934516676891768e+01 1.902490029112810233e-01
9.500000000001169553e+01 1.331603066756892417e+01 1.900500244516351855e-01
9.600000000001220712e+01 1.317119758074144187e+01 1.898474112966828942e-01
9.700000000001271871e+01 1.302485926315760167e+01 1.896411429737434318e-01
9.800000000001323031e+01 1.287702999278206839e+01 1.894312017187622377e-01
9.900000000001374190e+01 1.272772489033205190e+01 1.892175726009716896e-01
1.000000000000142535e+02 1.257695984245405718e+01 1.890002436455457402e-01
1.010000000000147651e+02 1.242475142634173046e+01 1.887792059535295663e-01
1.020000000000152767e+02 1.227111683572602274e+01 1.885544538183083763e-01
1.030000000000157883e+02 1.211607380817682689e+01 1.883259848378728840e-01
1.040000000000162999e+02 1.195964055366216527e+01 1.880938000221263062e-01
1.050000000000168114e+02 1.180183568431830210e+01 1.878579038944738766e-01
1.060000000000173230e+02 1.164267814539070400e+01 1.876183045869339594e-01
1.070000000000178346e+02 1.148218714731214796e+01 1.873750139280163651e-01
1.080000000000183462e+02 1.132038209889086033e+01 1.871280475226115569e-01
1.090000000000188578e+02 1.115728254158683797e+01 1.868774248231595547e-01
1.100000000000193694e+02 1.099290808486067306e+01 1.866231691913736168e-01
1.110000000000198810e+02 1.082727834258375843e+01 1.863653079498230614e-01
1.120000000000203926e+02 1.066041287050384767e+01 1.861038724227060404e-01
1.130000000000209042e+02 1.049233110476389719e+01 1.858388979651762751e-01
1.140000000000214158e+02 1.032305230147596120e+01 1.855704239806282574e-01
1.150000000000219273e+02 1.015259547735481149e+01 1.852984939253912722e-01
1.160000000000224389e+02 9.980979351418623580e+00 1.850231553003282847e-01
1.170000000000229505e+02 9.808222287765874015e+00 1.847444596288976282e-01
1.180000000000234621e+02 9.634342239438767663e+00 1.844624624212895525e-01
1.190000000000239737e+02 9.459356693384039616e+00 1.841772231243200275e-01
1.200000000000244853e+02 9.283282616521850272e+00 1.838888050568259214e-01
1.210000000000249969e+02 9.106136402932767382e+00 1.835972753303860838e-01
1.220000000000255085e+02 8.927933822171127076e+00 1.833027047552612532e-01
1.230000000000260201e+02 8.748689968711190090e+00 1.830051677315279457e-01
1.240000000000265317e+02 8.568419212529562401e+00 1.827047421254596737e-01
1.250000000000270433e+02 8.387135150824155616e+00 1.824015091312891912e-01
1.260000000000275548e+02 8.204850560865912357e+00 1.820955531185676490e-01
1.270000000000280664e+02 8.021577353975381186e+00 1.817869614654177013e-01
1.280000000000285638e+02 7.837326530611057329e+00 1.814758243780567604e-01
1.290000000000276543e+02 7.652108136551713180e+00 1.811622346970459541e-01
1.300000000000267448e+02 7.465931220147607128e+00 1.808462876907935279e-01
1.310000000000258353e+02 7.278803790613554980e+00 1.805280808369194301e-01
1.320000000000249258e+02 7.090732777325618130e+00 1.802077135921494322e-01
1.330000000000240163e+02 6.901723990080607329e+00 1.798852871514772245e-01
1.340000000000231068e+02 6.711782080270029205e+00 1.795609041973866282e-01
1.350000000000221974e+02 6.520910502913709550e+00 1.792346686399842737e-01
1.360000000000212879e+02 6.329111479492135928e+00 1.789066853489351683e-01
1.370000000000203784e+02 6.136385961510356424e+00 1.785770598781356022e-01
1.380000000000194689e+02 5.942733594720149171e+00 1.782458981840930878e-01
1.390000000000185594e+02 5.748152683921350814e+00 1.779133063390021530e-01
1.400000000000176499e+02 5.552640158257730718e+00 1.775793902395315926e-01
1.410000000000167404e+02 5.356191536917422447e+00 1.772442553123408926e-01
1.420000000000158309e+02 5.158800895143214937e+00 1.769080062173503387e-01
1.430000000000149214e+02 4.960460830453457426e+00 1.765707465497844963e-01
1.440000000000140119e+02 4.761162428970544092e+00 1.762325785419953661e-01
1.450000000000131024e+02 4.560895231750338397e+00 1.758936027660493728e-01
1.460000000000121929e+02 4.359647201003143735e+00 1.755539178380394749e-01
1.470000000000112834e+02 4.157404686094734458e+00 1.752136201250474035e-01
1.480000000000103739e+02 3.954152389214094843e+00 1.748728034556422395e-01
1.490000000000094644e+02 3.749873330593953558e+00 1.745315588347557678e-01
1.500000000000085549e+02 3.544548813169913881e+00 1.741899741637262800e-01
1.510000000000076454e+02 3.338158386564845870e+00 1.738481339662451275e-01
1.520000000000067359e+02 3.130679810286652209e+00 1.735061191208845388e-01
1.530000000000058265e+02 2.922089016030188890e+00 1.731640066008211798e-01
1.540000000000049170e+02 2.712360068977537786e+00 1.728218692213091268e-01
1.550000000000040075e+02 2.501465127995565751e+00 1.724797753953883905e-01
1.560000000000030980e+02 2.289374404635389659e+00 1.721377888982490723e-01
1.570000000000021885e+02 2.076056120845535702e+00 1.717959686406096698e-01
1.580000000000012790e+02 1.861476465319062967e+00 1.714543684513966659e-01
1.590000000000003695e+02 1.645599548404948376e+00 1.711130368699561866e-01
1.599999999999994600e+02 1.428387355525686520e+00 1.707720169479657046e-01
1.609999999999985505e+02 1.209799699056828937e+00 1.704313460611547870e-01
1.619999999999976410e+02 9.897941686396914962e-01 1.700910557308987769e-01
1.629999999999967315e+02 7.683260799165579913e-01 1.697511714556917684e-01
1.639999999999958220e+02 5.453484216982356081e-01 1.694117125524776113e-01
1.649999999999949125e+02 3.208118015971720971e-01 1.690726920077693929e-01
1.659999999999940030e+02 9.466439018605463107e-02 1.687341163384733500e-01
1.669999999999930935e+02 -1.331481362281640990e-01 1.683959854623081065e-01
1.679999999999921840e+02 -3.626826540906558094e-01 1.680582925777041048e-01
1.689999999999912745e+02 -5.939986521829325739e-01 1.677210240530687402e-01
1.699999999999903650e+02 -8.271582920987193832e-01 1.673841593253170557e-01
1.709999999999894555e+02 -1.062226469356523317e+00 1.670476708075885885e-01
1.719999999999885461e+02 -1.299270874838850398e+00 1.667115238061095128e-01
1.729999999999876366e+02 -1.538362056186301619e+00 1.663756764462107907e-01
1.739999999999867271e+02 -1.779573478705579914e+00 1.660400796075738594e-01
1.749999999999858176e+02 -2.022981585273023963e+00 1.657046768688568428e-01
1.759999999999849081e+02 -2.268665854628895584e+00 1.653694044619481995e-01
1.769999999999839986e+02 -2.516708857361269924e+00 1.650341912362071339e-01
1.779999999999830891e+02 -2.767196308771436186e+00 1.646989586331772115e-01
1.789999999999821796e+02 -3.020217117694065312e+00 1.643636206724075344e-01
1.799999999999812701e+02 -3.275863430214258631e+00 1.640280839491795040e-01
1.809999999999803606e+02 -3.534230667079350852e+00 1.636922476451234398e-01
1.819999999999794511e+02 -3.795417553445111558e+00 1.633560035529073029e-01
1.829999999999785416e+02 -4.059526139423354607e+00 1.630192361164079784e-01
1.839999999999776321e+02 -4.326661809710798501e+00 1.626818224880099972e-01
1.849999999999767226e+02 -4.596933280377565545e+00 1.623436326049368106e-01
1.859999999999758131e+02 -4.870452580678501953e+00 1.620045292867966502e-01
1.869999999999749036e+02 -5.147335017522991940e+00 1.616643683568106671e-01
1.879999999999739941e+02 -5.427699120005187616e+00 1.613229987894893580e-01
1.889999999999730846e+02 -5.711666561149620236e+00 1.609802628878389541e-01
1.899999999999721751e+02 -5.999362053789221605e+00 1.606359964934883366e-01
1.909999999999712657e+02 -6.290913217262614765e+00 1.602900292334251964e-01
1.919999999999703562e+02 -6.586450411399578542e+00 1.599421848073374064e-01
1.929999999999694467e+02 -6.886106534088512809e+00 1.595922813198238643e-01
1.939999999999685372e+02 -7.190016778595067493e+00 1.592401316619791729e-01
1.949999999999676277e+02 -7.498318346756052577e+00 1.588855439470443498e-01
1.959999999999667182e+02 -7.811150114238219366e+00 1.585283220049409358e-01
1.969999999999658087e+02 -8.128652244266691085e+00 1.581682659405366509e-01
1.979999999999648992e+02 -8.450965746640374476e+00 1.578051727604122267e-01
1.989999999999639897e+02 -8.778231979518968942e+00 1.574388370726752806e-01
1.999999999999630802e+02 -9.110592092454250945e+00 1.570690518639696609e-01
2.009999999999621707e+02 -9.448186410523389256e+00 1.566956093572180186e-01
2.019999999999612612e+02 -9.791153761286286894e+00 1.563183019527756845e-01
2.029999999999603517e+02 -1.013963074871936421e+01 1.559369232545141648e-01
2.039999999999594422e+02 -1.049375098135793927e+01 1.555512691808567383e-01
2.049999999999585327e+02 -1.085364426568313689e+01 1.551611391589079181e-01
2.059999999999576232e+02 -1.121943578036520250e+01 1.547663373975102508e-01
2.069999999999567137e+02 -1.159124525233495895e+01 1.543666742322971908e-01
2.079999999999558042e+02 -1.196918616174897565e+01 1.539619675325620829e-01
2.089999999999548947e+02 -1.235336500961013506e+01 1.535520441560370986e-01
2.099999999999539853e+02 -1.274388068886445424e+01 1.531367414334881827e-01
2.109999999999530758e+02 -1.314082400684619323e+01 1.527159086604583105e-01
2.119999999999521663e+02 -1.354427741346510494e+01 1.522894085686361809e-01
2.129999999999512568e+02 -1.395431499484090310e+01 1.518571187443621129e-01
2.139999999999503473e+02 -1.437100279535631309e+01 1.514189329569598785e-01
2.149999999999494378e+02 -1.479439953136087027e+01 1.509747623551975781e-01
2.159999999999485283e+02 -1.522455775598054828e+01 1.505245364866384383e-01
2.169999999999476188e+02 -1.566152552564994060e+01 1.500682040923971561e-01
2.179999999999467093e+02 -1.610534860418173864e+01 1.496057336293707407e-01
2.189999999999457998e+02 -1.655607321876958338e+01 1.491371134739012394e-01
2.199999999999448903e+02 -1.701374935402723665e+01 1.486623517655468740e-01
2.209999999999439808e+02 -1.747843453528121316e+01 1.481814758576166513e-01
2.219999999999430713e+02 -1.795019801180056973e+01 1.476945313526566717e-01
2.229999999999421618e+02 -1.842912520617726457e+01 1.472015807162155021e-01
2.239999999999412523e+02 -1.891532225019412650e+01 1.467027014808047758e-01
2.249999999999403428e+02 -1.940892038359069005e+01 1.461979840734604630e-01
2.259999999999394333e+02 -1.991007995429576738e+01 1.456875293238612257e-01
2.269999999999385238e+02 -2.041899373173159304e+01 1.451714457343264986e-01
2.279999999999376143e+02 -2.093588923396256263e+01 1.446498466166394048e-01
2.289999999999367049e+02 -2.146102978015015950e+01 1.441228472216655454e-01
2.299999999999357954e+02 -2.199471401701034878e+01 1.435905620041003083e-01
2.309999999999348859e+02 -2.253727373569537562e+01 1.430531021742488529e-01
2.319999999999339764e+02 -2.308906989557964451e+01 1.425105736894421715e-01
2.329999999999330669e+02 -2.365048690232552531e+01 1.419630758277541094e-01
2.339999999999321574e+02 -2.422192534316753054e+01 1.414107004648573196e-01
2.349999999999312479e+02 -2.480379355066787994e+01 1.408535321407619612e-01
2.359999999999303384e+02 -2.539649852937717256e+01 1.402916489576201686e-01
2.369999999999294289e+02 -2.600043691498520460e+01 1.397251242950304784e-01
2.379999999999285194e+02 -2.661598671836865293e+01 1.391540292692852732e-01
2.389999999999276099e+02 -2.724350061531090361e+01 1.385784358032451091e-01
2.399999999999267004e+02 -2.788330146407836452e+01 1.379984201206292949e-01
2.409999999999257909e+02 -2.853568056799442942e+01 1.374140664393161959e-01
2.419999999999248814e+02 -2.920089896579159472e+01 1.368254706187300440e-01
2.429999999999239719e+02 -2.987919176033426893e+01 1.362327435202845272e-01
2.439999999999230624e+02 -3.057077522634167366e+01 1.356360138677067950e-01
2.449999999999221529e+02 -3.127585620973105662e+01 1.350354304427238694e-01
2.459999999999212434e+02 -3.199464317560376969e+01 1.344311635145825912e-01
2.469999999999203339e+02 -3.272735819367862575e+01 1.338234054705188247e-01
2.479999999999194245e+02 -3.347424916683490181e+01 1.332123706794118567e-01
2.489999999999185150e+02 -3.423560169359979710e+01 1.325982946744382329e-01
2.499999999999176055e+02 -3.501175008338915973e+01 1.319814327771958729e-01
2.509999999999166960e+02 -3.580308718642630339e+01 1.313620583033228706e-01
2.519999999999157865e+02 -3.661007283405499635e+01 1.307404604891393707e-01
2.529999999999148770e+02 -3.743324079151023653e+01 1.301169422637778184e-01
2.539999999999139675e+02 -3.827320419307028487e+01 1.294918179665578983e-01
2.549999999999130580e+02 -3.913065945392555989e+01 1.288654110803173769e-01
2.559999999999121485e+02 -4.000638863315884208e+01 1.282380520227220655e-01
2.569999999999112674e+02 -4.090126019561353843e+01 1.276100760129010303e-01
2.579999999999103579e+02 -4.181622796093702021e+01 1.269818210119705304e-01
2.589999999999094484e+02 -4.275232774986374551e+01 1.263536257262976026e-01
2.599999999999085389e+02 -4.371067139272746971e+01 1.257258276600551894e-01
2.609999999999076294e+02 -4.469243723647922195e+01 1.250987612063264309e-01
2.619999999999067199e+02 -4.569885605036888165e+01 1.244727557761637488e-01
2.629999999999058105e+02 -4.673119086652500442e+01 1.238481339800160536e-01
2.639999999999049010e+02 -4.779070884881411985e+01 1.232252098943692475e-01
2.649999999999039915e+02 -4.887864277484437991e+01 1.226042874671392918e-01
2.659999999999030820e+02 -4.999613916269071012e+01 1.219856591371822618e-01
2.669999999999021725e+02 -5.114418952876755498e+01 1.213696047649812232e-01
2.679999999999012630e+02 -5.232354083235355802e+01 1.207563909915940342e-01
2.689999999999003535e+02 -5.353458103359598397e+01 1.201462711591308880e-01
2.699999999998994440e+02 -5.477719616877948283e+01 1.195394859352022915e-01
2.709999999998985345e+02 -5.605059687557827885e+01 1.189362647813156926e-01
2.719999999998976250e+02 -5.735311546910250513e+01 1.183368283847202052e-01
2.729999999998967155e+02 -5.868198012933802232e+01 1.177413921266497604e-01
2.739999999998958060e+02 -6.003308101778505090e+01 1.171501705785638336e-01
2.749999999998948965e+02 -6.140075414129935183e+01 1.165633828948263867e-01
2.759999999998939870e+02 -6.277762128734139679e+01 1.159812588045074921e-01
2.769999999998930775e+02 -6.415453527862483440e+01 1.154040447082487625e-01
2.779999999998921680e+02 -6.552068395072571150e+01 1.148320091888388739e-01
2.789999999998912585e+02 -6.686389730763451666e+01 1.142654470979239945e-01
2.799999999998903490e+02 -6.817117553779787897e+01 1.137046813516602167e-01
2.809999999998894396e+02 -6.942941194310957087e+01 1.131500617134571784e-01
2.819999999998885301e+02 -7.062623399510243871e+01 1.126019601826244720e-01
2.829999999998876206e+02 -7.175084469124280417e+01 1.120607631002854127e-01
2.839999999998867111e+02 -7.279473262200862393e+01 1.115268606199806972e-01
2.849999999998858016e+02 -7.375214125881336713e+01 1.110006346293255786e-01
2.859999999998848921e+02 -7.462023984976909219e+01 1.104824464325445676e-01
2.869999999998839826e+02 -7.539900160764322834e+01 1.099726254632951844e-01
2.879999999998830731e+02 -7.609084831328782172e+01 1.094714600289543593e-01
2.889999999998821636e+02 -7.670014985373911998e+01 1.089791906881425465e-01
2.899999999998812541e+02 -7.723267005904570226e+01 1.084960064452532291e-01
2.909999999998803446e+02 -7.769503347062514820e+01 1.080220435976114723e-01
2.919999999998794351e+02 -7.809426204976846009e+01 1.075573868377459330e-01
2.929999999998785256e+02 -7.843740551867463751e+01 1.071020720992621467e-01
2.939999999998776161e+02 -7.873126931515085403e+01 1.066560906176948903e-01
2.949999999998767066e+02 -7.898223157385798743e+01 1.062193937251209169e-01
2.959999999998757971e+02 -7.919613428156148416e+01 1.057918979785456293e-01
2.969999999998748876e+02 -7.937823200474171870e+01 1.053734903138204143e-01
2.979999999998739781e+02 -7.953318255992289210e+01 1.049640330042645592e-01
2.989999999998730686e+02 -7.966506629957028451e+01 1.045633682785134383e-01
2.999999999998721592e+02 -7.977742340492892481e+01 1.041713225126130321e-01
3.009999999998712497e+02 -7.987330119039997101e+01 1.037877099572356299e-01
3.019999999998703402e+02 -7.995530568335358623e+01 1.034123359938318026e-01
3.029999999998694307e+02 -8.002565356767695448e+01 1.030449999358662300e-01
3.039999999998685212e+02 -8.008622197973141965e+01 1.026854974053418856e-01
3.049999999998676117e+02 -8.013859467582491902e+01 1.023336223226916364e-01
3.059999999998667022e+02 -8.018410381927552066e+01 1.019891685515598445e-01
3.069999999998657927e+02 -8.022386713015330884e+01 1.016519312403909719e-01
3.079999999998648832e+02 -8.025882046112495516e+01 1.013217079011486943e-01
3.089999999998639737e+02 -8.028974605707323065e+01 1.009982992626965864e-01
3.099999999998630642e+02 -8.031729686229981269e+01 1.006815099329286811e-01
3.109999999998621547e+02 -8.034201728573496837e+01 1.003711489000502360e-01
3.119999999998612452e+02 -8.036436084257005064e+01 1.000670298997184959e-01
3.129999999998603357e+02 -8.038470507492785089e+01 9.976897167123552346e-02
3.139999999998594262e+02 -8.040336412486796291e+01 9.947679812272834654e-02
3.149999999998585167e+02 -8.042059929707477295e+01 9.919033842230637332e-02
3.159999999998576072e+02 -8.043662791048198812e+01 9.890942702956920241e-02
3.169999999998566977e+02 -8.045163070062865529e+01 9.863390367953960014e-02
3.179999999998557882e+02 -8.046575799934926465e+01 9.836361332910675825e-02
3.189999999998548788e+02 -8.047913488630656786e+01 9.809840607435127424e-02
3.199999999998539693e+02 -8.049186547824277227e+01 9.783813704566209080e-02
3.209999999998530598e+02 -8.050403649665217642e+01 9.758266628631806494e-02
3.219999999998521503e+02 -8.051572023272933620e+01 9.733185861916394954e-02
3.229999999998512408e+02 -8.052697700963744865e+01 9.708558350513450674e-02
3.239999999998503313e+02 -8.053785722607202047e+01 9.684371489665144495e-02
3.249999999998494218e+02 -8.054840305144466583e+01 9.660613108831189733e-02
3.259999999998485123e+02 -8.055864983146341274e+01 9.637271456678495052e-02
3.269999999998476028e+02 -8.056862725315571083e+01 9.614335186142011769e-02
3.279999999998466933e+02 -8.057836031020822531e+01 9.591793339673342078e-02
3.289999999998457838e+02 -8.058787010264322248e+01 9.569635334765683177e-02
3.299999999998448743e+02 -8.059717449912604081e+01 9.547850949821676259e-02
3.309999999998439648e+02 -8.060628868541031977e+01 9.526430310412033198e-02
3.319999999998430553e+02 -8.061522561844314794e+01 9.505363875958436348e-02
3.329999999998421458e+02 -8.062399640232656850e+01 9.484642426862313624e-02
3.339999999998412363e+02 -8.063261059957123678e+01 9.464257052091891442e-02
3.349999999998403268e+02 -8.064107648878132295e+01 9.444199137232460461e-02
3.359999999998394173e+02 -8.064940127799950176e+01 9.424460352999163015e-02
3.369999999998385078e+02 -8.065759128135940159e+01 9.405032644207081405e-02
3.379999999998375984e+02 -8.066565206537735833e+01 9.385908219190189361e-02
3.389999999998366889e+02 -8.067358857012801820e+01 9.367079539658079712e-02
3.399999999998357794e+02 -8.068140520964058737e+01 9.348539310977718730e-02
3.409999999998348699e+02 -8.068910595511036377e+01 9.330280472866196717e-02
3.419999999998339604e+02 -8.069669440389419890e+01 9.312296190479531222e-02
3.429999999998330509e+02 -8.070417383675017220e+01 9.294579845882371127e-02
3.439999999998321414e+02 -8.071154726535220902e+01 9.277125029883008522e-02
3.449999999998312319e+02 -8.071881747176381339e+01 9.259925534218267640e-02
3.459999999998303224e+02 -8.072598704125779534e+01 9.242975344073089961e-02
3.469999999998294129e+02 -8.073305838963463543e+01 9.226268630919770564e-02
3.479999999998285034e+02 -8.074003378598746394e+01 9.209799745662383685e-02
3.489999999998275939e+02 -8.074691537170002675e+01 9.193563212072307367e-02
3.499999999998266844e+02 -8.075370517632673284e+01 9.177553720501314960e-02
3.509999999998257749e+02 -8.076040513089168371e+01 9.161766121859138412e-02
3.519999999998248654e+02 -8.076701707904977923e+01 9.146195421843156259e-02
3.529999999998239559e+02 -8.077354278647649721e+01 9.130836775408204820e-02
3.539999999998230464e+02 -8.077998394878999022e+01 9.115685481465185536e-02
3.549999999998221369e+02 -8.078634219825478624e+01 9.100736977797646565e-02
3.559999999998212274e+02 -8.079261910947484182e+01 9.085986836186100979e-02
3.569999999998203180e+02 -8.079881620424733057e+01 9.071430757730221395e-02
3.579999999998194085e+02 -8.080493495571727181e+01 9.057064568359741996e-02
3.589999999998184990e+02 -8.081097679195163153e+01 9.042884214525190312e-02
3.599999999998175895e+02 -8.081694309902840700e+01 9.028885759060154004e-02
3.609999999998166800e+02 -8.082283522372141249e+01 9.015065377207118202e-02
3.619999999998157705e+02 -8.082865447584613605e+01 9.001419352799437668e-02
3.629999999998148610e+02 -8.083440213032257304e+01 8.987944074592295329e-02
3.639999999998139515e+02 -8.084007942899955879e+01 8.974636032735883173e-02
3.649999999998130420e+02 -8.084568758227905505e+01 8.961491815384510506e-02
3.659999999998121325e+02 -8.085122777057011945e+01 8.948508105435468152e-02
3.669999999998112230e+02 -8.085670114560015520e+01 8.935681677391962840e-02
3.679999999998103135e+02 -8.086210883160383389e+01 8.923009394344688650e-02
3.689999999998094040e+02 -8.086745192640775315e+01 8.910488205066867395e-02
3.699999999998084945e+02 -8.087273150242603492e+01 8.898115141217760593e-02
3.709999999998075850e+02 -8.087794860757882986e+01 8.885887314650095514e-02
3.719999999998066755e+02 -8.088310426614388859e+01 8.873801914816989433e-02
3.729999999998057660e+02 -8.088819947955119005e+01 8.861856206274057457e-02
3.739999999998048565e+02 -8.089323522712557235e+01 8.850047526272808440e-02
3.749999999998039470e+02 -8.089821246678559419e+01 8.838373282441491785e-02
3.759999999998030376e+02 -8.090313213570262008e+01 8.826830950549809096e-02
3.769999999998021281e+02 -8.090799515092477634e+01 8.815418072353954637e-02
3.779999999998012186e+02 -8.091280240996898954e+01 8.804132253518856532e-02
3.789999999998003091e+02 -8.091755479138504370e+01 8.792971161614367148e-02
3.799999999997993996e+02 -8.092225315529356067e+01 8.781932524182482769e-02
3.809999999997984901e+02 -8.092689834390060355e+01 8.771014126872807293e-02
3.819999999997975806e+02 -8.093149118199043812e+01 8.760213811643441373e-02
3.829999999997966711e+02 -8.093603247739862638e+01 8.749529475024789282e-02
3.839999999997957616e+02 -8.094052302146651812e+01 8.738959066443849344e-02
3.849999999997948521e+02 -8.094496358947908732e+01 8.728500586606550982e-02
3.859999999997939426e+02 -8.094935494108582930e+01 8.718152085935990114e-02
3.869999999997930331e+02 -8.095369782070731901e+01 8.707911663064292485e-02
3.879999999997921236e+02 -8.095799295792751593e+01 8.697777463376184237e-02
3.889999999997912141e+02 -8.096224106787225594e+01 8.687747677602225549e-02
3.899999999997903046e+02 -8.096644285157603349e+01 8.677820540459864340e-02
3.909999999997893951e+02 -8.097059899633553925e+01 8.667994329340449056e-02
3.919999999997884856e+02 -8.097471017605263910e+01 8.658267363040585141e-02
3.929999999997875761e+02 -8.097877705156639649e+01 8.648638000536071346e-02
3.939999999997866666e+02 -8.098280027097419520e+01 8.639104639796957308e-02
3.949999999997857572e+02 -8.098678046994328383e+01 8.629665716642087592e-02
3.959999999997848477e+02 -8.099071827201281337e+01 8.620319703631793007e-02
3.969999999997839382e+02 -8.099461428888642445e+01 8.611065108997209561e-02
3.979999999997830287e+02 -8.099846912071632232e+01 8.601900475605028795e-02
3.989999999997821192e+02 -8.100228335637882537e+01 8.592824379956298664e-02
3.999999999997812097e+02 -8.100605757374164284e+01 8.583835431218109213e-02
4.009999999997803002e+02 -8.100979233992367767e+01 8.574932270286909908e-02
4.019999999997793907e+02 -8.101348821154695656e+01 8.566113568882381679e-02
4.029999999997784812e+02 -8.101714573498132665e+01 8.557378028670802050e-02
4.039999999997775717e+02 -8.102076544658250157e+01 8.548724380416757029e-02
4.049999999997766622e+02 -8.102434787292294516e+01 8.540151383162268572e-02
4.059999999997757527e+02 -8.102789353101633196e+01 8.531657823432400867e-02
4.069999999997748432e+02 -8.103140292853585436e+01 8.523242514466303210e-02
4.079999999997739337e+02 -8.103487656402636219e+01 8.514904295472891516e-02
4.089999999997730242e+02 -8.103831492711059070e+01 8.506642030910312180e-02
4.099999999997721147e+02 -8.104171849868967570e+01 8.498454609788290426e-02
4.109999999997712052e+02 -8.104508775113831121e+01 8.490340944992598449e-02
4.119999999997702957e+02 -8.104842314849454965e+01 8.482299972630932827e-02
4.129999999997693862e+02 -8.105172514664417349e+01 8.474330651399362979e-02
4.139999999997684768e+02 -8.105499419350064727e+01 8.466431961968778896e-02
4.149999999997675673e+02 -8.105823072917952743e+01 8.458602906390463860e-02
4.159999999997666578e+02 -8.106143518616919152e+01 8.450842507520310576e-02
4.169999999997657483e+02 -8.106460798949579782e+01 8.443149808460989614e-02
4.179999999997648388e+02 -8.106774955688499062e+01 8.435523872021404024e-02
4.189999999997639293e+02 -8.107086029891902967e+01 8.427963780192877785e-02
4.199999999997630198e+02 -8.107394061918925843e+01 8.420468633641610412e-02
4.209999999997621103e+02 -8.107699091444541750e+01 8.413037551216649701e-02
4.219999999997612008e+02 -8.108001157474048171e+01 8.405669669473052330e-02
4.229999999997602913e+02 -8.108300298357217173e+01 8.398364142209585603e-02
4.239999999997593818e+02 -8.108596551802074259e+01 8.391120140020556784e-02
4.249999999997584723e+02 -8.108889954888283569e+01 8.383936849861285678e-02
4.259999999997575628e+02 -8.109180544080285813e+01 8.376813474626756961e-02
4.269999999997566533e+02 -8.109468355239978621e+01 8.369749232742977607e-02
4.279999999997557438e+02 -8.109753423639199355e+01 8.362743357770698049e-02
4.289999999997548343e+02 -8.110035783971822809e+01 8.355795098021021050e-02
4.299999999997539248e+02 -8.110315470365580381e+01 8.348903716182534684e-02
4.309999999997530153e+02 -8.110592516393585072e+01 8.342068488959611394e-02
4.319999999997521059e+02 -8.110866955085560903e+01 8.335288706721366569e-02
4.329999999997511964e+02 -8.111138818938816542e+01 8.328563673161179515e-02
4.339999999997502869e+02 -8.111408139928929018e+01 8.321892704966211973e-02
4.349999999997493774e+02 -8.111674949520197231e+01 8.315275131496639716e-02
4.359999999997484679e+02 -8.111939278675785658e+01 8.308710294474404290e-02
4.369999999997475584e+02 -8.112201157867698953e+01 8.302197547681024192e-02
4.379999999997466489e+02 -8.112460617086455272e+01 8.295736256664229535e-02
4.389999999997457394e+02 -8.112717685850569183e+01 8.289325798453159311e-02
4.399999999997448299e+02 -8.112972393215771660e+01 8.282965561281810385e-02
4.409999999997439204e+02 -8.113224767784018354e+01 8.276654944320477325e-02
4.419999999997430109e+02 -8.113474837712355736e+01 8.270393357414958235e-02
4.429999999997421014e+02 -8.113722630721467510e+01 8.264180220833192148e-02
4.439999999997411919e+02 -8.113968174104087439e+01 8.258014965019247478e-02
4.449999999997402824e+02 -8.114211494733213215e+01 8.251897030354192475e-02
4.459999999997393729e+02 -8.114452619070098649e+01 8.245825866923892078e-02
4.469999999997384634e+02 -8.114691573172113692e+01 8.239800934293285695e-02
4.479999999997375539e+02 -8.114928382700367138e+01 8.233821701287097339e-02
4.489999999997366444e+02 -8.115163072927197163e+01 8.227887645776703340e-02
4.499999999997357349e+02 -8.115395668743452973e+01 8.221998254472911993e-02
4.509999999997348255e+02 -8.115626194665669857e+01 8.216153022724610733e-02
4.519999999997339160e+02 -8.115854674843014038e+01 8.210351454322964426e-02
4.529999999997330065e+02 -8.116081133064105302e+01 8.204593061311064861e-02
4.539999999997320970e+02 -8.116305592763680465e+01 8.198877363798805218e-02
4.549999999997311875e+02 -8.116528077029138899e+01 8.193203889782882388e-02
4.559999999997302780e+02 -8.116748608606873461e+01 8.187572174971709249e-02
4.569999999997293685e+02 -8.116967209908538905e+01 8.181981762615113396e-02
4.579999999997284590e+02 -8.117183903017124180e+01 8.176432203338680760e-02
4.589999999997275495e+02 -8.117398709692918146e+01 8.170923054982545675e-02
4.599999999997266400e+02 -8.117611651379350235e+01 8.165453882444573264e-02
4.609999999997257305e+02 -8.117822749208673372e+01 8.160024257527748182e-02
4.619999999997248210e+02 -8.118032024007558789e+01 8.154633758791648979e-02
4.629999999997239115e+02 -8.118239496302558678e+01 8.149281971407847103e-02
4.639999999997230020e+02 -8.118445186325421048e+01 8.143968487019206948e-02
4.649999999997220925e+02 -8.118649114018349167e+01 8.138692903602856576e-02
4.659999999997211830e+02 -8.118851299039100411e+01 8.133454825336776384e-02
4.669999999997202735e+02 -8.119051760765989911e+01 8.128253862469959901e-02
4.679999999997193640e+02 -8.119250518302794717e+01 8.123089631195841431e-02
4.689999999997184545e+02 -8.119447590483567012e+01 8.117961753529119584e-02
4.699999999997175451e+02 -8.119642995877300962e+01 8.112869857185733835e-02
4.709999999997166356e+02 -8.119836752792539869e+01 8.107813575465912248e-02
4.719999999997157261e+02 -8.120028879281905176e+01 8.102792547140284796e-02
4.729999999997148166e+02 -8.120219393146456355e+01 8.097806416338880486e-02
4.739999999997139071e+02 -8.120408311940043689e+01 8.092854832442920865e-02
4.749999999997129976e+02 -8.120595652973530321e+01 8.087937449979409887e-02
4.759999999997120881e+02 -8.120781433318927611e+01 8.083053928518370290e-02
4.769999999997111786e+02 -8.120965669813458021e+01 8.078203932572616819e-02
4.779999999997102691e+02 -8.121148379063519940e+01 8.073387131500153746e-02
4.789999999997093596e+02 -8.121329577448584303e+01 8.068603199408855287e-02
4.799999999997084501e+02 -8.121509281125010205e+01 8.063851815063624584e-02
4.809999999997075406e+02 -8.121687506029780934e+01 8.059132661795835595e-02
4.819999999997066311e+02 -8.121864267884166111e+01 8.054445427414919090e-02
4.829999999997057216e+02 -8.122039582197329821e+01 8.049789804122207959e-02
4.839999999997048121e+02 -8.122213464269799488e+01 8.045165488426857248e-02
4.849999999997039026e+02 -8.122385929196968846e+01 8.040572181063779245e-02
4.859999999997029931e+02 -8.122556991872426124e+01 8.036009586913547831e-02
4.869999999997020836e+02 -8.122726666991290756e+01 8.031477414924335922e-02
4.879999999997011741e+02 -8.122894969053496084e+01 8.026975378035558495e-02
4.889999999997002647e+02 -8.123061912366890169e+01 8.022503193103466823e-02
4.899999999996993552e+02 -8.123227511050448868e+01 8.018060580828477446e-02
4.909999999996984457e+02 -8.123391779037260108e+01 8.013647265684141485e-02
4.919999999996975362e+02 -8.123554730077549380e+01 8.009262975847894483e-02
4.929999999996966267e+02 -8.123716377741661177e+01 8.004907443133364719e-02
4.939999999996957172e+02 -8.123876735422902584e+01 8.000580402924274692e-02
4.949999999996948077e+02 -8.124035816340386873e+01 7.996281594109837243e-02
4.959999999996938982e+02 -8.124193633541797510e+01 7.992010759021701827e-02
4.969999999996929887e+02 -8.124350199906143644e+01 7.987767643372326032e-02
4.979999999996920792e+02 -8.124505528146396216e+01 7.983551996194712674e-02
4.989999999996911697e+02 -8.124659630812134026e+01 7.979363569783590182e-02
4.999999999996902602e+02 -8.124812520292115892e+01 7.975202119637882225e-02
5.000000000000000000e+02 -8.124812520292162787e+01 7.975202119636597142e-02
