1.000000000000000666e+00 -7.217003859692979972e+01 7.359459075323351862e-02
2.000000000000001332e+00 -6.327732414088032442e+01 7.362425739476828601e-02
2.999999999999980016e+00 -6.992012457237363421e+00 7.372573245576008460e-02
3.999999999999958700e+00 3.630570189520832258e+01 7.885654070157978313e-02
4.999999999999937828e+00 3.023539054228486123e+01 9.224158884226613120e-02
5.999999999999916511e+00 2.566060097626633763e+01 1.107243598033976900e-01
6.999999999999895195e+00 2.288435789362944206e+01 1.303748803971420123e-01
7.999999999999873879e+00 2.144185801606834829e+01 1.479791214479363459e-01
8.999999999999852562e+00 2.085298402487130431e+01 1.619709067246492828e-01
9.999999999999831246e+00 2.076941608147108553e+01 1.722003206511230622e-01
1.099999999999980993e+01 2.096601859824129477e+01 1.792689779155191565e-01
1.199999999999978861e+01 2.130486669194300120e+01 1.839940629901835045e-01
1.299999999999976730e+01 2.170409206857791062e+01 1.871256408069489896e-01
1.399999999999974598e+01 2.211614871287680373e+01 1.892466458268457774e-01
1.499999999999972466e+01 2.251374217261682631e+01 1.907663273497722245e-01
1.599999999999970335e+01 2.288102725084104705e+01 1.919498086521380931e-01
1.699999999999985789e+01 2.320819349771511853e+01 1.929553717127576173e-01
1.800000000000001421e+01 2.348812073171099613e+01 1.938678378122566937e-01
1.900000000000017053e+01 2.371421236314867542e+01 1.947243878616061741e-01
2.000000000000032685e+01 2.387881738952376054e+01 1.955325076788907435e-01
2.100000000000048317e+01 2.397190600251473569e+01 1.962810779415850582e-01
2.200000000000063949e+01 2.398005922332926687e+01 1.969464914414450485e-01
2.300000000000079581e+01 2.388689376781593410e+01 1.974972338539934813e-01
2.400000000000095213e+01 2.367856613196118687e+01 1.979028558883108857e-01
2.500000000000110845e+01 2.335918587431616800e+01 1.981512946949273157e-01
2.600000000000126477e+01 2.296618548443837682e+01 1.982618918083135506e-01
2.700000000000142109e+01 2.255509739340926956e+01 1.982734161310481247e-01
2.800000000000157740e+01 2.216478001889445082e+01 1.982215302204369811e-01
2.900000000000173372e+01 2.180842371927823464e+01 1.981310318096420331e-01
3.000000000000189004e+01 2.148548571188389289e+01 1.980183219833629993e-01
3.100000000000204636e+01 2.119180466418961473e+01 1.978943501240215674e-01
3.200000000000220268e+01 2.092348663287955901e+01 1.977663152044678851e-01
3.300000000000200373e+01 2.067759256604019313e+01 1.976387478605487191e-01
3.400000000000180478e+01 2.045187082260592248e+01 1.975143158898985951e-01
3.500000000000160583e+01 2.024441185008125998e+01 1.973944293820793505e-01
3.600000000000140687e+01 2.005344169015755895e+01 1.972796733516652967e-01
3.700000000000120792e+01 1.987724426530200006e+01 1.971701051852848552e-01
3.800000000000100897e+01 1.971415648394658859e+01 1.970654561158809159e-01
3.900000000000081002e+01 1.956259145686235001e+01 1.969652675991131197e-01
4.000000000000061107e+01 1.942106495041894121e+01 1.968689835139721678e-01
4.100000000000041211e+01 1.928821467880785079e+01 1.967760117199939818e-01
4.200000000000021316e+01 1.916281002119568200e+01 1.966857639370105937e-01
4.300000000000001421e+01 1.904375329605344191e+01 1.965976802156670089e-01
4.399999999999981526e+01 1.893007484406977881e+01 1.965112425810595920e-01
4.499999999999961631e+01 1.882092416749039998e+01 1.964259812620898771e-01
4.599999999999941735e+01 1.871555895478400089e+01 1.963414760354468547e-01
4.699999999999921840e+01 1.861333332136889140e+01 1.962573545214119919e-01
4.799999999999901945e+01 1.851368615627094272e+01 1.961732887288157590e-01
4.899999999999882050e+01 1.841613012093020529e+01 1.960889907344690042e-01
4.999999999999862155e+01 1.832024159818512032e+01 1.960042080771623452e-01
5.099999999999842260e+01 1.822565172028555835e+01 1.959187192272865696e-01
5.199999999999822364e+01 1.813203849556135339e+01 1.958323293409360011e-01
5.299999999999802469e+01 1.803911998717734377e+01 1.957448664051665843e-01
5.399999999999782574e+01 1.794664846081824550e+01 1.956561778150104902e-01
5.499999999999762679e+01 1.785440540116693597e+01 1.955661273821071577e-01
5.599999999999742784e+01 1.776219729252722246e+01 1.954745927512939463e-01
5.699999999999722888e+01 1.766985206196243396e+01 1.953814631893527054e-01
5.799999999999702993e+01 1.757721609055252188e+01 1.952866377052148716e-01
5.899999999999683098e+01 1.748415170765143500e+01 1.951900234604536100e-01
5.999999999999663203e+01 1.739053509298177858e+01 1.950915344309722410e-01
6.099999999999643308e+01 1.729625452120938434e+01 1.949910902841832105e-01
6.199999999999623412e+01 1.720120889282664223e+01 1.948886154399136761e-01
6.299999999999603517e+01 1.710530650350635540e+01 1.947840382872857989e-01
6.399999999999583622e+01 1.700846401147728670e+01 1.946772905336454362e-01
6.499999999999634781e+01 1.691060556892147559e+01 1.945683066651113236e-01
6.599999999999685940e+01 1.681166208895067626e+01 1.944570235014276005e-01
6.699999999999737099e+01 1.671157062446414798e+01 1.943433798305201354e-01
6.799999999999788258e+01 1.661027383921341283e+01 1.942273161104965951e-01
6.899999999999839417e+01 1.650771955478547071e+01 1.941087742288254703e-01
6.999999999999890576e+01 1.640386036005693882e+01 1.939876973101156976e-01
7.099999999999941735e+01 1.629865327204215930e+01 1.938640295653396017e-01
7.199999999999992895e+01 1.619205943903019218e+01 1.937377161765287403e-01
7.300000000000044054e+01 1.608404387854130491e+01 1.936087032119642448e-01
7.400000000000095213e+01 1.597457524398606843e+01 1.934769375677082293e-01
7.500000000000146372e+01 1.586362561502580171e+01 1.933423669320062099e-01
7.600000000000197531e+01 1.575117030755120062e+01 1.932049397696560811e-01
7.700000000000248690e+01 1.563718769995029056e+01 1.930646053239074289e-01
7.800000000000299849e+01 1.552165907295414016e+01 1.929213136338389367e-01
7.900000000000351008e+01 1.540456846085384690e+01 1.927750155654760211e-01
8.000000000000402167e+01 1.528590251229422137e+01 1.926256628551709094e-01
8.100000000000453326e+01 1.516565035918464588e+01 1.924732081639748682e-01
8.200000000000504485e+01 1.504380349253971794e+01 1.923176051419037413e-01
8.300000000000555644e+01 1.492035564428296546e+01 1.921588085011329550e-01
8.400000000000606803e+01 1.479530267422460632e+01 1.919967740972645387e-01
8.500000000000657963e+01 1.466864246156866081e+01 1.918314590178960832e-01
8.600000000000709122e+01 1.454037480041956165e+01 1.916628216777830074e-01
8.700000000000760281e+01 1.441050129885164033e+01 1.914908219199336903e-01
8.800000000000811440e+01 1.427902528117926551e+01 1.913154211220126633e-01
8.900000000000862599e+01 1.414595169312460676e+01 1.911365823074482329e-01
9.000000000000913758e+01 1.401128700962812879e+01 1.909542702606522868e-01
9.100000000000964917e+01 1.387503914508459424e+01 1.907684516457685553e-01
9.200000000001016076e+01 1.373721736581871333e+01 1.905790951283583279e-01
9.300000000001067235e+01 1.359783220463879161e+01 1.903861714994319609e-01
9.400000000001118394e+01 1.345689537732715380e+01 1.901896538012184112e-01
9.500000000001169553e+01 1.331441970094289395e+01 1.899895174540534859e-01
9.600000000001220712e+01 1.317041901382614455e+01 1.897857403837507895e-01
9.700000000001271871e+01 1.302490809720495690e+01 1.895783031488006976e-01
9.800000000001323031e+01 1.287790259831632689e+01 1.893671890667267543e-01
9.900000000001374190e+01 1.272941895496170339e+01 1.891523843389086024e-01
1.000000000000142535e+02 1.257947432142591992e+01 1.889338781731644823e-01
1.010000000000147651e+02 1.242808649569603219e+01 1.887116629033719351e-01
1.020000000000152767e+02 1.227527384792361076e+01 1.884857341053885471e-01
1.030000000000157883e+02 1.212105525008133000e+01 1.882560907085273350e-01
1.040000000000162999e+02 1.196545000677088844e+01 1.880227351018310400e-01
1.050000000000168114e+02 1.180847778714605134e+01 1.877856732343856361e-01
1.060000000000173230e+02 1.165015855792050026e+01 1.875449147089143787e-01
1.070000000000178346e+02 1.149051251743641622e+01 1.873004728678978603e-01
1.080000000000183462e+02 1.132956003077511120e+01 1.870523648714714493e-01
1.090000000000188578e+02 1.116732156589674752e+01 1.868006117663691679e-01
1.100000000000193694e+02 1.100381763080098985e+01 1.865452385452015249e-01
1.110000000000198810e+02 1.083906871170533037e+01 1.862862741953767998e-01
1.120000000000203926e+02 1.067309521224190583e+01 1.860237517370094129e-01
1.130000000000209042e+02 1.050591739367767019e+01 1.857577082491909115e-01
1.140000000000214158e+02 1.033755531616570345e+01 1.854881848840430336e-01
1.150000000000219273e+02 1.016802878103848684e+01 1.852152268680190284e-01
1.160000000000224389e+02 9.997357274155861617e+00 1.849388834899681477e-01
1.170000000000229505e+02 9.825559910321917556e+00 1.846592080755401488e-01
1.180000000000234621e+02 9.652655378785961915e+00 1.843762579475656527e-01
1.190000000000239737e+02 9.478661889842767252e+00 1.840900943721135163e-01
1.200000000000244853e+02 9.303597122547058618e+00 1.838007824899995923e-01
1.210000000000249969e+02 9.127478173555740426e+00 1.835083912335926382e-01
1.220000000000255085e+02 8.950321507109753938e+00 1.832129932288394381e-01
1.230000000000260201e+02 8.772142906165145249e+00 1.829146646825135780e-01
1.240000000000265317e+02 8.592957424679696032e+00 1.826134852547654230e-01
1.250000000000270433e+02 8.412779341058003624e+00 1.823095379171420782e-01
1.260000000000275548e+02 8.231622112753752774e+00 1.820029087963185577e-01
1.270000000000280664e+02 8.049498332023405922e+00 1.816936870038682317e-01
1.280000000000285638e+02 7.866419682820430914e+00 1.813819644524791996e-01
1.290000000000276543e+02 7.682396898814086050e+00 1.810678356590997851e-01
1.300000000000267448e+02 7.497439722509592563e+00 1.807513975355712899e-01
1.310000000000258353e+02 7.311556865444274855e+00 1.804327491673821948e-01
1.320000000000249258e+02 7.124755969423159030e+00 1.801119915812393335e-01
1.330000000000240163e+02 6.937043568754857503e+00 1.797892275022182906e-01
1.340000000000231068e+02 6.748425053440837651e+00 1.794645611013110653e-01
1.350000000000221974e+02 6.558904633265065343e+00 1.791380977342415526e-01
1.360000000000212879e+02 6.368485302724557151e+00 1.788099436724630842e-01
1.370000000000203784e+02 6.177168806735415352e+00 1.784802058272907943e-01
1.380000000000194689e+02 5.984955607042757642e+00 1.781489914681518294e-01
1.390000000000185594e+02 5.791844849257199890e+00 1.778164079359625394e-01
1.400000000000176499e+02 5.597834330435121686e+00 1.774825623526519458e-01
1.410000000000167404e+02 5.402920467114769920e+00 1.771475613278649108e-01
1.420000000000158309e+02 5.207098263715419506e+00 1.768115106638752654e-01
1.430000000000149214e+02 5.010361281202533767e+00 1.764745150597298584e-01
1.440000000000140119e+02 4.812701605918041636e+00 1.761366778156361890e-01
1.450000000000131024e+02 4.614109818471323621e+00 1.757981005385759465e-01
1.460000000000121929e+02 4.414574962583898809e+00 1.754588828501026654e-01
1.470000000000112834e+02 4.214084513778463048e+00 1.751191220972452556e-01
1.480000000000103739e+02 4.012624347801386548e+00 1.747789130673962077e-01
1.490000000000094644e+02 3.810178708666843939e+00 1.744383477080165001e-01
1.500000000000085549e+02 3.606730176210668048e+00 1.740975148519366411e-01
1.510000000000076454e+02 3.402259633042349130e+00 1.737564999489779882e-01
1.520000000000067359e+02 3.196746230785216802e+00 1.734153848045560942e-01
1.530000000000058265e+02 2.990167355496911039e+00 1.730742473258663205e-01
1.540000000000049170e+02 2.782498592165398854e+00 1.727331612761862090e-01
1.550000000000040075e+02 2.573713688179976700e+00 1.723921960377614859e-01
1.560000000000030980e+02 2.363784515681771392e+00 1.720514163836788790e-01
1.570000000000021885e+02 2.152681032704735653e+00 1.717108822590544259e-01
1.580000000000012790e+02 1.940371243025506898e+00 1.713706485718095307e-01
1.590000000000003695e+02 1.726821154649608836e+00 1.710307649932338303e-01
1.599999999999994600e+02 1.511994736871805634e+00 1.706912757684789783e-01
1.609999999999985505e+02 1.295853875860526250e+00 1.703522195370648640e-01
1.619999999999976410e+02 1.078358328730157911e+00 1.700136291634273544e-01
1.629999999999967315e+02 8.594656760809814555e-01 1.696755315774877426e-01
1.639999999999958220e+02 6.391312730045345392e-01 1.693379476251809235e-01
1.649999999999949125e+02 4.173081985729886756e-01 1.690008919288409073e-01
1.659999999999940030e+02 1.939472038543819943e-01 1.686643727573129969e-01
1.669999999999930935e+02 -3.100334147784205435e-02 1.683283919056418332e-01
1.679999999999921840e+02 -2.575975038424559438e-01 1.679929445841702174e-01
1.689999999999912745e+02 -4.858918416235926685e-01 1.676580193168784871e-01
1.699999999999903650e+02 -7.159454620485036225e-01 1.673235978488037679e-01
1.709999999999894555e+02 -9.478200788573767355e-01 1.669896550623923004e-01
1.719999999999885461e+02 -1.181580070503862157e+00 1.666561589026699097e-01
1.729999999999876366e+02 -1.417292538571127469e+00 1.663230703111536479e-01
1.739999999999867271e+02 -1.655027366027785662e+00 1.659903431684837116e-01
1.749999999999858176e+02 -1.894857274880336506e+00 1.656579242458226797e-01
1.759999999999849081e+02 -2.136857882703170564e+00 1.653257531651476930e-01
1.769999999999839986e+02 -2.381107757442957329e+00 1.649937623686634214e-01
1.779999999999830891e+02 -2.627688469800535387e+00 1.646618770976719381e-01
1.789999999999821796e+02 -2.876684642389545132e+00 1.643300153813664899e-01
1.799999999999812701e+02 -3.128183994755922459e+00 1.639980880361629478e-01
1.809999999999803606e+02 -3.382277383215654964e+00 1.636659986763429053e-01
1.819999999999794511e+02 -3.639058834328824599e+00 1.633336437369672933e-01
1.829999999999785416e+02 -3.898625570675574359e+00 1.630009125102140355e-01
1.839999999999776321e+02 -4.161078027433650739e+00 1.626676871965097304e-01
1.849999999999767226e+02 -4.426519858077930358e+00 1.623338429720614928e-01
1.859999999999758131e+02 -4.695057927329671976e+00 1.619992480746381136e-01
1.869999999999749036e+02 -4.966802289278504645e+00 1.616637639097202317e-01
1.879999999999739941e+02 -5.241866148384930923e+00 1.613272451794091344e-01
1.889999999999730846e+02 -5.520365800846183113e+00 1.609895400367775675e-01
1.899999999999721751e+02 -5.802420553587368524e+00 1.606504902686283209e-01
1.909999999999712657e+02 -6.088152617906183117e+00 1.603099315099299482e-01
1.919999999999703562e+02 -6.377686974593480329e+00 1.599676934934829431e-01
1.929999999999694467e+02 -6.671151207155860519e+00 1.596236003386433400e-01
1.939999999999685372e+02 -6.968675299610969986e+00 1.592774708831883324e-01
1.949999999999676277e+02 -7.270391395225094477e+00 1.589291190626201389e-01
1.959999999999667182e+02 -7.576433512541060900e+00 1.585783543413800956e-01
1.969999999999658087e+02 -7.886937215132984846e+00 1.582249822005415141e-01
1.979999999999648992e+02 -8.202039231760043236e+00 1.578688046865671935e-01
1.989999999999639897e+02 -8.521877024020993119e+00 1.575096210256266005e-01
1.999999999999630802e+02 -8.846588299287285295e+00 1.571472283077270660e-01
2.009999999999621707e+02 -9.176310467679327232e+00 1.567814222445206296e-01
2.019999999999612612e+02 -9.511180043217740021e+00 1.564119980040378222e-01
2.029999999999603517e+02 -9.851331991106000885e+00 1.560387511247580683e-01
2.039999999999594422e+02 -1.019689902546250160e+01 1.556614785102971021e-01
2.049999999999585327e+02 -1.054801086479361949e+01 1.552799795045433084e-01
2.059999999999576232e+02 -1.090479345615073470e+01 1.548940570452607968e-01
2.069999999999567137e+02 -1.126736818328331324e+01 1.545035188919613722e-01
2.079999999999558042e+02 -1.163585107919125683e+01 1.541081789211991848e-01
2.089999999999548947e+02 -1.201035206923808296e+01 1.537078584793467317e-01
2.099999999999539853e+02 -1.239097427728236056e+01 1.533023877793571743e-01
2.109999999999530758e+02 -1.277781343388542190e+01 1.528916073240550733e-01
2.119999999999521663e+02 -1.317095743220730064e+01 1.524753693341634464e-01
2.129999999999512568e+02 -1.357048608321961858e+01 1.520535391546963822e-01
2.139999999999503473e+02 -1.397647112670855485e+01 1.516259966086833111e-01
2.149999999999494378e+02 -1.438897655744217197e+01 1.511926372626546666e-01
2.159999999999485283e+02 -1.480805932594830843e+01 1.507533735642415385e-01
2.169999999999476188e+02 -1.523377046964900217e+01 1.503081358089391750e-01
2.179999999999467093e+02 -1.566615672169234585e+01 1.498568728910287806e-01
2.189999999999457998e+02 -1.610526263089529309e+01 1.493995527932854839e-01
2.199999999999448903e+02 -1.655113320617359562e+01 1.489361627719254233e-01
2.209999999999439808e+02 -1.700381707246273066e+01 1.484667091977156239e-01
2.219999999999430713e+02 -1.746337009268752993e+01 1.479912170216956258e-01
2.229999999999421618e+02 -1.792985937268251817e+01 1.475097288447841937e-01
2.239999999999412523e+02 -1.840336752465211489e+01 1.470223035847584292e-01
2.249999999999403428e+02 -1.888399702207891195e+01 1.465290147515070363e-01
2.259999999999394333e+02 -1.937187443797107633e+01 1.460299483616128713e-01
2.269999999999385238e+02 -1.986715432271882875e+01 1.455252005454283903e-01
2.279999999999376143e+02 -2.037002245193108863e+01 1.450148749227278544e-01
2.289999999999367049e+02 -2.088069816319917038e+01 1.444990798453502090e-01
2.299999999999357954e+02 -2.139943550868331812e+01 1.439779256252571027e-01
2.309999999999348859e+02 -2.192652298236618336e+01 1.434515218822527693e-01
2.319999999999339764e+02 -2.246228164049265175e+01 1.429199751552689412e-01
2.329999999999330669e+02 -2.300706152308708852e+01 1.423833869226714954e-01
2.339999999999321574e+02 -2.356123640261830587e+01 1.418418521688398770e-01
2.349999999999312479e+02 -2.412519702792966214e+01 1.412954586150613756e-01
2.359999999999303384e+02 -2.469934318744995849e+01 1.407442867021113098e-01
2.369999999999294289e+02 -2.528407506993048415e+01 1.401884103703140150e-01
2.379999999999285194e+02 -2.587978453343364649e+01 1.396278986322964655e-01
2.389999999999276099e+02 -2.648684698129706661e+01 1.390628178774422075e-01
2.399999999999267004e+02 -2.710561456689736559e+01 1.384932347901096650e-01
2.409999999999257909e+02 -2.773641139296540103e+01 1.379192197119657737e-01
2.419999999999248814e+02 -2.837953123394722965e+01 1.373408502387445385e-01
2.429999999999239719e+02 -2.903523810362950286e+01 1.367582148191463232e-01
2.439999999999230624e+02 -2.970376974117061764e+01 1.361714161224888697e-01
2.449999999999221529e+02 -3.038534383234759062e+01 1.355805739633024198e-01
2.459999999999212434e+02 -3.108016655657270633e+01 1.349858276131917223e-01
2.469999999999203339e+02 -3.178844288492059533e+01 1.343873373875793531e-01
2.479999999999194245e+02 -3.251038796789135432e+01 1.337852854596837393e-01
2.489999999999185150e+02 -3.324623894609952401e+01 1.331798759176431035e-01
2.499999999999176055e+02 -3.399626658042870986e+01 1.325713341351770214e-01
2.509999999999166960e+02 -3.476078620870054436e+01 1.319599055657676157e-01
2.519999999999157865e+02 -3.554016766814555695e+01 1.313458540921707551e-01
2.529999999999148770e+02 -3.633484395308177994e+01 1.307294600672787577e-01
2.539999999999139675e+02 -3.714531848647761336e+01 1.301110181716431946e-01
2.549999999999130580e+02 -3.797217096019486604e+01 1.294908351916369271e-01
2.559999999999121485e+02 -3.881606173533396742e+01 1.288692277952424026e-01
2.569999999999112674e+02 -3.967773478923932373e+01 1.282465203544531085e-01
2.579999999999103579e+02 -4.055801915706576466e+01 1.276230428380883131e-01
2.589999999999094484e+02 -4.145782876049626253e+01 1.269991287788284906e-01
2.599999999999085389e+02 -4.237816022105161551e+01 1.263751133054240028e-01
2.609999999999076294e+02 -4.332008831908122204e+01 1.257513312265581551e-01
2.619999999999067199e+02 -4.428475844132869099e+01 1.251281151534579250e-01
2.629999999999058105e+02 -4.527337506098422182e+01 1.245057936556366734e-01
2.639999999999049010e+02 -4.628718498968638073e+01 1.238846894568511048e-01
2.649999999999039915e+02 -4.732745374043381759e+01 1.232651176948293265e-01
2.659999999999030820e+02 -4.839543287284376305e+01 1.226473842874777204e-01
2.669999999999021725e+02 -4.949231566810228600e+01 1.220317844690362308e-01
2.679999999999012630e+02 -5.061917793492843032e+01 1.214186015809203406e-01
2.689999999999003535e+02 -5.177690025520961115e+01 1.208081062224605207e-01
2.699999999998994440e+02 -5.296606767887701750e+01 1.202005558846805933e-01
2.709999999998985345e+02 -5.418684300788555674e+01 1.195961952031110997e-01
2.719999999998976250e+02 -5.543881073162734907e+01 1.189952569696604151e-01
2.729999999998967155e+02 -5.672079089692378773e+01 1.183979640334281574e-01
2.739999999998958060e+02 -5.803062633409599869e+01 1.178045321889584635e-01
2.749999999998948965e+02 -5.936495331899980243e+01 1.172151740893926236e-01
2.759999999998939870e+02 -6.071897521954023347e+01 1.166301041231564556e-01
2.769999999998930775e+02 -6.208627042386761019e+01 1.160495440516175897e-01
2.779999999998921680e+02 -6.345867786127296029e+01 1.154737290257807220e-01
2.789999999998912585e+02 -6.482631167585472554e+01 1.149029134020799758e-01
2.799999999998903490e+02 -6.617775527492746335e+01 1.143373756004794767e-01
2.809999999998894396e+02 -6.750046817660231113e+01 1.137774211510042682e-01
2.819999999998885301e+02 -6.878140436969901828e+01 1.132233831214983083e-01
2.829999999998876206e+02 -7.000779307849749955e+01 1.126756193530944888e-01
2.839999999998867111e+02 -7.116798521421100077e+01 1.121345063430877892e-01
2.849999999998858016e+02 -7.225223930363732450e+01 1.116004301335816185e-01
2.859999999998848921e+02 -7.325332336702388147e+01 1.110737750621634407e-01
2.869999999998839826e+02 -7.416684603727502179e+01 1.105549115739654087e-01
2.879999999998830731e+02 -7.499128887667114896e+01 1.100441843947346787e-01
2.889999999998821636e+02 -7.572777178975752577e+01 1.095419022134624526e-01
2.899999999998812541e+02 -7.637962608601054626e+01 1.090483296877390040e-01
2.909999999998803446e+02 -7.695186636154895155e+01 1.085636821723614531e-01
2.919999999998794351e+02 -7.745064528359935707e+01 1.080881231847559409e-01
2.929999999998785256e+02 -7.788275375724515470e+01 1.076217643275768354e-01
2.939999999998776161e+02 -7.825520308238863265e+01 1.071646672141835788e-01
2.949999999998767066e+02 -7.857490295525410318e+01 1.067168468769823658e-01
2.959999999998757971e+02 -7.884843294365845168e+01 1.062782761539630277e-01
2.969999999998748876e+02 -7.908189565230891560e+01 1.058488906132378227e-01
2.979999999998739781e+02 -7.928083581990917139e+01 1.054285936618711145e-01
2.989999999998730686e+02 -7.945020922981440492e+01 1.050172615747131943e-01
2.999999999998721592e+02 -7.959438696754403963e+01 1.046147482601069156e-01
3.009999999998712497e+02 -7.971718307114039703e+01 1.042208896470345342e-01
3.019999999998703402e+02 -7.982189628169061280e+01 1.038355076312679065e-01
3.029999999998694307e+02 -7.991135903090031434e+01 1.034584135573687336e-01
3.039999999998685212e+02 -7.998798883835047491e+01 1.030894112409644903e-01
3.049999999998676117e+02 -8.005383889905054673e+01 1.027282995539154364e-01
3.059999999998667022e+02 -8.011064585477498667e+01 1.023748746059821163e-01
3.069999999998657927e+02 -8.015987362140805317e+01 1.020289315623140736e-01
3.079999999998648832e+02 -8.020275275669324344e+01 1.016902661380575806e-01
3.089999999998639737e+02 -8.024031526134601222e+01 1.013586758108506319e-01
3.099999999998630642e+02 -8.027342496504790859e+01 1.010339607898372016e-01
3.109999999998621547e+02 -8.030280380043291188e+01 1.007159247767780291e-01
3.119999999998612452e+02 -8.032905434592952076e+01 1.004043755513155251e-01
3.129999999998603357e+02 -8.035267904688649310e+01 1.000991254088084009e-01
3.139999999998594262e+02 -8.037409652160764040e+01 9.979999147558098194e-02
3.149999999998585167e+02 -8.039365533729295521e+01 9.950679592307552779e-02
3.159999999998576072e+02 -8.041164560900776337e+01 9.921936609931913953e-02
3.169999999998566977e+02 -8.042830873839247374e+01 9.893753459335248579e-02
3.179999999998557882e+02 -8.044384557152581294e+01 9.866113924582710359e-02
3.189999999998548788e+02 -8.045842321939936426e+01 9.839002311684115487e-02
3.199999999998539693e+02 -8.047218075109320523e+01 9.812403442024458800e-02
3.209999999998530598e+02 -8.048523393958905103e+01 9.786302643205842255e-02
3.219999999998521503e+02 -8.049767921340018972e+01 9.760685737931119876e-02
3.229999999998512408e+02 -8.050959694379575637e+01 9.735539031445508695e-02
3.239999999998503313e+02 -8.052105417713576685e+01 9.710849297956790360e-02
3.249999999998494218e+02 -8.053210690444456077e+01 9.686603766374474178e-02
3.259999999998485123e+02 -8.054280194551547822e+01 9.662790105641634597e-02
3.269999999998476028e+02 -8.055317851225463244e+01 9.639396409877550032e-02
3.279999999998466933e+02 -8.056326950533971853e+01 9.616411183503645321e-02
3.289999999998457838e+02 -8.057310258931305214e+01 9.593823326487450898e-02
3.299999999998448743e+02 -8.058270108371057461e+01 9.571622119808417817e-02
3.309999999998439648e+02 -8.059208470153097892e+01 9.549797211224364535e-02
3.319999999998430553e+02 -8.060127016107620079e+01 9.528338601396670049e-02
3.329999999998421458e+02 -8.061027169280410476e+01 9.507236630415896728e-02
3.339999999998412363e+02 -8.061910145916060344e+01 9.486481964756353358e-02
3.349999999998403268e+02 -8.062776990230949536e+01 9.466065584677191280e-02
3.359999999998394173e+02 -8.063628603213437884e+01 9.445978772079505204e-02
3.369999999998385078e+02 -8.064465766477614750e+01 9.426213098822096292e-02
3.379999999998375984e+02 -8.065289162021228719e+01 9.406760415493559124e-02
3.389999999998366889e+02 -8.066099388593042363e+01 9.387612840634297628e-02
3.399999999998357794e+02 -8.066896975253526136e+01 9.368762750399067807e-02
3.409999999998348699e+02 -8.067682392612660180e+01 9.350202768648624430e-02
3.419999999998339604e+02 -8.068456062145540386e+01 9.331925757457344706e-02
3.429999999998330509e+02 -8.069218363917235592e+01 9.313924808022575053e-02
3.439999999998321414e+02 -8.069969642991500791e+01 9.296193231961029368e-02
3.449999999998312319e+02 -8.070710214750401690e+01 9.278724552976913564e-02
3.459999999998303224e+02 -8.071440369312887242e+01 9.261512498886642630e-02
3.469999999998294129e+02 -8.072160375207725735e+01 9.244550993984806952e-02
3.479999999998285034e+02 -8.072870482429426886e+01 9.227834151736602486e-02
3.489999999998275939e+02 -8.073570924983565078e+01 9.211356267781986573e-02
3.499999999998266844e+02 -8.074261923009520103e+01 9.195111813237362430e-02
3.509999999998257749e+02 -8.074943684553251444e+01 9.179095428281179581e-02
3.519999999998248654e+02 -8.075616407050461021e+01 9.163301916010127557e-02
3.529999999998239559e+02 -8.076280278569728921e+01 9.147726236553269108e-02
3.539999999998230464e+02 -8.076935478856869111e+01 9.132363501432035069e-02
3.549999999998221369e+02 -8.077582180214403706e+01 9.117208968154444371e-02
3.559999999998212274e+02 -8.078220548244415511e+01 9.102258035032492756e-02
3.569999999998203180e+02 -8.078850742477894187e+01 9.087506236212249122e-02
3.579999999998194085e+02 -8.079472916909921310e+01 9.072949236906611981e-02
3.589999999998184990e+02 -8.080087220456454133e+01 9.058582828821248878e-02
3.599999999998175895e+02 -8.080693797346019380e+01 9.044402925764677414e-02
3.609999999998166800e+02 -8.081292787457121563e+01 9.030405559433977991e-02
3.619999999998157705e+02 -8.081884326610258995e+01 9.016586875367973986e-02
3.629999999998148610e+02 -8.082468546822249778e+01 9.002943129060189675e-02
3.639999999998139515e+02 -8.083045576528762410e+01 8.989470682224318110e-02
3.649999999998130420e+02 -8.083615540780370168e+01 8.976165999205240609e-02
3.659999999998121325e+02 -8.084178561416194952e+01 8.963025643529066999e-02
3.669999999998112230e+02 -8.084734757218814138e+01 8.950046274585937711e-02
3.679999999998103135e+02 -8.085284244053178782e+01 8.937224644439760446e-02
3.689999999998094040e+02 -8.085827134992076992e+01 8.924557594759192913e-02
3.699999999998084945e+02 -8.086363540430082253e+01 8.912042053864614732e-02
3.709999999998075850e+02 -8.086893568187709036e+01 8.899675033886050857e-02
3.719999999998066755e+02 -8.087417323607114383e+01 8.887453628027237873e-02
3.729999999998057660e+02 -8.087934909640532055e+01 8.875375007931318727e-02
3.739999999998048565e+02 -8.088446426932416955e+01 8.863436421143802701e-02
3.749999999998039470e+02 -8.088951973896054426e+01 8.851635188668707799e-02
3.759999999998030376e+02 -8.089451646785414596e+01 8.839968702614046936e-02
3.769999999998021281e+02 -8.089945539762726412e+01 8.828434423922826291e-02
3.779999999998012186e+02 -8.090433744962298590e+01 8.817029880186111335e-02
3.789999999998003091e+02 -8.090916352550962642e+01 8.805752663534785474e-02
3.799999999997993996e+02 -8.091393450785501784e+01 8.794600428606781650e-02
3.809999999997984901e+02 -8.091865126067438041e+01 8.783570890586710200e-02
3.819999999997975806e+02 -8.092331462995205982e+01 8.772661823315083818e-02
3.829999999997966711e+02 -8.092792544414197664e+01 8.761871057464222512e-02
3.839999999997957616e+02 -8.093248451464660320e+01 8.751196478778282273e-02
3.849999999997948521e+02 -8.093699263627703999e+01 8.740636026374895562e-02
3.859999999997939426e+02 -8.094145058769544221e+01 8.730187691105957548e-02
3.869999999997930331e+02 -8.094585913184062065e+01 8.719849513975271027e-02
3.879999999997921236e+02 -8.095021901633853645e+01 8.709619584610873988e-02
3.889999999997912141e+02 -8.095453097389800234e+01 8.699496039789984814e-02
3.899999999997903046e+02 -8.095879572269282676e+01 8.689477062014397402e-02
3.909999999997893951e+02 -8.096301396673109707e+01 8.679560878134642832e-02
3.919999999997884856e+02 -8.096718639621202840e+01 8.669745758020840076e-02
3.929999999997875761e+02 -8.097131368787138683e+01 8.660030013278662009e-02
3.939999999997866666e+02 -8.097539650531545874e+01 8.650411996008626481e-02
3.949999999997857572e+02 -8.097943549934508667e+01 8.640890097607087372e-02
3.959999999997848477e+02 -8.098343130826910397e+01 8.631462747607508701e-02
3.969999999997839382e+02 -8.098738455820823390e+01 8.622128412560328692e-02
3.979999999997830287e+02 -8.099129586338953857e+01 8.612885594950188406e-02
3.989999999997821192e+02 -8.099516582643269658e+01 8.603732832149105225e-02
3.999999999997812097e+02 -8.099899503862687311e+01 8.594668695404156233e-02
4.009999999997803002e+02 -8.100278408019978826e+01 8.585691788858636209e-02
4.019999999997793907e+02 -8.100653352057906886e+01 8.576800748605273306e-02
4.029999999997784812e+02 -8.101024391864542906e+01 8.567994241770515718e-02
4.039999999997775717e+02 -8.101391582297935656e+01 8.559270965628670846e-02
4.049999999997766622e+02 -8.101754977209982655e+01 8.550629646744851986e-02
4.059999999997757527e+02 -8.102114629469703289e+01 8.542069040145749970e-02
4.069999999997748432e+02 -8.102470590985798538e+01 8.533587928517198662e-02
4.079999999997739337e+02 -8.102822912728589699e+01 8.525185121427610035e-02
4.089999999997730242e+02 -8.103171644751365932e+01 8.516859454576336530e-02
4.099999999997721147e+02 -8.103516836211110785e+01 8.508609789066172435e-02
4.109999999997712052e+02 -8.103858535388667406e+01 8.500435010698999261e-02
4.119999999997702957e+02 -8.104196789708362303e+01 8.492334029293928388e-02
4.129999999997693862e+02 -8.104531645757064950e+01 8.484305778027075029e-02
4.139999999997684768e+02 -8.104863149302769898e+01 8.476349212792186338e-02
4.149999999997675673e+02 -8.105191345312641715e+01 8.468463311581495012e-02
4.159999999997666578e+02 -8.105516277970571082e+01 8.460647073886026770e-02
4.169999999997657483e+02 -8.105837990694327289e+01 8.452899520114709464e-02
4.179999999997648388e+02 -8.106156526152172148e+01 8.445219691031677356e-02
4.189999999997639293e+02 -8.106471926279070317e+01 8.437606647211055855e-02
4.199999999997630198e+02 -8.106784232292490344e+01 8.430059468508774301e-02
4.209999999997621103e+02 -8.107093484707745290e+01 8.422577253550697640e-02
4.219999999997612008e+02 -8.107399723353000809e+01 8.415159119236555185e-02
4.229999999997602913e+02 -8.107702987383832749e+01 8.407804200259216820e-02
4.239999999997593818e+02 -8.108003315297443692e+01 8.400511648638687989e-02
4.249999999997584723e+02 -8.108300744946497218e+01 8.393280633270346069e-02
4.259999999997575628e+02 -8.108595313552606854e+01 8.386110339487028165e-02
4.269999999997566533e+02 -8.108887057719498159e+01 8.378999968634404105e-02
4.279999999997557438e+02 -8.109176013445775766e+01 8.371948737659271056e-02
4.289999999997548343e+02 -8.109462216137491453e+01 8.364955878710218784e-02
4.299999999997539248e+02 -8.109745700620260322e+01 8.358020638750422726e-02
4.309999999997530153e+02 -8.110026501151126865e+01 8.351142279182044437e-02
4.319999999997521059e+02 -8.110304651430188017e+01 8.344320075481870269e-02
4.329999999997511964e+02 -8.110580184611882260e+01 8.337553316847844120e-02
4.339999999997502869e+02 -8.110853133315966090e+01 8.330841305856127865e-02
4.349999999997493774e+02 -8.111123529638290108e+01 8.324183358128327270e-02
4.359999999997484679e+02 -8.111391405161279522e+01 8.317578802008582239e-02
4.369999999997475584e+02 -8.111656790964164543e+01 8.311026978250149466e-02
4.379999999997466489e+02 -8.111919717632950722e+01 8.304527239711208264e-02
4.389999999997457394e+02 -8.112180215270177541e+01 8.298078951059607855e-02
4.399999999997448299e+02 -8.112438313504408427e+01 8.291681488486185581e-02
4.409999999997439204e+02 -8.112694041499551645e+01 8.285334239426458969e-02
4.419999999997430109e+02 -8.112947427963874247e+01 8.279036602290355817e-02
4.429999999997421014e+02 -8.113198501158885279e+01 8.272787986199818533e-02
4.439999999997411919e+02 -8.113447288907970290e+01 8.266587810733873332e-02
4.449999999997402824e+02 -8.113693818604801322e+01 8.260435505681122670e-02
4.459999999997393729e+02 -8.113938117221636048e+01 8.254330510799226528e-02
4.469999999997384634e+02 -8.114180211317328428e+01 8.248272275581293445e-02
4.479999999997375539e+02 -8.114420127045181630e+01 8.242260259028887093e-02
4.489999999997366444e+02 -8.114657890160663101e+01 8.236293929431448557e-02
4.499999999997357349e+02 -8.114893526028907900e+01 8.230372764151959453e-02
4.509999999997348255e+02 -8.115127059632044393e+01 8.224496249418619676e-02
4.519999999997339160e+02 -8.115358515576353682e+01 8.218663880122360765e-02
4.529999999997330065e+02 -8.115587918099325293e+01 8.212875159619989485e-02
4.539999999997320970e+02 -8.115815291076424387e+01 8.207129599542814513e-02
4.549999999997311875e+02 -8.116040658027874599e+01 8.201426719610595273e-02
4.559999999997302780e+02 -8.116264042125155243e+01 8.195766047450579739e-02
4.569999999997293685e+02 -8.116485466197426035e+01 8.190147118421514660e-02
4.579999999997284590e+02 -8.116704952737750034e+01 8.184569475442533826e-02
4.589999999997275495e+02 -8.116922523909255460e+01 8.179032668826645425e-02
4.599999999997266400e+02 -8.117138201551119892e+01 8.173536256118769938e-02
4.609999999997257305e+02 -8.117352007184379659e+01 8.168079801938174511e-02
4.619999999997248210e+02 -8.117563962017727874e+01 8.162662877825117846e-02
4.629999999997239115e+02 -8.117774086953062351e+01 8.157285062091634842e-02
4.639999999997230020e+02 -8.117982402590996571e+01 8.151945939676297215e-02
4.649999999997220925e+02 -8.118188929236190177e+01 8.146645102002872396e-02
4.659999999997211830e+02 -8.118393686902659567e+01 8.141382146842683631e-02
4.669999999997202735e+02 -8.118596695318859702e+01 8.136156678180674062e-02
4.679999999997193640e+02 -8.118797973932740319e+01 8.130968306084881969e-02
4.689999999997184545e+02 -8.118997541916648686e+01 8.125816646579472891e-02
4.699999999997175451e+02 -8.119195418172176915e+01 8.120701321520953919e-02
4.709999999997166356e+02 -8.119391621334844444e+01 8.115621958477722830e-02
4.719999999997157261e+02 -8.119586169778735041e+01 8.110578190612617588e-02
4.729999999997148166e+02 -8.119779081621011585e+01 8.105569656568600845e-02
4.739999999997139071e+02 -8.119970374726344176e+01 8.100596000357272730e-02
4.749999999997129976e+02 -8.120160066711264335e+01 8.095656871250327125e-02
4.759999999997120881e+02 -8.120348174948364317e+01 8.090751923673697443e-02
4.769999999997111786e+02 -8.120534716570506362e+01 8.085880817104407203e-02
4.779999999997102691e+02 -8.120719708474864262e+01 8.081043215970032390e-02
4.789999999997093596e+02 -8.120903167326932248e+01 8.076238789550682640e-02
4.799999999997084501e+02 -8.121085109564411653e+01 8.071467211883394388e-02
4.809999999997075406e+02 -8.121265551401070582e+01 8.066728161668965114e-02
4.819999999997066311e+02 -8.121444508830478526e+01 8.062021322181048277e-02
4.829999999997057216e+02 -8.121621997629678447e+01 8.057346381177513117e-02
4.839999999997048121e+02 -8.121798033362796332e+01 8.052703030813965213e-02
4.849999999997039026e+02 -8.121972631384593910e+01 8.048090967559398679e-02
4.859999999997029931e+02 -8.122145806843899152e+01 8.043509892113874515e-02
4.869999999997020836e+02 -8.122317574687014030e+01 8.038959509328212627e-02
4.879999999997011741e+02 -8.122487949661027073e+01 8.034439528125600360e-02
4.889999999997002647e+02 -8.122656946317100335e+01 8.029949661425124507e-02
4.899999999996993552e+02 -8.122824579013642676e+01 8.025489626067085214e-02
4.909999999996984457e+02 -8.122990861919458894e+01 8.021059142740087633e-02
4.919999999996975362e+02 -8.123155809016805051e+01 8.016657935909904387e-02
4.929999999996966267e+02 -8.123319434104409709e+01 8.012285733749929806e-02
4.939999999996957172e+02 -8.123481750800448253e+01 8.007942268073386938e-02
4.949999999996948077e+02 -8.123642772545392177e+01 8.003627274266984781e-02
4.959999999996938982e+02 -8.123802512604913773e+01 7.999340491226224203e-02
4.969999999996929887e+02 -8.123960984072650149e+01 7.995081661292098574e-02
4.979999999996920792e+02 -8.124118199872906132e+01 7.990850530189384793e-02
4.989999999996911697e+02 -8.124274172763385593e+01 7.986646846966177771e-02
4.999999999996902602e+02 -8.124428915337766455e+01 7.982470363934977831e-02
5.000000000000000000e+02 -8.124428915337814772e+01 7.982470363933688584e-02
