1.000000000000000666e+00 -7.217004073198958736e+01 7.359458013393153919e-02
2.000000000000001332e+00 -6.327733068219677648e+01 7.362422244200396426e-02
2.999999999999980016e+00 -6.992326236467393485e+00 7.372566118128352775e-02
3.999999999999958700e+00 3.630571436276184016e+01 7.885641183814336153e-02
4.999999999999937828e+00 3.023540886747578682e+01 9.224140076497372442e-02
5.999999999999916511e+00 2.566062037989311406e+01 1.107241218131213151e-01
6.999999999999895195e+00 2.288437626318311402e+01 1.303746117283670625e-01
7.999999999999873879e+00 2.144187458608920949e+01 1.479788433392241753e-01
8.999999999999852562e+00 2.085299870875880046e+01 1.619706355064790826e-01
9.999999999999831246e+00 2.076942910289021427e+01 1.722000652875864957e-01
1.099999999999980993e+01 2.096603031343934376e+01 1.792687406342248768e-01
1.199999999999978861e+01 2.130487752591356454e+01 1.839938409095832061e-01
1.299999999999976730e+01 2.170410251657541068e+01 1.871254275455920546e-01
1.399999999999974598e+01 2.211615938532245451e+01 1.892464329028119285e-01
1.499999999999972466e+01 2.251375387986337984e+01 1.907661054361254327e-01
1.599999999999970335e+01 2.288104113811290219e+01 1.919495687418661944e-01
1.699999999999985789e+01 2.320821125540436114e+01 1.929551061978537208e-01
1.800000000000001421e+01 2.348814492771262152e+01 1.938675414865381197e-01
1.900000000000017053e+01 2.371424697812858540e+01 1.947240589323948612e-01
2.000000000000032685e+01 2.387886868619250791e+01 1.955321490019470976e-01
2.100000000000048317e+01 2.397198390154775538e+01 1.962806987898760014e-01
2.200000000000063949e+01 2.398017922010907554e+01 1.969461098358057938e-01
2.300000000000079581e+01 2.388707838749579437e+01 1.974968778513182532e-01
2.400000000000095213e+01 2.367884144200651875e+01 1.979025585397177767e-01
2.500000000000110845e+01 2.335956582660062608e+01 1.981510782010947047e-01
2.600000000000126477e+01 2.296665472536971819e+01 1.982617542982464121e-01
2.700000000000142109e+01 2.255562346222076187e+01 1.982733398086574117e-01
2.800000000000157740e+01 2.216533905501237101e+01 1.982214960698754080e-01
2.900000000000173372e+01 2.180900598137453272e+01 1.981310245457160446e-01
3.000000000000189004e+01 2.148608884321560808e+01 1.980183297627337302e-01
3.100000000000204636e+01 2.119242808061546768e+01 1.978943638466794108e-01
3.200000000000220268e+01 2.092412922897688077e+01 1.977663280643107147e-01
3.300000000000200373e+01 2.067825232586961803e+01 1.976387549438665125e-01
3.400000000000180478e+01 2.045254512282255277e+01 1.975143137733337273e-01
3.500000000000160583e+01 2.024509785886022684e+01 1.973944157724763782e-01
3.600000000000140687e+01 2.005413665610673490e+01 1.972796467957637911e-01
3.700000000000120792e+01 1.987794567159409809e+01 1.971700648471918504e-01
3.800000000000100897e+01 1.971486210269898010e+01 1.970654016075118753e-01
3.900000000000081002e+01 1.956329934495464329e+01 1.969651988492996941e-01
4.000000000000061107e+01 1.942177341738550567e+01 1.968689006663686125e-01
4.100000000000041211e+01 1.928892224552643597e+01 1.967759150536105284e-01
4.200000000000021316e+01 1.916351537926265536e+01 1.966856538052662029e-01
4.300000000000001421e+01 1.904445527223305845e+01 1.965975570007850448e-01
4.399999999999981526e+01 1.893077237114483324e+01 1.965111066610356338e-01
4.499999999999961631e+01 1.882161626131865262e+01 1.964258329877222875e-01
4.599999999999941735e+01 1.871624469672290303e+01 1.963413157151931432e-01
4.699999999999921840e+01 1.861401184505345796e+01 1.962571824121445430e-01
4.799999999999901945e+01 1.851435663777627383e+01 1.961731050308808122e-01
4.899999999999882050e+01 1.841679177148713009e+01 1.960887955897756829e-01
4.999999999999862155e+01 1.832089365877707365e+01 1.960040015693169657e-01
5.099999999999842260e+01 1.822629345760586617e+01 1.959185013830333222e-01
5.199999999999822364e+01 1.813266919893816720e+01 1.958321001323659605e-01
5.299999999999802469e+01 1.803973896617821993e+01 1.957446257523138833e-01
5.399999999999782574e+01 1.794725504332670951e+01 1.956559255885746973e-01
5.499999999999762679e+01 1.785499893178488051e+01 1.955658634061273327e-01
5.599999999999742784e+01 1.776277713120244073e+01 1.954743168056673752e-01
5.699999999999722888e+01 1.767041758277316887e+01 1.953811750121348667e-01
5.799999999999702993e+01 1.757776668060480318e+01 1.952863369946687411e-01
5.899999999999683098e+01 1.748468676606091421e+01 1.951897098768389793e-01
5.999999999999663203e+01 1.739105402992320393e+01 1.950912075980786586e-01
6.099999999999643308e+01 1.729675675702424797e+01 1.949907497906186171e-01
6.199999999999623412e+01 1.720169385718424593e+01 1.948882608401669436e-01
6.299999999999603517e+01 1.710577363461628053e+01 1.947836691025818523e-01
6.399999999999583622e+01 1.700891275535318670e+01 1.946769062526156058e-01
6.499999999999634781e+01 1.691103537869646445e+01 1.945679067442975807e-01
6.599999999999685940e+01 1.681207242424491000e+01 1.944566073656418259e-01
6.699999999999737099e+01 1.671196095080538413e+01 1.943429468730766552e-01
6.799999999999788258e+01 1.661064362751028156e+01 1.942268656933350546e-01
6.899999999999839417e+01 1.650806828085325151e+01 1.941083056825405051e-01
6.999999999999890576e+01 1.640418750419510374e+01 1.939872099339080280e-01
7.099999999999941735e+01 1.629895831866227951e+01 1.938635226269013745e-01
7.199999999999992895e+01 1.619234187633251310e+01 1.937371889118756907e-01
7.300000000000044054e+01 1.608430319823792587e+01 1.936081548252262807e-01
7.400000000000095213e+01 1.597481094106822752e+01 1.934763672308878746e-01
7.500000000000146372e+01 1.586383718757247152e+01 1.933417737847148155e-01
7.600000000000197531e+01 1.575135725657633046e+01 1.932043229188378508e-01
7.700000000000248690e+01 1.563734952928540878e+01 1.930639638435567851e-01
7.800000000000299849e+01 1.552179528916315654e+01 1.929206465647212432e-01
7.900000000000351008e+01 1.540467857317692335e+01 1.927743219148575216e-01
8.000000000000402167e+01 1.528598603261725764e+01 1.926249415965659295e-01
8.100000000000453326e+01 1.516570680203114208e+01 1.924724582369152226e-01
8.200000000000504485e+01 1.504383237508179505e+01 1.923168254517385600e-01
8.300000000000555644e+01 1.492035648636816525e+01 1.921579979188619558e-01
8.400000000000606803e+01 1.479527499841549165e+01 1.919959314594136268e-01
8.500000000000657963e+01 1.466858579319188216e+01 1.918305831264381645e-01
8.600000000000709122e+01 1.454028866762154237e+01 1.916619113001103436e-01
8.700000000000760281e+01 1.441038523265788562e+01 1.914898757888866820e-01
8.800000000000811440e+01 1.427887881555446548e+01 1.913144379359696112e-01
8.900000000000862599e+01 1.414577436503084051e+01 1.911355607304802418e-01
9.000000000000913758e+01 1.401107835907847310e+01 1.909532089227480856e-01
9.100000000000964917e+01 1.387479871518977603e+01 1.907673491431321755e-01
9.200000000001016076e+01 1.373694470282429947e+01 1.905779500237843593e-01
9.300000000001067235e+01 1.359752685795064231e+01 1.903849823227615201e-01
9.400000000001118394e+01 1.345655689952307377e+01 1.901884190498773497e-01
9.500000000001169553e+01 1.331404764776832472e+01 1.899882355936771683e-01
9.600000000001220712e+01 1.317001294417199553e+01 1.897844098488963571e-01
9.700000000001271871e+01 1.302446757306581482e+01 1.895769223437494266e-01
9.800000000001323031e+01 1.287742718472722814e+01 1.893657563663759813e-01
9.900000000001374190e+01 1.272890821991192745e+01 1.891508980897560754e-01
1.000000000000142535e+02 1.257892783574832585e+01 1.889323366943841398e-01
1.010000000000147651e+02 1.242750383293049410e+01 1.887100644879803613e-01
1.020000000000152767e+02 1.227465458415337274e+01 1.884840770215016892e-01
1.030000000000157883e+02 1.212039896374097481e+01 1.882543732007057047e-01
1.040000000000162999e+02 1.196475627842503897e+01 1.880209553925105692e-01
1.050000000000168114e+02 1.180774619923762714e+01 1.877838295253925482e-01
1.060000000000173230e+02 1.164938869448784686e+01 1.875430051830590250e-01
1.070000000000178346e+02 1.148970396379842107e+01 1.872984956906438847e-01
1.080000000000183462e+02 1.132871237318376600e+01 1.870503181926744252e-01
1.090000000000188578e+02 1.116643439115638436e+01 1.867984937220811825e-01
1.100000000000193694e+02 1.100289052585390870e+01 1.865430472595328293e-01
1.110000000000198810e+02 1.083810126318322276e+01 1.862840077824088891e-01
1.120000000000203926e+02 1.067208700598297355e+01 1.860214083027510734e-01
1.130000000000209042e+02 1.050486801420892213e+01 1.857552858935700713e-01
1.140000000000214158e+02 1.033646434615051568e+01 1.854856817029238159e-01
1.150000000000219273e+02 1.016689580068910104e+01 1.852126409552355135e-01
1.160000000000224389e+02 9.996181860610892755e+00 1.849362129393639087e-01
1.170000000000229505e+02 9.824341636988791038e+00 1.846564509830049272e-01
1.180000000000234621e+02 9.651393814648383085e+00 1.843734124130556040e-01
1.190000000000239737e+02 9.477356598733271298e+00 1.840871585016453649e-01
1.200000000000244853e+02 9.302247662384683480e+00 1.837977543976057893e-01
1.210000000000249969e+02 9.126084095548979036e+00 1.835052690432269484e-01
1.220000000000255085e+02 8.948882354924977633e+00 1.832097750762195221e-01
1.230000000000260201e+02 8.770658215060549878e+00 1.829113487168879948e-01
1.240000000000265317e+02 8.591426720604802725e+00 1.826100696405948687e-01
1.250000000000270433e+02 8.411202139719044624e+00 1.823060208356789835e-01
1.260000000000275548e+02 8.229997918644711419e+00 1.819992884470762462e-01
1.270000000000280664e+02 8.047826637422989648e+00 1.816899616059653721e-01
1.280000000000285638e+02 7.864699966754711724e+00 1.813781322458482281e-01
1.290000000000276543e+02 7.680628625984934565e+00 1.810638949055475844e-01
1.300000000000267448e+02 7.495622342188532627e+00 1.807473465196811069e-01
1.310000000000258353e+02 7.309689810331681414e+00 1.804285861972459160e-01
1.320000000000249258e+02 7.122838654472291253e+00 1.801077149890099871e-01
1.330000000000240163e+02 6.935075389960440262e+00 1.797848356444722018e-01
1.340000000000231068e+02 6.746405386591517228e+00 1.794600523592115859e-01
1.350000000000221974e+02 6.556832832659108767e+00 1.791334705134956518e-01
1.360000000000212879e+02 6.366360699848042870e+00 1.788051964030611674e-01
1.370000000000203784e+02 6.174990708901919589e+00 1.784753369630247832e-01
1.380000000000194689e+02 5.982723295993482182e+00 1.781439994859046749e-01
1.390000000000185594e+02 5.789557579720374214e+00 1.778112913347615343e-01
1.400000000000176499e+02 5.595491328643297457e+00 1.774773196524832286e-01
1.410000000000167404e+02 5.400520929278469495e+00 1.771421910682436651e-01
1.420000000000158309e+02 5.204641354451522872e+00 1.768060114021671458e-01
1.430000000000149214e+02 5.007846131915603571e+00 1.764688853692236437e-01
1.440000000000140119e+02 4.810127313132547044e+00 1.761309162833620268e-01
1.450000000000131024e+02 4.611475442112731749e+00 1.757922057628701074e-01
1.460000000000121929e+02 4.411879524206317349e+00 1.754528534379172500e-01
1.470000000000112834e+02 4.211326994736414697e+00 1.751129566612022181e-01
1.480000000000103739e+02 4.009803687363212354e+00 1.747726102225868050e-01
1.490000000000094644e+02 3.807293802067020838e+00 1.744319060685457223e-01
1.500000000000085549e+02 3.603779872638226411e+00 1.740909330272153721e-01
1.510000000000076454e+02 3.399242733562527263e+00 1.737497765397637561e-01
1.520000000000067359e+02 3.193661486191340604e+00 1.734085183987440770e-01
1.530000000000058265e+02 2.987013464089380399e+00 1.730672364940341601e-01
1.540000000000049170e+02 2.779274197454714379e+00 1.727260045668943256e-01
1.550000000000040075e+02 2.570417376510598206e+00 1.723848919726125861e-01
1.560000000000030980e+02 2.360414813773695109e+00 1.720439634521380712e-01
1.570000000000021885e+02 2.149236405109602011e+00 1.717032789130365777e-01
1.580000000000012790e+02 1.936850089494227989e+00 1.713628932200337851e-01
1.590000000000003695e+02 1.723221807408538142e+00 1.710228559953515526e-01
1.599999999999994600e+02 1.508315457804664250e+00 1.706832114289773272e-01
1.609999999999985505e+02 1.292092853593531876e+00 1.703439980989508440e-01
1.619999999999976410e+02 1.074513675618066433e+00 1.700052488016971231e-01
1.629999999999967315e+02 8.555354250920712555e-01 1.696669903923842260e-01
1.639999999999958220e+02 6.351133745031166677e-01 1.693292436352459018e-01
1.649999999999949125e+02 4.132005169984062087e-01 1.689920230637653731e-01
1.659999999999940030e+02 1.897475142962706807e-01 1.686553368505936124e-01
1.669999999999930935e+02 -3.529735680759711614e-02 1.683191866870489273e-01
1.679999999999921840e+02 -2.619882592398550258e-01 1.679835676720339843e-01
1.689999999999912745e+02 -4.903818516219780044e-01 1.676484682102028778e-01
1.699999999999903650e+02 -7.205373452439841619e-01 1.673138699192174006e-01
1.709999999999894555e+02 -9.525165618249961108e-01 1.669797475459479374e-01
1.719999999999885461e+02 -1.186383991797719917e+00 1.666460688915041288e-01
1.729999999999876366e+02 -1.422206852799803078e+00 1.663127947450235011e-01
1.739999999999867271e+02 -1.660055147994174973e+00 1.659798788261983293e-01
1.749999999999858176e+02 -1.900001723772508644e+00 1.656472677365889712e-01
1.759999999999849081e+02 -2.142122326320021308e+00 1.653149009198571495e-01
1.769999999999839986e+02 -2.386495656435168922e+00 1.649827106311451130e-01
1.779999999999830891e+02 -2.633203421903729247e+00 1.646506219159487028e-01
1.789999999999821796e+02 -2.882330386622327545e+00 1.643185525989492579e-01
1.799999999999812701e+02 -3.133964415550940519e+00 1.639864132834297217e-01
1.809999999999803606e+02 -3.388196514446579766e+00 1.636541073620535747e-01
1.819999999999794511e+02 -3.645120863190391525e+00 1.633215310399720177e-01
1.829999999999785416e+02 -3.904834841367331055e+00 1.629885733714228346e-01
1.839999999999776321e+02 -4.167439044591108477e+00 1.626551163112006926e-01
1.849999999999767226e+02 -4.433037289886922139e+00 1.623210347826127276e-01
1.859999999999758131e+02 -4.701736608251315452e+00 1.619861967637831746e-01
1.869999999999749036e+02 -4.973647222302877147e+00 1.616504633944355340e-01
1.879999999999739941e+02 -5.248882506721454178e+00 1.613136891055579614e-01
1.889999999999730846e+02 -5.527558928950506711e+00 1.609757217746442259e-01
1.899999999999721751e+02 -5.809795967408876827e+00 1.606364029094970169e-01
1.909999999999712657e+02 -6.095716004234106755e+00 1.602955678638738890e-01
1.919999999999703562e+02 -6.385444189366142886e+00 1.599530460885439931e-01
1.929999999999694467e+02 -6.679108272587214401e+00 1.596086614216004895e-01
1.939999999999685372e+02 -6.976838399979079064e+00 1.592622324221259211e-01
1.949999999999676277e+02 -7.278766871159334961e+00 1.589135727515235408e-01
1.959999999999667182e+02 -7.585027853639499718e+00 1.585624916069977020e-01
1.969999999999658087e+02 -7.895757050740076721e+00 1.582087942117629265e-01
1.979999999999648992e+02 -8.211091319739017180e+00 1.578522823665766683e-01
1.989999999999639897e+02 -8.531168237366443918e+00 1.574927550670923160e-01
1.999999999999630802e+02 -8.856125610444694374e+00 1.571300091912883334e-01
2.009999999999621707e+02 -9.186100930471395642e+00 1.567638402608245163e-01
2.019999999999612612e+02 -9.521230772325884217e+00 1.563940432795619395e-01
2.029999999999603517e+02 -9.861650139122817293e+00 1.560204136516287199e-01
2.039999999999594422e+02 -1.020749175762019156e+01 1.556427481802760138e-01
2.049999999999585327e+02 -1.055888533158910114e+01 1.552608461473003743e-01
2.059999999999576232e+02 -1.091595676423212780e+01 1.548745104709851050e-01
2.069999999999567137e+02 -1.127882736513860529e+01 1.544835489382745120e-01
2.079999999999558042e+02 -1.164761306238751892e+01 1.540877755042285857e-01
2.089999999999548947e+02 -1.202242364619873172e+01 1.536870116486872828e-01
2.099999999999539853e+02 -1.240336207685485981e+01 1.532810877765029278e-01
2.109999999999530758e+02 -1.279052389623475783e+01 1.528698446437084801e-01
2.119999999999521663e+02 -1.318399678885683102e+01 1.524531347876401932e-01
2.129999999999512568e+02 -1.358386034433143941e+01 1.520308239344386747e-01
2.139999999999503473e+02 -1.399018607792427282e+01 1.516027923526753751e-01
2.149999999999494378e+02 -1.440303776875900610e+01 1.511689361173253476e-01
2.159999999999485283e+02 -1.482247217514807147e+01 1.507291682442284675e-01
2.169999999999476188e+02 -1.524854018268790057e+01 1.502834196519180765e-01
2.179999999999467093e+02 -1.568128843215623647e+01 1.498316399056798809e-01
2.189999999999457998e+02 -1.612076146009151856e+01 1.493737976984068072e-01
2.199999999999448903e+02 -1.656700436463803428e+01 1.489098810247244109e-01
2.209999999999439808e+02 -1.702006598259502468e+01 1.484398970094477355e-01
2.219999999999430713e+02 -1.748000253089509215e+01 1.479638713590787358e-01
2.229999999999421618e+02 -1.794688162784552787e+01 1.474818474160224935e-01
2.239999999999412523e+02 -1.842078656797778535e+01 1.469938848095614370e-01
2.249999999999403428e+02 -1.890182068158784290e+01 1.465000577151835959e-01
2.259999999999394333e+02 -1.939011156907887212e+01 1.460004527541451103e-01
2.269999999999385238e+02 -1.988581496480433941e+01 1.454951665873481237e-01
2.279999999999376143e+02 -2.038911795960914120e+01 1.449843032805908927e-01
2.289999999999367049e+02 -2.090024130045751960e+01 1.444679715405649545e-01
2.299999999999357954e+02 -2.141944049432654040e+01 1.439462819409087213e-01
2.309999999999348859e+02 -2.194700547654954548e+01 1.434193442732840107e-01
2.319999999999339764e+02 -2.248325866470582923e+01 1.428872651678450845e-01
2.329999999999330669e+02 -2.302855130984986332e+01 1.423501461286905412e-01
2.339999999999321574e+02 -2.358325817633583554e+01 1.418080821212583942e-01
2.349999999999312479e+02 -2.414777072458188556e+01 1.412611608289472132e-01
2.359999999999303384e+02 -2.472248912765316575e+01 1.407094626650694791e-01
2.369999999999294289e+02 -2.530781360607345221e+01 1.401530615841934391e-01
2.379999999999285194e+02 -2.590413569826426254e+01 1.395920266859628223e-01
2.389999999999276099e+02 -2.651183016724140984e+01 1.390264245480292149e-01
2.399999999999267004e+02 -2.713124826701318071e+01 1.384563221677836409e-01
2.409999999999257909e+02 -2.776271303096303811e+01 1.378817903411113099e-01
2.419999999999248814e+02 -2.840651710434117660e+01 1.373029072668723038e-01
2.429999999999239719e+02 -2.906292343388284749e+01 1.367197621439976141e-01
2.439999999999230624e+02 -2.973216887698596977e+01 1.361324585278982369e-01
2.449999999999221529e+02 -3.041447053661677913e+01 1.355411172354228089e-01
2.459999999999212434e+02 -3.111003440347134230e+01 1.349458786305499924e-01
2.469999999999203339e+02 -3.181906572439002545e+01 1.343469041808656450e-01
2.479999999999194245e+02 -3.254178043288349187e+01 1.337443772398477781e-01
2.489999999999185150e+02 -3.327841697536752008e+01 1.331385030734092423e-01
2.499999999999176055e+02 -3.402924793269831838e+01 1.325295082031875959e-01
2.509999999999166960e+02 -3.479459094877991987e+01 1.319176391780088331e-01
2.519999999999157865e+02 -3.557481861086680652e+01 1.313031609060356930e-01
2.529999999999148770e+02 -3.637036705596538866e+01 1.306863546836210255e-01
2.539999999999139675e+02 -3.718174318596152261e+01 1.300675160455977419e-01
2.549999999999130580e+02 -3.800953044870308162e+01 1.294469525400307186e-01
2.559999999999121485e+02 -3.885439317714390484e+01 1.288249815032796175e-01
2.569999999999112674e+02 -3.971707947194292387e+01 1.282019278832364495e-01
2.579999999999103579e+02 -4.059842257371986562e+01 1.275781221335637317e-01
2.589999999999094484e+02 -4.149934061004963581e+01 1.269538981820034496e-01
2.599999999999085389e+02 -4.242083430488165874e+01 1.263295914633415784e-01
2.609999999999076294e+02 -4.336398231275362036e+01 1.257055370034157460e-01
2.619999999999067199e+02 -4.432993349916144155e+01 1.250820675414251737e-01
2.629999999999058105e+02 -4.531989519929136634e+01 1.244595116853925987e-01
2.639999999999049010e+02 -4.633511617628376200e+01 1.238381921085453252e-01
2.649999999999039915e+02 -4.737686259606787331e+01 1.232184238110195368e-01
2.659999999999030820e+02 -4.844638486473689909e+01 1.226005124905615307e-01
2.669999999999021725e+02 -4.954487264772269839e+01 1.219847530867339963e-01
2.679999999999012630e+02 -5.067339484383026615e+01 1.213714285844120916e-01
2.689999999999003535e+02 -5.183282079936306985e+01 1.207608091827750418e-01
2.699999999998994440e+02 -5.302371876230020575e+01 1.201531519537603343e-01
2.709999999998985345e+02 -5.424622773525361197e+01 1.195487011264910193e-01
2.719999999998976250e+02 -5.549989985867108544e+01 1.189476891376697043e-01
2.729999999998967155e+02 -5.678351275594966552e+01 1.183503385769461014e-01
2.739999999998958060e+02 -5.809485552299000943e+01 1.177568651236275965e-01
2.749999999998948965e+02 -5.943049884291605878e+01 1.171674815083827703e-01
2.759999999998939870e+02 -6.078556931667471730e+01 1.165824024327209441e-01
2.769999999998930775e+02 -6.215355993528841339e+01 1.160018502357087894e-01
2.779999999998921680e+02 -6.352622057367742769e+01 1.154260609164237533e-01
2.789999999998912585e+02 -6.489358032257386810e+01 1.148552899224710711e-01
2.799999999998903490e+02 -6.624415150619802262e+01 1.142898169403742531e-01
2.809999999998894396e+02 -6.756534755440888773e+01 1.137299488321138197e-01
2.819999999998885301e+02 -6.884411132417011459e+01 1.131760199172640452e-01
2.829999999998876206e+02 -7.006770223123159269e+01 1.126283890435065133e-01
2.839999999998867111e+02 -7.122454335938020620e+01 1.120874333091859687e-01
2.849999999998858016e+02 -7.230500152419918436e+01 1.115535388226967378e-01
2.859999999998848921e+02 -7.330197771979106847e+01 1.110270893769040174e-01
2.869999999998839826e+02 -7.421122371421770936e+01 1.105084542494654265e-01
2.879999999998830731e+02 -7.503135986007032443e+01 1.099979764271852845e-01
2.889999999998821636e+02 -7.576362870898718427e+01 1.094959623900631090e-01
2.899999999998812541e+02 -7.641146052418835666e+01 1.090026742486077116e-01
2.909999999998803446e+02 -7.697994209293659651e+01 1.085183246142036595e-01
2.919999999998794351e+02 -7.747527216736050093e+01 1.080430741986491139e-01
2.929999999998785256e+02 -7.790426478806263333e+01 1.075770318514013835e-01
2.939999999998776161e+02 -7.827393586057009145e+01 1.071202565743136353e-01
2.949999999998767066e+02 -7.859118585859980044e+01 1.066727609927827364e-01
2.959999999998757971e+02 -7.886257564588099456e+01 1.062345157808438356e-01
2.969999999998748876e+02 -7.909418330390194285e+01 1.058054546039759874e-01
2.979999999998739781e+02 -7.929152610314801564e+01 1.053854792304440707e-01
2.989999999998730686e+02 -7.945953153330574992e+01 1.049744645512565577e-01
2.999999999998721592e+02 -7.960254302910658453e+01 1.045722633293991871e-01
3.009999999998712497e+02 -7.972434856520401070e+01 1.041787105659793822e-01
3.019999999998703402e+02 -7.982822295235457943e+01 1.037936274231866379e-01
3.029999999998694307e+02 -7.991697708126677924e+01 1.034168246826134147e-01
3.039999999998685212e+02 -7.999300937608850859e+01 1.030481057445247484e-01
3.049999999998676117e+02 -8.005835630738707209e+01 1.026872691914355040e-01
3.059999999998667022e+02 -8.011474000955394104e+01 1.023341109500342794e-01
3.069999999998657927e+02 -8.016361191164315869e+01 1.019884260909710433e-01
3.079999999998648832e+02 -8.020619189133539351e+01 1.016500103078507439e-01
3.089999999998639737e+02 -8.024350286162768953e+01 1.013186611161336209e-01
3.099999999998630642e+02 -8.027640095210311699e+01 1.009941788104486010e-01
3.109999999998621547e+02 -8.030560159377527896e+01 1.006763672157294370e-01
3.119999999998612452e+02 -8.033170189121103988e+01 1.003650342640541038e-01
3.129999999998603357e+02 -8.035519969219544123e+01 1.000599924254188117e-01
3.139999999998594262e+02 -8.037650976113691570e+01 9.976105901711677937e-02
3.149999999998585167e+02 -8.039597744003910407e+01 9.946805641304805323e-02
3.159999999998576072e+02 -8.041389014860402540e+01 9.918081217122097504e-02
3.169999999998566977e+02 -8.043048703846184821e+01 9.889915909496178881e-02
3.179999999998557882e+02 -8.044596707921868983e+01 9.862293524092122232e-02
3.189999999998548788e+02 -8.046049581813232976e+01 9.835198388484744925e-02
3.199999999998539693e+02 -8.047421102199341192e+01 9.808615345426567600e-02
3.209999999998530598e+02 -8.048722737978218333e+01 9.782529743563754543e-02
3.219999999998521503e+02 -8.049964041807336912e+01 9.756927426223609146e-02
3.229999999998512408e+02 -8.051152975791154631e+01 9.731794718784694820e-02
3.239999999998503313e+02 -8.052296182176165473e+01 9.707118415045516702e-02
3.249999999998494218e+02 -8.053399208187785518e+01 9.682885762928440665e-02
3.259999999998485123e+02 -8.054466692671601891e+01 9.659084449789283322e-02
3.269999999998476028e+02 -8.055502520953028522e+01 9.635702587548168607e-02
3.279999999998466933e+02 -8.056509953274793645e+01 9.612728697811862011e-02
3.289999999998457838e+02 -8.057491731283946024e+01 9.590151697120634366e-02
3.299999999998448743e+02 -8.058450166294379358e+01 9.567960882421941426e-02
3.309999999998439648e+02 -8.059387212426651104e+01 9.546145916848497448e-02
3.319999999998430553e+02 -8.060304527204580438e+01 9.524696815857958132e-02
3.329999999998421458e+02 -8.061203521752415213e+01 9.503603933775045531e-02
3.339999999998412363e+02 -8.062085402372758836e+01 9.482857950763950994e-02
3.349999999998403268e+02 -8.062951204983070852e+01 9.462449860248263456e-02
3.359999999998394173e+02 -8.063801823636619304e+01 9.442370956787303482e-02
3.369999999998385078e+02 -8.064638034144495293e+01 9.422612824411349952e-02
3.379999999998375984e+02 -8.065460513641345131e+01 9.403167325413137878e-02
3.389999999998366889e+02 -8.066269856793215354e+01 9.384026589588910505e-02
3.399999999998357794e+02 -8.067066589226020312e+01 9.365183003919799742e-02
3.409999999998348699e+02 -8.067851178653674538e+01 9.346629202681656923e-02
3.419999999998339604e+02 -8.068624044102739390e+01 9.328358057970317918e-02
3.429999999998330509e+02 -8.069385563561894514e+01 9.310362670628009873e-02
3.439999999998321414e+02 -8.070136080328109074e+01 9.292636361556133595e-02
3.449999999998312319e+02 -8.070875908274450694e+01 9.275172663399067208e-02
3.459999999998303224e+02 -8.071605336225668736e+01 9.257965312583946171e-02
3.469999999998294129e+02 -8.072324631595465405e+01 9.241008241700984782e-02
3.479999999998285034e+02 -8.073034043412879157e+01 9.224295572209602334e-02
3.489999999998275939e+02 -8.073733804843107009e+01 9.207821607455612956e-02
3.499999999998266844e+02 -8.074424135289855542e+01 9.191580825985412595e-02
3.509999999998257749e+02 -8.075105242151296636e+01 9.175567875143336716e-02
3.519999999998248654e+02 -8.075777322289179949e+01 9.159777564939128314e-02
3.529999999998239559e+02 -8.076440563260348426e+01 9.144204862172794490e-02
3.539999999998230464e+02 -8.077095144351436318e+01 9.128844884804762638e-02
3.549999999998221369e+02 -8.077741237450307210e+01 9.113692896559745515e-02
3.559999999998212274e+02 -8.078379007782218935e+01 9.098744301753367014e-02
3.569999999998203180e+02 -8.079008614533620403e+01 9.083994640330955717e-02
3.579999999998194085e+02 -8.079630211382679761e+01 9.069439583108647451e-02
3.589999999998184990e+02 -8.080243946952226963e+01 9.055074927207200364e-02
3.599999999998175895e+02 -8.080849965198217433e+01 9.040896591669624061e-02
3.609999999998166800e+02 -8.081448405744403374e+01 9.026900613254053296e-02
3.619999999998157705e+02 -8.082039404172145680e+01 9.013083142393715774e-02
3.629999999998148610e+02 -8.082623092272791610e+01 8.999440439316405693e-02
3.639999999998139515e+02 -8.083199598268656416e+01 8.985968870316145274e-02
3.649999999998130420e+02 -8.083769047007665165e+01 8.972664904170084277e-02
3.659999999998121325e+02 -8.084331560135942141e+01 8.959525108694166295e-02
3.669999999998112230e+02 -8.084887256251694510e+01 8.946546147431301554e-02
3.679999999998103135e+02 -8.085436251043329037e+01 8.933724776466245299e-02
3.689999999998094040e+02 -8.085978657414202075e+01 8.921057841361447471e-02
3.699999999998084945e+02 -8.086514585595983817e+01 8.908542274208720857e-02
3.709999999998075850e+02 -8.087044143252313688e+01 8.896175090791628992e-02
3.719999999998066755e+02 -8.087567435574013075e+01 8.883953387853817107e-02
3.729999999998057660e+02 -8.088084565367141465e+01 8.871874340468804965e-02
3.739999999998048565e+02 -8.088595633134806917e+01 8.859935199506870085e-02
3.749999999998039470e+02 -8.089100737153498244e+01 8.848133289194939910e-02
3.759999999998030376e+02 -8.089599973544642353e+01 8.836466004765654303e-02
3.769999999998021281e+02 -8.090093436341929589e+01 8.824930810191826402e-02
3.779999999998012186e+02 -8.090581217554976945e+01 8.813525236002803243e-02
3.789999999998003091e+02 -8.091063407229545135e+01 8.802246877179392692e-02
3.799999999997993996e+02 -8.091540093504822551e+01 8.791093391124127354e-02
3.809999999997984901e+02 -8.092011362667997787e+01 8.780062495703860881e-02
3.819999999997975806e+02 -8.092477299206379371e+01 8.769151967361729638e-02
3.829999999997966711e+02 -8.092937985857223282e+01 8.758359639295784649e-02
3.839999999997957616e+02 -8.093393503655558163e+01 8.747683399701633444e-02
3.849999999997948521e+02 -8.093843931980067907e+01 8.737121190076514721e-02
3.859999999997939426e+02 -8.094289348597253309e+01 8.726671003582531227e-02
3.869999999997930331e+02 -8.094729829703844359e+01 8.716330883466567869e-02
3.879999999997921236e+02 -8.095165449967792881e+01 8.706098921534861923e-02
3.889999999997912141e+02 -8.095596282567728963e+01 8.695973256680045171e-02
3.899999999997903046e+02 -8.096022399231158317e+01 8.685952073458648448e-02
3.909999999997893951e+02 -8.096443870271222920e+01 8.676033600717188154e-02
3.919999999997884856e+02 -8.096860764622347517e+01 8.666216110264968187e-02
3.929999999997875761e+02 -8.097273149874750686e+01 8.656497915591865322e-02
3.939999999997866666e+02 -8.097681092307725237e+01 8.646877370629398041e-02
3.949999999997857572e+02 -8.098084656921976432e+01 8.637352868553424545e-02
3.959999999997848477e+02 -8.098483907470952659e+01 8.627922840627030854e-02
3.969999999997839382e+02 -8.098878906491110286e+01 8.618585755082064370e-02
3.979999999997830287e+02 -8.099269715331372765e+01 8.609340116037850210e-02
3.989999999997821192e+02 -8.099656394181627661e+01 8.600184462455812140e-02
3.999999999997812097e+02 -8.100039002100419339e+01 8.591117367128638105e-02
4.009999999997803002e+02 -8.100417597041797535e+01 8.582137435702787143e-02
4.019999999997793907e+02 -8.100792235881354486e+01 8.573243305733067865e-02
4.029999999997784812e+02 -8.101162974441587039e+01 8.564433645768168568e-02
4.039999999997775717e+02 -8.101529867516423167e+01 8.555707154466062059e-02
4.049999999997766622e+02 -8.101892968895128888e+01 8.547062559738156928e-02
4.059999999997757527e+02 -8.102252331385481909e+01 8.538498617921226608e-02
4.069999999997748432e+02 -8.102608006836327093e+01 8.530014112976097573e-02
4.079999999997739337e+02 -8.102960046159476803e+01 8.521607855712118318e-02
4.089999999997730242e+02 -8.103308499350960403e+01 8.513278683036656913e-02
4.099999999997721147e+02 -8.103653415511809044e+01 8.505025457228526653e-02
4.109999999997712052e+02 -8.103994842868117132e+01 8.496847065234673646e-02
4.119999999997702957e+02 -8.104332828790664678e+01 8.488742417989238176e-02
4.129999999997693862e+02 -8.104667419813918627e+01 8.480710449754219615e-02
4.139999999997684768e+02 -8.104998661654620662e+01 8.472750117481034349e-02
4.149999999997675673e+02 -8.105326599229749718e+01 8.464860400192200651e-02
4.159999999997666578e+02 -8.105651276674106498e+01 8.457040298382460797e-02
4.169999999997657483e+02 -8.105972737357382130e+01 8.449288833438704793e-02
4.179999999997648388e+02 -8.106291023900774917e+01 8.441605047078040713e-02
4.189999999997639293e+02 -8.106606178193179346e+01 8.433988000803351037e-02
4.199999999997630198e+02 -8.106918241406943082e+01 8.426436775375803490e-02
4.209999999997621103e+02 -8.107227254013196216e+01 8.418950470303673828e-02
4.219999999997612008e+02 -8.107533255796813876e+01 8.411528203347004573e-02
4.229999999997602913e+02 -8.107836285870985193e+01 8.404169110037484902e-02
4.239999999997593818e+02 -8.108136382691357369e+01 8.396872343213088175e-02
4.249999999997584723e+02 -8.108433584069896938e+01 8.389637072566953624e-02
4.259999999997575628e+02 -8.108727927188350293e+01 8.382462484210044529e-02
4.269999999997566533e+02 -8.109019448611331882e+01 8.375347780247104079e-02
4.279999999997557438e+02 -8.109308184299153766e+01 8.368292178365489831e-02
4.289999999997548343e+02 -8.109594169620294224e+01 8.361294911436421839e-02
4.299999999997539248e+02 -8.109877439363543772e+01 8.354355227128264227e-02
4.309999999997530153e+02 -8.110158027749845644e+01 8.347472387531437721e-02
4.319999999997521059e+02 -8.110435968443900379e+01 8.340645668794556544e-02
4.329999999997511964e+02 -8.110711294565412288e+01 8.333874360771416356e-02
4.339999999997502869e+02 -8.110984038700080134e+01 8.327157766678532080e-02
4.349999999997493774e+02 -8.111254232910349060e+01 8.320495202762809295e-02
4.359999999997484679e+02 -8.111521908745875464e+01 8.313885997979056364e-02
4.369999999997475584e+02 -8.111787097253714762e+01 8.307329493677007015e-02
4.379999999997466489e+02 -8.112049828988331512e+01 8.300825043297514749e-02
4.389999999997457394e+02 -8.112310134021286956e+01 8.294372012077680378e-02
4.399999999997448299e+02 -8.112568041950771658e+01 8.287969776764558816e-02
4.409999999997439204e+02 -8.112823581910835458e+01 8.281617725337216129e-02
4.419999999997430109e+02 -8.113076782580466784e+01 8.275315256736848202e-02
4.429999999997421014e+02 -8.113327672192437490e+01 8.269061780604679279e-02
4.439999999997411919e+02 -8.113576278541884790e+01 8.262856717027407261e-02
4.449999999997402824e+02 -8.113822628994775243e+01 8.256699496290000051e-02
4.459999999997393729e+02 -8.114066750496137104e+01 8.250589558635490484e-02
4.469999999997384634e+02 -8.114308669578070976e+01 8.244526354031676829e-02
4.479999999997375539e+02 -8.114548412367631158e+01 8.238509341944426356e-02
4.489999999997366444e+02 -8.114786004594489555e+01 8.232537991117393206e-02
4.499999999997357349e+02 -8.115021471598424796e+01 8.226611779357931309e-02
4.509999999997348255e+02 -8.115254838336652199e+01 8.220730193329070512e-02
4.519999999997339160e+02 -8.115486129391005932e+01 8.214892728347264472e-02
4.529999999997330065e+02 -8.115715368974893806e+01 8.209098888185814569e-02
4.539999999997320970e+02 -8.115942580940173912e+01 8.203348184883714478e-02
4.549999999997311875e+02 -8.116167788783819503e+01 8.197640138559851575e-02
4.559999999997302780e+02 -8.116391015654481578e+01 8.191974277232273727e-02
4.569999999997293685e+02 -8.116612284358856755e+01 8.186350136642440989e-02
4.579999999997284590e+02 -8.116831617367945739e+01 8.180767260084297055e-02
4.589999999997275495e+02 -8.117049036823172514e+01 8.175225198237960622e-02
4.599999999997266400e+02 -8.117264564542364269e+01 8.169723509008021411e-02
4.609999999997257305e+02 -8.117478222025586376e+01 8.164261757366113315e-02
4.619999999997248210e+02 -8.117690030460875050e+01 8.158839515197789660e-02
4.629999999997239115e+02 -8.117900010729808002e+01 8.153456361153461895e-02
4.639999999997230020e+02 -8.118108183413040990e+01 8.148111880503385029e-02
4.649999999997220925e+02 -8.118314568795598518e+01 8.142805664996445592e-02
4.659999999997211830e+02 -8.118519186872138960e+01 8.137537312722736838e-02
4.669999999997202735e+02 -8.118722057352110255e+01 8.132306427979718588e-02
4.679999999997193640e+02 -8.118923199664746448e+01 8.127112621141925619e-02
4.689999999997184545e+02 -8.119122632963973274e+01 8.121955508534114965e-02
4.699999999997175451e+02 -8.119320376133237005e+01 8.116834712307638422e-02
4.709999999997166356e+02 -8.119516447790229563e+01 8.111749860320136007e-02
4.719999999997157261e+02 -8.119710866291462992e+01 8.106700586018249222e-02
4.729999999997148166e+02 -8.119903649736819773e+01 8.101686528323409631e-02
4.739999999997139071e+02 -8.120094815973949665e+01 8.096707331520507089e-02
4.749999999997129976e+02 -8.120284382602601170e+01 8.091762645149450095e-02
4.759999999997120881e+02 -8.120472366978880530e+01 8.086852123899479494e-02
4.769999999997111786e+02 -8.120658786219399872e+01 8.081975427506118970e-02
4.779999999997102691e+02 -8.120843657205330146e+01 8.077132220650727612e-02
4.789999999997093596e+02 -8.121026996586392954e+01 8.072322172862636536e-02
4.799999999997084501e+02 -8.121208820784769955e+01 8.067544958423650270e-02
4.809999999997075406e+02 -8.121389145998941217e+01 8.062800256274987865e-02
4.819999999997066311e+02 -8.121567988207414146e+01 8.058087749926452770e-02
4.829999999997057216e+02 -8.121745363172384202e+01 8.053407127367932794e-02
4.839999999997048121e+02 -8.121921286443370036e+01 8.048758080983001162e-02
4.849999999997039026e+02 -8.122095773360709359e+01 8.044140307464661688e-02
4.859999999997029931e+02 -8.122268839059036338e+01 8.039553507733132598e-02
4.869999999997020836e+02 -8.122440498470666626e+01 8.034997386855639856e-02
4.879999999997011741e+02 -8.122610766328901377e+01 8.030471653968100643e-02
4.889999999997002647e+02 -8.122779657171319911e+01 8.025976022198738624e-02
4.899999999996993552e+02 -8.122947185342933096e+01 8.021510208593474189e-02
4.909999999996984457e+02 -8.123113364999339581e+01 8.017073934043127126e-02
4.919999999996975362e+02 -8.123278210109779707e+01 8.012666923212309611e-02
4.929999999996966267e+02 -8.123441734460156738e+01 8.008288904470040048e-02
4.939999999996957172e+02 -8.123603951655979927e+01 8.003939609821929257e-02
4.949999999996948077e+02 -8.123764875125291951e+01 7.999618774843963998e-02
4.959999999996938982e+02 -8.123924518121437188e+01 7.995326138617865619e-02
4.969999999996929887e+02 -8.124082893725910992e+01 7.991061443667907271e-02
4.979999999996920792e+02 -8.124240014851075387e+01 7.986824435899171626e-02
4.989999999996911697e+02 -8.124395894242819338e+01 7.982614864537274091e-02
4.999999999996902602e+02 -8.124550544483210501e+01 7.978432482069409970e-02
5.000000000000000000e+02 -8.124550544483258818e+01 7.978432482068117948e-02
