1.000000000000000666e+00 -7.217004493073285687e+01 7.359456012534038027e-02
2.000000000000001332e+00 -6.327734349485903209e+01 7.362415782802793351e-02
2.999999999999980016e+00 -6.992939926353907154e+00 7.372553134073793479e-02
3.999999999999958700e+00 3.630573881262836977e+01 7.885617881356896119e-02
4.999999999999937828e+00 3.023544510966146603e+01 9.224106728029635160e-02
5.999999999999916511e+00 2.566065928242749550e+01 1.107237240492516261e-01
6.999999999999895195e+00 2.288441368150341404e+01 1.303742221170396953e-01
7.999999999999873879e+00 2.144190870017976991e+01 1.479785467467545912e-01
8.999999999999852562e+00 2.085302865866978195e+01 1.619704996114355033e-01
9.999999999999831246e+00 2.076945417266531280e+01 1.722001257402900332e-01
1.099999999999980993e+01 2.096604942098949209e+01 1.792690049899715588e-01
1.199999999999978861e+01 2.130488884438040031e+01 1.839943033494383651e-01
1.299999999999976730e+01 2.170410309204939381e+01 1.871260847585170806e-01
1.399999999999974598e+01 2.211614463673330633e+01 1.892472951581435914e-01
1.499999999999972466e+01 2.251371685247635668e+01 1.907672008728672208e-01
1.599999999999970335e+01 2.288097132243040477e+01 1.919509414189382313e-01
1.699999999999985789e+01 2.320809265816184208e+01 1.929568094704197379e-01
1.800000000000001421e+01 2.348795284640070236e+01 1.938696281827181622e-01
1.900000000000017053e+01 2.371394250335528753e+01 1.947265688377919080e-01
2.000000000000032685e+01 2.387838922871017999e+01 1.955350924075376362e-01
2.100000000000048317e+01 2.397122706947696003e+01 1.962840328172169302e-01
2.200000000000063949e+01 2.397897752373024360e+01 1.969497049308994163e-01
2.300000000000079581e+01 2.388517084479330777e+01 1.975004860148815156e-01
2.400000000000095213e+01 2.367588575608402479e+01 1.979058375880264897e-01
2.500000000000110845e+01 2.335528633838929125e+01 1.981537436488091108e-01
2.600000000000126477e+01 2.296106545523426590e+01 1.982637553951142051e-01
2.700000000000142109e+01 2.254897349843160370e+01 1.982748271792257044e-01
2.800000000000157740e+01 2.215784577028550117e+01 1.982226757454495780e-01
2.900000000000173372e+01 2.180075743667728716e+01 1.981320896679230059e-01
3.000000000000189004e+01 2.147709417037511770e+01 1.980194509388457924e-01
3.100000000000204636e+01 2.118267557473851426e+01 1.978956892135757262e-01
3.200000000000220268e+01 2.091361454482513693e+01 1.977679833681624810e-01
3.300000000000200373e+01 2.066698531925483806e+01 1.976408448558814868e-01
3.400000000000180478e+01 2.044054724134342038e+01 1.975169245900898485e-01
3.500000000000160583e+01 2.023239717259019343e+01 1.973976186223459217e-01
3.600000000000140687e+01 2.004076357036294098e+01 1.972835006563066484e-01
3.700000000000120792e+01 1.986393010931535130e+01 1.971746191314638075e-01
3.800000000000100897e+01 1.970023200089913118e+01 1.970706983337567886e-01
3.900000000000081002e+01 1.954808006269754017e+01 1.969712744714283703e-01
4.000000000000061107e+01 1.940598768570982458e+01 1.968757876253912908e-01
4.100000000000041211e+01 1.927259039525324624e+01 1.967836430838931505e-01
4.200000000000021316e+01 1.914665568121111860e+01 1.966942510158612434e-01
4.300000000000001421e+01 1.902708429597841899e+01 1.966070507498892950e-01
4.399999999999981526e+01 1.891290531459585367e+01 1.965215242445206290e-01
4.499999999999961631e+01 1.880326723087632601e+01 1.964372021659582523e-01
4.599999999999941735e+01 1.869742693305121151e+01 1.963536651039318182e-01
4.699999999999921840e+01 1.859473789728853887e+01 1.962705417626980919e-01
4.799999999999901945e+01 1.849463849245383784e+01 1.961875054227055493e-01
4.899999999999882050e+01 1.839664094352755086e+01 1.961042695555205717e-01
4.999999999999862155e+01 1.830032125169502066e+01 1.960205831690333411e-01
5.099999999999842260e+01 1.820531019937221728e+01 1.959362262409625188e-01
5.199999999999822364e+01 1.811128545898447584e+01 1.958510054467794415e-01
5.299999999999802469e+01 1.801796475808794895e+01 1.957647502863678057e-01
5.399999999999782574e+01 1.792510001689485932e+01 1.956773096480854957e-01
5.499999999999762679e+01 1.783247235738128822e+01 1.955885488085392365e-01
5.599999999999742784e+01 1.773988787875100215e+01 1.954983468432108795e-01
5.699999999999722888e+01 1.764717409714980079e+01 1.954065944112090836e-01
5.799999999999702993e+01 1.755417695484684515e+01 1.953131918727574190e-01
5.899999999999683098e+01 1.746075831345432050e+01 1.952180476977361800e-01
5.999999999999663203e+01 1.736679385577610191e+01 1.951210771258134746e-01
6.099999999999643308e+01 1.727217133073246558e+01 1.950222010421966690e-01
6.199999999999623412e+01 1.717678908503588531e+01 1.949213450370488598e-01
6.299999999999603517e+01 1.708055483365872362e+01 1.948184386206921470e-01
6.399999999999583622e+01 1.698338462854903241e+01 1.947134145705852193e-01
6.499999999999634781e+01 1.688520199152049983e+01 1.946062083895911676e-01
6.599999999999685940e+01 1.678593718281556590e+01 1.944967578581878742e-01
6.699999999999737099e+01 1.668552658159963897e+01 1.943850026660031982e-01
6.799999999999788258e+01 1.658391215867593615e+01 1.942708841104112683e-01
6.899999999999839417e+01 1.648104102510642477e+01 1.941543448519278126e-01
6.999999999999890576e+01 1.637686504327033177e+01 1.940353287178342989e-01
7.099999999999941735e+01 1.627134048926819432e+01 1.939137805468869047e-01
7.199999999999992895e+01 1.616442775755469086e+01 1.937896460691571898e-01
7.300000000000044054e+01 1.605609110032315101e+01 1.936628718160416651e-01
7.400000000000095213e+01 1.594629839551961936e+01 1.935334050563103647e-01
7.500000000000146372e+01 1.583502093848171732e+01 1.934011937547443216e-01
7.600000000000197531e+01 1.572223325311859021e+01 1.932661865504822496e-01
7.700000000000248690e+01 1.560791291930276614e+01 1.931283327526652216e-01
7.800000000000299849e+01 1.549204041376387231e+01 1.929875823513549360e-01
7.900000000000351008e+01 1.537459896228055989e+01 1.928438860420161605e-01
8.000000000000402167e+01 1.525557440137880505e+01 1.926971952621165662e-01
8.100000000000453326e+01 1.513495504808132353e+01 1.925474622386070533e-01
8.200000000000504485e+01 1.501273157652492074e+01 1.923946400452182792e-01
8.300000000000555644e+01 1.488889690048378256e+01 1.922386826686457162e-01
8.400000000000606803e+01 1.476344606101478441e+01 1.920795450828092499e-01
8.500000000000657963e+01 1.463637611858484711e+01 1.919171833304535724e-01
8.600000000000709122e+01 1.450768604915599091e+01 1.917515546114278713e-01
8.700000000000760281e+01 1.437737664379606706e+01 1.915826173770314444e-01
8.800000000000811440e+01 1.424545041145780466e+01 1.914103314298450931e-01
8.900000000000862599e+01 1.411191148462778600e+01 1.912346580284985942e-01
9.000000000000913758e+01 1.397676552759431523e+01 1.910555599968321860e-01
9.100000000000964917e+01 1.384001964712108901e+01 1.908730018369216852e-01
9.200000000001016076e+01 1.370168230534352638e+01 1.906869498454328016e-01
9.300000000001067235e+01 1.356176323472911172e+01 1.904973722327688301e-01
9.400000000001118394e+01 1.342027335496259610e+01 1.903042392444583564e-01
9.500000000001169553e+01 1.327722469163292374e+01 1.901075232842243945e-01
9.600000000001220712e+01 1.313263029661184333e+01 1.899071990381529518e-01
9.700000000001271871e+01 1.298650417002554214e+01 1.897032435993651345e-01
9.800000000001323031e+01 1.283886118373016672e+01 1.894956365925752062e-01
9.900000000001374190e+01 1.268971700621016652e+01 1.892843602978999673e-01
1.000000000000142535e+02 1.253908802882664553e+01 1.890693997732614817e-01
1.010000000000147651e+02 1.238699129334938398e+01 1.888507429747126598e-01
1.020000000000152767e+02 1.223344442071297955e+01 1.886283808739919465e-01
1.030000000000157883e+02 1.207846554094392566e+01 1.884023075726031504e-01
1.040000000000162999e+02 1.192207322421148419e+01 1.881725204117015438e-01
1.050000000000168114e+02 1.176428641296104693e+01 1.879390200770594543e-01
1.060000000000173230e+02 1.160512435509449247e+01 1.877018106983763257e-01
1.070000000000178346e+02 1.144460653816775064e+01 1.874608999421982503e-01
1.080000000000183462e+02 1.128275262458098283e+01 1.872162990977140617e-01
1.090000000000188578e+02 1.111958238774214536e+01 1.869680231546988758e-01
1.100000000000193694e+02 1.095511564918960801e+01 1.867160908728895674e-01
1.110000000000198810e+02 1.078937221666412150e+01 1.864605248420927730e-01
1.120000000000203926e+02 1.062237182312467887e+01 1.862013515323478752e-01
1.130000000000209042e+02 1.045413406670687095e+01 1.859386013334915488e-01
1.140000000000214158e+02 1.028467835162548738e+01 1.856723085835070008e-01
1.150000000000219273e+02 1.011402383002643290e+01 1.854025115850742589e-01
1.160000000000224389e+02 9.942189344795027139e+00 1.851292526097839120e-01
1.170000000000229505e+02 9.769193373330082864e+00 1.848525778895230565e-01
1.180000000000234621e+02 9.595053972293975164e+00 1.845725375945957980e-01
1.190000000000239737e+02 9.419788723349737936e+00 1.842891857981986958e-01
1.200000000000244853e+02 9.243414679896584829e+00 1.840025804269312670e-01
1.210000000000249969e+02 9.065948314813862652e+00 1.837127831970914726e-01
1.220000000000255085e+02 8.887405469223065069e+00 1.834198595365721385e-01
1.230000000000260201e+02 8.707801302275072430e+00 1.831238784922485097e-01
1.240000000000265317e+02 8.527150241967621724e+00 1.828249126228216337e-01
1.250000000000270433e+02 8.345465936994939327e+00 1.825230378771586504e-01
1.260000000000275548e+02 8.162761209627822367e+00 1.822183334582489489e-01
1.270000000000280664e+02 7.979048009618380455e+00 1.819108816729749778e-01
1.280000000000285638e+02 7.794337369119316072e+00 1.816007677679717103e-01
1.290000000000276543e+02 7.608639358602598435e+00 1.812880797519298148e-01
1.300000000000267448e+02 7.421963043755793521e+00 1.809729082047681070e-01
1.310000000000258353e+02 7.234316443332483360e+00 1.806553460741815720e-01
1.320000000000249258e+02 7.045706487922085870e+00 1.803354884601340580e-01
1.330000000000240163e+02 6.856138979602382832e+00 1.800134323879349352e-01
1.340000000000231068e+02 6.665618552430260024e+00 1.796892765706016859e-01
1.350000000000221974e+02 6.474148633720115065e+00 1.793631211612672638e-01
1.360000000000212879e+02 6.281731406053324029e+00 1.790350674964404920e-01
1.370000000000203784e+02 6.088367769955881137e+00 1.787052178309787298e-01
1.380000000000194689e+02 5.894057307175254223e+00 1.783736750656660097e-01
1.390000000000185594e+02 5.698798244481819708e+00 1.780405424683262072e-01
1.400000000000176499e+02 5.502587417914395651e+00 1.777059233894251744e-01
1.410000000000167404e+02 5.305420237384312898e+00 1.773699209731357529e-01
1.420000000000158309e+02 5.107290651547331528e+00 1.770326378648474364e-01
1.430000000000149214e+02 4.908191112848308890e+00 1.766941759161098080e-01
1.440000000000140119e+02 4.708112542639299569e+00 1.763546358879946041e-01
1.450000000000131024e+02 4.507044296268462702e+00 1.760141171538476823e-01
1.460000000000121929e+02 4.304974128033781433e+00 1.756727174023885452e-01
1.470000000000112834e+02 4.101888155893634647e+00 1.753305323420883133e-01
1.480000000000103739e+02 3.897770825824207641e+00 1.749876554077261503e-01
1.490000000000094644e+02 3.692604875713035639e+00 1.746441774699887817e-01
1.500000000000085549e+02 3.486371298677485964e+00 1.743001865489357816e-01
1.510000000000076454e+02 3.279049305697939509e+00 1.739557675321041497e-01
1.520000000000067359e+02 3.070616287456701787e+00 1.736110018979786229e-01
1.530000000000058265e+02 2.861047775276402305e+00 1.732659674454963272e-01
1.540000000000049170e+02 2.650317401055122257e+00 1.729207380302001384e-01
1.550000000000040075e+02 2.438396856100316423e+00 1.725753833075910904e-01
1.560000000000030980e+02 2.225255848769486455e+00 1.722299684841774592e-01
1.570000000000021885e+02 2.010862060833084719e+00 1.718845540766486824e-01
1.580000000000012790e+02 1.795181102483811353e+00 1.715391956795479234e-01
1.590000000000003695e+02 1.578176465927140226e+00 1.711939437417552556e-01
1.599999999999994600e+02 1.359809477500131480e+00 1.708488433520364558e-01
1.609999999999985505e+02 1.140039248279992146e+00 1.705039340338593834e-01
1.619999999999976410e+02 9.188226231603712213e-01 1.701592495496276058e-01
1.629999999999967315e+02 6.961141283923973910e-01 1.698148177144391535e-01
1.639999999999958220e+02 4.718659176093217833e-01 1.694706602194333001e-01
1.649999999999949125e+02 2.460277163783652354e-01 1.691267924647603116e-01
1.659999999999940030e+02 1.854676535171537188e-02 1.687832234021786337e-01
1.669999999999930935e+02 -2.106322378793970551e-01 1.684399553872698574e-01
1.679999999999921840e+02 -4.415671980876695324e-01 1.680969840412528948e-01
1.689999999999912745e+02 -6.743186826876206297e-01 1.677542981223762997e-01
1.699999999999903650e+02 -9.089499827623046535e-01 1.674118794068887583e-01
1.709999999999894555e+02 -1.145527174558430783e+00 1.670697025796039625e-01
1.719999999999885461e+02 -1.384119181112422270e+00 1.667277351341184544e-01
1.729999999999876366e+02 -1.624797833603686348e+00 1.663859372827929672e-01
1.739999999999867271e+02 -1.867637931958109787e+00 1.660442618766679590e-01
1.749999999999858176e+02 -2.112717304142524455e+00 1.657026543355739900e-01
1.759999999999849081e+02 -2.360116863499121642e+00 1.653610525887874161e-01
1.769999999999839986e+02 -2.609920663366884774e+00 1.650193870267012419e-01
1.779999999999830891e+02 -2.862215948123612907e+00 1.646775804641146812e-01
1.789999999999821796e+02 -3.117093199656834290e+00 1.643355481158920994e-01
1.799999999999812701e+02 -3.374646178133410945e+00 1.639931975859178770e-01
1.809999999999803606e+02 -3.634971955785580189e+00 1.636504288704612731e-01
1.819999999999794511e+02 -3.898170942264809646e+00 1.633071343772750372e-01
1.829999999999785416e+02 -4.164346899933722312e+00 1.629631989619840238e-01
1.839999999999776321e+02 -4.433606947270775755e+00 1.626184999835641187e-01
1.849999999999767226e+02 -4.706061548352185930e+00 1.622729073809837108e-01
1.859999999999758131e+02 -4.981824486152787834e+00 1.619262837733569937e-01
1.869999999999749036e+02 -5.261012817173085665e+00 1.615784845862605068e-01
1.879999999999739941e+02 -5.543746804658596261e+00 1.612293582071673281e-01
1.889999999999730846e+02 -5.830149827431865717e+00 1.608787461732709423e-01
1.899999999999721751e+02 -6.120348261116901334e+00 1.605264833952798065e-01
1.909999999999712657e+02 -6.414471328309219622e+00 1.601723984210771112e-01
1.919999999999703562e+02 -6.712650914043112316e+00 1.598163137434254200e-01
1.929999999999694467e+02 -7.015021342750566546e+00 1.594580461561619367e-01
1.939999999999685372e+02 -7.321719112814727204e+00 1.590974071635527787e-01
1.949999999999676277e+02 -7.632882584822639593e+00 1.587342034476370844e-01
1.959999999999667182e+02 -7.948651619753550612e+00 1.583682373984784675e-01
1.969999999999658087e+02 -8.269167163642896057e+00 1.579993077122254785e-01
1.979999999999648992e+02 -8.594570775792258033e+00 1.576272100617399086e-01
1.989999999999639897e+02 -8.925004098412525622e+00 1.572517378442436498e-01
1.999999999999630802e+02 -9.260608266765654406e+00 1.568726830099404224e-01
2.009999999999621707e+02 -9.601523260487354605e+00 1.564898369748310425e-01
2.019999999999612612e+02 -9.947887198917371165e+00 1.561029916199326573e-01
2.029999999999603517e+02 -1.029983558602167371e+01 1.557119403777766087e-01
2.039999999999594422e+02 -1.065750051394349107e+01 1.553164794053615572e-01
2.049999999999585327e+02 -1.102100983843320670e+01 1.549164088406275175e-01
2.059999999999576232e+02 -1.139048634441306795e+01 1.545115341369472650e-01
2.069999999999567137e+02 -1.176604692571742738e+01 1.541016674670944164e-01
2.079999999999558042e+02 -1.214780180952417155e+01 1.536866291846069876e-01
2.089999999999548947e+02 -1.253585386297661231e+01 1.532662493264457249e-01
2.099999999999539853e+02 -1.293029802668222494e+01 1.528403691363884043e-01
2.109999999999530758e+02 -1.333122092671712444e+01 1.524088425837890060e-01
2.119999999999521663e+02 -1.373870072285721555e+01 1.519715378473141809e-01
2.129999999999512568e+02 -1.415280725522892169e+01 1.515283387282412020e-01
2.139999999999503473e+02 -1.457360255351226996e+01 1.510791459531629910e-01
2.149999999999494378e+02 -1.500114177121846204e+01 1.506238783218334099e-01
2.159999999999485283e+02 -1.543547460135001259e+01 1.501624736528456294e-01
2.169999999999476188e+02 -1.587664721794267741e+01 1.496948894783595441e-01
2.179999999999467093e+02 -1.632470476977760399e+01 1.492211034397025460e-01
2.189999999999457998e+02 -1.677969442746190509e+01 1.487411133389117401e-01
2.199999999999448903e+02 -1.724166895309895509e+01 1.482549368076215568e-01
2.209999999999439808e+02 -1.771069072351732032e+01 1.477626105645323262e-01
2.219999999999430713e+02 -1.818683609483486308e+01 1.472641892461863389e-01
2.229999999999421618e+02 -1.867019995015386513e+01 1.467597438129068232e-01
2.239999999999412523e+02 -1.916090022639756540e+01 1.462493595521522916e-01
2.249999999999403428e+02 -1.965908217451988094e+01 1.457331337245203751e-01
2.259999999999394333e+02 -2.016492207408665038e+01 1.452111729221297054e-01
2.269999999999385238e+02 -2.067863010365622145e+01 1.446835902336903457e-01
2.279999999999376143e+02 -2.120045206790706871e+01 1.441505023335059588e-01
2.289999999999367049e+02 -2.173066970639905904e+01 1.436120266309162397e-01
2.299999999999357954e+02 -2.226959936183226674e+01 1.430682786301492038e-01
2.309999999999348859e+02 -2.281758887070337849e+01 1.425193696560420886e-01
2.319999999999339764e+02 -2.337501265663593841e+01 1.419654050966265568e-01
2.329999999999330669e+02 -2.394226515258059251e+01 1.414064832975938379e-01
2.339999999999321574e+02 -2.451975284340392491e+01 1.408426952152970479e-01
2.349999999999312479e+02 -2.510788538982581386e+01 1.402741248943873142e-01
2.359999999999303384e+02 -2.570706644764384308e+01 1.397008507849773207e-01
2.369999999999294289e+02 -2.631768490756867607e+01 1.391229478555219834e-01
2.379999999999285194e+02 -2.694010732786322038e+01 1.385404903962535739e-01
2.389999999999276099e+02 -2.757467229531444275e+01 1.379535553502191370e-01
2.399999999999267004e+02 -2.822168732425482318e+01 1.373622259617066355e-01
2.409999999999257909e+02 -2.888142869740929441e+01 1.367665955017430268e-01
2.419999999999248814e+02 -2.955414439170058216e+01 1.361667708224476858e-01
2.429999999999239719e+02 -3.024005995410137260e+01 1.355628755085318826e-01
2.439999999999230624e+02 -3.093938693856752309e+01 1.349550524337745361e-01
2.449999999999221529e+02 -3.165233332117554355e+01 1.343434655878613659e-01
2.459999999999212434e+02 -3.237911519978698749e+01 1.337283011066381089e-01
2.469999999999203339e+02 -3.311996906265437701e+01 1.331097675073632525e-01
2.479999999999194245e+02 -3.387516396673316876e+01 1.324880951910515081e-01
2.489999999999185150e+02 -3.464501307865351265e+01 1.318635353196513094e-01
2.499999999999176055e+02 -3.542988417167649118e+01 1.312363582027996911e-01
2.509999999999166960e+02 -3.623020881380362823e+01 1.306068513368046635e-01
2.519999999999157865e+02 -3.704649010401183773e+01 1.299753172297807291e-01
2.529999999999148770e+02 -3.787930890095165637e+01 1.293420711259369027e-01
2.539999999999139675e+02 -3.872932853368985207e+01 1.287074387141632359e-01
2.549999999999130580e+02 -3.959729798466037920e+01 1.280717538764339636e-01
2.559999999999121485e+02 -4.048405349623573812e+01 1.274353565043783998e-01
2.569999999999112674e+02 -4.139051850248624476e+01 1.267985903905112233e-01
2.579999999999103579e+02 -4.231770149287418548e+01 1.261618011860384803e-01
2.589999999999094484e+02 -4.326669144126149291e+01 1.255253344115931369e-01
2.599999999999085389e+02 -4.423865015164960823e+01 1.248895335073710172e-01
2.609999999999076294e+02 -4.523480053481599583e+01 1.242547379161584309e-01
2.619999999999067199e+02 -4.625640951864593831e+01 1.236212812057002064e-01
2.629999999999058105e+02 -4.730476387744553790e+01 1.229894892538665324e-01
2.639999999999049010e+02 -4.838113677743480423e+01 1.223596785399576337e-01
2.649999999999039915e+02 -4.948674228765801075e+01 1.217321546070735255e-01
2.659999999999030820e+02 -5.062267453378734672e+01 1.211072107825704042e-01
2.669999999999021725e+02 -5.178982765574269820e+01 1.204851272648551491e-01
2.679999999999012630e+02 -5.298879241653301619e+01 1.198661707032921547e-01
2.689999999999003535e+02 -5.421972544866390109e+01 1.192505944111607041e-01
2.699999999998994440e+02 -5.548218810039806215e+01 1.186386393555115687e-01
2.709999999998985345e+02 -5.677495419411669531e+01 1.180305360568544432e-01
2.719999999998976250e+02 -5.809579038902620596e+01 1.174265074985087476e-01
2.729999999998967155e+02 -5.944121988424257097e+01 1.168267730814597366e-01
2.739999999998958060e+02 -6.080629019633639132e+01 1.162315535573464481e-01
2.749999999998948965e+02 -6.218437809523596371e+01 1.156410767252898236e-01
2.759999999998939870e+02 -6.356707727666539398e+01 1.150555834926324517e-01
2.769999999998930775e+02 -6.494422262737958818e+01 1.144753336965333990e-01
2.779999999998921680e+02 -6.630410278476519181e+01 1.139006109052388277e-01
2.789999999998912585e+02 -6.763389399442708338e+01 1.133317253263100566e-01
2.799999999998903490e+02 -6.892031081109765012e+01 1.127690140099057714e-01
2.809999999998894396e+02 -7.015041866698970807e+01 1.122128377902611163e-01
2.819999999998885301e+02 -7.131250438131543490e+01 1.116635748447883936e-01
2.829999999998876206e+02 -7.239687224438688418e+01 1.111216112854146454e-01
2.839999999998867111e+02 -7.339643941631872792e+01 1.105873296972057634e-01
2.849999999998858016e+02 -7.430704572834078192e+01 1.100610968685595964e-01
2.859999999998848921e+02 -7.512745538485437180e+01 1.095432520314210262e-01
2.869999999998839826e+02 -7.585908955596596570e+01 1.090340967494711072e-01
2.879999999998830731e+02 -7.650557063483722686e+01 1.085338872333024979e-01
2.889999999998821636e+02 -7.707217312573791901e+01 1.080428294368524500e-01
2.899999999998812541e+02 -7.756526632100460006e+01 1.075610769023050695e-01
2.909999999998803446e+02 -7.799181025133466960e+01 1.070887310361326034e-01
2.919999999998794351e+02 -7.835893945975138308e+01 1.066258433370048109e-01
2.929999999998785256e+02 -7.867364620849704693e+01 1.061724190433252918e-01
2.939999999998776161e+02 -7.894255884602438300e+01 1.057284216937859622e-01
2.949999999998767066e+02 -7.917180219096935900e+01 1.052937781657703326e-01
2.959999999998757971e+02 -7.936692334212067124e+01 1.048683838467553697e-01
2.969999999998748876e+02 -7.953286637630004918e+01 1.044521076847122615e-01
2.979999999998739781e+02 -7.967398132840607161e+01 1.040447969444925069e-01
2.989999999998730686e+02 -7.979405552898920462e+01 1.036462815638102553e-01
2.999999999998721592e+02 -7.989635812299088968e+01 1.032563780539564602e-01
3.009999999998712497e+02 -7.998369105685760871e+01 1.028748929281160518e-01
3.019999999998703402e+02 -8.005844185978529026e+01 1.025016256662973219e-01
3.029999999998694307e+02 -8.012263513931173975e+01 1.021363712428281639e-01
3.039999999998685212e+02 -8.017798090384519583e+01 1.017789222523429599e-01
3.049999999998676117e+02 -8.022591868144762373e+01 1.014290706750846233e-01
3.059999999998667022e+02 -8.026765699574173141e+01 1.010866093237099278e-01
3.069999999998657927e+02 -8.030420815047304473e+01 1.007513330127929457e-01
3.079999999998648832e+02 -8.033641851800966549e+01 1.004230394897649842e-01
3.089999999998639737e+02 -8.036499466684108484e+01 1.001015301627471155e-01
3.099999999998630642e+02 -8.039052573171210270e+01 9.978661065706981304e-02
3.109999999998621547e+02 -8.041350245162966814e+01 9.947809122854193997e-02
3.119999999998612452e+02 -8.043433329299305967e+01 9.917578705792054472e-02
3.129999999998603357e+02 -8.045335804968189564e+01 9.887951844765975606e-02
3.139999999998594262e+02 -8.047085927734819677e+01 9.858911093894735800e-02
3.149999999998585167e+02 -8.048707188084144093e+01 9.830439536429307068e-02
3.159999999998576072e+02 -8.050219113508546798e+01 9.802520784851972979e-02
3.169999999998566977e+02 -8.051637938289850638e+01 9.775138976890550280e-02
3.179999999998557882e+02 -8.052977161932275862e+01 9.748278768341472889e-02
3.189999999998548788e+02 -8.054248014153701263e+01 9.721925323440752664e-02
3.199999999998539693e+02 -8.055459841649268071e+01 9.696064303390444783e-02
3.209999999998530598e+02 -8.056620429493206359e+01 9.670681853537324568e-02
3.219999999998521503e+02 -8.057736268018450687e+01 9.645764589607498662e-02
3.229999999998512408e+02 -8.058812774278528934e+01 9.621299583322860671e-02
3.239999999998503313e+02 -8.059854475719349409e+01 9.597274347660686433e-02
3.249999999998494218e+02 -8.060865162438383891e+01 9.573676821964242911e-02
3.259999999998485123e+02 -8.061848013353682063e+01 9.550495357068038149e-02
3.269999999998476028e+02 -8.062805700718867286e+01 9.527718700565128429e-02
3.279999999998466933e+02 -8.063740476676622393e+01 9.505335982314336296e-02
3.289999999998457838e+02 -8.064654244921315751e+01 9.483336700260992791e-02
3.299999999998448743e+02 -8.065548620021745307e+01 9.461710706625348077e-02
3.309999999998439648e+02 -8.066424976522306167e+01 9.440448194496948997e-02
3.319999999998430553e+02 -8.067284489579668616e+01 9.419539684860724071e-02
3.329999999998421458e+02 -8.068128168592356531e+01 9.398976014070350993e-02
3.339999999998412363e+02 -8.068956885031050774e+01 9.378748321776608776e-02
3.349999999998403268e+02 -8.069771395470293385e+01 9.358848039312114842e-02
3.359999999998394173e+02 -8.070572360650406551e+01 9.339266878529001170e-02
3.369999999998385078e+02 -8.071360361255865712e+01 9.319996821082507377e-02
3.379999999998375984e+02 -8.072135910977937101e+01 9.301030108150593056e-02
3.389999999998366889e+02 -8.072899467331771461e+01 9.282359230577659492e-02
3.399999999998357794e+02 -8.073651440616578157e+01 9.263976919429105228e-02
3.409999999998348699e+02 -8.074392201340658914e+01 9.245876136942468571e-02
3.419999999998339604e+02 -8.075122086377047026e+01 9.228050067860309180e-02
3.429999999998330509e+02 -8.075841404069862506e+01 9.210492111129682524e-02
3.439999999998321414e+02 -8.076550438473044835e+01 9.193195871953173393e-02
3.449999999998312319e+02 -8.077249452871808444e+01 9.176155154176270090e-02
3.459999999998303224e+02 -8.077938692711005331e+01 9.159363952996520120e-02
3.469999999998294129e+02 -8.078618388032984399e+01 9.142816447979928984e-02
3.479999999998285034e+02 -8.079288755509860209e+01 9.126506996370677138e-02
3.489999999998275939e+02 -8.079950000140176769e+01 9.110430126680676977e-02
3.499999999998266844e+02 -8.080602316667976481e+01 9.094580532546027440e-02
3.509999999998257749e+02 -8.081245890771978679e+01 9.078953066837856800e-02
3.519999999998248654e+02 -8.081880900064551554e+01 9.063542736015740842e-02
3.529999999998239559e+02 -8.082507514932977699e+01 9.048344694712319447e-02
3.539999999998230464e+02 -8.083125899250093482e+01 9.033354240538299385e-02
3.549999999998221369e+02 -8.083736210976549330e+01 9.018566809097529335e-02
3.559999999998212274e+02 -8.084338602673138041e+01 9.003977969202421605e-02
3.569999999998203180e+02 -8.084933221938355530e+01 8.989583418280340521e-02
3.579999999998194085e+02 -8.085520211783837397e+01 8.975378977962231164e-02
3.589999999998184990e+02 -8.086099710958005460e+01 8.961360589845043800e-02
3.599999999998175895e+02 -8.086671854226578660e+01 8.947524311420076981e-02
3.609999999998166800e+02 -8.087236772617015390e+01 8.933866312159620404e-02
3.619999999998157705e+02 -8.087794593632804663e+01 8.920382869754879540e-02
3.629999999998148610e+02 -8.088345441442409367e+01 8.907070366498281988e-02
3.639999999998139515e+02 -8.088889437047008357e+01 8.893925285803874758e-02
3.649999999998130420e+02 -8.089426698430234808e+01 8.880944208859578581e-02
3.659999999998121325e+02 -8.089957340692761534e+01 8.868123811405660695e-02
3.669999999998112230e+02 -8.090481476174082331e+01 8.855460860633833364e-02
3.679999999998103135e+02 -8.090999214563224484e+01 8.842952212201847517e-02
3.689999999998094040e+02 -8.091510663000217107e+01 8.830594807358593812e-02
3.699999999998084945e+02 -8.092015926169365514e+01 8.818385670175045432e-02
3.709999999998075850e+02 -8.092515106385721424e+01 8.806321904876540652e-02
3.719999999998066755e+02 -8.093008303675347292e+01 8.794400693272269587e-02
3.729999999998057660e+02 -8.093495615850495994e+01 8.782619292277740741e-02
3.739999999998048565e+02 -8.093977138580027031e+01 8.770975031526639931e-02
3.749999999998039470e+02 -8.094452965455789695e+01 8.759465311068197202e-02
3.759999999998030376e+02 -8.094923188055435048e+01 8.748087599146765758e-02
3.769999999998021281e+02 -8.095387896001885508e+01 8.736839430060190648e-02
3.779999999998012186e+02 -8.095847177019999208e+01 8.725718402093836368e-02
3.789999999998003091e+02 -8.096301116990507296e+01 8.714722175527300774e-02
3.799999999997993996e+02 -8.096749800001626340e+01 8.703848470710925933e-02
3.809999999997984901e+02 -8.097193308398395573e+01 8.693095066209365063e-02
3.819999999997975806e+02 -8.097631722830128354e+01 8.682459797009549340e-02
3.829999999997966711e+02 -8.098065122295859908e+01 8.671940552790678713e-02
3.839999999997957616e+02 -8.098493584188129546e+01 8.661535276253695681e-02
3.849999999997948521e+02 -8.098917184335159902e+01 8.651241961508099321e-02
3.859999999997939426e+02 -8.099335997041482926e+01 8.641058652513855520e-02
3.869999999997930331e+02 -8.099750095127173211e+01 8.630983441576285664e-02
3.879999999997921236e+02 -8.100159549965739814e+01 8.621014467892040845e-02
3.889999999997912141e+02 -8.100564431520683684e+01 8.611149916144163197e-02
3.899999999997903046e+02 -8.100964808380986426e+01 8.601388015144394161e-02
3.909999999997893951e+02 -8.101360747795304462e+01 8.591727036521115690e-02
3.919999999997884856e+02 -8.101752315705185481e+01 8.582165293451061994e-02
3.929999999997875761e+02 -8.102139576777148022e+01 8.572701139433325235e-02
3.939999999997866666e+02 -8.102522594433874303e+01 8.563332967104048121e-02
3.949999999997857572e+02 -8.102901430884337231e+01 8.554059207090358719e-02
3.959999999997848477e+02 -8.103276147153120235e+01 8.544878326902118071e-02
3.969999999997839382e+02 -8.103646803108750873e+01 8.535788829860080362e-02
3.979999999997830287e+02 -8.104013457491311101e+01 8.526789254059218004e-02
3.989999999997821192e+02 -8.104376167939096831e+01 8.517878171365929341e-02
3.999999999997812097e+02 -8.104734991014608170e+01 8.509054186447917445e-02
4.009999999997803002e+02 -8.105089982229790735e+01 8.500315935835552061e-02
4.019999999997793907e+02 -8.105441196070447063e+01 8.491662087013698845e-02
4.029999999997784812e+02 -8.105788686020059686e+01 8.483091337542816857e-02
4.039999999997775717e+02 -8.106132504582868137e+01 8.474602414208383394e-02
4.049999999997766622e+02 -8.106472703306341998e+01 8.466194072197609499e-02
4.059999999997757527e+02 -8.106809332803008772e+01 8.457865094302564890e-02
4.069999999997748432e+02 -8.107142442771657898e+01 8.449614290148700635e-02
4.079999999997739337e+02 -8.107472082017969228e+01 8.441440495447898040e-02
4.089999999997730242e+02 -8.107798298474577336e+01 8.433342571275331823e-02
4.099999999997721147e+02 -8.108121139220608597e+01 8.425319403369115057e-02
4.109999999997712052e+02 -8.108440650500649838e+01 8.417369901452136094e-02
4.119999999997702957e+02 -8.108756877743205393e+01 8.409492998575192335e-02
4.129999999997693862e+02 -8.109069865578689473e+01 8.401687650480771374e-02
4.139999999997684768e+02 -8.109379657856935353e+01 8.393952834986753708e-02
4.149999999997675673e+02 -8.109686297664163135e+01 8.386287551389316752e-02
4.159999999997666578e+02 -8.109989827339617818e+01 8.378690819884472563e-02
4.169999999997657483e+02 -8.110290288491685828e+01 8.371161681007525945e-02
4.179999999997648388e+02 -8.110587722013595169e+01 8.363699195089938088e-02
4.189999999997639293e+02 -8.110882168098756040e+01 8.356302441732905983e-02
4.199999999997630198e+02 -8.111173666255652392e+01 8.348970519297159443e-02
4.209999999997621103e+02 -8.111462255322348369e+01 8.341702544408473308e-02
4.219999999997612008e+02 -8.111747973480666474e+01 8.334497651478207925e-02
4.229999999997602913e+02 -8.112030858269966416e+01 8.327354992238608644e-02
4.239999999997593818e+02 -8.112310946600578632e+01 8.320273735292170458e-02
4.249999999997584723e+02 -8.112588274766906693e+01 8.313253065674716669e-02
4.259999999997575628e+02 -8.112862878460201443e+01 8.306292184431657288e-02
4.269999999997566533e+02 -8.113134792780989812e+01 8.299390308207114930e-02
4.279999999997557438e+02 -8.113404052251233622e+01 8.292546668845335311e-02
4.289999999997548343e+02 -8.113670690826121756e+01 8.285760513004092331e-02
4.299999999997539248e+02 -8.113934741905661951e+01 8.279031101779663060e-02
4.309999999997530153e+02 -8.114196238345897427e+01 8.272357710342934101e-02
4.319999999997521059e+02 -8.114455212469931666e+01 8.265739627586439486e-02
4.329999999997511964e+02 -8.114711696078599346e+01 8.259176155781733364e-02
4.339999999997502869e+02 -8.114965720460928367e+01 8.252666610246994772e-02
4.349999999997493774e+02 -8.115217316404353198e+01 8.246210319024324664e-02
4.359999999997484679e+02 -8.115466514204665316e+01 8.239806622566650529e-02
4.369999999997475584e+02 -8.115713343675713531e+01 8.233454873433648791e-02
4.379999999997466489e+02 -8.115957834158911055e+01 8.227154435996687776e-02
4.389999999997457394e+02 -8.116200014532469709e+01 8.220904686152266660e-02
4.399999999997448299e+02 -8.116439913220450819e+01 8.214705011043760274e-02
4.409999999997439204e+02 -8.116677558201597265e+01 8.208554808791275470e-02
4.419999999997430109e+02 -8.116912977017936726e+01 8.202453488229234646e-02
4.429999999997421014e+02 -8.117146196783217249e+01 8.196400468651519888e-02
4.439999999997411919e+02 -8.117377244191108332e+01 8.190395179563904338e-02
4.449999999997402824e+02 -8.117606145523265582e+01 8.184437060443557066e-02
4.459999999997393729e+02 -8.117832926657138159e+01 8.178525560505404968e-02
4.469999999997384634e+02 -8.118057613073676748e+01 8.172660138475015823e-02
4.479999999997375539e+02 -8.118280229864777198e+01 8.166840262368059433e-02
4.489999999997366444e+02 -8.118500801740657380e+01 8.161065409275836124e-02
4.499999999997357349e+02 -8.118719353036955511e+01 8.155335065156879559e-02
4.509999999997348255e+02 -8.118935907721761680e+01 8.149648724634379893e-02
4.519999999997339160e+02 -8.119150489402454696e+01 8.144005890799255187e-02
4.529999999997330065e+02 -8.119363121332358446e+01 8.138406075018650432e-02
4.539999999997320970e+02 -8.119573826417295948e+01 8.132848796749755915e-02
4.549999999997311875e+02 -8.119782627221987070e+01 8.127333583358783975e-02
4.559999999997302780e+02 -8.119989545976258682e+01 8.121859969944858482e-02
4.569999999997293685e+02 -8.120194604581209319e+01 8.116427499168743509e-02
4.579999999997284590e+02 -8.120397824615142213e+01 8.111035721086248818e-02
4.589999999997275495e+02 -8.120599227339435799e+01 8.105684192986160885e-02
4.599999999997266400e+02 -8.120798833704247954e+01 8.100372479232491318e-02
4.609999999997257305e+02 -8.120996664354123595e+01 8.095100151111078723e-02
4.619999999997248210e+02 -8.121192739633447388e+01 8.089866786680217914e-02
4.629999999997239115e+02 -8.121387079591842451e+01 8.084671970625319226e-02
4.639999999997230020e+02 -8.121579703989343102e+01 8.079515294117435575e-02
4.649999999997220925e+02 -8.121770632301607407e+01 8.074396354675519860e-02
4.659999999997211830e+02 -8.121959883724871077e+01 8.069314756032346103e-02
4.669999999997202735e+02 -8.122147477180904218e+01 8.064270108003952775e-02
4.679999999997193640e+02 -8.122333431321797548e+01 8.059262026362470910e-02
4.689999999997184545e+02 -8.122517764534686080e+01 8.054290132712342565e-02
4.699999999997175451e+02 -8.122700494946361971e+01 8.049354054369649292e-02
4.709999999997166356e+02 -8.122881640427763728e+01 8.044453424244682460e-02
4.719999999997157261e+02 -8.123061218598434152e+01 8.039587880727437630e-02
4.729999999997148166e+02 -8.123239246830840443e+01 8.034757067576098200e-02
4.739999999997139071e+02 -8.123415742254580607e+01 8.029960633808384818e-02
4.749999999997129976e+02 -8.123590721760608346e+01 8.025198233595605413e-02
4.759999999997120881e+02 -8.123764202005216362e+01 8.020469526159461349e-02
4.769999999997111786e+02 -8.123936199414089288e+01 8.015774175671401547e-02
4.779999999997102691e+02 -8.124106730186178993e+01 8.011111851154525954e-02
4.789999999997093596e+02 -8.124275810297537248e+01 8.006482226387956480e-02
4.799999999997084501e+02 -8.124443455505067391e+01 8.001884979813567167e-02
4.809999999997075406e+02 -8.124609681350170831e+01 7.997319794445024999e-02
4.819999999997066311e+02 -8.124774503162392136e+01 7.992786357779105288e-02
4.829999999997057216e+02 -8.124937936062912058e+01 7.988284361709147019e-02
4.839999999997048121e+02 -8.125099994968030614e+01 7.983813502440648135e-02
4.849999999997039026e+02 -8.125260694592533639e+01 7.979373480408925856e-02
4.859999999997029931e+02 -8.125420049453016702e+01 7.974964000198739300e-02
4.869999999997020836e+02 -8.125578073871160711e+01 7.970584770465874436e-02
4.879999999997011741e+02 -8.125734781976917986e+01 7.966235503860639999e-02
4.889999999997002647e+02 -8.125890187711630119e+01 7.961915916953123118e-02
4.899999999996993552e+02 -8.126044304831117415e+01 7.957625730160304556e-02
4.909999999996984457e+02 -8.126197146908673119e+01 7.953364667674833743e-02
4.919999999996975362e+02 -8.126348727338026379e+01 7.949132457395535756e-02
4.929999999996966267e+02 -8.126499059336231312e+01 7.944928830859490643e-02
4.939999999996957172e+02 -8.126648155946506336e+01 7.940753523175782258e-02
4.949999999996948077e+02 -8.126796030041032282e+01 7.936606272960725073e-02
4.959999999996938982e+02 -8.126942694323658145e+01 7.932486822274591176e-02
4.969999999996929887e+02 -8.127088161332605409e+01 7.928394916559856898e-02
4.979999999996920792e+02 -8.127232443443099896e+01 7.924330304580787243e-02
4.989999999996911697e+02 -8.127375552869924036e+01 7.920292738364431706e-02
4.999999999996902602e+02 -8.127517501669971978e+01 7.916281973143007855e-02
5.000000000000000000e+02 -8.127517501670016031e+01 7.916281973141769956e-02
