1.000000000000000666e+00 -7.216925512163319922e+01 7.359457716289623253e-02
2.000000000000001332e+00 -6.319799394794173963e+01 7.362425698880094294e-02
2.999999999999980016e+00 2.601846531629988846e+01 7.378911002796442742e-02
3.999999999999958700e+00 3.923767242980903092e+01 7.905850566083068298e-02
4.999999999999937828e+00 3.180449669115677125e+01 9.170391714107807568e-02
5.999999999999916511e+00 2.647341679185690566e+01 1.094959919419410121e-01
6.999999999999895195e+00 2.329930588652797496e+01 1.288717142055539333e-01
7.999999999999873879e+00 2.165707913205517698e+01 1.465550502453309423e-01
8.999999999999852562e+00 2.097386093381709316e+01 1.607949739922387433e-01
9.999999999999831246e+00 2.084988476052189199e+01 1.713019015781485077e-01
1.099999999999980993e+01 2.103246281729573042e+01 1.786098782120995876e-01
1.199999999999978861e+01 2.136935748587213979e+01 1.835161859423997399e-01
1.299999999999976730e+01 2.177153757509367082e+01 1.867736601530239626e-01
1.399999999999974598e+01 2.218808752130596673e+01 1.889760792733922168e-01
1.499999999999972466e+01 2.259031548982866866e+01 1.905448192864737655e-01
1.599999999999970335e+01 2.296197844214487205e+01 1.917557373955934286e-01
1.699999999999985789e+01 2.329336616884251754e+01 1.927756659185654309e-01
1.800000000000001421e+01 2.357771920192481119e+01 1.936958168602064267e-01
1.900000000000017053e+01 2.380897404679260276e+01 1.945579745128924731e-01
2.000000000000032685e+01 2.398018192124824566e+01 1.953729572875310128e-01
2.100000000000048317e+01 2.408221500687024985e+01 1.961322401082185585e-01
2.200000000000063949e+01 2.410271769906264439e+01 1.968144101734952967e-01
2.300000000000079581e+01 2.402610472253703122e+01 1.973894015788595635e-01
2.400000000000095213e+01 2.383754709258877824e+01 1.978257992459003800e-01
2.500000000000110845e+01 2.353599691391436366e+01 1.981063313958988104e-01
2.600000000000126477e+01 2.315141405302857081e+01 1.982435021455936641e-01
2.700000000000142109e+01 2.273771748796369607e+01 1.982734493048379232e-01
2.800000000000157740e+01 2.233870974234568152e+01 1.982333429886800058e-01
2.900000000000173372e+01 2.197221385136434790e+01 1.981500724995258478e-01
3.000000000000189004e+01 2.163959366269360274e+01 1.980414911760031427e-01
3.100000000000204636e+01 2.133701641117507464e+01 1.979195269028257986e-01
3.200000000000220268e+01 2.106043921964208110e+01 1.977920833165301984e-01
3.300000000000200373e+01 2.080674884698037275e+01 1.976642027878110774e-01
3.400000000000180478e+01 2.057360012681358796e+01 1.975389144177611134e-01
3.500000000000160583e+01 2.035905788777854752e+01 1.974178759586660281e-01
3.600000000000140687e+01 2.016135622734535460e+01 1.973018386217723907e-01
3.700000000000120792e+01 1.997879522956575826e+01 1.971909692231714473e-01
3.800000000000100897e+01 1.980972292458412909e+01 1.970850690348592005e-01
3.900000000000081002e+01 1.965255408425506189e+01 1.969837220751394780e-01
4.000000000000061107e+01 1.950579687147477159e+01 1.968863956097879342e-01
4.100000000000041211e+01 1.936807418455998686e+01 1.967925076614618074e-01
4.200000000000021316e+01 1.923813579959912445e+01 1.967014712413407140e-01
4.300000000000001421e+01 1.911486178754014276e+01 1.966127220081222149e-01
4.399999999999981526e+01 1.899725924926389453e+01 1.965257342164975496e-01
4.499999999999961631e+01 1.888445461718101370e+01 1.964400285714386907e-01
4.599999999999941735e+01 1.877568343274980123e+01 1.963551746790527797e-01
4.699999999999921840e+01 1.867027902861046229e+01 1.962707900631565638e-01
4.799999999999901945e+01 1.856766109434511591e+01 1.961865371512231393e-01
4.899999999999882050e+01 1.846732474391469481e+01 1.961021191983384482e-01
4.999999999999862155e+01 1.836883043681854843e+01 1.960172757925072173e-01
5.099999999999842260e+01 1.827179492056201937e+01 1.959317783488639109e-01
5.199999999999822364e+01 1.817588324078407425e+01 1.958454258348293342e-01
5.299999999999802469e+01 1.808080179025721534e+01 1.957580408558465268e-01
5.399999999999782574e+01 1.798629232496239538e+01 1.956694661576963423e-01
5.499999999999762679e+01 1.789212685398574365e+01 1.955795615552203826e-01
5.599999999999742784e+01 1.779810330243448036e+01 1.954882012699537819e-01
5.699999999999722888e+01 1.770404184758307053e+01 1.953952716444355142e-01
5.799999999999702993e+01 1.760978183441241640e+01 1.953006691943453277e-01
5.899999999999683098e+01 1.751517918519776984e+01 1.952042989580402010e-01
5.999999999999663203e+01 1.742010422730791674e+01 1.951060731044562402e-01
6.099999999999643308e+01 1.732443987295334864e+01 1.950059097633312644e-01
6.199999999999623412e+01 1.722808009371879123e+01 1.949037320454303501e-01
6.299999999999603517e+01 1.713092864104714508e+01 1.947994672243762715e-01
6.399999999999583622e+01 1.703289797128056193e+01 1.946930460554946729e-01
6.499999999999634781e+01 1.693390834038920545e+01 1.945844022106060778e-01
6.599999999999685940e+01 1.683388703916515539e+01 1.944734718108553084e-01
6.699999999999737099e+01 1.673276774449367466e+01 1.943601930424469215e-01
6.799999999999788258e+01 1.663048996642522326e+01 1.942445058425562310e-01
6.899999999999839417e+01 1.652699857423875329e+01 1.941263516447398474e-01
6.999999999999890576e+01 1.642224338760144775e+01 1.940056731749153773e-01
7.099999999999941735e+01 1.631617882136461262e+01 1.938824142904473913e-01
7.199999999999992895e+01 1.620876357456541328e+01 1.937565198561130575e-01
7.300000000000044054e+01 1.609996035588806862e+01 1.936279356517496830e-01
7.400000000000095213e+01 1.598973563923323127e+01 1.934966083072456322e-01
7.500000000000146372e+01 1.587805944419615756e+01 1.933624852612479128e-01
7.600000000000197531e+01 1.576490513720277775e+01 1.932255147405544937e-01
7.700000000000248690e+01 1.565024924983299037e+01 1.930856457576418939e-01
7.800000000000299849e+01 1.553407131150001419e+01 1.929428281241847565e-01
7.900000000000351008e+01 1.541635369417784673e+01 1.927970124787566630e-01
8.000000000000402167e+01 1.529708146729640639e+01 1.926481503271652573e-01
8.100000000000453326e+01 1.517624226127213305e+01 1.924961940941026795e-01
8.200000000000504485e+01 1.505382613842469119e+01 1.923410971849675577e-01
8.300000000000555644e+01 1.492982547026029039e+01 1.921828140568570542e-01
8.400000000000606803e+01 1.480423482028771787e+01 1.920213002978461980e-01
8.500000000000657963e+01 1.467705083168348068e+01 1.918565127137554782e-01
8.600000000000709122e+01 1.454827211924315122e+01 1.916884094216816659e-01
8.700000000000760281e+01 1.441789916515361547e+01 1.915169499496170435e-01
8.800000000000811440e+01 1.428593421819874365e+01 1.913420953415173598e-01
8.900000000000862599e+01 1.415238119607401579e+01 1.911638082672068029e-01
9.000000000000913758e+01 1.401724559053577224e+01 1.909820531365223895e-01
9.100000000000964917e+01 1.388053437515128863e+01 1.907967962171053800e-01
9.200000000001016076e+01 1.374225591544852065e+01 1.906080057552500540e-01
9.300000000001067235e+01 1.360241988129056523e+01 1.904156520992122958e-01
9.400000000001118394e+01 1.346103716132168948e+01 1.902197078243720862e-01
9.500000000001169553e+01 1.331811977934921032e+01 1.900201478596274529e-01
9.600000000001220712e+01 1.317368081254069878e+01 1.898169496143876089e-01
9.700000000001271871e+01 1.302773431132843029e+01 1.896100931055093863e-01
9.800000000001323031e+01 1.288029522092399226e+01 1.893995610835102761e-01
9.900000000001374190e+01 1.273137930435576592e+01 1.891853391573639076e-01
1.000000000000142535e+02 1.258100306695082971e+01 1.889674159171795542e-01
1.010000000000147651e+02 1.242918368219079284e+01 1.887457830540376358e-01
1.020000000000152767e+02 1.227593891887907773e+01 1.885204354762516910e-01
1.030000000000157883e+02 1.212128706956401736e+01 1.882913714213063361e-01
1.040000000000162999e+02 1.196524688016934590e+01 1.880585925627195065e-01
1.050000000000168114e+02 1.180783748079040052e+01 1.878221041110683942e-01
1.060000000000173230e+02 1.164907831762064205e+01 1.875819149084173298e-01
1.070000000000178346e+02 1.148898908597948143e+01 1.873380375153941846e-01
1.080000000000183462e+02 1.132758966441824811e+01 1.870904882901638921e-01
1.090000000000188578e+02 1.116490004988699702e+01 1.868392874585636521e-01
1.100000000000193694e+02 1.100094029394971784e+01 1.865844591746851910e-01
1.110000000000198810e+02 1.083573044004103636e+01 1.863260315712069459e-01
1.120000000000203926e+02 1.066929046176145413e+01 1.860640367988143917e-01
1.130000000000209042e+02 1.050164020221244776e+01 1.857985110540786022e-01
1.140000000000214158e+02 1.033279931437621535e+01 1.855294945952042363e-01
1.150000000000219273e+02 1.016278720254763712e+01 1.852570317451007753e-01
1.160000000000224389e+02 9.991622964828462017e+00 1.849811708812897082e-01
1.170000000000229505e+02 9.819325336695335693e+00 1.847019644122079307e-01
1.180000000000234621e+02 9.645912635654319445e+00 1.844194687395326882e-01
1.190000000000239737e+02 9.471402706994942022e+00 1.841337442062208896e-01
1.200000000000244853e+02 9.295812870656545712e+00 1.838448550300189888e-01
1.210000000000249969e+02 9.119159869218499637e+00 1.835528692222810343e-01
1.220000000000255085e+02 8.941459817024675516e+00 1.832578584919997977e-01
1.230000000000260201e+02 8.762728150449744291e+00 1.829598981350394338e-01
1.240000000000265317e+02 8.582979579312430829e+00 1.826590669086387009e-01
1.250000000000270433e+02 8.402228039437215301e+00 1.823554468913310966e-01
1.260000000000275548e+02 8.220486646361978345e+00 1.820491233285136123e-01
1.270000000000280664e+02 8.037767650184612478e+00 1.817401844639740804e-01
1.280000000000285638e+02 7.854082391536731045e+00 1.814287213577695235e-01
1.290000000000276543e+02 7.669441258667467842e+00 1.811148276909243515e-01
1.300000000000267448e+02 7.483853645613291583e+00 1.807985995574909466e-01
1.310000000000258353e+02 7.297327911427524683e+00 1.804801352445964124e-01
1.320000000000249258e+02 7.109871340432184716e+00 1.801595350011515884e-01
1.330000000000240163e+02 6.921490103452193843e+00 1.798369007959774724e-01
1.340000000000231068e+02 6.732189219984241468e+00 1.795123360661531886e-01
1.350000000000221974e+02 6.541972521246323780e+00 1.791859454564443677e-01
1.360000000000212879e+02 6.350842614047911283e+00 1.788578345507175482e-01
1.370000000000203784e+02 6.158800845414209135e+00 1.785281095962832909e-01
1.380000000000194689e+02 5.965847267892154804e+00 1.781968772221450836e-01
1.390000000000185594e+02 5.771980605459923197e+00 1.778642441521529061e-01
1.400000000000176499e+02 5.577198219956070346e+00 1.775303169140791670e-01
1.410000000000167404e+02 5.381496077939471157e+00 1.771952015456445817e-01
1.420000000000158309e+02 5.184868717886161882e+00 1.768590032985194738e-01
1.430000000000149214e+02 4.987309217624949831e+00 1.765218263413233235e-01
1.440000000000140119e+02 4.788809161909703960e+00 1.761837734626304219e-01
1.450000000000131024e+02 4.589358610022865825e+00 1.758449457749667322e-01
1.460000000000121929e+02 4.388946063301844447e+00 1.755054424207595498e-01
1.470000000000112834e+02 4.187558432477822556e+00 1.751653602811604205e-01
1.480000000000103739e+02 3.985181004714821285e+00 1.748247936886269671e-01
1.490000000000094644e+02 3.781797410236054091e+00 1.744838341441000140e-01
1.500000000000085549e+02 3.577389588424446654e+00 1.741425700395607401e-01
1.510000000000076454e+02 3.371937753284807382e+00 1.738010863866991940e-01
1.520000000000067359e+02 3.165420358156647573e+00 1.734594645523638290e-01
1.530000000000058265e+02 2.957814059568918630e+00 1.731177820013999058e-01
1.540000000000049170e+02 2.749093680131421191e+00 1.727761120474213541e-01
1.550000000000040075e+02 2.539232170361813701e+00 1.724345236119931291e-01
1.560000000000030980e+02 2.328200569352847804e+00 1.720930809926357608e-01
1.570000000000021885e+02 2.115967964190878625e+00 1.717518436399956827e-01
1.580000000000012790e+02 1.902501448045024635e+00 1.714108659444621152e-01
1.590000000000003695e+02 1.687766076855531594e+00 1.710701970324449428e-01
1.599999999999994600e+02 1.471724824561202905e+00 1.707298805724694890e-01
1.609999999999985505e+02 1.254338536818358829e+00 1.703899545911841396e-01
1.619999999999976410e+02 1.035565883178764635e+00 1.700504512993261941e-01
1.629999999999967315e+02 8.153633077107180771e-01 1.697113969276420609e-01
1.639999999999958220e+02 5.936849780669091192e-01 1.693728115727144434e-01
1.649999999999949125e+02 3.704827330246149297e-01 1.690347090526151674e-01
1.659999999999940030e+02 1.457060285487831175e-01 1.686970967722742076e-01
1.669999999999930935e+02 -8.069811754319822228e-02 1.683599755984356849e-01
1.679999999999921840e+02 -3.087851822041886019e-01 1.680233397440565879e-01
1.689999999999912745e+02 -5.386131949205925640e-01 1.676871766620114668e-01
1.699999999999903650e+02 -7.702427964285881723e-01 1.673514669479659878e-01
1.709999999999894555e+02 -1.003737298149883994e+00 1.670161842523083529e-01
1.719999999999885461e+02 -1.239162742062062339e+00 1.666812952010600646e-01
1.729999999999876366e+02 -1.476587960660815213e+00 1.663467593257304533e-01
1.739999999999867271e+02 -1.716084636606551417e+00 1.660125290021405575e-01
1.749999999999858176e+02 -1.957727361575449354e+00 1.656785493983134738e-01
1.759999999999849081e+02 -2.201593693754122949e+00 1.653447584316176944e-01
1.769999999999839986e+02 -2.447764213326867111e+00 1.650110867354551147e-01
1.779999999999830891e+02 -2.696322575204253891e+00 1.646774576359023579e-01
1.789999999999821796e+02 -2.947355558130673625e+00 1.643437871388558902e-01
1.799999999999812701e+02 -3.200953109185410650e+00 1.640099839283846728e-01
1.809999999999803606e+02 -3.457208382556503423e+00 1.636759493771665908e-01
1.819999999999794511e+02 -3.716217771317933849e+00 1.633415775700792216e-01
1.829999999999785416e+02 -3.978080930778174373e+00 1.630067553422223925e-01
1.839999999999776321e+02 -4.242900791791847759e+00 1.626713623328809311e-01
1.849999999999767226e+02 -4.510783562235583410e+00 1.623352710571790702e-01
1.859999999999758131e+02 -4.781838714645580524e+00 1.619983469974428658e-01
1.869999999999749036e+02 -5.056178957797978768e+00 1.616604487165587412e-01
1.879999999999739941e+02 -5.333920189787022537e+00 1.613214279959118980e-01
1.889999999999730846e+02 -5.615181429924472667e+00 1.609811300007769064e-01
1.899999999999721751e+02 -5.900084726545959946e+00 1.606393934763468700e-01
1.909999999999712657e+02 -6.188755037584082075e+00 1.602960509778774134e-01
1.919999999999703562e+02 -6.481320080551383533e+00 1.599509291387218313e-01
1.929999999999694467e+02 -6.777910148389833189e+00 1.596038489803082161e-01
1.939999999999685372e+02 -7.078657887500856560e+00 1.592546262683542102e-01
1.949999999999676277e+02 -7.383698034193973747e+00 1.589030719198249175e-01
1.959999999999667182e+02 -7.693167105810046813e+00 1.585489924652837834e-01
1.969999999999658087e+02 -8.007203042921656078e+00 1.581921905713609688e-01
1.979999999999648992e+02 -8.325944799331447044e+00 1.578324656280296334e-01
1.989999999999639897e+02 -8.649531877129286173e+00 1.574696144052312174e-01
1.999999999999630802e+02 -8.978103804892477058e+00 1.571034317830762306e-01
2.009999999999621707e+02 -9.311799558287987111e+00 1.567337115593496477e-01
2.019999999999612612e+02 -9.650756923939429299e+00 1.563602473373209012e-01
2.029999999999603517e+02 -9.995111809535540459e+00 1.559828334958636153e-01
2.039999999999594422e+02 -1.034499750586422806e+01 1.556012662425864113e-01
2.049999999999585327e+02 -1.070054390983205295e+01 1.552153447490170202e-01
2.059999999999576232e+02 -1.106187672163222224e+01 1.548248723648240899e-01
2.069999999999567137e+02 -1.142911663408314027e+01 1.544296579055836616e-01
2.079999999999558042e+02 -1.180237853775438239e+01 1.540295170056453500e-01
2.089999999999548947e+02 -1.218177077173733203e+01 1.536242735242453750e-01
2.099999999999539853e+02 -1.256739445662443089e+01 1.532137609891452146e-01
2.109999999999530758e+02 -1.295934295313523243e+01 1.527978240577894664e-01
2.119999999999521663e+02 -1.335770149643738591e+01 1.523763199713727978e-01
2.129999999999512568e+02 -1.376254706197259203e+01 1.519491199724071762e-01
2.139999999999503473e+02 -1.417394852277788075e+01 1.515161106516006995e-01
2.149999999999494378e+02 -1.459196716002217364e+01 1.510771951853553952e-01
2.159999999999485283e+02 -1.501665758679262730e+01 1.506322944213169535e-01
2.169999999999476188e+02 -1.544806913906969648e+01 1.501813477665720764e-01
2.179999999999467093e+02 -1.588624777639084762e+01 1.497243138317518596e-01
2.189999999999457998e+02 -1.633123851716516839e+01 1.492611707849779423e-01
2.199999999999448903e+02 -1.678308840951824266e+01 1.487919163727782768e-01
2.209999999999439808e+02 -1.724185000792119382e+01 1.483165675712480869e-01
2.219999999999430713e+02 -1.770758528926661413e+01 1.478351598402075640e-01
2.229999999999421618e+02 -1.818036990076438286e+01 1.473477459660658684e-01
2.239999999999412523e+02 -1.866029758806056904e+01 1.468543944955228164e-01
2.249999999999403428e+02 -1.914748460814606190e+01 1.463551877817579894e-01
2.259999999999394333e+02 -1.964207389149673233e+01 1.458502196867432765e-01
2.269999999999385238e+02 -2.014423868574263565e+01 1.453395930067414576e-01
2.279999999999376143e+02 -2.065418539381701990e+01 1.448234167115836635e-01
2.289999999999367049e+02 -2.117215531810818163e+01 1.443018031103060483e-01
2.299999999999357954e+02 -2.169842504368475744e+01 1.437748650742781409e-01
2.309999999999348859e+02 -2.223330524261583463e+01 1.432427134620322395e-01
2.319999999999339764e+02 -2.277713776075853147e+01 1.427054548955712099e-01
2.329999999999330669e+02 -2.333029095863941293e+01 1.421631900340856458e-01
2.339999999999321574e+02 -2.389315341597316333e+01 1.416160124762462225e-01
2.349999999999312479e+02 -2.446612626677460867e+01 1.410640083956876401e-01
2.359999999999303384e+02 -2.504961459481245001e+01 1.405072569760548173e-01
2.369999999999294289e+02 -2.564401846885170144e+01 1.399458316634091259e-01
2.379999999999285194e+02 -2.624972430872123752e+01 1.393798021977598889e-01
2.389999999999276099e+02 -2.686709732662034256e+01 1.388092373264631918e-01
2.399999999999267004e+02 -2.749647576239200220e+01 1.382342080460462475e-01
2.409999999999257909e+02 -2.813816752094910711e+01 1.376547911722530992e-01
2.419999999999248814e+02 -2.879244963088018139e+01 1.370710730072083050e-01
2.429999999999239719e+02 -2.945957069785698579e+01 1.364831528625629897e-01
2.439999999999230624e+02 -3.013975625915425738e+01 1.358911462108261803e-01
2.449999999999221529e+02 -3.083321669573040680e+01 1.352951872728707372e-01
2.459999999999212434e+02 -3.154015716154369642e+01 1.346954309034772979e-01
2.469999999999203339e+02 -3.226078887018431374e+01 1.340920537014562985e-01
2.479999999999194245e+02 -3.299534104457735140e+01 1.334852543375989187e-01
2.489999999999185150e+02 -3.374407287861566118e+01 1.328752531537945036e-01
2.499999999999176055e+02 -3.450728496020118286e+01 1.322622911332090034e-01
2.509999999999166960e+02 -3.528532973738314382e+01 1.316466283703407181e-01
2.519999999999157865e+02 -3.607862074710931211e+01 1.310285421801554995e-01
2.529999999999148770e+02 -3.688764044798377739e+01 1.304083249793311083e-01
2.539999999999139675e+02 -3.771294658932382760e+01 1.297862820539107120e-01
2.549999999999130580e+02 -3.855517710027889677e+01 1.291627293014033506e-01
2.559999999999121485e+02 -3.941505349157254301e+01 1.285379910065653775e-01
2.569999999999112674e+02 -4.029338273032956153e+01 1.279123976830536524e-01
2.579999999999103579e+02 -4.119105752225855355e+01 1.272862839908044663e-01
2.589999999999094484e+02 -4.210905465899424627e+01 1.266599867231819332e-01
2.599999999999085389e+02 -4.304843104993761216e+01 1.260338428513136377e-01
2.609999999999076294e+02 -4.401031692950422070e+01 1.254081876120699268e-01
2.619999999999067199e+02 -4.499590532102649121e+01 1.247833526313512909e-01
2.629999999999058105e+02 -4.600643657696321043e+01 1.241596640860129358e-01
2.639999999999049010e+02 -4.704317642772032571e+01 1.235374409236068283e-01
2.649999999999039915e+02 -4.810738551470518587e+01 1.229169931780077218e-01
2.659999999999030820e+02 -4.920027786492644140e+01 1.222986204397940035e-01
2.669999999999021725e+02 -5.032296521226056285e+01 1.216826105618456916e-01
2.679999999999012630e+02 -5.147638354864134413e+01 1.210692387017429511e-01
2.689999999999003535e+02 -5.266119792041777004e+01 1.204587668215425650e-01
2.699999999998994440e+02 -5.387768148381880451e+01 1.198514437800305282e-01
2.709999999998985345e+02 -5.512556553377190482e+01 1.192475061591264651e-01
2.719999999998976250e+02 -5.640385910172004458e+01 1.186471799597413751e-01
2.729999999998967155e+02 -5.771064038872307833e+01 1.180506832763002778e-01
2.739999999998958060e+02 -5.904282839413350104e+01 1.174582300050475148e-01
2.749999999998948965e+02 -6.039595202224796822e+01 1.168700345506535482e-01
2.759999999998939870e+02 -6.176394540977431546e+01 1.162863173626775826e-01
2.769999999998930775e+02 -6.313901057920532622e+01 1.157073109598047572e-01
2.779999999998921680e+02 -6.451159819213864921e+01 1.151332659011709697e-01
2.789999999998912585e+02 -6.587055857894640098e+01 1.145644559759658870e-01
2.799999999998903490e+02 -6.720350216756834527e+01 1.140011817605972033e-01
2.809999999998894396e+02 -6.849737729270465536e+01 1.134437717024781717e-01
2.819999999998885301e+02 -6.973922710058552354e+01 1.128925800821831554e-01
2.829999999998876206e+02 -7.091703758717784467e+01 1.123479815873381638e-01
2.839999999998867111e+02 -7.202055346377345302e+01 1.118103627420140855e-01
2.849999999998858016e+02 -7.304193345607446020e+01 1.112801109553174655e-01
2.859999999998848921e+02 -7.397614695626559467e+01 1.107576023435339063e-01
2.869999999998839826e+02 -7.482107009525853414e+01 1.102431896382620319e-01
2.879999999998830731e+02 -7.557730142344357205e+01 1.097371913914379216e-01
2.889999999998821636e+02 -7.624776538584411867e+01 1.092398833806604436e-01
2.899999999998812541e+02 -7.683719430586842236e+01 1.087514927084187871e-01
2.909999999998803446e+02 -7.735157685504270830e+01 1.082721946851393779e-01
2.919999999998794351e+02 -7.779764132372645236e+01 1.078021122663026105e-01
2.929999999998785256e+02 -7.818241600548711290e+01 1.073413176122270385e-01
2.939999999998776161e+02 -7.851288493945068581e+01 1.068898352517916039e-01
2.949999999998767066e+02 -7.879573938696771052e+01 1.064476463326084060e-01
2.959999999998757971e+02 -7.903721457358230396e+01 1.060146934975697147e-01
2.969999999998748876e+02 -7.924299624045718815e+01 1.055908860123565690e-01
2.979999999998739781e+02 -7.941818059218854842e+01 1.051761048593813364e-01
2.989999999998730686e+02 -7.956727259964897314e+01 1.047702075978894504e-01
2.999999999998721592e+02 -7.969421005463155439e+01 1.043730328612597069e-01
3.009999999998712497e+02 -7.980240347405656109e+01 1.039844044190128824e-01
3.019999999998703402e+02 -7.989478447270242611e+01 1.036041347733182572e-01
3.029999999998694307e+02 -7.997385736520982391e+01 1.032320282898004371e-01
3.039999999998685212e+02 -8.004175046654428627e+01 1.028678838824925168e-01
3.049999999998676117e+02 -8.010026485891589232e+01 1.025114972851453032e-01
3.059999999998667022e+02 -8.015091934080622593e+01 1.021626629477682957e-01
3.069999999998657927e+02 -8.019499093861443839e+01 1.018211755999004070e-01
3.079999999998648832e+02 -8.023355080876159207e+01 1.014868315219743244e-01
3.089999999998639737e+02 -8.026749564418240368e+01 1.011594295642370134e-01
3.099999999998630642e+02 -8.029757486962196822e+01 1.008387719497338408e-01
3.109999999998621547e+02 -8.032441400038126744e+01 1.005246648943733667e-01
3.119999999998612452e+02 -8.034853457557868239e+01 1.002169190734143872e-01
3.129999999998603357e+02 -8.037037107881901932e+01 9.991534996008752390e-02
3.139999999998594262e+02 -8.039028523996533693e+01 9.961977805862688717e-02
3.149999999998585167e+02 -8.040857808082674296e+01 9.933002905082616296e-02
3.159999999998576072e+02 -8.042550003124667057e+01 9.904593387238344593e-02
3.169999999998566977e+02 -8.044125940431847255e+01 9.876732873277528635e-02
3.179999999998557882e+02 -8.045602948274164135e+01 9.849405509019169835e-02
3.189999999998548788e+02 -8.046995443407809034e+01 9.822595959115069941e-02
3.199999999998539693e+02 -8.048315424159370934e+01 9.796289398276941673e-02
3.209999999998530598e+02 -8.049572880972564803e+01 9.770471500427180267e-02
3.219999999998521503e+02 -8.050776137898762386e+01 9.745128426312597847e-02
3.229999999998512408e+02 -8.051932136412430907e+01 9.720246810021059003e-02
3.239999999998503313e+02 -8.053046671127798106e+01 9.695813744757161845e-02
3.249999999998494218e+02 -8.054124585452517238e+01 9.671816768163772615e-02
3.259999999998485123e+02 -8.055169933906405788e+01 9.648243847418196129e-02
3.269999999998476028e+02 -8.056186116727862156e+01 9.625083364284134357e-02
3.279999999998466933e+02 -8.057175991459490660e+01 9.602324100261239170e-02
3.289999999998457838e+02 -8.058141965422503006e+01 9.579955221941725829e-02
3.299999999998448743e+02 -8.059086072334200423e+01 9.557966266657345888e-02
3.309999999998439648e+02 -8.060010035774942594e+01 9.536347128478492308e-02
3.319999999998430553e+02 -8.060915321753606122e+01 9.515088044609970597e-02
3.329999999998421458e+02 -8.061803182239097509e+01 9.494179582214080926e-02
3.339999999998412363e+02 -8.062674691207797650e+01 9.473612625680440102e-02
3.349999999998403268e+02 -8.063530774492832620e+01 9.453378364353305641e-02
3.359999999998394173e+02 -8.064372234501024650e+01 9.433468280720054555e-02
3.369999999998385078e+02 -8.065199770681186919e+01 9.413874139059082158e-02
3.379999999998375984e+02 -8.066013996475865611e+01 9.394587974541436515e-02
3.389999999998366889e+02 -8.066815453362791288e+01 9.375602082777037549e-02
3.399999999998357794e+02 -8.067604622488327948e+01 9.356909009794235621e-02
3.409999999998348699e+02 -8.068381934308385439e+01 9.338501542439715808e-02
3.419999999998339604e+02 -8.069147776581083065e+01 9.320372699184624465e-02
3.429999999998330509e+02 -8.069902500995804928e+01 9.302515721322027198e-02
3.439999999998321414e+02 -8.070646428674110950e+01 9.284924064540515942e-02
3.449999999998312319e+02 -8.071379854737583059e+01 9.267591390858521960e-02
3.459999999998303224e+02 -8.072103052103678067e+01 9.250511560904087216e-02
3.469999999998294129e+02 -8.072816274642882206e+01 9.233678626524849387e-02
3.479999999998285034e+02 -8.073519759807489038e+01 9.217086823713667443e-02
3.489999999998275939e+02 -8.074213730823062463e+01 9.200730565835370245e-02
3.499999999998266844e+02 -8.074898398518074316e+01 9.184604437140769795e-02
3.509999999998257749e+02 -8.075573962853870569e+01 9.168703186554638673e-02
3.519999999998248654e+02 -8.076240614206570001e+01 9.153021721724725890e-02
3.529999999998239559e+02 -8.076898534443421340e+01 9.137555103319550120e-02
3.539999999998230464e+02 -8.077547897828893042e+01 9.122298539563250541e-02
3.549999999998221369e+02 -8.078188871789527070e+01 9.107247380996257025e-02
3.559999999998212274e+02 -8.078821617561591495e+01 9.092397115451200662e-02
3.569999999998203180e+02 -8.079446290741471159e+01 9.077743363233847784e-02
3.579999999998194085e+02 -8.080063041755251163e+01 9.063281872499427683e-02
3.589999999998184990e+02 -8.080672016260979262e+01 9.049008514815345960e-02
3.599999999998175895e+02 -8.081273355495021349e+01 9.034919280901439198e-02
3.609999999998166800e+02 -8.081867196571631951e+01 9.021010276539662143e-02
3.619999999998157705e+02 -8.082453672743589834e+01 9.007277718645378961e-02
3.629999999998148610e+02 -8.083032913630123062e+01 8.993717931492825612e-02
3.639999999998139515e+02 -8.083605045417543522e+01 8.980327343087800285e-02
3.649999999998130420e+02 -8.084170191036825770e+01 8.967102481680896964e-02
3.659999999998121325e+02 -8.084728470321923055e+01 8.954039972414981619e-02
3.669999999998112230e+02 -8.085280000151541913e+01 8.941136534100957434e-02
3.679999999998103135e+02 -8.085824894577199018e+01 8.928388976116143072e-02
3.689999999998094040e+02 -8.086363264939373607e+01 8.915794195419889101e-02
3.699999999998084945e+02 -8.086895219973627036e+01 8.903349173681281148e-02
3.709999999998075850e+02 -8.087420865908036660e+01 8.891050974514215499e-02
3.719999999998066755e+02 -8.087940306553200287e+01 8.878896740815105104e-02
3.729999999998057660e+02 -8.088453643385714997e+01 8.866883692198943012e-02
3.739999999998048565e+02 -8.088960975626132210e+01 8.855009122529500232e-02
3.749999999998039470e+02 -8.089462400311892054e+01 8.843270397539831906e-02
3.759999999998030376e+02 -8.089958012365926265e+01 8.831664952539149127e-02
3.769999999998021281e+02 -8.090447904661488110e+01 8.820190290202689631e-02
3.779999999998012186e+02 -8.090932168083428166e+01 8.808843978441015243e-02
3.789999999998003091e+02 -8.091410891586509990e+01 8.797623648345635761e-02
3.799999999997993996e+02 -8.091884162250883605e+01 8.786526992207767395e-02
3.809999999997984901e+02 -8.092352065335059308e+01 8.775551761607379431e-02
3.819999999997975806e+02 -8.092814684326569363e+01 8.764695765569636976e-02
3.829999999997966711e+02 -8.093272100990506601e+01 8.753956868786130774e-02
3.839999999997957616e+02 -8.093724395416160178e+01 8.743332989898357221e-02
3.849999999997948521e+02 -8.094171646061795400e+01 8.732822099840914509e-02
3.859999999997939426e+02 -8.094613929797770879e+01 8.722422220242201374e-02
3.869999999997930331e+02 -8.095051321948105283e+01 8.712131421880354998e-02
3.879999999997921236e+02 -8.095483896330532048e+01 8.701947823192272835e-02
3.889999999997912141e+02 -8.095911725295174222e+01 8.691869588833736615e-02
3.899999999997903046e+02 -8.096334879761943171e+01 8.681894928288649838e-02
3.909999999997893951e+02 -8.096753429256634149e+01 8.672022094525612401e-02
3.919999999997884856e+02 -8.097167441945859423e+01 8.662249382699935274e-02
3.929999999997875761e+02 -8.097576984670922684e+01 8.652575128899503420e-02
3.939999999997866666e+02 -8.097982122980489805e+01 8.642997708932773082e-02
3.949999999997857572e+02 -8.098382921162392734e+01 8.633515537157397668e-02
3.959999999997848477e+02 -8.098779442274317830e+01 8.624127065347957088e-02
3.969999999997839382e+02 -8.099171748173624508e+01 8.614830781601377774e-02
3.979999999997830287e+02 -8.099559899546240160e+01 8.605625209278608412e-02
3.989999999997821192e+02 -8.099943955934732287e+01 8.596508905981310733e-02
3.999999999997812097e+02 -8.100323975765478224e+01 8.587480462562230299e-02
4.009999999997803002e+02 -8.100700016375084545e+01 8.578538502168084334e-02
4.019999999997793907e+02 -8.101072134036036232e+01 8.569681679313755074e-02
4.029999999997784812e+02 -8.101440383981578464e+01 8.560908678986697828e-02
4.039999999997775717e+02 -8.101804820429880749e+01 8.552218215780420241e-02
4.049999999997766622e+02 -8.102165496607570105e+01 8.543609033056175084e-02
4.059999999997757527e+02 -8.102522464772528110e+01 8.535079902131574581e-02
4.069999999997748432e+02 -8.102875776236061256e+01 8.526629621495514233e-02
4.079999999997739337e+02 -8.103225481384473028e+01 8.518257016048143282e-02
4.089999999997730242e+02 -8.103571629700036283e+01 8.509960936365355832e-02
4.099999999997721147e+02 -8.103914269781351720e+01 8.501740257986595273e-02
4.109999999997712052e+02 -8.104253449363187656e+01 8.493593880725433531e-02
4.119999999997702957e+02 -8.104589215335735730e+01 8.485520728001975932e-02
4.129999999997693862e+02 -8.104921613763384869e+01 8.477519746196392203e-02
4.139999999997684768e+02 -8.105250689902976546e+01 8.469589904022872817e-02
4.149999999997675673e+02 -8.105576488221531406e+01 8.461730191923226563e-02
4.159999999997666578e+02 -8.105899052413545292e+01 8.453939621479523991e-02
4.169999999997657483e+02 -8.106218425417817741e+01 8.446217224845085914e-02
4.179999999997648388e+02 -8.106534649433795892e+01 8.438562054193210482e-02
4.189999999997639293e+02 -8.106847765937565953e+01 8.430973181183053222e-02
4.199999999997630198e+02 -8.107157815697347303e+01 8.423449696442016077e-02
4.209999999997621103e+02 -8.107464838788627048e+01 8.415990709064137543e-02
4.219999999997612008e+02 -8.107768874608859733e+01 8.408595346123971803e-02
4.229999999997602913e+02 -8.108069961891852984e+01 8.401262752205353179e-02
4.239999999997593818e+02 -8.108368138721733942e+01 8.393992088944562946e-02
4.249999999997584723e+02 -8.108663442546554734e+01 8.386782534587514104e-02
4.259999999997575628e+02 -8.108955910191582461e+01 8.379633283560351809e-02
4.269999999997566533e+02 -8.109245577872225397e+01 8.372543546053098917e-02
4.279999999997557438e+02 -8.109532481206672117e+01 8.365512547615862327e-02
4.289999999997548343e+02 -8.109816655228152626e+01 8.358539528767287841e-02
4.299999999997539248e+02 -8.110098134396940850e+01 8.351623744614695977e-02
4.309999999997530153e+02 -8.110376952612045898e+01 8.344764464485655842e-02
4.319999999997521059e+02 -8.110653143222631911e+01 8.337960971570546054e-02
4.329999999997511964e+02 -8.110926739039078370e+01 8.331212562575752989e-02
4.339999999997502869e+02 -8.111197772343912504e+01 8.324518547387159406e-02
4.349999999997493774e+02 -8.111466274902313955e+01 8.317878248743607039e-02
4.359999999997484679e+02 -8.111732277972485861e+01 8.311291001919961230e-02
4.369999999997475584e+02 -8.111995812315717558e+01 8.304756154419527803e-02
4.379999999997466489e+02 -8.112256908206204287e+01 8.298273065675430826e-02
4.389999999997457394e+02 -8.112515595440684990e+01 8.291841106760756974e-02
4.399999999997448299e+02 -8.112771903347746161e+01 8.285459660107116764e-02
4.409999999997439204e+02 -8.113025860797031896e+01 8.279128119231350669e-02
4.419999999997430109e+02 -8.113277496208141315e+01 8.272845888470187203e-02
4.429999999997421014e+02 -8.113526837559329863e+01 8.266612382722472729e-02
4.439999999997411919e+02 -8.113773912396071353e+01 8.260427027198878613e-02
4.449999999997402824e+02 -8.114018747839345735e+01 8.254289257178694383e-02
4.459999999997393729e+02 -8.114261370593749234e+01 8.248198517773616678e-02
4.469999999997384634e+02 -8.114501806955451002e+01 8.242154263698242556e-02
4.479999999997375539e+02 -8.114740082819952249e+01 8.236155959046996544e-02
4.489999999997366444e+02 -8.114976223689622259e+01 8.230203077077449803e-02
4.499999999997357349e+02 -8.115210254681127822e+01 8.224295099999638647e-02
4.509999999997348255e+02 -8.115442200532670824e+01 8.218431518771367184e-02
4.519999999997339160e+02 -8.115672085611036835e+01 8.212611832899106845e-02
4.529999999997330065e+02 -8.115899933918512943e+01 8.206835550244592770e-02
4.539999999997320970e+02 -8.116125769099657816e+01 8.201102186836624341e-02
4.549999999997311875e+02 -8.116349614447871375e+01 8.195411266688132357e-02
4.559999999997302780e+02 -8.116571492911876362e+01 8.189762321618297702e-02
4.569999999997293685e+02 -8.116791427102023704e+01 8.184154891079481464e-02
4.579999999997284590e+02 -8.117009439296454332e+01 8.178588521988898463e-02
4.589999999997275495e+02 -8.117225551447164378e+01 8.173062768564906544e-02
4.599999999997266400e+02 -8.117439785185885626e+01 8.167577192167659039e-02
4.609999999997257305e+02 -8.117652161829860802e+01 8.162131361144110697e-02
4.619999999997248210e+02 -8.117862702387500917e+01 8.156724850677157801e-02
4.629999999997239115e+02 -8.118071427563930342e+01 8.151357242638813949e-02
4.639999999997230020e+02 -8.118278357766364195e+01 8.146028125447320190e-02
4.649999999997220925e+02 -8.118483513109417515e+01 8.140737093928014645e-02
4.659999999997211830e+02 -8.118686913420293649e+01 8.135483749177925550e-02
4.669999999997202735e+02 -8.118888578243833365e+01 8.130267698433864265e-02
4.679999999997193640e+02 -8.119088526847482967e+01 8.125088554944050190e-02
4.689999999997184545e+02 -8.119286778226168622e+01 8.119945937843010830e-02
4.699999999997175451e+02 -8.119483351107011515e+01 8.114839472029808376e-02
4.709999999997166356e+02 -8.119678263954017439e+01 8.109768788049354082e-02
4.719999999997157261e+02 -8.119871534972639893e+01 8.104733521976835442e-02
4.729999999997148166e+02 -8.120063182114198241e+01 8.099733315305072956e-02
4.739999999997139071e+02 -8.120253223080290184e+01 8.094767814834778752e-02
4.749999999997129976e+02 -8.120441675327049325e+01 8.089836672567589371e-02
4.759999999997120881e+02 -8.120628556069347326e+01 8.084939545601815825e-02
4.769999999997111786e+02 -8.120813882284882368e+01 8.080076096030847088e-02
4.779999999997102691e+02 -8.120997670718215034e+01 8.075245990844077959e-02
4.789999999997093596e+02 -8.121179937884701872e+01 8.070448901830298838e-02
4.799999999997084501e+02 -8.121360700074380645e+01 8.065684505483561306e-02
4.809999999997075406e+02 -8.121539973355713471e+01 8.060952482911290518e-02
4.819999999997066311e+02 -8.121717773579295852e+01 8.056252519744735996e-02
4.829999999997057216e+02 -8.121894116381524498e+01 8.051584306051574880e-02
4.839999999997048121e+02 -8.122069017188107409e+01 8.046947536250675936e-02
4.849999999997039026e+02 -8.122242491217585325e+01 8.042341909028943858e-02
4.859999999997029931e+02 -8.122414553484752275e+01 8.037767127260164735e-02
4.869999999997020836e+02 -8.122585218803975238e+01 8.033222897925823558e-02
4.879999999997011741e+02 -8.122754501792491055e+01 8.028708932037798007e-02
4.889999999997002647e+02 -8.122922416873666407e+01 8.024224944562927120e-02
4.899999999996993552e+02 -8.123088978280090089e+01 8.019770654349381300e-02
4.909999999996984457e+02 -8.123254200056724983e+01 8.015345784054736522e-02
4.919999999996975362e+02 -8.123418096063906546e+01 8.010950060075813783e-02
4.929999999996966267e+02 -8.123580679980322827e+01 8.006583212480074263e-02
4.939999999996957172e+02 -8.123741965305960377e+01 8.002244974938674260e-02
4.949999999996948077e+02 -8.123901965364944999e+01 7.997935084661110527e-02
4.959999999996938982e+02 -8.124060693308345549e+01 7.993653282331288079e-02
4.969999999996929887e+02 -8.124218162116960684e+01 7.989399312045145085e-02
4.979999999996920792e+02 -8.124374384603972032e+01 7.985172921249628075e-02
4.989999999996911697e+02 -8.124529373417648515e+01 7.980973860683159005e-02
4.999999999996902602e+02 -8.124683141043901458e+01 7.976801884317367974e-02
5.000000000000000000e+02 -8.124683141043948353e+01 7.976801884316080116e-02
