1.000000000000000666e+00 -7.217031068964736562e+01 7.359352856026654677e-02
2.000000000000001332e+00 -6.327867966981719405e+01 7.361924677924469584e-02
2.999999999999980016e+00 -7.090092419948717861e+00 7.369723406513632724e-02
3.999999999999958700e+00 3.589691927534131821e+01 7.563733837524702630e-02
4.999999999999937828e+00 2.869726375774442317e+01 8.045602024820942832e-02
5.999999999999916511e+00 2.251674960259136427e+01 8.771938506597695695e-02
6.999999999999895195e+00 1.794467518515194016e+01 9.677661484339696030e-02
7.999999999999873879e+00 1.474947634415121556e+01 1.067539219546977808e-01
8.999999999999852562e+00 1.258403423855621917e+01 1.168076604968017879e-01
9.999999999999831246e+00 1.115048194903784307e+01 1.263069153066859740e-01
1.099999999999980993e+01 1.022540623116389469e+01 1.348795328456494635e-01
1.199999999999978861e+01 9.649731710239237259e+00 1.423698807702792890e-01
1.299999999999976730e+01 9.312583170890404105e+00 1.487689464953420304e-01
1.399999999999974598e+01 9.137178133280080772e+00 1.541516339806645042e-01
1.499999999999972466e+01 9.070270862912456877e+00 1.586322054715282870e-01
1.599999999999970335e+01 9.074744369938608557e+00 1.623367241061224042e-01
1.699999999999985789e+01 9.124555010509306285e+00 1.653877820016820821e-01
1.800000000000001421e+01 9.201315165796758677e+00 1.678970227156295625e-01
1.900000000000017053e+01 9.291981005417177641e+00 1.699622171477704058e-01
2.000000000000032685e+01 9.387277160002550858e+00 1.716668292817460639e-01
2.100000000000048317e+01 9.480612716650485439e+00 1.730808459891629569e-01
2.200000000000063949e+01 9.567326942265724554e+00 1.742621741274066882e-01
2.300000000000079581e+01 9.644158535546303312e+00 1.752582223468744649e-01
2.400000000000095213e+01 9.708868174515959737e+00 1.761074656761721369e-01
2.500000000000110845e+01 9.759967422214360866e+00 1.768408930396093148e-01
2.600000000000126477e+01 9.796522233459393547e+00 1.774832948660509668e-01
2.700000000000142109e+01 9.818009308044608474e+00 1.780543792858574059e-01
2.800000000000157740e+01 9.824210216226768821e+00 1.785697221162724779e-01
2.900000000000173372e+01 9.815132746580081502e+00 1.790415641653421708e-01
3.000000000000189004e+01 9.790952029712888915e+00 1.794794729253713084e-01
3.100000000000204636e+01 9.751966143523501884e+00 1.798908865607587448e-01
3.200000000000220268e+01 9.698562411373927716e+00 1.802815574459560310e-01
3.300000000000200373e+01 9.631191665239827060e+00 1.806559111023461062e-01
3.400000000000180478e+01 9.550348497114027779e+00 1.810173346466540101e-01
3.500000000000160583e+01 9.456556056354113338e+00 1.813684070477754040e-01
3.600000000000140687e+01 9.350354332387361467e+00 1.817110817343106088e-01
3.700000000000120792e+01 9.232291135994184827e+00 1.820468304757043854e-01
3.800000000000100897e+01 9.102915189738999047e+00 1.823767560094239903e-01
3.900000000000081002e+01 8.962770881183921290e+00 1.827016796147038213e-01
4.000000000000061107e+01 8.812394336974421094e+00 1.830222087357389893e-01
4.100000000000041211e+01 8.652310552802546795e+00 1.833387888219819573e-01
4.200000000000021316e+01 8.483031371462914194e+00 1.836517427648117484e-01
4.300000000000001421e+01 8.305054144256518001e+00 1.839613006514646543e-01
4.399999999999981526e+01 8.118860943781291084e+00 1.842676220119579267e-01
4.499999999999961631e+01 7.924918221446737299e+00 1.845708122869610945e-01
4.599999999999941735e+01 7.723676822827120425e+00 1.848709348795961049e-01
4.699999999999921840e+01 7.515572289616904378e+00 1.851680198589594206e-01
4.799999999999901945e+01 7.301025389471290872e+00 1.854620701462285914e-01
4.899999999999882050e+01 7.080442825115738081e+00 1.857530658255407696e-01
4.999999999999862155e+01 6.854218082309126991e+00 1.860409670728065679e-01
5.099999999999842260e+01 6.622732382920534455e+00 1.863257160789108802e-01
5.199999999999822364e+01 6.386355714807159245e+00 1.866072382531865081e-01
5.299999999999802469e+01 6.145447914566778636e+00 1.868854429234509951e-01
5.399999999999782574e+01 5.900359782737415237e+00 1.871602236959936105e-01
5.499999999999762679e+01 5.651434213749170432e+00 1.874314585991593562e-01
5.599999999999742784e+01 5.399007324989962164e+00 1.876990101047352200e-01
5.699999999999722888e+01 5.143409570802304209e+00 1.879627250998390509e-01
5.799999999999702993e+01 4.884966828141462436e+00 1.882224348665818559e-01
5.899999999999683098e+01 4.624001441048259942e+00 1.884779551158756727e-01
5.999999999999663203e+01 4.360833211069339299e+00 1.887290861141748266e-01
6.099999999999643308e+01 4.095780320340789871e+00 1.889756129366773341e-01
6.199999999999623412e+01 3.829160173288777447e+00 1.892173058767656624e-01
6.299999999999603517e+01 3.561290141852995195e+00 1.894539210385677852e-01
6.399999999999583622e+01 3.292488197878444378e+00 1.896852011369229152e-01
6.499999999999634781e+01 3.023073414939616121e+00 1.899108765262806087e-01
6.599999999999685940e+01 2.753366320475248763e+00 1.901306664767534738e-01
6.699999999999737099e+01 2.483689077858318495e+00 1.903442807113736313e-01
6.799999999999788258e+01 2.214365477087849143e+00 1.905514212133193330e-01
6.899999999999839417e+01 1.945720712356768134e+00 1.907517843053114504e-01
6.999999999999890576e+01 1.678080925063676565e+00 1.909450629954702050e-01
7.099999999999941735e+01 1.411772492140253243e+00 1.911309495746826848e-01
7.199999999999992895e+01 1.147121042115066825e+00 1.913091384401595929e-01
7.300000000000044054e+01 8.844501853651223211e-01 1.914793291086421545e-01
7.400000000000095213e+01 6.240799507096085330e-01 1.916412293711329540e-01
7.500000000000146372e+01 3.663249279872192177e-01 1.917945585296736422e-01
7.600000000000197531e+01 1.114921255233723846e-01 1.919390506463078128e-01
7.700000000000248690e+01 -1.401214377232536112e-01 1.920744577257641195e-01
7.800000000000299849e+01 -3.882313733845468851e-01 1.922005527474086595e-01
7.900000000000351008e+01 -6.325687534277153468e-01 1.923171324594080411e-01
8.000000000000402167e+01 -8.728830706571925058e-01 1.924240198494514276e-01
8.100000000000453326e+01 -1.108945260166447566e+00 1.925210662121656924e-01
8.200000000000504485e+01 -1.340550701728441929e+00 1.926081527436015461e-01
8.300000000000555644e+01 -1.567522115728354981e+00 1.926851916075497384e-01
8.400000000000606803e+01 -1.789712261547930616e+00 1.927521264363108722e-01
8.500000000000657963e+01 -2.007006347968188109e+00 1.928089322488568957e-01
8.600000000000709122e+01 -2.219324070515824587e+00 1.928556147908369323e-01
8.700000000000760281e+01 -2.426621200710958881e+00 1.928922093221942802e-01
8.800000000000811440e+01 -2.628890666449650304e+00 1.929187788978778961e-01
8.900000000000862599e+01 -2.826163080467804178e+00 1.929354122040312924e-01
9.000000000000913758e+01 -3.018506693875480984e+00 1.929422210251401093e-01
9.100000000000964917e+01 -3.206026772824432935e+00 1.929393374263206895e-01
9.200000000001016076e+01 -3.388864417123060857e+00 1.929269107390079729e-01
9.300000000001067235e+01 -3.567194858767848142e+00 1.929051044379189173e-01
9.400000000001118394e+01 -3.741225294840790028e+00 1.928740929927956760e-01
9.500000000001169553e+01 -3.911192322232921015e+00 1.928340587708088638e-01
9.600000000001220712e+01 -4.077359050726585110e+00 1.927851890554653502e-01
9.700000000001271871e+01 -4.240011975966487157e+00 1.927276732363321365e-01
9.800000000001323031e+01 -4.399457694935168917e+00 1.926617002117075872e-01
9.900000000001374190e+01 -4.556019544128595555e+00 1.925874560342991926e-01
1.000000000000142535e+02 -4.710034235280120996e+00 1.925051218186148161e-01
1.010000000000147651e+02 -4.861848555881083556e+00 1.924148719185723999e-01
1.020000000000152767e+02 -5.011816192596406871e+00 1.923168723750797726e-01
1.030000000000157883e+02 -5.160294725647130321e+00 1.922112796261560841e-01
1.040000000000162999e+02 -5.307642831929358707e+00 1.920982394665845250e-01
1.050000000000168114e+02 -5.454217724568208858e+00 1.919778862400131625e-01
1.060000000000173230e+02 -5.600372847146339872e+00 1.918503422437310146e-01
1.070000000000178346e+02 -5.746455832297615807e+00 1.917157173248410229e-01
1.080000000000183462e+02 -5.892806726876944623e+00 1.915741086460391873e-01
1.090000000000188578e+02 -6.039756479604199590e+00 1.914256005994937337e-01
1.100000000000193694e+02 -6.187625681941541167e+00 1.912702648481916512e-01
1.110000000000198810e+02 -6.336723548956212149e+00 1.911081604754340801e-01
1.120000000000203926e+02 -6.487347123960103268e+00 1.909393342247513448e-01
1.130000000000209042e+02 -6.639780688692446198e+00 1.907638208142561631e-01
1.140000000000214158e+02 -6.794295359598796047e+00 1.905816433112676733e-01
1.150000000000219273e+02 -6.951148850229255771e+00 1.903928135548280387e-01
1.160000000000224389e+02 -7.110585379806915185e+00 1.901973326154622335e-01
1.170000000000229505e+02 -7.272835708486388384e+00 1.899951912831522594e-01
1.180000000000234621e+02 -7.438117280626761918e+00 1.897863705759687825e-01
1.190000000000239737e+02 -7.606634458450137082e+00 1.895708422631627033e-01
1.200000000000244853e+02 -7.778578829668505001e+00 1.893485693976954820e-01
1.210000000000249969e+02 -7.954129573971528977e+00 1.891195068542427804e-01
1.220000000000255085e+02 -8.133453874624295921e+00 1.888836018696080643e-01
1.230000000000260201e+02 -8.316707362786072366e+00 1.886407945832614952e-01
1.240000000000265317e+02 -8.504034583498059519e+00 1.883910185763764678e-01
1.250000000000270433e+02 -8.695569473579332964e+00 1.881342014082805769e-01
1.260000000000275548e+02 -8.891435842901422859e+00 1.878702651496983456e-01
1.270000000000280664e+02 -9.091747851677125070e+00 1.875991269125240335e-01
1.280000000000285638e+02 -9.296610477496754399e+00 1.873206993761574457e-01
1.290000000000276543e+02 -9.506119966878216587e+00 1.870348913106630873e-01
1.300000000000267448e+02 -9.720364267075195741e+00 1.867416080971782966e-01
1.310000000000258353e+02 -9.939423434813043912e+00 1.864407522461235533e-01
1.320000000000249258e+02 -1.016337001952273411e+01 1.861322239138287760e-01
1.330000000000240163e+02 -1.039226941951344152e+01 1.858159214182343866e-01
1.340000000000231068e+02 -1.062618021039508776e+01 1.854917417543190672e-01
1.350000000000221974e+02 -1.086515444594101432e+01 1.851595811098761257e-01
1.360000000000212879e+02 -1.110923793248406710e+01 1.848193353821901141e-01
1.370000000000203784e+02 -1.135847047888042383e+01 1.844709006960792985e-01
1.380000000000194689e+02 -1.161288612506445084e+01 1.841141739236414610e-01
1.390000000000185594e+02 -1.187251335326131851e+01 1.837490532058987658e-01
1.400000000000176499e+02 -1.213737528702378121e+01 1.833754384763562617e-01
1.410000000000167404e+02 -1.240748988440894607e+01 1.829932319862892232e-01
1.420000000000158309e+02 -1.268287013279635644e+01 1.826023388313431084e-01
1.430000000000149214e+02 -1.296352425404467112e+01 1.822026674787715350e-01
1.440000000000140119e+02 -1.324945592985506870e+01 1.817941302943545390e-01
1.450000000000131024e+02 -1.354066455830399818e+01 1.813766440677306302e-01
1.460000000000121929e+02 -1.383714555346277919e+01 1.809501305345378452e-01
1.470000000000112834e+02 -1.413889070075998688e+01 1.805145168934151889e-01
1.480000000000103739e+02 -1.444588858117294627e+01 1.800697363155396302e-01
1.490000000000094644e+02 -1.475812507735811785e+01 1.796157284440051960e-01
1.500000000000085549e+02 -1.507558397433948905e+01 1.791524398799753393e-01
1.510000000000076454e+02 -1.539824766626290398e+01 1.786798246521825173e-01
1.520000000000067359e+02 -1.572609797889179006e+01 1.781978446660150983e-01
1.530000000000058265e+02 -1.605911711488028715e+01 1.777064701281499681e-01
1.540000000000049170e+02 -1.639728872535150828e+01 1.772056799424613360e-01
1.550000000000040075e+02 -1.674059910690310815e+01 1.766954620728004299e-01
1.560000000000030980e+02 -1.708903851787363593e+01 1.761758138682079367e-01
1.570000000000021885e+02 -1.744260260159671816e+01 1.756467423462105548e-01
1.580000000000012790e+02 -1.780129389756757874e+01 1.751082644301003299e-01
1.590000000000003695e+02 -1.816512341413502440e+01 1.745604071364953158e-01
1.599999999999994600e+02 -1.853411222875776687e+01 1.740032077100688579e-01
1.609999999999985505e+02 -1.890829307434536233e+01 1.734367137031066486e-01
1.619999999999976410e+02 -1.928771186311444907e+01 1.728609829985050250e-01
1.629999999999967315e+02 -1.967242909317042887e+01 1.722760837759660657e-01
1.639999999999958220e+02 -2.006252107816073860e+01 1.716820944224363987e-01
1.649999999999949125e+02 -2.045808093737707267e+01 1.710791033892660462e-01
1.659999999999940030e+02 -2.085921928317861074e+01 1.704672090000655948e-01
1.669999999999930935e+02 -2.126606454515335543e+01 1.698465192147863567e-01
1.679999999999921840e+02 -2.167876287660087797e+01 1.692171513570333574e-01
1.689999999999912745e+02 -2.209747759921854993e+01 1.685792318129999690e-01
1.699999999999903650e+02 -2.252238815669615590e+01 1.679328957115561738e-01
1.709999999999894555e+02 -2.295368856743886710e+01 1.672782865958615528e-01
1.719999999999885461e+02 -2.339158539070672305e+01 1.666155560972756577e-01
1.729999999999876366e+02 -2.383629524847943770e+01 1.659448636222287110e-01
1.739999999999867271e+02 -2.428804197618348937e+01 1.652663760619934308e-01
1.749999999999858176e+02 -2.474705350726448572e+01 1.645802675339144427e-01
1.759999999999849081e+02 -2.521355862702096573e+01 1.638867191605950790e-01
1.769999999999839986e+02 -2.568778375722666496e+01 1.631859188908370561e-01
1.779999999999830891e+02 -2.616994995145777381e+01 1.624780613628983017e-01
1.789999999999821796e+02 -2.666027028914431085e+01 1.617633478070481245e-01
1.799999999999812701e+02 -2.715894785071615658e+01 1.610419859806996035e-01
1.809999999999803606e+02 -2.766617443687244915e+01 1.603141901258884616e-01
1.819999999999794511e+02 -2.818213016106228608e+01 1.595801809358753931e-01
1.829999999999785416e+02 -2.870698399864621919e+01 1.588401855154694120e-01
1.839999999999776321e+02 -2.924089532246727785e+01 1.580944373185863561e-01
1.849999999999767226e+02 -2.978401639793341360e+01 1.573431760467036422e-01
1.859999999999758131e+02 -3.033649575691627120e+01 1.565866474933060304e-01
1.869999999999749036e+02 -3.089848232416548157e+01 1.558251033220159343e-01
1.879999999999739941e+02 -3.147013013675389104e+01 1.550588007696402371e-01
1.889999999999730846e+02 -3.205160347875693105e+01 1.542880022694957665e-01
1.899999999999721751e+02 -3.264308225032583977e+01 1.535129749947099498e-01
1.909999999999712657e+02 -3.324476740106879902e+01 1.527339903253331910e-01
1.919999999999703562e+02 -3.385688627920920624e+01 1.519513232467049335e-01
1.929999999999694467e+02 -3.447969777649807810e+01 1.511652516893254028e-01
1.939999999999685372e+02 -3.511349718022910338e+01 1.503760558223579680e-01
1.949999999999676277e+02 -3.575862067413886791e+01 1.495840173138068552e-01
1.959999999999667182e+02 -3.641544945633460628e+01 1.487894185704400352e-01
1.969999999999658087e+02 -3.708441346234604907e+01 1.479925419698243372e-01
1.979999999999648992e+02 -3.776599469339118542e+01 1.471936690956151539e-01
1.989999999999639897e+02 -3.846073015304449427e+01 1.463930799857155185e-01
1.999999999999630802e+02 -3.916921438915617415e+01 1.455910524013074303e-01
2.009999999999621707e+02 -3.989210162164604156e+01 1.447878611232774337e-01
2.019999999999612612e+02 -4.063010742481562687e+01 1.439837772813471750e-01
2.029999999999603517e+02 -4.138400989045647549e+01 1.431790677202373352e-01
2.039999999999594422e+02 -4.215465002756868529e+01 1.423739944073821317e-01
2.049999999999585327e+02 -4.294293132698602022e+01 1.415688138872712998e-01
2.059999999999576232e+02 -4.374981816504930521e+01 1.407637767881049495e-01
2.069999999999567137e+02 -4.457633264566224796e+01 1.399591273884503995e-01
2.079999999999558042e+02 -4.542354935546971006e+01 1.391551032543249800e-01
2.089999999999548947e+02 -4.629258734019621357e+01 1.383519349607066073e-01
2.099999999999539853e+02 -4.718459840642470482e+01 1.375498459159696096e-01
2.109999999999530758e+02 -4.810075060767478305e+01 1.367490523131929259e-01
2.119999999999521663e+02 -4.904220548534246404e+01 1.359497632386877375e-01
2.129999999999512568e+02 -5.001008730923312839e+01 1.351521809753573888e-01
2.139999999999503473e+02 -5.100544221634173425e+01 1.343565015463998036e-01
2.149999999999494378e+02 -5.202918481764467629e+01 1.335629155529300671e-01
2.159999999999485283e+02 -5.308202960020117445e+01 1.327716093665115005e-01
2.169999999999476188e+02 -5.416440441184982291e+01 1.319827667429609719e-01
2.179999999999467093e+02 -5.527634365761853985e+01 1.311965709250328405e-01
2.189999999999457998e+02 -5.641735981621070550e+01 1.304132072956443733e-01
2.199999999999448903e+02 -5.758629383095561138e+01 1.296328666261005180e-01
2.209999999999439808e+02 -5.878114820815719810e+01 1.288557489303216730e-01
2.219999999999430713e+02 -5.999891156781791324e+01 1.280820678811233626e-01
2.229999999999421618e+02 -6.123538997843813547e+01 1.273120556639569800e-01
2.239999999999412523e+02 -6.248506815213287524e+01 1.265459680365386697e-01
2.249999999999403428e+02 -6.374103105768096356e+01 1.257840892356419105e-01
2.259999999999394333e+02 -6.499498118558250326e+01 1.250267362415902472e-01
2.269999999999385238e+02 -6.623738513887519730e+01 1.242742618056619647e-01
2.279999999999376143e+02 -6.745777212303072190e+01 1.235270556047736168e-01
2.289999999999367049e+02 -6.864518492794933024e+01 1.227855429513710350e-01
2.299999999999357954e+02 -6.978875373793785286e+01 1.220501806793395094e-01
2.309999999999348859e+02 -7.087833186726955148e+01 1.213214501414676960e-01
2.319999999999339764e+02 -7.190511054315480521e+01 1.205998476414389536e-01
2.329999999999330669e+02 -7.286212616033003542e+01 1.198858730003773965e-01
2.339999999999321574e+02 -7.374459116830833239e+01 1.191800172330087226e-01
2.349999999999312479e+02 -7.455001404275236609e+01 1.184827504145139487e-01
2.359999999999303384e+02 -7.527811368575181916e+01 1.177945107381623696e-01
2.369999999999294289e+02 -7.593056712917069717e+01 1.171156955303360586e-01
2.379999999999285194e+02 -7.651064863452636189e+01 1.164466546729754359e-01
2.389999999999276099e+02 -7.702282154125862235e+01 1.157876865603122973e-01
2.399999999999267004e+02 -7.747233511344390422e+01 1.151390364467951982e-01
2.409999999999257909e+02 -7.786486312728516168e+01 1.145008968578207220e-01
2.419999999999248814e+02 -7.820620455046675090e+01 1.138734096385071864e-01
2.429999999999239719e+02 -7.850205296549005141e+01 1.132566691940743303e-01
2.439999999999230624e+02 -7.875783182993424703e+01 1.126507265060648633e-01
2.449999999999221529e+02 -7.897858715832016685e+01 1.120555935692277572e-01
2.459999999999212434e+02 -7.916892689055094934e+01 1.114712479662926109e-01
2.469999999999203339e+02 -7.933299603092788743e+01 1.108976373697393575e-01
2.479999999999194245e+02 -7.947447768351842967e+01 1.103346838238621896e-01
2.489999999999185150e+02 -7.959661170453126999e+01 1.097822877137529518e-01
2.499999999999176055e+02 -7.970222441136282043e+01 1.092403313696707345e-01
2.509999999999166960e+02 -7.979376439014349387e+01 1.087086822864908320e-01
2.519999999999157865e+02 -7.987334081662541507e+01 1.081871959600813893e-01
2.529999999999148770e+02 -7.994276181618324983e+01 1.076757183572922827e-01
2.539999999999139675e+02 -8.000357124864625291e+01 1.071740880454161160e-01
2.549999999999130580e+02 -8.005708294470345265e+01 1.066821380119574725e-01
2.559999999999121485e+02 -8.010441188181006567e+01 1.061996972075089224e-01
2.569999999999112674e+02 -8.014650210730930269e+01 1.057265918444385278e-01
2.579999999999103579e+02 -8.018415142893927339e+01 1.052626464826546676e-01
2.589999999999094484e+02 -8.021803302632868338e+01 1.048076849314689279e-01
2.599999999999085389e+02 -8.024871421401522298e+01 1.043615309939093794e-01
2.609999999999076294e+02 -8.027667262423922523e+01 1.039240090770088554e-01
2.619999999999067199e+02 -8.030231008918842406e+01 1.034949446887877544e-01
2.629999999999058105e+02 -8.032596449690289830e+01 1.030741648399783328e-01
2.639999999999049010e+02 -8.034791987936775115e+01 1.026614983660657926e-01
2.649999999999039915e+02 -8.036841497007196722e+01 1.022567761829824284e-01
2.659999999999030820e+02 -8.038765044460177478e+01 1.018598314877973560e-01
2.669999999999021725e+02 -8.040579503371641579e+01 1.014704999139921654e-01
2.679999999999012630e+02 -8.042299067507811117e+01 1.010886196493852168e-01
2.689999999999003535e+02 -8.043935684811572173e+01 1.007140315234534983e-01
2.699999999998994440e+02 -8.045499421676058205e+01 1.003465790696760895e-01
2.709999999998985345e+02 -8.046998768714233563e+01 9.998610856756261211e-02
2.719999999998976250e+02 -8.048440897175970576e+01 9.963246906822458004e-02
2.729999999998967155e+02 -8.049831873803067595e+01 9.928551240666383393e-02
2.739999999998958060e+02 -8.051176840733965889e+01 9.894509320338171210e-02
2.749999999998948965e+02 -8.052480166054364474e+01 9.861106885743978201e-02
2.759999999998939870e+02 -8.053745569720238962e+01 9.828329953270427410e-02
2.769999999998930775e+02 -8.054976228837745111e+01 9.796164813868317445e-02
2.779999999998921680e+02 -8.056174865653706263e+01 9.764598030709317755e-02
2.789999999998912585e+02 -8.057343821075495782e+01 9.733616436507280811e-02
2.799999999998903490e+02 -8.058485116087125277e+01 9.703207130577902462e-02
2.809999999998894396e+02 -8.059600503046385711e+01 9.673357475695346097e-02
2.819999999998885301e+02 -8.060691508526571170e+01 9.644055094792919336e-02
2.829999999998876206e+02 -8.061759469095562736e+01 9.615287867544772271e-02
2.839999999998867111e+02 -8.062805561197897930e+01 9.587043926858099252e-02
2.849999999998858016e+02 -8.063830826114451611e+01 9.559311655298986798e-02
2.859999999998848921e+02 -8.064836190814504846e+01 9.532079681469871058e-02
2.869999999998839826e+02 -8.065822485380836326e+01 9.505336876353043252e-02
2.879999999998830731e+02 -8.066790457576267670e+01 9.479072349631070815e-02
2.889999999998821636e+02 -8.067740785026070682e+01 9.453275445992904980e-02
2.899999999998812541e+02 -8.068674085412287411e+01 9.427935741432330596e-02
2.909999999998803446e+02 -8.069590925010210469e+01 9.403043039544084492e-02
2.919999999998794351e+02 -8.070491825842474043e+01 9.378587367821820953e-02
2.929999999998785256e+02 -8.071377271680529475e+01 9.354558973961320245e-02
2.939999999998776161e+02 -8.072247713084824738e+01 9.330948322171529752e-02
2.949999999998767066e+02 -8.073103571643356702e+01 9.307746089495838593e-02
2.959999999998757971e+02 -8.073945243541525940e+01 9.284943162145513351e-02
2.969999999998748876e+02 -8.074773102574016548e+01 9.262530631846961626e-02
2.979999999998739781e+02 -8.075587502691013242e+01 9.240499792204430463e-02
2.989999999998730686e+02 -8.076388780155629377e+01 9.218842135079663436e-02
2.999999999998721592e+02 -8.077177255376528819e+01 9.197549346989888908e-02
3.009999999998712497e+02 -8.077953234469113397e+01 9.176613305525449515e-02
3.019999999998703402e+02 -8.078717010589575409e+01 9.156026075788659124e-02
3.029999999998694307e+02 -8.079468865078902695e+01 9.135779906855008570e-02
3.039999999998685212e+02 -8.080209068447622656e+01 9.115867228258203725e-02
3.049999999998676117e+02 -8.080937881226893182e+01 9.096280646500481959e-02
3.059999999998667022e+02 -8.081655554707363365e+01 9.077012941589368555e-02
3.069999999998657927e+02 -8.082362331583657067e+01 9.058057063602392711e-02
3.079999999998648832e+02 -8.083058446519262930e+01 9.039406129281053748e-02
3.089999999998639737e+02 -8.083744126644248240e+01 9.021053418655372580e-02
3.099999999998630642e+02 -8.084419591996143595e+01 9.002992371700267726e-02
3.109999999998621547e+02 -8.085085055912632868e+01 8.985216585025160296e-02
3.119999999998612452e+02 -8.085740725383195127e+01 8.967719808597887643e-02
3.129999999998603357e+02 -8.086386801365810584e+01 8.950495942504267666e-02
3.139999999998594262e+02 -8.087023479073664589e+01 8.933539033744331004e-02
3.149999999998585167e+02 -8.087650948236185400e+01 8.916843273066389630e-02
3.159999999998576072e+02 -8.088269393337841962e+01 8.900402991839967415e-02
3.169999999998566977e+02 -8.088878993837752773e+01 8.884212658968541898e-02
3.179999999998557882e+02 -8.089479924372578523e+01 8.868266877843015983e-02
3.189999999998548788e+02 -8.090072354944771860e+01 8.852560383336820216e-02
3.199999999998539693e+02 -8.090656451097986235e+01 8.837088038843343707e-02
3.209999999998530598e+02 -8.091232374081211276e+01 8.821844833356461135e-02
3.219999999998521503e+02 -8.091800281002726081e+01 8.806825878594792822e-02
3.229999999998512408e+02 -8.092360324975159358e+01 8.792026406170284913e-02
3.239999999998503313e+02 -8.092912655252470699e+01 8.777441764801556523e-02
3.249999999998494218e+02 -8.093457417359630313e+01 8.763067417572538431e-02
3.259999999998485123e+02 -8.093994753215720550e+01 8.748898939236743333e-02
3.269999999998476028e+02 -8.094524801251051827e+01 8.734932013567427156e-02
3.279999999998466933e+02 -8.095047696518741986e+01 8.721162430753984229e-02
3.289999999998457838e+02 -8.095563570801280662e+01 8.707586084844626262e-02
3.299999999998448743e+02 -8.096072552712332993e+01 8.694198971235640727e-02
3.309999999998439648e+02 -8.096574767794298566e+01 8.680997184207057960e-02
3.319999999998430553e+02 -8.097070338611770524e+01 8.667976914504994801e-02
3.329999999998421458e+02 -8.097559384841247265e+01 8.655134446970430551e-02
3.339999999998412363e+02 -8.098042023357281494e+01 8.642466158214361094e-02
3.349999999998403268e+02 -8.098518368315301075e+01 8.629968514339257657e-02
3.359999999998394173e+02 -8.098988531231265142e+01 8.617638068706531818e-02
3.369999999998385078e+02 -8.099452621058414081e+01 8.605471459749865215e-02
3.379999999998375984e+02 -8.099910744261158868e+01 8.593465408833997343e-02
3.389999999998366889e+02 -8.100363004886311558e+01 8.581616718158800727e-02
3.399999999998357794e+02 -8.100809504631752134e+01 8.569922268708192459e-02
3.409999999998348699e+02 -8.101250342912719304e+01 8.558379018243442160e-02
3.419999999998339604e+02 -8.101685616925772138e+01 8.546983999340646010e-02
3.429999999998330509e+02 -8.102115421710551857e+01 8.535734317471659061e-02
3.439999999998321414e+02 -8.102539850209436167e+01 8.524627149128213843e-02
3.449999999998312319e+02 -8.102958993325184167e+01 8.513659739988617414e-02
3.459999999998303224e+02 -8.103372939976657108e+01 8.502829403126527241e-02
3.469999999998294129e+02 -8.103781777152664745e+01 8.492133517261220288e-02
3.479999999998285034e+02 -8.104185589964083647e+01 8.481569525048852920e-02
3.489999999998275939e+02 -8.104584461694224728e+01 8.471134931414081581e-02
3.499999999998266844e+02 -8.104978473847589271e+01 8.460827301921430843e-02
3.509999999998257749e+02 -8.105367706197044697e+01 8.450644261185831507e-02
3.519999999998248654e+02 -8.105752236829529522e+01 8.440583491321720921e-02
3.529999999998239559e+02 -8.106132142190213585e+01 8.430642730429940834e-02
3.539999999998230464e+02 -8.106507497125379302e+01 8.420819771122022013e-02
3.549999999998221369e+02 -8.106878374923857677e+01 8.411112459080927195e-02
3.559999999998212274e+02 -8.107244847357235074e+01 8.401518691657848537e-02
3.569999999998203180e+02 -8.107606984718759691e+01 8.392036416504217167e-02
3.579999999998194085e+02 -8.107964855861094122e+01 8.382663630238358643e-02
3.589999999998184990e+02 -8.108318528232885569e+01 8.373398377146094862e-02
3.599999999998175895e+02 -8.108668067914213395e+01 8.364238747914609640e-02
3.609999999998166800e+02 -8.109013539650962343e+01 8.355182878398959012e-02
3.619999999998157705e+02 -8.109355006888188200e+01 8.346228948420519878e-02
3.629999999998148610e+02 -8.109692531802444648e+01 8.337375180596703905e-02
3.639999999998139515e+02 -8.110026175333162257e+01 8.328619839201339969e-02
3.649999999998130420e+02 -8.110355997213068235e+01 8.319961229054990970e-02
3.659999999998121325e+02 -8.110682055997747852e+01 8.311397694444573603e-02
3.669999999998112230e+02 -8.111004409094323364e+01 8.302927618071687110e-02
3.679999999998103135e+02 -8.111323112789263234e+01 8.294549420028919651e-02
3.689999999998094040e+02 -8.111638222275425392e+01 8.286261556803566075e-02
3.699999999998084945e+02 -8.111949791678304678e+01 8.278062520308097916e-02
3.709999999998075850e+02 -8.112257874081474540e+01 8.269950836936776351e-02
3.719999999998066755e+02 -8.112562521551392081e+01 8.261925066647737848e-02
3.729999999998057660e+02 -8.112863785161393082e+01 8.253983802070051501e-02
3.739999999998048565e+02 -8.113161715015108655e+01 8.246125667635059719e-02
3.749999999998039470e+02 -8.113456360269128709e+01 8.238349318731406912e-02
3.759999999998030376e+02 -8.113747769155072831e+01 8.230653440883274607e-02
3.769999999998021281e+02 -8.114035989001064308e+01 8.223036748951116637e-02
3.779999999998012186e+02 -8.114321066252558978e+01 8.215497986354437787e-02
3.789999999998003091e+02 -8.114603046492609906e+01 8.208035924316021970e-02
3.799999999997993996e+02 -8.114881974461610525e+01 8.200649361127007597e-02
3.809999999997984901e+02 -8.115157894076445189e+01 8.193337121432432701e-02
3.819999999997975806e+02 -8.115430848449142331e+01 8.186098055536508711e-02
3.829999999997966711e+02 -8.115700879905023157e+01 8.178931038727332847e-02
3.839999999997957616e+02 -8.115968030000347255e+01 8.171834970620305005e-02
3.849999999997948521e+02 -8.116232339539510576e+01 8.164808774520020129e-02
3.859999999997939426e+02 -8.116493848591727556e+01 8.157851396799854771e-02
3.869999999997930331e+02 -8.116752596507335227e+01 8.150961806299049373e-02
3.879999999997921236e+02 -8.117008621933597112e+01 8.144138993736607657e-02
3.889999999997912141e+02 -8.117261962830167477e+01 8.137381971141670334e-02
3.899999999997903046e+02 -8.117512656484068145e+01 8.130689771299905166e-02
3.909999999997893951e+02 -8.117760739524345581e+01 8.124061447215455423e-02
3.919999999997884856e+02 -8.118006247936277475e+01 8.117496071588058137e-02
3.929999999997875761e+02 -8.118249217075268120e+01 8.110992736304804829e-02
3.939999999997866666e+02 -8.118489681680358672e+01 8.104550551946357317e-02
3.949999999997857572e+02 -8.118727675887394923e+01 8.098168647306927537e-02
3.959999999997848477e+02 -8.118963233241854027e+01 8.091846168927963046e-02
3.969999999997839382e+02 -8.119196386711355728e+01 8.085582280644840192e-02
3.979999999997830287e+02 -8.119427168697833963e+01 8.079376163146460843e-02
3.989999999997821192e+02 -8.119655611049438448e+01 8.073227013547189246e-02
3.999999999997812097e+02 -8.119881745072090951e+01 8.067134044970956930e-02
4.009999999997803002e+02 -8.120105601540784335e+01 8.061096486147030504e-02
4.019999999997793907e+02 -8.120327210710617294e+01 8.055113581017207813e-02
4.029999999997784812e+02 -8.120546602327496544e+01 8.049184588354135750e-02
4.039999999997775717e+02 -8.120763805638632959e+01 8.043308781390313966e-02
4.049999999997766622e+02 -8.120978849402735023e+01 8.037485447457601295e-02
4.059999999997757527e+02 -8.121191761900004735e+01 8.031713887636890425e-02
4.069999999997748432e+02 -8.121402570941840793e+01 8.025993416417612214e-02
4.079999999997739337e+02 -8.121611303880310118e+01 8.020323361366794856e-02
4.089999999997730242e+02 -8.121817987617427548e+01 8.014703062807525258e-02
4.099999999997721147e+02 -8.122022648614201046e+01 8.009131873506310229e-02
4.109999999997712052e+02 -8.122225312899402638e+01 8.003609158369283383e-02
4.119999999997702957e+02 -8.122426006078242722e+01 7.998134294146956591e-02
4.129999999997693862e+02 -8.122624753340710413e+01 7.992706669147155163e-02
4.139999999997684768e+02 -8.122821579469842845e+01 7.987325682956022965e-02
4.149999999997675673e+02 -8.123016508849656248e+01 7.981990746166819917e-02
4.159999999997666578e+02 -8.123209565473050020e+01 7.976701280116289816e-02
4.169999999997657483e+02 -8.123400772949389648e+01 7.971456716628322337e-02
4.179999999997648388e+02 -8.123590154512027084e+01 7.966256497764814815e-02
4.189999999997639293e+02 -8.123777733025498549e+01 7.961100075583388280e-02
4.199999999997630198e+02 -8.123963530992769222e+01 7.955986911901828662e-02
4.209999999997621103e+02 -8.124147570562104193e+01 7.950916478069103288e-02
4.219999999997612008e+02 -8.124329873533883983e+01 7.945888254742629331e-02
4.229999999997602913e+02 -8.124510461367268022e+01 7.940901731671669295e-02
4.239999999997593818e+02 -8.124689355186671946e+01 7.935956407486800812e-02
4.249999999997584723e+02 -8.124866575788139755e+01 7.931051789495024984e-02
4.259999999997575628e+02 -8.125042143645499948e+01 7.926187393480582655e-02
4.269999999997566533e+02 -8.125216078916479034e+01 7.921362743511176085e-02
4.279999999997557438e+02 -8.125388401448607567e+01 7.916577371749503045e-02
4.289999999997548343e+02 -8.125559130785022433e+01 7.911830818269863230e-02
4.299999999997539248e+02 -8.125728286170118508e+01 7.907122630879825920e-02
4.309999999997530153e+02 -8.125895886555125003e+01 7.902452364946650765e-02
4.319999999997521059e+02 -8.126061950603492789e+01 7.897819583228456175e-02
4.329999999997511964e+02 -8.126226496696232005e+01 7.893223855709913250e-02
4.339999999997502869e+02 -8.126389542937056376e+01 7.888664759442332031e-02
4.349999999997493774e+02 -8.126551107157490605e+01 7.884141878388084557e-02
4.359999999997484679e+02 -8.126711206921832797e+01 7.879654803269146857e-02
4.369999999997475584e+02 -8.126869859531997520e+01 7.875203131419677982e-02
4.379999999997466489e+02 -8.127027082032250860e+01 7.870786466642575030e-02
4.389999999997457394e+02 -8.127182891213898586e+01 7.866404419069748799e-02
4.399999999997448299e+02 -8.127337303619823672e+01 7.862056605026125633e-02
4.409999999997439204e+02 -8.127490335548931455e+01 7.857742646897271366e-02
4.419999999997430109e+02 -8.127642003060512366e+01 7.853462173000400059e-02
4.429999999997421014e+02 -8.127792321978510870e+01 7.849214817458864679e-02
4.439999999997411919e+02 -8.127941307895696355e+01 7.845000220079871578e-02
4.449999999997402824e+02 -8.128088976177775749e+01 7.840818026235335525e-02
4.459999999997393729e+02 -8.128235341967356931e+01 7.836667886745900258e-02
4.469999999997384634e+02 -8.128380420187922084e+01 7.832549457767916390e-02
4.479999999997375539e+02 -8.128524225547616311e+01 7.828462400683332267e-02
4.489999999997366444e+02 -8.128666772543029140e+01 7.824406381992393689e-02
4.499999999997357349e+02 -8.128808075462900717e+01 7.820381073209133060e-02
4.509999999997348255e+02 -8.128948148391688733e+01 7.816386150759464801e-02
4.519999999997339160e+02 -8.129087005213112604e+01 7.812421295881939731e-02
4.529999999997330065e+02 -8.129224659613633719e+01 7.808486194530900315e-02
4.539999999997320970e+02 -8.129361125085831929e+01 7.804580537282213015e-02
4.549999999997311875e+02 -8.129496414931708159e+01 7.800704019241225251e-02
4.559999999997302780e+02 -8.129630542265981319e+01 7.796856339953156523e-02
4.569999999997293685e+02 -8.129763520019234591e+01 7.793037203315618389e-02
4.579999999997284590e+02 -8.129895360941075921e+01 7.789246317493379868e-02
4.589999999997275495e+02 -8.130026077603181989e+01 7.785483394835170101e-02
4.599999999997266400e+02 -8.130155682402295270e+01 7.781748151792584889e-02
4.609999999997257305e+02 -8.130284187563167109e+01 7.778040308840970807e-02
4.619999999997248210e+02 -8.130411605141469522e+01 7.774359590402205034e-02
4.629999999997239115e+02 -8.130537947026587631e+01 7.770705724769420841e-02
4.639999999997230020e+02 -8.130663224944382250e+01 7.767078444033483076e-02
4.649999999997220925e+02 -8.130787450459962429e+01 7.763477484011271912e-02
4.659999999997211830e+02 -8.130910634980287455e+01 7.759902584175704110e-02
4.669999999997202735e+02 -8.131032789756814338e+01 7.756353487587394624e-02
4.679999999997193640e+02 -8.131153925888054346e+01 7.752829940827980770e-02
4.689999999997184545e+02 -8.131274054322058475e+01 7.749331693934981280e-02
4.699999999997175451e+02 -8.131393185858924255e+01 7.745858500338247132e-02
4.709999999997166356e+02 -8.131511331153170374e+01 7.742410116797852904e-02
4.719999999997157261e+02 -8.131628500716128372e+01 7.738986303343488304e-02
4.729999999997148166e+02 -8.131744704918264688e+01 7.735586823215233332e-02
4.739999999997139071e+02 -8.131859953991438772e+01 7.732211442805715651e-02
4.749999999997129976e+02 -8.131974258031181080e+01 7.728859931603580813e-02
4.759999999997120881e+02 -8.132087626998855967e+01 7.725532062138334988e-02
4.769999999997111786e+02 -8.132200070723791896e+01 7.722227609926356207e-02
4.779999999997102691e+02 -8.132311598905450012e+01 7.718946353418172646e-02
4.789999999997093596e+02 -8.132422221115470506e+01 7.715688073946964931e-02
4.799999999997084501e+02 -8.132531946799682032e+01 7.712452555678186994e-02
4.809999999997075406e+02 -8.132640785280135276e+01 7.709239585560358210e-02
4.819999999997066311e+02 -8.132748745757015740e+01 7.706048953276911639e-02
4.829999999997057216e+02 -8.132855837310623315e+01 7.702880451199170531e-02
4.839999999997048121e+02 -8.132962068903222530e+01 7.699733874340287942e-02
4.849999999997039026e+02 -8.133067449380891389e+01 7.696609020310289651e-02
4.859999999997029931e+02 -8.133171987475344622e+01 7.693505689272012171e-02
4.869999999997020836e+02 -8.133275691805718566e+01 7.690423683898123253e-02
4.879999999997011741e+02 -8.133378570880338998e+01 7.687362809328941726e-02
4.889999999997002647e+02 -8.133480633098413648e+01 7.684322873131256559e-02
4.899999999996993552e+02 -8.133581886751730394e+01 7.681303685258016045e-02
4.909999999996984457e+02 -8.133682340026308566e+01 7.678305058008851047e-02
4.919999999996975362e+02 -8.133782001004063034e+01 7.675326805991489199e-02
4.929999999996966267e+02 -8.133880877664344666e+01 7.672368746083944868e-02
4.939999999996957172e+02 -8.133978977885550421e+01 7.669430697397532082e-02
4.949999999996948077e+02 -8.134076309446655273e+01 7.666512481240643495e-02
4.959999999996938982e+02 -8.134172880028704355e+01 7.663613921083284319e-02
4.969999999996929887e+02 -8.134268697216354838e+01 7.660734842522361199e-02
4.979999999996920792e+02 -8.134363768499262903e+01 7.657875073247669140e-02
4.989999999996911697e+02 -8.134458101273563102e+01 7.655034443008594536e-02
4.999999999996902602e+02 -8.134551702843292276e+01 7.652212783581505140e-02
5.000000000000000000e+02 -8.134551702843320697e+01 7.652212783580633615e-02
