1.000000000000000666e+00 -7.217004299167331283e+01 7.359442884037074861e-02
2.000000000000001332e+00 -6.327734059304417968e+01 7.362351181511310461e-02
2.999999999999980016e+00 -6.992947260766000817e+00 7.372163857846769641e-02
3.999999999999958700e+00 3.630612198670993962e+01 7.840626475132998763e-02
4.999999999999937828e+00 3.023786642580008888e+01 9.061076799996302389e-02
5.999999999999916511e+00 2.566790616072785980e+01 1.076199837023720379e-01
6.999999999999895195e+00 2.289989971665375279e+01 1.260227299760224851e-01
7.999999999999873879e+00 2.146913899792610891e+01 1.429338551308321770e-01
8.999999999999852562e+00 2.089520344546348696e+01 1.568236241373760775e-01
9.999999999999831246e+00 2.082939941498432290e+01 1.673844589081377732e-01
1.099999999999980993e+01 2.104637029276433680e+01 1.750078752554984629e-01
1.199999999999978861e+01 2.140822009450977248e+01 1.803363625864488340e-01
1.299999999999976730e+01 2.183338739120466698e+01 1.840089034080923946e-01
1.399999999999974598e+01 2.227491942842775074e+01 1.865557889595838015e-01
1.499999999999972466e+01 2.270642396989454426e+01 1.883755737553655385e-01
1.599999999999970335e+01 2.311332768171379115e+01 1.897479797517803435e-01
1.699999999999985789e+01 2.348758116684336272e+01 1.908582432739673318e-01
1.800000000000001421e+01 2.382451648430998148e+01 1.918218522265368042e-01
1.900000000000017053e+01 2.412099546996118704e+01 1.927054946305819250e-01
2.000000000000032685e+01 2.437429079466445359e+01 1.935431616160322721e-01
2.100000000000048317e+01 2.458134708078729247e+01 1.943476217661364580e-01
2.200000000000063949e+01 2.473820817270031114e+01 1.951179333157196383e-01
2.300000000000079581e+01 2.483950700919383792e+01 1.958438063312950839e-01
2.400000000000095213e+01 2.487806426167745855e+01 1.965077851931758268e-01
2.500000000000110845e+01 2.484498018117457718e+01 1.970867048457421999e-01
2.600000000000126477e+01 2.473138194414190494e+01 1.975549172669213427e-01
2.700000000000142109e+01 2.453396657233611933e+01 1.978923627415809794e-01
2.800000000000157740e+01 2.426443086555426021e+01 1.980963384223509705e-01
2.900000000000173372e+01 2.395317673175318518e+01 1.981859938175721536e-01
3.000000000000189004e+01 2.363577886903370384e+01 1.981916399803686779e-01
3.100000000000204636e+01 2.333527191815640833e+01 1.981410188854836052e-01
3.200000000000220268e+01 2.305932674193493170e+01 1.980545592691251300e-01
3.300000000000200373e+01 2.280721918936524872e+01 1.979464757916454265e-01
3.400000000000180478e+01 2.257580771831324284e+01 1.978265638710038077e-01
3.500000000000160583e+01 2.236210188415413569e+01 1.977014460601845824e-01
3.600000000000140687e+01 2.216382341929299571e+01 1.975754431930520638e-01
3.700000000000120792e+01 2.197925795175531860e+01 1.974512366426002252e-01
3.800000000000100897e+01 2.180700153906691696e+01 1.973303708383837840e-01
3.900000000000081002e+01 2.164578754836626473e+01 1.972136190421717172e-01
4.000000000000061107e+01 2.149440754662795428e+01 1.971012407913181885e-01
4.100000000000041211e+01 2.135169300657343072e+01 1.969931607382988392e-01
4.200000000000021316e+01 2.121652525037669790e+01 1.968890930135496764e-01
4.300000000000001421e+01 2.108785300442196586e+01 1.967886279882400946e-01
4.399999999999981526e+01 2.096470748430741438e+01 1.966912925610648788e-01
4.499999999999961631e+01 2.084621151188794386e+01 1.965965913636604223e-01
4.599999999999941735e+01 2.073158251274231390e+01 1.965040340381691009e-01
4.699999999999921840e+01 2.062013059611943078e+01 1.964131523674031987e-01
4.799999999999901945e+01 2.051125323344774642e+01 1.963235101203015531e-01
4.899999999999882050e+01 2.040442790505882797e+01 1.962347077977694421e-01
4.999999999999862155e+01 2.029920378492020916e+01 1.961463839308555668e-01
5.099999999999842260e+01 2.019519322378642556e+01 1.960582141555017310e-01
5.199999999999822364e+01 2.009206352880976354e+01 1.959699089480687606e-01
5.299999999999802469e+01 1.998952933638623364e+01 1.958812106415316334e-01
5.399999999999782574e+01 1.988734573061423205e+01 1.957918901422888991e-01
5.499999999999762679e+01 1.978530216171873590e+01 1.957017436204724625e-01
5.599999999999742784e+01 1.968321715588094634e+01 1.956105893414848418e-01
5.699999999999722888e+01 1.958093377027970305e+01 1.955182647334355039e-01
5.799999999999702993e+01 1.947831572698704505e+01 1.954246237359437977e-01
5.899999999999683098e+01 1.937524415081486850e+01 1.953295344438172321e-01
5.999999999999663203e+01 1.927161483506454687e+01 1.952328770393112478e-01
6.099999999999643308e+01 1.916733596244504056e+01 1.951345419952182081e-01
6.199999999999623412e+01 1.906232621419787776e+01 1.950344285251575660e-01
6.299999999999603517e+01 1.895651320738660672e+01 1.949324432551824415e-01
6.399999999999583622e+01 1.884983220753538191e+01 1.948284990908027425e-01
6.499999999999634781e+01 1.874222507082952305e+01 1.947225142548423826e-01
6.599999999999685940e+01 1.863363937663327974e+01 1.946144114735613995e-01
6.699999999999737099e+01 1.852402771699209083e+01 1.945041172907952531e-01
6.799999999999788258e+01 1.841334711502401689e+01 1.943915614922452351e-01
6.899999999999839417e+01 1.830155854866668008e+01 1.942766766243424759e-01
6.999999999999890576e+01 1.818862656017772039e+01 1.941593975942225714e-01
7.099999999999941735e+01 1.807451893514104313e+01 1.940396613392605663e-01
7.199999999999992895e+01 1.795920643757110824e+01 1.939174065563012417e-01
7.300000000000044054e+01 1.784266259009769229e+01 1.937925734821913382e-01
7.400000000000095213e+01 1.772486349021383489e+01 1.936651037184989321e-01
7.500000000000146372e+01 1.760578765523568023e+01 1.935349400943896236e-01
7.600000000000197531e+01 1.748541589000485530e+01 1.934020265625617518e-01
7.700000000000248690e+01 1.736373117250641940e+01 1.932663081239278380e-01
7.800000000000299849e+01 1.724071855351458993e+01 1.931277307773974217e-01
7.900000000000351008e+01 1.711636506715069928e+01 1.929862414916668767e-01
8.000000000000402167e+01 1.699065964986730037e+01 1.928417881964003266e-01
8.100000000000453326e+01 1.686359306588613194e+01 1.926943197905621186e-01
8.200000000000504485e+01 1.673515783753453334e+01 1.925437861659991812e-01
8.300000000000555644e+01 1.660534817926086149e+01 1.923901382446284725e-01
8.400000000000606803e+01 1.647415993438123039e+01 1.922333280278137324e-01
8.500000000000657963e+01 1.634159051382651739e+01 1.920733086566911718e-01
8.600000000000709122e+01 1.620763883633149405e+01 1.919100344823538029e-01
8.700000000000760281e+01 1.607230526964540474e+01 1.917434611449218562e-01
8.800000000000811440e+01 1.593559157245058167e+01 1.915735456606187659e-01
8.900000000000862599e+01 1.579750083676086270e+01 1.914002465160479505e-01
9.000000000000913758e+01 1.565803743063629661e+01 1.912235237689202672e-01
9.100000000000964917e+01 1.551720694110125187e+01 1.910433391545232895e-01
9.200000000001016076e+01 1.537501611719114436e+01 1.908596561972539518e-01
9.300000000001067235e+01 1.523147281308179046e+01 1.906724403265527834e-01
9.400000000001118394e+01 1.508658593127656466e+01 1.904816589965903362e-01
9.500000000001169553e+01 1.494036536584223462e+01 1.902872818090585727e-01
9.600000000001220712e+01 1.479282194569537978e+01 1.900892806384173461e-01
9.700000000001271871e+01 1.464396737794909242e+01 1.898876297589403850e-01
9.800000000001323031e+01 1.449381419133535687e+01 1.896823059728934280e-01
9.900000000001374190e+01 1.434237567972189709e+01 1.894732887391663012e-01
1.000000000000142535e+02 1.418966584574486944e+01 1.892605603016653815e-01
1.010000000000147651e+02 1.403569934458059087e+01 1.890441058167575683e-01
1.020000000000152767e+02 1.388049142788053913e+01 1.888239134790436202e-01
1.030000000000157883e+02 1.372405788789498970e+01 1.885999746447249714e-01
1.040000000000162999e+02 1.356641500181144089e+01 1.883722839518120473e-01
1.050000000000168114e+02 1.340757947633507463e+01 1.881408394364172676e-01
1.060000000000173230e+02 1.324756839253917029e+01 1.879056426443625472e-01
1.070000000000178346e+02 1.308639915101503526e+01 1.876666987373306061e-01
1.080000000000183462e+02 1.292408941735179084e+01 1.874240165927848478e-01
1.090000000000188578e+02 1.276065706797789190e+01 1.871776088968890861e-01
1.100000000000193694e+02 1.259612013639774020e+01 1.869274922296619568e-01
1.110000000000198810e+02 1.243049675985796299e+01 1.866736871416160293e-01
1.120000000000203926e+02 1.226380512647952692e+01 1.864162182211477614e-01
1.130000000000209042e+02 1.209606342289299263e+01 1.861551141519658670e-01
1.140000000000214158e+02 1.192728978241527926e+01 1.858904077598758919e-01
1.150000000000219273e+02 1.175750223380742554e+01 1.856221360482683269e-01
1.160000000000224389e+02 1.158671865065327289e+01 1.853503402217030194e-01
1.170000000000229505e+02 1.141495670139926233e+01 1.850750656970179542e-01
1.180000000000234621e+02 1.124223380009570228e+01 1.847963621014499513e-01
1.190000000000239737e+02 1.106856705787904360e+01 1.845142832573001823e-01
1.200000000000244853e+02 1.089397323523403927e+01 1.842288871527478777e-01
1.210000000000249969e+02 1.071846869507306721e+01 1.839402358984692232e-01
1.220000000000255085e+02 1.054206935666821998e+01 1.836483956697948505e-01
1.230000000000260201e+02 1.036479065046900061e+01 1.833534366342090827e-01
1.240000000000265317e+02 1.018664747383613722e+01 1.830554328640688899e-01
1.250000000000270433e+02 1.000765414771794681e+01 1.827544622345009528e-01
1.260000000000275548e+02 9.827824374292580600e+00 1.824506063065135797e-01
1.270000000000280664e+02 9.647171195594523851e+00 1.821439501954427997e-01
1.280000000000285638e+02 9.465706953139479296e+00 1.818345824249358311e-01
1.290000000000276543e+02 9.283443248556508820e+00 1.815225947667531703e-01
1.300000000000267448e+02 9.100390905229662764e+00 1.812080820667573700e-01
1.310000000000258353e+02 8.916559930949027546e+00 1.808911420575337048e-01
1.320000000000249258e+02 8.731959481560286562e+00 1.805718751581649462e-01
1.330000000000240163e+02 8.546597825599146603e+00 1.802503842617592666e-01
1.340000000000231068e+02 8.360482309889242458e+00 1.799267745113993511e-01
1.350000000000221974e+02 8.173619326075764135e+00 1.796011530652489863e-01
1.360000000000212879e+02 7.986014278060427074e+00 1.792736288516137422e-01
1.370000000000203784e+02 7.797671550296774612e+00 1.789443123148075077e-01
1.380000000000194689e+02 7.608594476898317360e+00 1.786133151527288521e-01
1.390000000000185594e+02 7.418785311505398106e+00 1.782807500470910966e-01
1.400000000000176499e+02 7.228245197850410975e+00 1.779467303872878103e-01
1.410000000000167404e+02 7.036974140954822765e+00 1.776113699889032282e-01
1.420000000000158309e+02 6.844970978885443813e+00 1.772747828078978793e-01
1.430000000000149214e+02 6.652233354991714975e+00 1.769370826515137829e-01
1.440000000000140119e+02 6.458757690540450014e+00 1.765983828869470973e-01
1.450000000000131024e+02 6.264539157659364754e+00 1.762587961488349675e-01
1.460000000000121929e+02 6.069571652495900693e+00 1.759184340465925478e-01
1.470000000000112834e+02 5.873847768493731358e+00 1.755774068726168591e-01
1.480000000000103739e+02 5.677358769685251438e+00 1.752358233123521847e-01
1.490000000000094644e+02 5.480094563894957638e+00 1.748937901571737952e-01
1.500000000000085549e+02 5.282043675745430988e+00 1.745514120210151510e-01
1.510000000000076454e+02 5.083193219355221615e+00 1.742087910616094693e-01
1.520000000000067359e+02 4.883528870615724493e+00 1.738660267071759080e-01
1.530000000000058265e+02 4.683034838932537802e+00 1.735232153893164209e-01
1.540000000000049170e+02 4.481693838315716327e+00 1.731804502828322156e-01
1.550000000000040075e+02 4.279487057702767494e+00 1.728378210531064385e-01
1.560000000000030980e+02 4.076394130398271365e+00 1.724954136116288173e-01
1.570000000000021885e+02 3.872393102514553931e+00 1.721533098801702466e-01
1.580000000000012790e+02 3.667460400299025203e+00 1.718115875640448820e-01
1.590000000000003695e+02 3.461570796235740932e+00 1.714703199348219520e-01
1.599999999999994600e+02 3.254697373811145766e+00 1.711295756227794451e-01
1.609999999999985505e+02 3.046811490837438186e+00 1.707894184193198828e-01
1.619999999999976410e+02 2.837882741230921990e+00 1.704499070894928414e-01
1.629999999999967315e+02 2.627878915147734862e+00 1.701110951947072958e-01
1.639999999999958220e+02 2.416765957385433428e+00 1.697730309256427483e-01
1.649999999999949125e+02 2.204507923965749683e+00 1.694357569453098233e-01
1.659999999999940030e+02 1.991066936822175393e+00 1.690993102421500249e-01
1.669999999999930935e+02 1.776403136525512183e+00 1.687637219930072374e-01
1.679999999999921840e+02 1.560474632991587063e+00 1.684290174357580272e-01
1.689999999999912745e+02 1.343237454128027641e+00 1.680952157513396772e-01
1.699999999999903650e+02 1.124645492391590285e+00 1.677623299548789693e-01
1.709999999999894555e+02 9.046504492441832523e-01 1.674303667955935049e-01
1.719999999999885461e+02 6.832017775149181738e-01 1.670993266651129017e-01
1.729999999999876366e+02 4.602466216972077029e-01 1.667692035138526874e-01
1.739999999999867271e+02 2.357297562348515674e-01 1.664399847750639982e-01
1.749999999999858176e+02 9.593521879279592532e-03 1.661116512961886282e-01
1.759999999999849081e+02 -2.182222397677114067e-01 1.657841772771527777e-01
1.769999999999839986e+02 -4.477802533750929181e-01 1.654575302152632155e-01
1.779999999999830891e+02 -6.791458784750883382e-01 1.651316708563926317e-01
1.789999999999821796e+02 -9.123871792884905574e-01 1.648065531521926697e-01
1.799999999999812701e+02 -1.147574995490561189e+00 1.644821242231207514e-01
1.809999999999803606e+02 -1.384783013565816567e+00 1.641583243271425296e-01
1.819999999999794511e+02 -1.624087838332628264e+00 1.638350868340471278e-01
1.829999999999785416e+02 -1.865569064142611255e+00 1.635123382054089747e-01
1.839999999999776321e+02 -2.109309345174617878e+00 1.631899979803457801e-01
1.849999999999767226e+02 -2.355394464147687383e+00 1.628679787673385781e-01
1.859999999999758131e+02 -2.603913398670616441e+00 1.625461862425310045e-01
1.869999999999749036e+02 -2.854958384326633514e+00 1.622245191550784338e-01
1.879999999999739941e+02 -3.108624973459457763e+00 1.619028693402975450e-01
1.889999999999730846e+02 -3.365012088480212160e+00 1.615811217415613898e-01
1.899999999999721751e+02 -3.624222068352798587e+00 1.612591544420997614e-01
1.909999999999712657e+02 -3.886360706737422177e+00 1.609368387080956087e-01
1.919999999999703562e+02 -4.151537280077304715e+00 1.606140390447260424e-01
1.929999999999694467e+02 -4.419864563702381233e+00 1.602906132670604833e-01
1.939999999999685372e+02 -4.691458833795722150e+00 1.599664125880227439e-01
1.949999999999676277e+02 -4.966439852824978907e+00 1.596412817259281469e-01
1.959999999999667182e+02 -5.244930835783911505e+00 1.593150590344236117e-01
1.969999999999658087e+02 -5.527058394318989265e+00 1.589875766579954275e-01
1.979999999999648992e+02 -5.812952455548650477e+00 1.586586607165363372e-01
1.989999999999639897e+02 -6.102746152099712162e+00 1.583281315228166897e-01
1.999999999999630802e+02 -6.396575679632070077e+00 1.579958038370273543e-01
2.009999999999621707e+02 -6.694580117880552628e+00 1.576614871628808923e-01
2.019999999999612612e+02 -6.996901211047066305e+00 1.573249860900542418e-01
2.029999999999603517e+02 -7.303683103244238417e+00 1.569861006879990084e-01
2.039999999999594422e+02 -7.615072024654402583e+00 1.566446269563433191e-01
2.049999999999585327e+02 -7.931215924162303033e+00 1.563003573372199473e-01
2.059999999999576232e+02 -8.252264044493129447e+00 1.559530812948649037e-01
2.069999999999567137e+02 -8.578366436395990391e+00 1.556025859677135081e-01
2.079999999999558042e+02 -8.909673409224666329e+00 1.552486568979297987e-01
2.089999999999548947e+02 -9.246334916461364628e+00 1.548910788428230212e-01
2.099999999999539853e+02 -9.588499876393413501e+00 1.545296366718709735e-01
2.109999999999530758e+02 -9.936315430385338487e+00 1.541641163520518776e-01
2.119999999999521663e+02 -1.028992614408770656e+01 1.537943060228324499e-01
2.129999999999512568e+02 -1.064947316058546534e+01 1.534199971604160162e-01
2.139999999999503473e+02 -1.101509331899049826e+01 1.530409858286797820e-01
2.149999999999494378e+02 -1.138691825737253005e+01 1.526570740115823777e-01
2.159999999999485283e+02 -1.176507352519482552e+01 1.522680710186561925e-01
2.169999999999476188e+02 -1.214967773749276425e+01 1.518737949515198415e-01
2.179999999999467093e+02 -1.254084181071778126e+01 1.514740742151436392e-01
2.189999999999457998e+02 -1.293866832814160617e+01 1.510687490529262211e-01
2.199999999999448903e+02 -1.334325109049145652e+01 1.506576730795970986e-01
2.209999999999439808e+02 -1.375467491439868795e+01 1.502407147806664456e-01
2.219999999999430713e+02 -1.417301574643443729e+01 1.498177589418586420e-01
2.229999999999421618e+02 -1.459834116295088258e+01 1.493887079669522500e-01
2.239999999999412523e+02 -1.503071132448789626e+01 1.489534830381051278e-01
2.249999999999403428e+02 -1.547018044693650118e+01 1.485120250695385613e-01
2.259999999999394333e+02 -1.591679883882220814e+01 1.480642954038847159e-01
2.269999999999385238e+02 -1.637061553403907510e+01 1.476102762011770597e-01
2.279999999999376143e+02 -1.683168152154994246e+01 1.471499704739166470e-01
2.289999999999367049e+02 -1.730005353793761103e+01 1.466834017284098235e-01
2.299999999999357954e+02 -1.777579834592418706e+01 1.462106131830322731e-01
2.309999999999348859e+02 -1.825899737360646924e+01 1.457316665484197360e-01
2.319999999999339764e+02 -1.874975153767397629e+01 1.452466403727576960e-01
2.329999999999330669e+02 -1.924818602277565560e+01 1.447556279769204590e-01
2.339999999999321574e+02 -1.975445474295206338e+01 1.442587350284209036e-01
2.349999999999312479e+02 -2.026874417500192394e+01 1.437560768287869106e-01
2.359999999999303384e+02 -2.079127623383504542e+01 1.432477754145026760e-01
2.369999999999294289e+02 -2.132230986264547568e+01 1.427339565951207534e-01
2.379999999999285194e+02 -2.186214104229272692e+01 1.422147470713856499e-01
2.389999999999276099e+02 -2.241110098977813436e+01 1.416902717888798569e-01
2.399999999999267004e+02 -2.296955241819155447e+01 1.411606516865195060e-01
2.409999999999257909e+02 -2.353788386944052746e+01 1.406260019921354854e-01
2.419999999999248814e+02 -2.411650230072701362e+01 1.400864311978408938e-01
2.429999999999239719e+02 -2.470582429376508671e+01 1.395420408152655556e-01
2.439999999999230624e+02 -2.530626644279351112e+01 1.389929259655600102e-01
2.449999999999221529e+02 -2.591823563735648150e+01 1.384391768034983206e-01
2.459999999999212434e+02 -2.654212006126060430e+01 1.378808807129451586e-01
2.469999999999203339e+02 -2.717828175209274733e+01 1.373181251480504184e-01
2.479999999999194245e+02 -2.782705149121211718e+01 1.367510009377748970e-01
2.489999999999185150e+02 -2.848872661966221997e+01 1.361796058281137811e-01
2.499999999999176055e+02 -2.916357211914901271e+01 1.356040480132240655e-01
2.509999999999166960e+02 -2.985182499407002155e+01 1.350244494079145818e-01
2.519999999999157865e+02 -3.055370168640799733e+01 1.344409484405215405e-01
2.529999999999148770e+02 -3.126940799636044943e+01 1.338537021940283678e-01
2.539999999999139675e+02 -3.199915080376247900e+01 1.332628877876899376e-01
2.549999999999130580e+02 -3.274315080661367006e+01 1.326687029622692637e-01
2.559999999999121485e+02 -3.350165551109613915e+01 1.320713658994839002e-01
2.569999999999112674e+02 -3.427495180310950929e+01 1.314711143619004263e-01
2.579999999999103579e+02 -3.506337757514037889e+01 1.308682042775162480e-01
2.589999999999094484e+02 -3.586733204243331130e+01 1.302629079113805100e-01
2.599999999999085389e+02 -3.668728453105592990e+01 1.296555117659619338e-01
2.609999999999076294e+02 -3.752378163721316895e+01 1.290463143363320131e-01
2.619999999999067199e+02 -3.837745273000125934e+01 1.284356238208253786e-01
2.629999999999058105e+02 -3.924901379360879616e+01 1.278237558582296096e-01
2.639999999999049010e+02 -4.013926957949218632e+01 1.272110313336615450e-01
2.649999999999039915e+02 -4.104911399879255640e+01 1.265977742707783127e-01
2.659999999999030820e+02 -4.197952848472981202e+01 1.259843098099734660e-01
2.669999999999021725e+02 -4.293157788036466371e+01 1.253709622632666609e-01
2.679999999999012630e+02 -4.390640335427430330e+01 1.247580532347378895e-01
2.689999999999003535e+02 -4.490521140437520131e+01 1.241458997997642033e-01
2.699999999998994440e+02 -4.592925772167668441e+01 1.235348127475452279e-01
2.709999999998985345e+02 -4.697982427742196165e+01 1.229250949072467763e-01
2.719999999998976250e+02 -4.805818751303384317e+01 1.223170395971903968e-01
2.729999999998967155e+02 -4.916557496355925139e+01 1.217109292576435547e-01
2.739999999998958060e+02 -5.030310706213482774e+01 1.211070343496727791e-01
2.749999999998948965e+02 -5.147172032515769047e+01 1.205056126238175929e-01
2.759999999998939870e+02 -5.267206773952020171e+01 1.199069088812376171e-01
2.769999999998930775e+02 -5.390439219559577566e+01 1.193111553639418648e-01
2.779999999998921680e+02 -5.516836959600109225e+01 1.187185729159873915e-01
2.789999999998912585e+02 -5.646292033947162992e+01 1.181293730487671667e-01
2.799999999998903490e+02 -5.778599188590802527e+01 1.175437610134746208e-01
2.809999999998894396e+02 -5.913432172480074911e+01 1.169619399237786517e-01
2.819999999998885301e+02 -6.050319969573996559e+01 1.163841158728793207e-01
2.829999999998876206e+02 -6.188626085639636898e+01 1.158105038458437791e-01
2.839999999998867111e+02 -6.327535306315215280e+01 1.152413340434649686e-01
2.849999999998858016e+02 -6.466053308043893821e+01 1.146768580264324044e-01
2.859999999998848921e+02 -6.603024525637577824e+01 1.141173538983761143e-01
2.869999999998839826e+02 -6.737172107517264408e+01 1.135631296342619195e-01
2.879999999998830731e+02 -6.867160290514358678e+01 1.130145236956409810e-01
2.889999999998821636e+02 -6.991674521193436931e+01 1.124719023061141049e-01
2.899999999998812541e+02 -7.109509497640469533e+01 1.119356531866298882e-01
2.909999999998803446e+02 -7.219651928755143899e+01 1.114061760968593773e-01
2.919999999998794351e+02 -7.321344800620590831e+01 1.108838710629870827e-01
2.929999999998785256e+02 -7.414123633785546019e+01 1.103691255485684392e-01
2.939999999998776161e+02 -7.497821378338818477e+01 1.098623019448639743e-01
2.949999999998767066e+02 -7.572545028116692833e+01 1.093637266065508457e-01
2.959999999998757971e+02 -7.638631696179456299e+01 1.088736813071356502e-01
2.969999999998748876e+02 -7.696593775328453546e+01 1.083923975502520398e-01
2.979999999998739781e+02 -7.747062120214511083e+01 1.079200537598642706e-01
2.989999999998730686e+02 -7.790733909870041884e+01 1.074567750586132853e-01
2.999999999998721592e+02 -7.828329093144644446e+01 1.070026351565256106e-01
3.009999999998712497e+02 -7.860556890482315850e+01 1.065576598020055166e-01
3.019999999998703402e+02 -7.888092096549728183e+01 1.061218312634053668e-01
3.029999999998694307e+02 -7.911559930458038536e+01 1.056950933781443530e-01
3.039999999998685212e+02 -7.931527764334494179e+01 1.052773567981840352e-01
3.049999999998676117e+02 -7.948502029340912145e+01 1.048685041553147068e-01
3.059999999998667022e+02 -7.962928778440198130e+01 1.044683949553023850e-01
3.069999999998657927e+02 -7.975196654408557606e+01 1.040768700810738301e-01
3.079999999998648832e+02 -7.985641294377629151e+01 1.036937558405809506e-01
3.089999999998639737e+02 -7.994550458817624872e+01 1.033188675359214131e-01
3.099999999998630642e+02 -8.002169386793741523e+01 1.029520125588965357e-01
3.109999999998621547e+02 -8.008706047479368806e+01 1.025929930369396115e-01
3.119999999998612452e+02 -8.014336084122790282e+01 1.022416080645932729e-01
3.129999999998603357e+02 -8.019207337633207544e+01 1.018976555614706375e-01
3.139999999998594262e+02 -8.023443899956102143e+01 1.015609337995341394e-01
3.149999999998585167e+02 -8.027149689163331914e+01 1.012312426418492395e-01
3.159999999998576072e+02 -8.030411564364331412e+01 1.009083845326614742e-01
3.169999999998566977e+02 -8.033302013681797860e+01 1.005921652754067086e-01
3.179999999998557882e+02 -8.035881456094236341e+01 1.002823946315774400e-01
3.189999999998548788e+02 -8.038200200495637660e+01 9.997888676956612208e-02
3.199999999998539693e+02 -8.040300104704688522e+01 9.968146058890438310e-02
3.209999999998530598e+02 -8.042215974662695999e+01 9.938993994184194825e-02
3.219999999998521503e+02 -8.043976740569912920e+01 9.910415377103672097e-02
3.229999999998512408e+02 -8.045606442802403535e+01 9.882393617928654506e-02
3.239999999998503313e+02 -8.047125056494448359e+01 9.854912644472339778e-02
3.249999999998494218e+02 -8.048549179885102944e+01 9.827956899271055036e-02
3.259999999998485123e+02 -8.049892608033894703e+01 9.801511333379482604e-02
3.269999999998476028e+02 -8.051166810366854065e+01 9.775561397545706743e-02
3.279999999998466933e+02 -8.052381327735936623e+01 9.750093031403139765e-02
3.289999999998457838e+02 -8.053544102251568404e+01 9.725092651200732685e-02
3.299999999998448743e+02 -8.054661751057305707e+01 9.700547136495928091e-02
3.309999999998439648e+02 -8.055739793424569939e+01 9.676443816153208755e-02
3.319999999998430553e+02 -8.056782839022025655e+01 9.652770453923936733e-02
3.329999999998421458e+02 -8.057794743924195302e+01 9.629515233826842213e-02
3.339999999998412363e+02 -8.058778739836184002e+01 9.606666745502555338e-02
3.349999999998403268e+02 -8.059737541097263147e+01 9.584213969677495004e-02
3.359999999998394173e+02 -8.060673433260045329e+01 9.562146263841356242e-02
3.369999999998385078e+02 -8.061588346400954208e+01 9.540453348217206586e-02
3.379999999998375984e+02 -8.062483915782959798e+01 9.519125292082628031e-02
3.389999999998366889e+02 -8.063361532045693991e+01 9.498152500483515726e-02
3.399999999998357794e+02 -8.064222382726752869e+01 9.477525701369403366e-02
3.409999999998348699e+02 -8.065067486609609659e+01 9.457235933167851272e-02
3.419999999998339604e+02 -8.065897722136811865e+01 9.437274532807590766e-02
3.429999999998330509e+02 -8.066713850914584327e+01 9.417633124193229566e-02
3.439999999998321414e+02 -8.067516537158131484e+01 9.398303607129268600e-02
3.449999999998312319e+02 -8.068306363780669699e+01 9.379278146687160256e-02
3.459999999998303224e+02 -8.069083845707716307e+01 9.360549163006448570e-02
3.469999999998294129e+02 -8.069849440897783666e+01 9.342109321518363152e-02
3.479999999998285034e+02 -8.070603559467257071e+01 9.323951523579220024e-02
3.489999999998275939e+02 -8.071346571248483315e+01 9.306068897499598924e-02
3.499999999998266844e+02 -8.072078812052912156e+01 9.288454789954568580e-02
3.509999999998257749e+02 -8.072800588864082272e+01 9.271102757760237012e-02
3.519999999998248654e+02 -8.073512184146206039e+01 9.254006560001355741e-02
3.529999999998239559e+02 -8.074213859421770678e+01 9.237160150495153654e-02
3.539999999998230464e+02 -8.074905858244996182e+01 9.220557670576577658e-02
3.549999999998221369e+02 -8.075588408675876906e+01 9.204193442190621022e-02
3.559999999998212274e+02 -8.076261725341335307e+01 9.188061961277686762e-02
3.569999999998203180e+02 -8.076926011155012475e+01 9.172157891438503796e-02
3.579999999998194085e+02 -8.077581458754566768e+01 9.156476057865584051e-02
3.589999999998184990e+02 -8.078228251705449736e+01 9.141011441528786030e-02
3.599999999998175895e+02 -8.078866565511289366e+01 9.125759173602890351e-02
3.609999999998166800e+02 -8.079496568464038830e+01 9.110714530126000354e-02
3.619999999998157705e+02 -8.080118422361644548e+01 9.095872926877755782e-02
3.629999999998148610e+02 -8.080732283115597170e+01 9.081229914467044140e-02
3.639999999998139515e+02 -8.081338301267291513e+01 9.066781173619337109e-02
3.649999999998130420e+02 -8.081936622428614214e+01 9.052522510654420484e-02
3.659999999998121325e+02 -8.082527387659557405e+01 9.038449853145487378e-02
3.669999999998112230e+02 -8.083110733793401437e+01 9.024559245751309633e-02
3.679999999998103135e+02 -8.083686793718186436e+01 9.010846846213500794e-02
3.689999999998094040e+02 -8.084255696621764287e+01 8.997308921511110169e-02
3.699999999998084945e+02 -8.084817568206312899e+01 8.983941844165659052e-02
3.709999999998075850e+02 -8.085372530877285158e+01 8.970742088689605265e-02
3.719999999998066755e+02 -8.085920703910939267e+01 8.957706228171841145e-02
3.729999999998057660e+02 -8.086462203603701937e+01 8.944830930994142337e-02
3.739999999998048565e+02 -8.086997143406287591e+01 8.932112957672690146e-02
3.749999999998039470e+02 -8.087525634044862954e+01 8.919549157819267604e-02
3.759999999998030376e+02 -8.088047783631178334e+01 8.907136467216800191e-02
3.769999999998021281e+02 -8.088563697763302685e+01 8.894871905004354817e-02
3.779999999998012186e+02 -8.089073479618191698e+01 8.882752570966839789e-02
3.789999999998003091e+02 -8.089577230037414779e+01 8.870775642925013416e-02
3.799999999997993996e+02 -8.090075047606656256e+01 8.858938374221432543e-02
3.809999999997984901e+02 -8.090567028730163202e+01 8.847238091298446905e-02
3.819999999997975806e+02 -8.091053267700351626e+01 8.835672191364270234e-02
3.829999999997966711e+02 -8.091533856763531674e+01 8.824238140143567111e-02
3.839999999997957616e+02 -8.092008886181875482e+01 8.812933469709047229e-02
3.849999999997948521e+02 -8.092478444292237327e+01 8.801755776390746133e-02
3.859999999997939426e+02 -8.092942617562046337e+01 8.790702718759839385e-02
3.869999999997930331e+02 -8.093401490642560248e+01 8.779772015684071673e-02
3.879999999997921236e+02 -8.093855146419785740e+01 8.768961444451797704e-02
3.889999999997912141e+02 -8.094303666063211722e+01 8.758268838962003644e-02
3.899999999997903046e+02 -8.094747129072472092e+01 8.747692087977705644e-02
3.909999999997893951e+02 -8.095185613322297513e+01 8.737229133440170548e-02
3.919999999997884856e+02 -8.095619195105599886e+01 8.726877968841681432e-02
3.929999999997875761e+02 -8.096047949175077463e+01 8.716636637654474884e-02
3.939999999997866666e+02 -8.096471948783241146e+01 8.706503231813793320e-02
3.949999999997857572e+02 -8.096891265721104958e+01 8.696475890252891583e-02
3.959999999997848477e+02 -8.097305970355485272e+01 8.686552797488079902e-02
3.969999999997839382e+02 -8.097716131665076489e+01 8.676732182251864489e-02
3.979999999997830287e+02 -8.098121817275361423e+01 8.667012316172406639e-02
3.989999999997821192e+02 -8.098523093492333658e+01 8.657391512497542019e-02
3.999999999997812097e+02 -8.098920025335202411e+01 8.647868124861715633e-02
4.009999999997803002e+02 -8.099312676568005998e+01 8.638440546094236505e-02
4.019999999997793907e+02 -8.099701109730349913e+01 8.629107207067300556e-02
4.029999999997784812e+02 -8.100085386167079093e+01 8.619866575582371682e-02
4.039999999997775717e+02 -8.100465566057107480e+01 8.610717155293480529e-02
4.049999999997766622e+02 -8.100841708441419087e+01 8.601657484666069831e-02
4.059999999997757527e+02 -8.101213871250146781e+01 8.592686135970203920e-02
4.069999999997748432e+02 -8.101582111328959002e+01 8.583801714306733832e-02
4.079999999997739337e+02 -8.101946484464565401e+01 8.575002856665389639e-02
4.089999999997730242e+02 -8.102307045409584418e+01 8.566288231013635679e-02
4.099999999997721147e+02 -8.102663847906632100e+01 8.557656535414992494e-02
4.109999999997712052e+02 -8.103016944711725955e+01 8.549106497176132968e-02
4.119999999997702957e+02 -8.103366387617063538e+01 8.540636872021398207e-02
4.129999999997693862e+02 -8.103712227473123164e+01 8.532246443293936555e-02
4.139999999997684768e+02 -8.104054514210149307e+01 8.523934021182494325e-02
4.149999999997675673e+02 -8.104393296859061024e+01 8.515698441972985311e-02
4.159999999997666578e+02 -8.104728623571736534e+01 8.507538567323898182e-02
4.169999999997657483e+02 -8.105060541640814620e+01 8.499453283564811779e-02
4.179999999997648388e+02 -8.105389097518886388e+01 8.491441501017100990e-02
4.189999999997639293e+02 -8.105714336837175438e+01 8.483502153336205942e-02
4.199999999997630198e+02 -8.106036304423744809e+01 8.475634196874554105e-02
4.209999999997621103e+02 -8.106355044321178127e+01 8.467836610064607972e-02
4.219999999997612008e+02 -8.106670599803825894e+01 8.460108392821161227e-02
4.229999999997602913e+02 -8.106983013394540194e+01 8.452448565962350502e-02
4.239999999997593818e+02 -8.107292326881007227e+01 8.444856170648756821e-02
4.249999999997584723e+02 -8.107598581331666310e+01 8.437330267839857068e-02
4.259999999997575628e+02 -8.107901817111118703e+01 8.429869937767346666e-02
4.269999999997566533e+02 -8.108202073895247963e+01 8.422474279424747856e-02
4.279999999997557438e+02 -8.108499390685869912e+01 8.415142410072688761e-02
4.289999999997548343e+02 -8.108793805825064283e+01 8.407873464759418880e-02
4.299999999997539248e+02 -8.109085357009050199e+01 8.400666595855964258e-02
4.309999999997530153e+02 -8.109374081301814385e+01 8.393520972605469921e-02
4.319999999997521059e+02 -8.109660015148304524e+01 8.386435780686289643e-02
4.329999999997511964e+02 -8.109943194387311394e+01 8.379410221788279045e-02
4.339999999997502869e+02 -8.110223654264076742e+01 8.372443513201947851e-02
4.349999999997493774e+02 -8.110501429442513199e+01 8.365534887419956434e-02
4.359999999997484679e+02 -8.110776554017152762e+01 8.358683591750611097e-02
4.369999999997475584e+02 -8.111049061524805381e+01 8.351888887942945927e-02
4.379999999997466489e+02 -8.111318984955877909e+01 8.345150051822995685e-02
4.389999999997457394e+02 -8.111586356765522510e+01 8.338466372940891991e-02
4.399999999997448299e+02 -8.111851208884374387e+01 8.331837154228424747e-02
4.409999999997439204e+02 -8.112113572729126076e+01 8.325261711666777364e-02
4.419999999997430109e+02 -8.112373479212814686e+01 8.318739373964013917e-02
4.429999999997421014e+02 -8.112630958754854760e+01 8.312269482242071184e-02
4.439999999997411919e+02 -8.112886041290821026e+01 8.305851389732936407e-02
4.449999999997402824e+02 -8.113138756282019415e+01 8.299484461483669362e-02
4.459999999997393729e+02 -8.113389132724826425e+01 8.293168074070021711e-02
4.469999999997384634e+02 -8.113637199159768443e+01 8.286901615318365000e-02
4.479999999997375539e+02 -8.113882983680451844e+01 8.280684484035702453e-02
4.489999999997366444e+02 -8.114126513942224506e+01 8.274516089747370462e-02
4.499999999997357349e+02 -8.114367817170656849e+01 8.268395852442364524e-02
4.509999999997348255e+02 -8.114606920169835291e+01 8.262323202325914939e-02
4.519999999997339160e+02 -8.114843849330428327e+01 8.256297579579109647e-02
4.529999999997330065e+02 -8.115078630637619028e+01 8.250318434125407385e-02
4.539999999997320970e+02 -8.115311289678784590e+01 8.244385225403655371e-02
4.549999999997311875e+02 -8.115541851651090610e+01 8.238497422147648963e-02
4.559999999997302780e+02 -8.115770341368794050e+01 8.232654502171814215e-02
4.569999999997293685e+02 -8.115996783270519188e+01 8.226855952162889785e-02
4.579999999997284590e+02 -8.116221201426236576e+01 8.221101267477455565e-02
4.589999999997275495e+02 -8.116443619544159560e+01 8.215389951945115121e-02
4.599999999997266400e+02 -8.116664060977453232e+01 8.209721517677057157e-02
4.609999999997257305e+02 -8.116882548730866631e+01 8.204095484880004341e-02
4.619999999997248210e+02 -8.117099105467093523e+01 8.198511381675208098e-02
4.629999999997239115e+02 -8.117313753513082020e+01 8.192968743922435237e-02
4.639999999997230020e+02 -8.117526514866172249e+01 8.187467115048767397e-02
4.649999999997220925e+02 -8.117737411200126019e+01 8.182006045882045386e-02
4.659999999997211830e+02 -8.117946463870976004e+01 8.176585094488814098e-02
4.669999999997202735e+02 -8.118153693922791092e+01 8.171203826016674998e-02
4.679999999997193640e+02 -8.118359122093296776e+01 8.165861812540874121e-02
4.689999999997184545e+02 -8.118562768819386122e+01 8.160558632914968746e-02
4.699999999997175451e+02 -8.118764654242477263e+01 8.155293872625524187e-02
4.709999999997166356e+02 -8.118964798213808365e+01 8.150067123650610312e-02
4.719999999997157261e+02 -8.119163220299574846e+01 8.144877984322121400e-02
4.729999999997148166e+02 -8.119359939785974234e+01 8.139726059191666752e-02
4.739999999997139071e+02 -8.119554975684152964e+01 8.134610958899994582e-02
4.749999999997129976e+02 -8.119748346735019595e+01 8.129532300049838178e-02
4.759999999997120881e+02 -8.119940071414005445e+01 8.124489705082088564e-02
4.769999999997111786e+02 -8.120130167935663223e+01 8.119482802155143786e-02
4.779999999997102691e+02 -8.120318654258227298e+01 8.114511225027411234e-02
4.789999999997093596e+02 -8.120505548088020475e+01 8.109574612942768712e-02
4.799999999997084501e+02 -8.120690866883842318e+01 8.104672610519077225e-02
4.809999999997075406e+02 -8.120874627861191186e+01 8.099804867639377737e-02
4.819999999997066311e+02 -8.121056847996439387e+01 8.094971039346002262e-02
4.829999999997057216e+02 -8.121237544030945799e+01 8.090170785737270387e-02
4.839999999997048121e+02 -8.121416732475007905e+01 8.085403771866785105e-02
4.849999999997039026e+02 -8.121594429611809574e+01 8.080669667645322407e-02
4.859999999997029931e+02 -8.121770651501269356e+01 8.075968147745103687e-02
4.869999999997020836e+02 -8.121945413983767992e+01 8.071298891506460682e-02
4.879999999997011741e+02 -8.122118732683871656e+01 8.066661582846831879e-02
4.889999999997002647e+02 -8.122290623013900301e+01 8.062055910171969653e-02
4.899999999996993552e+02 -8.122461100177500271e+01 8.057481566289367847e-02
4.909999999996984457e+02 -8.122630179173094689e+01 8.052938248323732173e-02
4.919999999996975362e+02 -8.122797874797278439e+01 8.048425657634593333e-02
4.929999999996966267e+02 -8.122964201648177607e+01 8.043943499735813074e-02
4.939999999996957172e+02 -8.123129174128685293e+01 8.039491484217152484e-02
4.949999999996948077e+02 -8.123292806449667580e+01 8.035069324667586110e-02
4.959999999996938982e+02 -8.123455112633114084e+01 8.030676738600540931e-02
4.969999999996929887e+02 -8.123616106515216018e+01 8.026313447380874211e-02
4.979999999996920792e+02 -8.123775801749363268e+01 8.021979176153562485e-02
4.989999999996911697e+02 -8.123934211809121564e+01 8.017673653774157194e-02
4.999999999996902602e+02 -8.124091349991114441e+01 8.013396612740741887e-02
5.000000000000000000e+02 -8.124091349991162758e+01 8.013396612739420721e-02
