1.000000000000000666e+00 -7.217174055720209935e+01 7.358602894053689614e-02
2.000000000000001332e+00 -6.328246786570698390e+01 7.359631887052701937e-02
2.999999999999980016e+00 -7.237596610165591748e+00 7.366920344837861456e-02
3.999999999999958700e+00 3.631547429097248880e+01 7.875519284361992556e-02
4.999999999999937828e+00 3.024978082236416199e+01 9.209475588943247248e-02
5.999999999999916511e+00 2.567584020350963314e+01 1.105399716361185475e-01
6.999999999999895195e+00 2.289877977007376231e+01 1.301685902405966266e-01
7.999999999999873879e+00 2.145485848447940214e+01 1.477679757495455326e-01
8.999999999999852562e+00 2.086449316535107812e+01 1.617678391403768456e-01
9.999999999999831246e+00 2.077960525537787007e+01 1.720122436894716555e-01
1.099999999999980993e+01 2.097515716681134634e+01 1.790974179888601692e-01
1.199999999999978861e+01 2.131326735053271548e+01 1.838366323385013379e-01
1.299999999999976730e+01 2.171210571555485913e+01 1.869774622353816695e-01
1.399999999999974598e+01 2.212419001851820965e+01 1.891015239053617514e-01
1.499999999999972466e+01 2.252234062789383984e+01 1.906177038454127115e-01
1.599999999999970335e+01 2.289090781988840462e+01 1.917915590668780590e-01
1.699999999999985789e+01 2.322039982165289018e+01 1.927824721741727698e-01
1.800000000000001421e+01 2.350420545405452799e+01 1.936769294296276089e-01
1.900000000000017053e+01 2.373653654668343549e+01 1.945143032672867200e-01
2.000000000000032685e+01 2.391102500000888753e+01 1.953048905947920577e-01
2.100000000000048317e+01 2.401965624322975756e+01 1.960412729690121370e-01
2.200000000000063949e+01 2.405202572460974153e+01 1.967047377688976861e-01
2.300000000000079581e+01 2.399554756694778845e+01 1.972694078583818456e-01
2.400000000000095213e+01 2.383864383075107440e+01 1.977081926560359249e-01
2.500000000000110845e+01 2.358012827828223479e+01 1.980043905537742788e-01
2.600000000000126477e+01 2.324207707152154612e+01 1.981643822062332527e-01
2.700000000000142109e+01 2.286802343652154690e+01 1.982162146491273091e-01
2.800000000000157740e+01 2.249906121054242902e+01 1.981931668497854682e-01
2.900000000000173372e+01 2.215645879174066835e+01 1.981217463251586375e-01
3.000000000000189004e+01 2.184501076637301864e+01 1.980204141751832070e-01
3.100000000000204636e+01 2.156239175129649865e+01 1.979018211835321950e-01
3.200000000000220268e+01 2.130475749804714525e+01 1.977745959985454660e-01
3.300000000000200373e+01 2.106870101276738794e+01 1.976444695282398856e-01
3.400000000000180478e+01 2.085155025687496888e+01 1.975150767641905558e-01
3.500000000000160583e+01 2.065117664205928705e+01 1.973885752662369875e-01
3.600000000000140687e+01 2.046576866152411256e+01 1.972661126463234882e-01
3.700000000000120792e+01 2.029368808652006706e+01 1.971481639244578588e-01
3.800000000000100897e+01 2.013340507616153019e+01 1.970347670147053476e-01
3.900000000000081002e+01 1.998348108712907134e+01 1.969256847985224046e-01
4.000000000000061107e+01 1.984257296773025914e+01 1.968205163429254112e-01
4.100000000000041211e+01 1.970944225909785175e+01 1.967187730110381838e-01
4.200000000000021316e+01 1.958296221194412468e+01 1.966199299763927433e-01
4.300000000000001421e+01 1.946212010782895874e+01 1.965234602382511520e-01
4.399999999999981526e+01 1.934601497840255391e+01 1.964288561174815095e-01
4.499999999999961631e+01 1.923385178425305853e+01 1.963356418585461838e-01
4.599999999999941735e+01 1.912493329924027918e+01 1.962433800310917908e-01
4.699999999999921840e+01 1.901865079259787450e+01 1.961516737354887241e-01
4.799999999999901945e+01 1.891447434243562498e+01 1.960601660860190054e-01
4.899999999999882050e+01 1.881194335785077953e+01 1.959685380330459525e-01
4.999999999999862155e+01 1.871065767348563824e+01 1.958765052684945940e-01
5.099999999999842260e+01 1.861026941888412622e+01 1.957838147202790313e-01
5.199999999999822364e+01 1.851047575067477879e+01 1.956902409659656006e-01
5.299999999999802469e+01 1.841101245928629382e+01 1.955955827705136707e-01
5.399999999999782574e+01 1.831164841412865485e+01 1.954996598656376927e-01
5.499999999999762679e+01 1.821218078380770677e+01 1.954023100293881821e-01
5.599999999999742784e+01 1.811243095456783081e+01 1.953033864861187241e-01
5.699999999999722888e+01 1.801224106598545305e+01 1.952027556230463701e-01
5.799999999999702993e+01 1.791147108452858205e+01 1.951002950056074381e-01
5.899999999999683098e+01 1.780999634056209047e+01 1.949958916664699671e-01
5.999999999999663203e+01 1.770770546110012589e+01 1.948894406400507318e-01
6.099999999999643308e+01 1.760449863802908510e+01 1.947808437140793048e-01
6.199999999999623412e+01 1.750028617898539451e+01 1.946700083710348195e-01
6.299999999999603517e+01 1.739498729517332976e+01 1.945568468944390561e-01
6.399999999999583622e+01 1.728852908693791690e+01 1.944412756175232793e-01
6.499999999999634781e+01 1.718084569376492610e+01 1.943232142944207319e-01
6.599999999999685940e+01 1.707187758054676863e+01 1.942025855765806275e-01
6.699999999999737099e+01 1.696157093644350766e+01 1.940793145794551533e-01
6.799999999999788258e+01 1.684987716653896683e+01 1.939533285266467066e-01
6.899999999999839417e+01 1.673675245979355708e+01 1.938245564605823590e-01
6.999999999999890576e+01 1.662215741959767357e+01 1.936929290104285328e-01
7.099999999999941735e+01 1.650605674559206193e+01 1.935583782093767968e-01
7.199999999999992895e+01 1.638841895740567978e+01 1.934208373546461579e-01
7.300000000000044054e+01 1.626921615261914411e+01 1.932802409045794034e-01
7.400000000000095213e+01 1.614842379264364070e+01 1.931365244080830990e-01
7.500000000000146372e+01 1.602602051135125905e+01 1.929896244623945101e-01
7.600000000000197531e+01 1.590198794224237311e+01 1.928394786957761953e-01
7.700000000000248690e+01 1.577631056071848370e+01 1.926860257722476100e-01
7.800000000000299849e+01 1.564897553867342950e+01 1.925292054158904698e-01
7.900000000000351008e+01 1.551997260914520460e+01 1.923689584526191154e-01
8.000000000000402167e+01 1.538929393920314226e+01 1.922052268675903397e-01
8.100000000000453326e+01 1.525693400959890944e+01 1.920379538766670835e-01
8.200000000000504485e+01 1.512288949999708443e+01 1.918670840105401454e-01
8.300000000000555644e+01 1.498715917883458637e+01 1.916925632102609300e-01
8.400000000000606803e+01 1.484974379704729230e+01 1.915143389330645485e-01
8.500000000000657963e+01 1.471064598505418530e+01 1.913323602674489032e-01
8.600000000000709122e+01 1.456987015251242212e+01 1.911465780565492489e-01
8.700000000000760281e+01 1.442742239045487729e+01 1.909569450288965964e-01
8.800000000000811440e+01 1.428331037550051619e+01 1.907634159356824399e-01
8.900000000000862599e+01 1.413754327589094828e+01 1.905659476936729102e-01
9.000000000000913758e+01 1.399013165915666512e+01 1.903644995329255851e-01
9.100000000000964917e+01 1.384108740125652481e+01 1.901590331484605545e-01
9.200000000001016076e+01 1.369042359706597445e+01 1.899495128550318657e-01
9.300000000001067235e+01 1.353815447211516698e+01 1.897359057441326269e-01
9.400000000001118394e+01 1.338429529549873287e+01 1.895181818423495035e-01
9.500000000001169553e+01 1.322886229389555979e+01 1.892963142701610535e-01
9.600000000001220712e+01 1.307187256665091546e+01 1.890702794002569187e-01
9.700000000001271871e+01 1.291334400188453557e+01 1.888400570144295743e-01
9.800000000001323031e+01 1.275329519359785735e+01 1.886056304580683296e-01
9.900000000001374190e+01 1.259174535976234033e+01 1.883669867912702578e-01
1.000000000000142535e+02 1.242871426137767976e+01 1.881241169355592213e-01
1.010000000000147651e+02 1.226422212249554100e+01 1.878770158151960856e-01
1.020000000000152767e+02 1.209828955121034788e+01 1.876256824920476129e-01
1.030000000000157883e+02 1.193093746162379531e+01 1.873701202929825005e-01
1.040000000000162999e+02 1.176218699679503565e+01 1.871103369287600571e-01
1.050000000000168114e+02 1.159205945269259352e+01 1.868463446033822584e-01
1.060000000000173230e+02 1.142057620316821698e+01 1.865781601128990996e-01
1.070000000000178346e+02 1.124775862597651788e+01 1.863058049326702104e-01
1.080000000000183462e+02 1.107362802986707884e+01 1.860293052921200840e-01
1.090000000000188578e+02 1.089820558277834373e+01 1.857486922360541692e-01
1.100000000000193694e+02 1.072151224116444901e+01 1.854640016716497253e-01
1.110000000000198810e+02 1.054356868048753348e+01 1.851752744002852225e-01
1.120000000000203926e+02 1.036439522690844228e+01 1.848825561334302148e-01
1.130000000000209042e+02 1.018401179020892577e+01 1.845858974918845041e-01
1.140000000000214158e+02 1.000243779797736110e+01 1.842853539877299662e-01
1.150000000000219273e+02 9.819692131088533671e+00 1.839809859884350696e-01
1.160000000000224389e+02 9.635793060505648100e+00 1.836728586626467097e-01
1.170000000000229505e+02 9.450758185429529945e+00 1.833610419072871922e-01
1.180000000000234621e+02 9.264604372816240385e+00 1.830456102556822229e-01
1.190000000000239737e+02 9.077347698279503163e+00 1.827266427665414639e-01
1.200000000000244853e+02 8.889003388389310700e+00 1.824042228937217125e-01
1.210000000000249969e+02 8.699585764371803975e+00 1.820784383368135029e-01
1.220000000000255085e+02 8.509108187209138308e+00 1.817493808727008164e-01
1.230000000000260201e+02 8.317583004130842284e+00 1.814171461683532771e-01
1.240000000000265317e+02 8.125021496480627547e+00 1.810818335752281405e-01
1.250000000000270433e+02 7.931433828934496333e+00 1.807435459057594174e-01
1.260000000000275548e+02 7.736829000037790394e+00 1.804023891925284340e-01
1.270000000000280664e+02 7.541214794020036472e+00 1.800584724308053053e-01
1.280000000000285638e+02 7.344597733837932907e+00 1.797119073052563520e-01
1.290000000000276543e+02 7.146983035387964200e+00 1.793628079017033639e-01
1.300000000000267448e+02 6.948374562819900291e+00 1.790112904049041276e-01
1.310000000000258353e+02 6.748774784877705102e+00 1.786574727834133181e-01
1.320000000000249258e+02 6.548184732180224898e+00 1.783014744626402193e-01
1.330000000000240163e+02 6.346603955350000881e+00 1.779434159872937404e-01
1.340000000000231068e+02 6.144030483888731631e+00 1.775834186744507659e-01
1.350000000000221974e+02 5.940460785690757639e+00 1.772216042585325058e-01
1.360000000000212879e+02 5.735889727078702371e+00 1.768580945294983831e-01
1.370000000000203784e+02 5.530310533238907311e+00 1.764930109655973578e-01
1.380000000000194689e+02 5.323714748928368934e+00 1.761264743620201967e-01
1.390000000000185594e+02 5.116092199319585809e+00 1.757586044568011929e-01
1.400000000000176499e+02 4.907430950845171225e+00 1.753895195553058783e-01
1.410000000000167404e+02 4.697717271900387459e+00 1.750193361546190929e-01
1.420000000000158309e+02 4.486935593258868593e+00 1.746481685691212704e-01
1.430000000000149214e+02 4.275068468054839421e+00 1.742761285584962794e-01
1.440000000000140119e+02 4.062096531184121950e+00 1.739033249593692765e-01
1.450000000000131024e+02 3.847998457976265385e+00 1.735298633217126907e-01
1.460000000000121929e+02 3.632750921991382498e+00 1.731558455510982253e-01
1.470000000000112834e+02 3.416328551797544577e+00 1.727813695577994635e-01
1.480000000000103739e+02 3.198703886588252221e+00 1.724065289136751944e-01
1.490000000000094644e+02 2.979847330504489022e+00 1.720314125176851394e-01
1.500000000000085549e+02 2.759727105532431501e+00 1.716561042708028562e-01
1.510000000000076454e+02 2.538309202855864921e+00 1.712806827610112437e-01
1.520000000000067359e+02 2.315557332552327097e+00 1.709052209589745075e-01
1.530000000000058265e+02 2.091432871533771554e+00 1.705297859249013670e-01
1.540000000000049170e+02 1.865894809646421182e+00 1.701544385270233051e-01
1.550000000000040075e+02 1.638899693860821127e+00 1.697792331720406334e-01
1.560000000000030980e+02 1.410401570501857993e+00 1.694042175478039647e-01
1.570000000000021885e+02 1.180351925490412013e+00 1.690294323784336805e-01
1.580000000000012790e+02 9.486996225931390025e-01 1.686549111920155053e-01
1.590000000000003695e+02 7.153908397055918078e-01 1.682806801009542330e-01
1.599999999999994600e+02 4.803690032264272269e-01 1.679067575950212998e-01
1.609999999999985505e+02 2.435747206175269408e-01 1.675331543470992002e-01
1.619999999999976410e+02 4.945711287095097899e-03 1.671598730316014858e-01
1.629999999999967315e+02 -2.355832640191100613e-01 1.667869081555377331e-01
1.639999999999958220e+02 -4.780804750818110072e-01 1.664142459021998310e-01
1.649999999999949125e+02 -7.226172950218443525e-01 1.660418639874669533e-01
1.659999999999940030e+02 -9.692682737020674733e-01 1.656697315287664063e-01
1.669999999999930935e+02 -1.218111211265101357e+00 1.652978089267845008e-01
1.679999999999921840e+02 -1.469227231275379131e+00 1.649260477601038610e-01
1.689999999999912745e+02 -1.722700852832859120e+00 1.645543906930375389e-01
1.699999999999903650e+02 -1.978620060916570500e+00 1.641827713970598346e-01
1.709999999999894555e+02 -2.237076374093089015e+00 1.638111144863764745e-01
1.719999999999885461e+02 -2.498164908588040412e+00 1.634393354683486843e-01
1.729999999999876366e+02 -2.761984437566295192e+00 1.630673407096887573e-01
1.739999999999867271e+02 -3.028637444297413772e+00 1.626950274195659296e-01
1.749999999999858176e+02 -3.298230167696274417e+00 1.623222836510170852e-01
1.759999999999849081e+02 -3.570872638523060250e+00 1.619489883223382831e-01
1.769999999999839986e+02 -3.846678704302146201e+00 1.615750112604451560e-01
1.779999999999830891e+02 -4.125766040774345278e+00 1.612002132685253497e-01
1.789999999999821796e+02 -4.408256147432624950e+00 1.608244462206718239e-01
1.799999999999812701e+02 -4.694274324408099552e+00 1.604475531865746929e-01
1.809999999999803606e+02 -4.983949627673098348e+00 1.600693685897567331e-01
1.819999999999794511e+02 -5.277414799214604102e+00 1.596897184032645411e-01
1.829999999999785416e+02 -5.574806168510712645e+00 1.593084203871632798e-01
1.839999999999776321e+02 -5.876263521321322791e+00 1.589252843726179643e-01
1.849999999999767226e+02 -6.181929931493875152e+00 1.585401125977774217e-01
1.859999999999758131e+02 -6.491951551204328652e+00 1.581527001010809841e-01
1.869999999999749036e+02 -6.806477354817583425e+00 1.577628351779777893e-01
1.879999999999739941e+02 -7.125658831394308557e+00 1.573702999073606501e-01
1.889999999999730846e+02 -7.449649620824812857e+00 1.569748707542439892e-01
1.899999999999721751e+02 -7.778605088683359092e+00 1.565763192553306371e-01
1.909999999999712657e+02 -8.112681835224732296e+00 1.561744127940879190e-01
1.919999999999703562e+02 -8.452037134560599796e+00 1.557689154717345481e-01
1.929999999999694467e+02 -8.796828301040575226e+00 1.553595890800996970e-01
1.939999999999685372e+02 -9.147211981321843766e+00 1.549461941815853672e-01
1.949999999999676277e+02 -9.503343372654438070e+00 1.545284913004053851e-01
1.959999999999667182e+02 -9.865375370658828302e+00 1.541062422278002553e-01
1.969999999999658087e+02 -1.023345765345491820e+01 1.536792114420090227e-01
1.979999999999648992e+02 -1.060773571353541200e+01 1.532471676413125483e-01
1.989999999999639897e+02 -1.098834985435783018e+01 1.528098853854199246e-01
1.999999999999630802e+02 -1.137543417530850753e+01 1.523671468367741033e-01
2.009999999999621707e+02 -1.176911557644796247e+01 1.519187435889786386e-01
2.019999999999612612e+02 -1.216951282314838068e+01 1.514644785644866098e-01
2.029999999999603517e+02 -1.257673572010654972e+01 1.510041679579587348e-01
2.039999999999594422e+02 -1.299088445379615209e+01 1.505376431953907579e-01
2.049999999999585327e+02 -1.341204917153238974e+01 1.500647528723635937e-01
2.059999999999576232e+02 -1.384030987303644267e+01 1.495853646278263449e-01
2.069999999999567137e+02 -1.427573669554642422e+01 1.490993669030200031e-01
2.079999999999558042e+02 -1.471839067475753637e+01 1.486066705289333656e-01
2.089999999999548947e+02 -1.516832505969031963e+01 1.481072100806237191e-01
2.099999999999539853e+02 -1.562558724847475489e+01 1.476009449334855783e-01
2.109999999999530758e+02 -1.609022139265369944e+01 1.470878599558881061e-01
2.119999999999521663e+02 -1.656227168896960933e+01 1.465679657752678444e-01
2.129999999999512568e+02 -1.704178633931874742e+01 1.460412985615365811e-01
2.139999999999503473e+02 -1.752882211207407082e+01 1.455079192831422175e-01
2.149999999999494378e+02 -1.802344938275803088e+01 1.449679124077134784e-01
2.159999999999485283e+02 -1.852575747173821696e+01 1.444213840409886707e-01
2.169999999999476188e+02 -1.903586003513615310e+01 1.438684595243191200e-01
2.179999999999467093e+02 -1.955390020765583614e+01 1.433092805415760174e-01
2.189999999999457998e+02 -2.008005514888148468e+01 1.427440018193672500e-01
2.199999999999448903e+02 -2.061453961500858156e+01 1.421727875381112172e-01
2.209999999999439808e+02 -2.115760817372441949e+01 1.415958076032621527e-01
2.219999999999430713e+02 -2.170955570870073359e+01 1.410132339529598100e-01
2.229999999999421618e+02 -2.227071592850469273e+01 1.404252370975060948e-01
2.239999999999412523e+02 -2.284145770687348787e+01 1.398319830942237330e-01
2.249999999999403428e+02 -2.342217923730151341e+01 1.392336311556116313e-01
2.259999999999394333e+02 -2.401330017869333489e+01 1.386303320670827510e-01
2.269999999999385238e+02 -2.461525218649214253e+01 1.380222275518544484e-01
2.279999999999376143e+02 -2.522846844247928644e+01 1.374094506652538683e-01
2.289999999999367049e+02 -2.585337298621050195e+01 1.367921272313313841e-01
2.299999999999357954e+02 -2.649037077708650756e+01 1.361703782561312914e-01
2.309999999999348859e+02 -2.713983944754954791e+01 1.355443231715109387e-01
2.319999999999339764e+02 -2.780212362360243361e+01 1.349140836900188933e-01
2.329999999999330669e+02 -2.847753248759735456e+01 1.342797879947476569e-01
2.339999999999321574e+02 -2.916634096121365616e+01 1.336415749568979905e-01
2.349999999999312479e+02 -2.986879453619826918e+01 1.329995980737884165e-01
2.359999999999303384e+02 -3.058511743187314380e+01 1.323540288524713560e-01
2.369999999999294289e+02 -3.131552346630613215e+01 1.317050594250150919e-01
2.379999999999285194e+02 -3.206022883374584609e+01 1.310529042621176588e-01
2.389999999999276099e+02 -3.281946590341782866e+01 1.303978009401437210e-01
2.399999999999267004e+02 -3.359349718874629787e+01 1.297400100002841783e-01
2.409999999999257909e+02 -3.438262875644678473e+01 1.290798140065171906e-01
2.419999999999248814e+02 -3.518722251579875859e+01 1.284175159542972344e-01
2.429999999999239719e+02 -3.600770701236722005e+01 1.277534372019327180e-01
2.439999999999230624e+02 -3.684458651595998191e+01 1.270879150933497959e-01
2.449999999999221529e+02 -3.769844831771987970e+01 1.264213004195148260e-01
2.459999999999212434e+02 -3.856996822389193369e+01 1.257539548330817714e-01
2.469999999999203339e+02 -3.945991424977830775e+01 1.250862482938690790e-01
2.479999999999194245e+02 -4.036914847969345743e+01 1.244185565876500948e-01
2.489999999999185150e+02 -4.129862700609400861e+01 1.237512589317154577e-01
2.499999999999176055e+02 -4.224939756975793159e+01 1.230847356603881476e-01
2.509999999999166960e+02 -4.322259445801863365e+01 1.224193659745916180e-01
2.519999999999157865e+02 -4.421942998586546025e+01 1.217555257384871775e-01
2.529999999999148770e+02 -4.524118146017791275e+01 1.210935853133085771e-01
2.539999999999139675e+02 -4.628917217567063602e+01 1.204339074330844639e-01
2.549999999999130580e+02 -4.736474451415416098e+01 1.197768451464369804e-01
2.559999999999121485e+02 -4.846922266144604663e+01 1.191227398714143348e-01
2.569999999999112674e+02 -4.960386183348942524e+01 1.184719196348007070e-01
2.579999999999103579e+02 -5.076978026030781166e+01 1.178246975920282102e-01
2.589999999999094484e+02 -5.196786961181220477e+01 1.171813709469930187e-01
2.599999999999085389e+02 -5.319867924659997271e+01 1.165422204106006804e-01
2.609999999999076294e+02 -5.446226993180716391e+01 1.159075103496804288e-01
2.619999999999067199e+02 -5.575803399024490403e+01 1.152774897795780795e-01
2.629999999999058105e+02 -5.708448182968933793e+01 1.146523943380135385e-01
2.639999999999049010e+02 -5.843900026879266818e+01 1.140324493365139635e-01
2.649999999999039915e+02 -5.981759668499400107e+01 1.134178739095856314e-01
2.659999999999030820e+02 -6.121465494807653585e+01 1.128088861624859940e-01
2.669999999999021725e+02 -6.262274332158694534e+01 1.122057090531368984e-01
2.679999999999012630e+02 -6.403252789378829846e+01 1.116085765415351511e-01
2.689999999999003535e+02 -6.543285195850420166e+01 1.110177393294919934e-01
2.699999999998994440e+02 -6.681103464096648281e+01 1.104334693465594958e-01
2.709999999998985345e+02 -6.815341470057802553e+01 1.098560620839717644e-01
2.719999999998976250e+02 -6.944611764313317792e+01 1.092858360031340181e-01
2.729999999998967155e+02 -7.067596602775452652e+01 1.087231285773162248e-01
2.739999999998958060e+02 -7.183140356163285389e+01 1.081682890259353241e-01
2.749999999998948965e+02 -7.290328437206190415e+01 1.076216683590572598e-01
2.759999999998939870e+02 -7.388540117446643762e+01 1.070836078153172555e-01
2.769999999998930775e+02 -7.477468399798414112e+01 1.065544270195602078e-01
2.779999999998921680e+02 -7.557107356841301282e+01 1.060344131517173688e-01
2.789999999998912585e+02 -7.627713513225579334e+01 1.055238121424554032e-01
2.799999999998903490e+02 -7.689751237590229493e+01 1.050228224972306890e-01
2.809999999998894396e+02 -7.743832407915169824e+01 1.045315919191111415e-01
2.819999999998885301e+02 -7.790658656059208909e+01 1.040502165457612566e-01
2.829999999998876206e+02 -7.830971548411419292e+01 1.035787423835004967e-01
2.839999999998867111e+02 -7.865513192397413889e+01 1.031171684133770916e-01
2.849999999998858016e+02 -7.894997569656156600e+01 1.026654508352903283e-01
2.859999999998848921e+02 -7.920091538208785664e+01 1.022235079712706107e-01
2.869999999998839826e+02 -7.941403799900702154e+01 1.017912254358981639e-01
2.879999999998830731e+02 -7.959479979580831355e+01 1.013684612767942333e-01
2.889999999998821636e+02 -7.974802101560513279e+01 1.009550508766232507e-01
2.899999999998812541e+02 -7.987791021800887847e+01 1.005508114829698763e-01
2.909999999998803446e+02 -7.998810682409029482e+01 1.001555462916205591e-01
2.919999999998794351e+02 -8.008173344269745542e+01 9.976904805289008027e-02
2.929999999998785256e+02 -8.016145199639601060e+01 9.939110220175122190e-02
2.939999999998776161e+02 -8.022951962588405195e+01 9.902148953315452473e-02
2.949999999998767066e+02 -8.028784183926036633e+01 9.865998845650143789e-02
2.959999999998757971e+02 -8.033802145476364842e+01 9.830637686988327739e-02
2.969999999998748876e+02 -8.038140264207535779e+01 9.796043369716908589e-02
2.979999999998739781e+02 -8.041910987384045484e+01 9.762194013067115872e-02
2.989999999998730686e+02 -8.045208192103449107e+01 9.729068061997715733e-02
2.999999999998721592e+02 -8.048110121599623312e+01 9.696644364434539587e-02
3.009999999998712497e+02 -8.050681900611888864e+01 9.664902230235858371e-02
3.019999999998703402e+02 -8.052977675974842953e+01 9.633821474867125534e-02
3.029999999998694307e+02 -8.055042428573733559e+01 9.603382450390358926e-02
3.039999999998685212e+02 -8.056913500478016488e+01 9.573566066017748233e-02
3.049999999998676117e+02 -8.058621877467176375e+01 9.544353800153129730e-02
3.059999999998667022e+02 -8.060193262996078545e+01 9.515727705552977367e-02
3.069999999998657927e+02 -8.061648975358163227e+01 9.487670408980855563e-02
3.079999999998648832e+02 -8.063006695664917345e+01 9.460165106504704602e-02
3.089999999998639737e+02 -8.064281090420708153e+01 9.433195555392742682e-02
3.099999999998630642e+02 -8.065484329006461905e+01 9.406746063397959656e-02
3.109999999998621547e+02 -8.066626513318560399e+01 9.380801476080823098e-02
3.119999999998612452e+02 -8.067716034132281777e+01 9.355347162700938801e-02
3.129999999998603357e+02 -8.068759866448584717e+01 9.330369001109087290e-02
3.139999999998594262e+02 -8.069763814105517952e+01 9.305853361987651007e-02
3.149999999998585167e+02 -8.070732712253969510e+01 9.281787092718742083e-02
3.159999999998576072e+02 -8.071670594875104143e+01 9.258157501101826892e-02
3.169999999998566977e+02 -8.072580833319085514e+01 9.234952339095632567e-02
3.179999999998557882e+02 -8.073466250839148017e+01 9.212159786720587606e-02
3.189999999998548788e+02 -8.074329217253558966e+01 9.189768436226165849e-02
3.199999999998539693e+02 -8.075171727165157165e+01 9.167767276601949955e-02
3.209999999998530598e+02 -8.075995464582375405e+01 9.146145678490323616e-02
3.219999999998521503e+02 -8.076801856298033044e+01 9.124893379541805516e-02
3.229999999998512408e+02 -8.077592115977184051e+01 9.104000470240693199e-02
3.239999999998503313e+02 -8.078367280568664910e+01 9.083457380217727084e-02
3.249999999998494218e+02 -8.079128240376063275e+01 9.063254865058358034e-02
3.259999999998485123e+02 -8.079875763892576401e+01 9.043383993607950755e-02
3.269999999998476028e+02 -8.080610518312492729e+01 9.023836135770760269e-02
3.279999999998466933e+02 -8.081333086473793514e+01 9.004602950794977911e-02
3.289999999998457838e+02 -8.082043980854771803e+01 8.985676376033552293e-02
3.299999999998448743e+02 -8.082743655139390171e+01 8.967048616168138420e-02
3.309999999998439648e+02 -8.083432513776173778e+01 8.948712132882022385e-02
3.319999999998430553e+02 -8.084110919881413793e+01 8.930659634966819915e-02
3.329999999998421458e+02 -8.084779201776234459e+01 8.912884068847064245e-02
3.339999999998412363e+02 -8.085437658396352845e+01 8.895378609506612855e-02
3.349999999998403268e+02 -8.086086563771658575e+01 8.878136651800531964e-02
3.359999999998394173e+02 -8.086726170738302244e+01 8.861151802136403577e-02
3.369999999998385078e+02 -8.087356714017437298e+01 8.844417870509070634e-02
3.379999999998375984e+02 -8.087978412771222736e+01 8.827928862873411775e-02
3.389999999998366889e+02 -8.088591472727365783e+01 8.811678973840009199e-02
3.399999999998357794e+02 -8.089196087947611602e+01 8.795662579679111581e-02
3.409999999998348699e+02 -8.089792442302028519e+01 8.779874231618904623e-02
3.419999999998339604e+02 -8.090380710700426903e+01 8.764308649424529252e-02
3.429999999998330509e+02 -8.090961060123170512e+01 8.748960715244988307e-02
3.439999999998321414e+02 -8.091533650485941109e+01 8.733825467715476687e-02
3.449999999998312319e+02 -8.092098635367483439e+01 8.718898096303423495e-02
3.459999999998303224e+02 -8.092656162623757155e+01 8.704173935886969082e-02
3.469999999998294129e+02 -8.093206374908086786e+01 8.689648461555103676e-02
3.479999999998285034e+02 -8.093749410113480280e+01 8.675317283619325692e-02
3.489999999998275939e+02 -8.094285401750263986e+01 8.661176142827144153e-02
3.499999999998266844e+02 -8.094814479270127094e+01 8.647220905768078503e-02
3.509999999998257749e+02 -8.095336768345478617e+01 8.633447560463579362e-02
3.519999999998248654e+02 -8.095852391111738200e+01 8.619852212132342317e-02
3.529999999998239559e+02 -8.096361466378510841e+01 8.606431079123308403e-02
3.539999999998230464e+02 -8.096864109814984545e+01 8.593180489008685197e-02
3.549999999998221369e+02 -8.097360434113521421e+01 8.580096874829948317e-02
3.559999999998212274e+02 -8.097850549135054621e+01 8.567176771490027376e-02
3.569999999998203180e+02 -8.098334562039151763e+01 8.554416812285195459e-02
3.579999999998194085e+02 -8.098812577401039903e+01 8.541813725570614191e-02
3.589999999998184990e+02 -8.099284697317702353e+01 8.529364331553715428e-02
3.599999999998175895e+02 -8.099751021504553705e+01 8.517065539209810188e-02
3.609999999998166800e+02 -8.100211647384114144e+01 8.504914343314801117e-02
3.619999999998157705e+02 -8.100666670167757388e+01 8.492907821589917861e-02
3.629999999998148610e+02 -8.101116182931632181e+01 8.481043131953698577e-02
3.639999999998139515e+02 -8.101560276687249029e+01 8.469317509876808647e-02
3.649999999998130420e+02 -8.101999040447684308e+01 8.457728265835247339e-02
3.659999999998121325e+02 -8.102432561289788282e+01 8.446272782857959516e-02
3.669999999998112230e+02 -8.102860924412870247e+01 8.434948514164890276e-02
3.679999999998103135e+02 -8.103284213194292818e+01 8.423752980891749398e-02
3.689999999998094040e+02 -8.103702509242245355e+01 8.412683769897952302e-02
3.699999999998084945e+02 -8.104115892446066027e+01 8.401738531654388831e-02
3.709999999998075850e+02 -8.104524441024233283e+01 8.390914978207708597e-02
3.719999999998066755e+02 -8.104928231570291075e+01 8.380210881218112806e-02
3.729999999998057660e+02 -8.105327339096915296e+01 8.369624070067660515e-02
3.739999999998048565e+02 -8.105721837078176861e+01 8.359152430036387305e-02
3.749999999998039470e+02 -8.106111797490198967e+01 8.348793900543358126e-02
3.759999999998030376e+02 -8.106497290850329307e+01 8.338546473450283991e-02
3.769999999998021281e+02 -8.106878386254882685e+01 8.328408191425167029e-02
3.779999999998012186e+02 -8.107255151415530747e+01 8.318377146363575836e-02
3.789999999998003091e+02 -8.107627652694506537e+01 8.308451477865437529e-02
3.799999999997993996e+02 -8.107995955138589750e+01 8.298629371765164908e-02
3.809999999997984901e+02 -8.108360122511972179e+01 8.288909058712919109e-02
3.819999999997975806e+02 -8.108720217328090030e+01 8.279288812805261910e-02
3.829999999997966711e+02 -8.109076300880445842e+01 8.269766950263207628e-02
3.839999999997957616e+02 -8.109428433272411496e+01 8.260341828155844113e-02
3.849999999997948521e+02 -8.109776673446219775e+01 8.251011843167892212e-02
3.859999999997939426e+02 -8.110121079210959749e+01 8.241775430409443992e-02
3.869999999997930331e+02 -8.110461707269814724e+01 8.232631062266375366e-02
3.879999999997921236e+02 -8.110798613246446109e+01 8.223577247289885761e-02
3.889999999997912141e+02 -8.111131851710594276e+01 8.214612529123704876e-02
3.899999999997903046e+02 -8.111461476202968868e+01 8.205735485467555157e-02
3.909999999997893951e+02 -8.111787539259401569e+01 8.196944727075575199e-02
3.919999999997884856e+02 -8.112110092434268438e+01 8.188238896788342658e-02
3.929999999997875761e+02 -8.112429186323311114e+01 8.179616668597360085e-02
3.939999999997866666e+02 -8.112744870585738965e+01 8.171076746740706109e-02
3.949999999997857572e+02 -8.113057193965788372e+01 8.162617864828829173e-02
3.959999999997848477e+02 -8.113366204313619789e+01 8.154238784999259804e-02
3.969999999997839382e+02 -8.113671948605637851e+01 8.145938297099350467e-02
3.979999999997830287e+02 -8.113974472964275719e+01 8.137715217895859221e-02
3.989999999997821192e+02 -8.114273822677257897e+01 8.129568390310563941e-02
3.999999999997812097e+02 -8.114570042216251977e+01 8.121496682680842683e-02
4.009999999997803002e+02 -8.114863175255119643e+01 8.113498988044458293e-02
4.019999999997793907e+02 -8.115153264687599233e+01 8.105574223447531423e-02
4.029999999997784812e+02 -8.115440352644561983e+01 8.097721329275035795e-02
4.039999999997775717e+02 -8.115724480510739625e+01 8.089939268602915068e-02
4.049999999997766622e+02 -8.116005688941119445e+01 8.082227026571014994e-02
4.059999999997757527e+02 -8.116284017876799339e+01 8.074583609776266047e-02
4.069999999997748432e+02 -8.116559506560477644e+01 8.067008045685247764e-02
4.079999999997739337e+02 -8.116832193551532271e+01 8.059499382065471451e-02
4.089999999997730242e+02 -8.117102116740710471e+01 8.052056686434845567e-02
4.099999999997721147e+02 -8.117369313364413586e+01 8.044679045528516093e-02
4.109999999997712052e+02 -8.117633820018643576e+01 8.037365564782630867e-02
4.119999999997702957e+02 -8.117895672672601393e+01 8.030115367834335383e-02
4.129999999997693862e+02 -8.118154906681877492e+01 8.022927596037476849e-02
4.139999999997684768e+02 -8.118411556801375184e+01 8.015801407993505823e-02
4.149999999997675673e+02 -8.118665657197887242e+01 8.008735979096981428e-02
4.159999999997666578e+02 -8.118917241462317236e+01 8.001730501095227766e-02
4.169999999997657483e+02 -8.119166342621663546e+01 7.994784181661641898e-02
4.179999999997648388e+02 -8.119412993150645264e+01 7.987896243982207933e-02
4.189999999997639293e+02 -8.119657224983043875e+01 7.981065926354695417e-02
4.199999999997630198e+02 -8.119899069522840307e+01 7.974292481800235310e-02
4.209999999997621103e+02 -8.120138557654955491e+01 7.967575177686680998e-02
4.219999999997612008e+02 -8.120375719755848820e+01 7.960913295363571118e-02
4.229999999997602913e+02 -8.120610585703754225e+01 7.954306129808057235e-02
4.239999999997593818e+02 -8.120843184888738620e+01 7.947752989281645086e-02
4.249999999997584723e+02 -8.121073546222501705e+01 7.941253194997259512e-02
4.259999999997575628e+02 -8.121301698147941295e+01 7.934806080796320826e-02
4.269999999997566533e+02 -8.121527668648441534e+01 7.928410992835487059e-02
4.279999999997557438e+02 -8.121751485257014735e+01 7.922067289282763713e-02
4.289999999997548343e+02 -8.121973175065174644e+01 7.915774340022660449e-02
4.299999999997539248e+02 -8.122192764731629211e+01 7.909531526370054688e-02
4.309999999997530153e+02 -8.122410280490760215e+01 7.903338240792535940e-02
4.319999999997521059e+02 -8.122625748160872661e+01 7.897193886640931082e-02
4.329999999997511964e+02 -8.122839193152275072e+01 7.891097877887660872e-02
4.339999999997502869e+02 -8.123050640475226203e+01 7.885049638872833333e-02
4.349999999997493774e+02 -8.123260114747591842e+01 7.879048604057671545e-02
4.359999999997484679e+02 -8.123467640202422047e+01 7.873094217785073234e-02
4.369999999997475584e+02 -8.123673240695279674e+01 7.867185934047137008e-02
4.379999999997466489e+02 -8.123876939711449552e+01 7.861323216259324953e-02
4.389999999997457394e+02 -8.124078760372979957e+01 7.855505537041151953e-02
4.399999999997448299e+02 -8.124278725445519456e+01 7.849732378003085320e-02
4.409999999997439204e+02 -8.124476857345065639e+01 7.844003229539531219e-02
4.419999999997430109e+02 -8.124673178144506380e+01 7.838317590627666420e-02
4.429999999997421014e+02 -8.124867709580047404e+01 7.832674968631964108e-02
4.439999999997411919e+02 -8.125060473057504851e+01 7.827074879114216677e-02
4.449999999997402824e+02 -8.125251489658381843e+01 7.821516845648843197e-02
4.459999999997393729e+02 -8.125440780145932251e+01 7.816000399643376062e-02
4.469999999997384634e+02 -8.125628364970982886e+01 7.810525080163911726e-02
4.479999999997375539e+02 -8.125814264277697418e+01 7.805090433765396463e-02
4.489999999997366444e+02 -8.125998497909158402e+01 7.799696014326586158e-02
4.499999999997357349e+02 -8.126181085412889615e+01 7.794341382889509451e-02
4.509999999997348255e+02 -8.126362046046226340e+01 7.789026107503353724e-02
4.519999999997339160e+02 -8.126541398781509429e+01 7.783749763072547734e-02
4.529999999997330065e+02 -8.126719162311312061e+01 7.778511931208986763e-02
4.539999999997320970e+02 -8.126895355053393644e+01 7.773312200088257351e-02
4.549999999997311875e+02 -8.127069995155675031e+01 7.768150164309631234e-02
4.559999999997302780e+02 -8.127243100501043216e+01 7.763025424759950610e-02
4.569999999997293685e+02 -8.127414688712039492e+01 7.757937588480980085e-02
4.579999999997284590e+02 -8.127584777155517770e+01 7.752886268540379322e-02
4.589999999997275495e+02 -8.127753382947116734e+01 7.747871083906020251e-02
4.599999999997266400e+02 -8.127920522955726312e+01 7.742891659323623832e-02
4.609999999997257305e+02 -8.128086213807796412e+01 7.737947625197608148e-02
4.619999999997248210e+02 -8.128250471891573170e+01 7.733038617475013199e-02
4.629999999997239115e+02 -8.128413313361262738e+01 7.728164277532441340e-02
4.639999999997230020e+02 -8.128574754141092740e+01 7.723324252065918993e-02
4.649999999997220925e+02 -8.128734809929278526e+01 7.718518192983553350e-02
4.659999999997211830e+02 -8.128893496201965263e+01 7.713745757301006256e-02
4.669999999997202735e+02 -8.129050828217013702e+01 7.709006607039538272e-02
4.679999999997193640e+02 -8.129206821017750428e+01 7.704300409126671467e-02
4.689999999997184545e+02 -8.129361489436612942e+01 7.699626835299382133e-02
4.699999999997175451e+02 -8.129514848098799007e+01 7.694985562009674929e-02
4.709999999997166356e+02 -8.129666911425742626e+01 7.690376270332544006e-02
4.719999999997157261e+02 -8.129817693638561593e+01 7.685798645876205926e-02
4.729999999997148166e+02 -8.129967208761466679e+01 7.681252378694564120e-02
4.739999999997139071e+02 -8.130115470625030127e+01 7.676737163201813319e-02
4.749999999997129976e+02 -8.130262492869476887e+01 7.672252698089142287e-02
4.759999999997120881e+02 -8.130408288947832318e+01 7.667798686243473827e-02
4.769999999997111786e+02 -8.130552872129064212e+01 7.663374834668179592e-02
4.779999999997102691e+02 -8.130696255501121072e+01 7.658980854405675331e-02
4.789999999997093596e+02 -8.130838451973932024e+01 7.654616460461924343e-02
4.799999999997084501e+02 -8.130979474282364095e+01 7.650281371732690905e-02
4.809999999997075406e+02 -8.131119334989075753e+01 7.645975310931611701e-02
4.819999999997066311e+02 -8.131258046487361923e+01 7.641698004519935361e-02
4.829999999997057216e+02 -8.131395621003913732e+01 7.637449182637888467e-02
4.839999999997048121e+02 -8.131532070601548412e+01 7.633228579037730499e-02
4.849999999997039026e+02 -8.131667407181839735e+01 7.629035931018288141e-02
4.859999999997029931e+02 -8.131801642487776860e+01 7.624870979361064727e-02
4.869999999997020836e+02 -8.131934788106289602e+01 7.620733468267790189e-02
4.879999999997011741e+02 -8.132066855470777966e+01 7.616623145299436515e-02
4.889999999997002647e+02 -8.132197855863577729e+01 7.612539761316614029e-02
4.899999999996993552e+02 -8.132327800418380548e+01 7.608483070421323546e-02
4.909999999996984457e+02 -8.132456700122605753e+01 7.604452829900038013e-02
4.919999999996975362e+02 -8.132584565819712452e+01 7.600448800168044250e-02
4.929999999996966267e+02 -8.132711408211528692e+01 7.596470744715064227e-02
4.939999999996957172e+02 -8.132837237860437085e+01 7.592518430052076772e-02
4.949999999996948077e+02 -8.132962065191621548e+01 7.588591625659323048e-02
4.959999999996938982e+02 -8.133085900495187559e+01 7.584690103935434746e-02
4.969999999996929887e+02 -8.133208753928309420e+01 7.580813640147729404e-02
4.979999999996920792e+02 -8.133330635517297935e+01 7.576962012383572920e-02
4.989999999996911697e+02 -8.133451555159662405e+01 7.573135001502759311e-02
4.999999999996902602e+02 -8.133571522626087358e+01 7.569332391091000700e-02
5.000000000000000000e+02 -8.133571522626124306e+01 7.569332391089826639e-02
