1.000000000000000666e+00 -7.217129876484385420e+01 7.359457644065661719e-02
2.000000000000001332e+00 -6.339974659086254150e+01 7.362414085876425873e-02
2.999999999999980016e+00 -4.369323279738028276e+01 7.370289329414571322e-02
3.999999999999958700e+00 2.768311984353731958e+01 7.766896391764864516e-02
4.999999999999937828e+00 2.528766025704684850e+01 9.258582064452437754e-02
5.999999999999916511e+00 2.310074722369845190e+01 1.129756239051770694e-01
6.999999999999895195e+00 2.165352430008249129e+01 1.334874980748519679e-01
7.999999999999873879e+00 2.088334957125442415e+01 1.510054476500888587e-01
8.999999999999852562e+00 2.060333899185662432e+01 1.644654530942968040e-01
9.999999999999831246e+00 2.064112684447415802e+01 1.740861786078988227e-01
1.099999999999980993e+01 2.086880000294338444e+01 1.806367657678282224e-01
1.199999999999978861e+01 2.119938956612470804e+01 1.849779563311012565e-01
1.299999999999976730e+01 2.157633782607947381e+01 1.878492384758858047e-01
1.399999999999974598e+01 2.196370398834482884e+01 1.898061969860583287e-01
1.499999999999972466e+01 2.233873375438874831e+01 1.912297049197386190e-01
1.599999999999970335e+01 2.268663990110957585e+01 1.923608887153087921e-01
1.699999999999985789e+01 2.299704016346680291e+01 1.933395524955131839e-01
1.800000000000001421e+01 2.326149611047632959e+01 1.942370606336679406e-01
1.900000000000017053e+01 2.347169246047498348e+01 1.950810521961614530e-01
2.000000000000032685e+01 2.361791727590997425e+01 1.958720872623521680e-01
2.100000000000048317e+01 2.368770346434078533e+01 1.965935448326043555e-01
2.200000000000063949e+01 2.366505717922388996e+01 1.972172663641653112e-01
2.300000000000079581e+01 2.353240606258271939e+01 1.977097279586301770e-01
2.400000000000095213e+01 2.328050924418631240e+01 1.980455409982865567e-01
2.500000000000110845e+01 2.292785127248398780e+01 1.982267169189852463e-01
2.600000000000126477e+01 2.252572806486071499e+01 1.982855902792093339e-01
2.700000000000142109e+01 2.212682616051925777e+01 1.982627112334230390e-01
2.800000000000157740e+01 2.175781232114213637e+01 1.981892316281372024e-01
2.900000000000173372e+01 2.142382700442890808e+01 1.980857799492998228e-01
3.000000000000189004e+01 2.112174468723685195e+01 1.979660060246241082e-01
3.100000000000204636e+01 2.084726119044799475e+01 1.978389656217169890e-01
3.200000000000220268e+01 2.059689287499377031e+01 1.977104842703979459e-01
3.300000000000200373e+01 2.036802306545921226e+01 1.975841055967776927e-01
3.400000000000180478e+01 2.015853908148985596e+01 1.974618101105634904e-01
3.500000000000160583e+01 1.996654881649680391e+01 1.973445420725375432e-01
3.600000000000140687e+01 1.979024675561420921e+01 1.972325769679960927e-01
3.700000000000120792e+01 1.962788207021540643e+01 1.971257709360662302e-01
3.800000000000100897e+01 1.947777413758987919e+01 1.970237290476604675e-01
3.900000000000081002e+01 1.933834050105960145e+01 1.969259188961444973e-01
4.000000000000061107e+01 1.920812059274296146e+01 1.968317467769525597e-01
4.100000000000041211e+01 1.908578978117115810e+01 1.967406076735345177e-01
4.200000000000021316e+01 1.897016378934204539e+01 1.966519166734356228e-01
4.300000000000001421e+01 1.886019559022241410e+01 1.965651272781170633e-01
4.399999999999981526e+01 1.875496725304163803e+01 1.964797406463910379e-01
4.499999999999961631e+01 1.865367888424312426e+01 1.963953087723437629e-01
4.599999999999941735e+01 1.855563628133533882e+01 1.963114337946645083e-01
4.699999999999921840e+01 1.846023841314000435e+01 1.962277650049990829e-01
4.799999999999901945e+01 1.836696543096897116e+01 1.961439946382819988e-01
4.899999999999882050e+01 1.827536761285618994e+01 1.960598531650374621e-01
4.999999999999862155e+01 1.818505543313186124e+01 1.959751045422988280e-01
5.099999999999842260e+01 1.809569081182269201e+01 1.958895416948808754e-01
5.199999999999822364e+01 1.800697951308818290e+01 1.958029823732001795e-01
5.299999999999802469e+01 1.791866461319950687e+01 1.957152654516794432e-01
5.399999999999782574e+01 1.783052093433644458e+01 1.956262476802984873e-01
5.499999999999762679e+01 1.774235033199040856e+01 1.955358008714403739e-01
5.599999999999742784e+01 1.765397772493242101e+01 1.954438094877830878e-01
5.699999999999722888e+01 1.756524776341616700e+01 1.953501685896181783e-01
5.799999999999702993e+01 1.747602204083329624e+01 1.952547820981917481e-01
5.899999999999683098e+01 1.738617676469452533e+01 1.951575613331510139e-01
5.999999999999663203e+01 1.729560081352201450e+01 1.950584237854289527e-01
6.099999999999643308e+01 1.720419411639602103e+01 1.949572920909394269e-01
6.199999999999623412e+01 1.711186630118377749e+01 1.948540931747144156e-01
6.299999999999603517e+01 1.701853556575582260e+01 1.947487575392315151e-01
6.399999999999583622e+01 1.692412773374393353e+01 1.946412186744855832e-01
6.499999999999634781e+01 1.682857546265904602e+01 1.945314125707669206e-01
6.599999999999685940e+01 1.673181757754644750e+01 1.944192773180880573e-01
6.699999999999737099e+01 1.663379850790237668e+01 1.943047527787840900e-01
6.799999999999788258e+01 1.653446780941253991e+01 1.941877803220075360e-01
6.899999999999839417e+01 1.643377975528901658e+01 1.940683026107019871e-01
6.999999999999890576e+01 1.633169298467053565e+01 1.939462634332054514e-01
7.099999999999941735e+01 1.622817019778713643e+01 1.938216075729485288e-01
7.199999999999992895e+01 1.612317788944632468e+01 1.936942807108020248e-01
7.300000000000044054e+01 1.601668611393234087e+01 1.935642293555434323e-01
7.400000000000095213e+01 1.590866827567757369e+01 1.934314007986622508e-01
7.500000000000146372e+01 1.579910094110689300e+01 1.932957430903482765e-01
7.600000000000197531e+01 1.568796366791276320e+01 1.931572050340269187e-01
7.700000000000248690e+01 1.557523884871999087e+01 1.930157361972201224e-01
7.800000000000299849e+01 1.546091156667282540e+01 1.928712869368702787e-01
7.900000000000351008e+01 1.534496946094474090e+01 1.927238084375382798e-01
8.000000000000402167e+01 1.522740260055219785e+01 1.925732527611296319e-01
8.100000000000453326e+01 1.510820336516230356e+01 1.924195729069804739e-01
8.200000000000504485e+01 1.498736633183480471e+01 1.922627228812930633e-01
8.300000000000555644e+01 1.486488816684075687e+01 1.921026577750267750e-01
8.400000000000606803e+01 1.474076752186271477e+01 1.919393338494484458e-01
8.500000000000657963e+01 1.461500493401259604e+01 1.917727086286134808e-01
8.600000000000709122e+01 1.448760272920728553e+01 1.916027409981113927e-01
8.700000000000760281e+01 1.435856492852637700e+01 1.914293913094413935e-01
8.800000000000811440e+01 1.422789715724270820e+01 1.912526214894184062e-01
8.900000000000862599e+01 1.409560655626975212e+01 1.910723951540181098e-01
9.000000000000913758e+01 1.396170169581201037e+01 1.908886777260877243e-01
9.100000000000964917e+01 1.382619249103817083e+01 1.907014365563381997e-01
9.200000000001016076e+01 1.368909011962369782e+01 1.905106410470387424e-01
9.300000000001067235e+01 1.355040694103102084e+01 1.903162627778198779e-01
9.400000000001118394e+01 1.341015641741287823e+01 1.901182756329758972e-01
9.500000000001169553e+01 1.326835303603858840e+01 1.899166559296482926e-01
9.600000000001220712e+01 1.312501223315498855e+01 1.897113825462459769e-01
9.700000000001271871e+01 1.298015031920367335e+01 1.895024370504473366e-01
9.800000000001323031e+01 1.283378440532502829e+01 1.892898038261041360e-01
9.900000000001374190e+01 1.268593233108752649e+01 1.890734701983511346e-01
1.000000000000142535e+02 1.253661259338745637e+01 1.888534265562117620e-01
1.010000000000147651e+02 1.238584427647123754e+01 1.886296664719671612e-01
1.020000000000152767e+02 1.223364698303884524e+01 1.884021868165492164e-01
1.030000000000157883e+02 1.208004076639254087e+01 1.881709878702067518e-01
1.040000000000162999e+02 1.192504606360131625e+01 1.879360734276834533e-01
1.050000000000168114e+02 1.176868362965708315e+01 1.876974508971483990e-01
1.060000000000173230e+02 1.161097447260408622e+01 1.874551313921179463e-01
1.070000000000178346e+02 1.145193978962837811e+01 1.872091298156116912e-01
1.080000000000183462e+02 1.129160090409926021e+01 1.869594649358023997e-01
1.090000000000188578e+02 1.112997920355957682e+01 1.867061594524272450e-01
1.100000000000193694e+02 1.096709607866607783e+01 1.864492400532558325e-01
1.110000000000198810e+02 1.080297286308529792e+01 1.861887374599329736e-01
1.120000000000203926e+02 1.063763077435414672e+01 1.859246864625470619e-01
1.130000000000209042e+02 1.047109085571765341e+01 1.856571259423144826e-01
1.140000000000214158e+02 1.030337391895897348e+01 1.853860988818138156e-01
1.150000000000219273e+02 1.013450048823921712e+01 1.851116523622483856e-01
1.160000000000224389e+02 9.964490744965825542e+00 1.848338375472766693e-01
1.170000000000229505e+02 9.793364473709742057e+00 1.845527096530024114e-01
1.180000000000234621e+02 9.621141009191527260e+00 1.842683279037870547e-01
1.190000000000239737e+02 9.447839184356674025e+00 1.839807554736073159e-01
1.200000000000244853e+02 9.273477279559045883e+00 1.836900594127600927e-01
1.210000000000249969e+02 9.098072972870193453e+00 1.833963105597882781e-01
1.220000000000255085e+02 8.921643291529793629e+00 1.830995834385783505e-01
1.230000000000260201e+02 8.744204564549937331e+00 1.827999561406631335e-01
1.240000000000265317e+02 8.565772376482259531e+00 1.824975101928427990e-01
1.250000000000270433e+02 8.386361522353313447e+00 1.821923304103203467e-01
1.260000000000275548e+02 8.205985963769027336e+00 1.818845047356284494e-01
1.270000000000280664e+02 8.024658786184165393e+00 1.815741240637083198e-01
1.280000000000285638e+02 7.842392157327521041e+00 1.812612820535778879e-01
1.290000000000276543e+02 7.659197286768187674e+00 1.809460749271076252e-01
1.300000000000267448e+02 7.475084386600792996e+00 1.806286012554921272e-01
1.310000000000258353e+02 7.290062633225288913e+00 1.803089617340842554e-01
1.320000000000249258e+02 7.104140130185501611e+00 1.799872589463153150e-01
1.330000000000240163e+02 6.917323872028097398e+00 1.796635971174935786e-01
1.340000000000231068e+02 6.729619709135607586e+00 1.793380818593257597e-01
1.350000000000221974e+02 6.541032313481019322e+00 1.790108199060559957e-01
1.360000000000212879e+02 6.351565145245182897e+00 1.786819188431600647e-01
1.370000000000203784e+02 6.161220420232053741e+00 1.783514868295693057e-01
1.380000000000194689e+02 5.969999078010701510e+00 1.780196323144249415e-01
1.390000000000185594e+02 5.777900750707577693e+00 1.776864637493861532e-01
1.400000000000176499e+02 5.584923732366778637e+00 1.773520892975276875e-01
1.410000000000167404e+02 5.391064948791211897e+00 1.770166165398680824e-01
1.420000000000158309e+02 5.196319927772770519e+00 1.766801521805681785e-01
1.430000000000149214e+02 5.000682769615440115e+00 1.763428017518263446e-01
1.440000000000140119e+02 4.804146117851436415e+00 1.760046693194829981e-01
1.450000000000131024e+02 4.606701130047375692e+00 1.756658571903197130e-01
1.460000000000121929e+02 4.408337448594526364e+00 1.753264656220063777e-01
1.470000000000112834e+02 4.209043171375415504e+00 1.749865925366129449e-01
1.480000000000103739e+02 4.008804822197236994e+00 1.746463332385569112e-01
1.490000000000094644e+02 3.807607320881955193e+00 1.743057801378079807e-01
1.500000000000085549e+02 3.605433952902645345e+00 1.739650224791186583e-01
1.510000000000076454e+02 3.402266338456356731e+00 1.736241460779888446e-01
1.520000000000067359e+02 3.198084400865015997e+00 1.732832330640097229e-01
1.530000000000058265e+02 2.992866334198125422e+00 1.729423616321719426e-01
1.540000000000049170e+02 2.786588570014071564e+00 1.726016058026509092e-01
1.550000000000040075e+02 2.579225743120771241e+00 1.722610351895169090e-01
1.560000000000030980e+02 2.370750656261338740e+00 1.719207147787487622e-01
1.570000000000021885e+02 2.161134243636622543e+00 1.715807047158612875e-01
1.580000000000012790e+02 1.950345533183431623e+00 1.712410601033900748e-01
1.590000000000003695e+02 1.738351607535981502e+00 1.709018308084117588e-01
1.599999999999994600e+02 1.525117563607792270e+00 1.705630612802153390e-01
1.609999999999985505e+02 1.310606470742636587e+00 1.702247903781818339e-01
1.619999999999976410e+02 1.094779327396306901e+00 1.698870512098741570e-01
1.629999999999967315e+02 8.775950163257417724e-01 1.695498709792888359e-01
1.639999999999958220e+02 6.590102582791125263e-01 1.692132708451777046e-01
1.649999999999949125e+02 4.389795641996857567e-01 1.688772657893088947e-01
1.659999999999940030e+02 2.174551859780434193e-01 1.685418644945082534e-01
1.669999999999930935e+02 -5.612934188019511397e-03 1.682070692322936711e-01
1.679999999999921840e+02 -2.302772157388946750e-01 1.678728757599063648e-01
1.689999999999912745e+02 -4.565924928855379927e-01 1.675392732265339468e-01
1.699999999999903650e+02 -6.846160687751174923e-01 1.672062440885233592e-01
1.709999999999894555e+02 -9.144077704967661369e-01 1.668737640333979033e-01
1.719999999999885461e+02 -1.146030004689764903e+00 1.665418019125196880e-01
1.729999999999876366e+02 -1.379547813466551087e+00 1.662103196822690143e-01
1.739999999999867271e+02 -1.615028930307300437e+00 1.658792723536693658e-01
1.749999999999858176e+02 -1.852543835520212845e+00 1.655486079504441266e-01
1.759999999999849081e+02 -2.092165810792215197e+00 1.652182674755676428e-01
1.769999999999839986e+02 -2.333970992276987122e+00 1.648881848864623967e-01
1.779999999999830891e+02 -2.578038421581045014e+00 1.645582870791010843e-01
1.789999999999821796e+02 -2.824450093912776349e+00 1.642284938813892425e-01
1.799999999999812701e+02 -3.073291002553544260e+00 1.638987180563409307e-01
1.809999999999803606e+02 -3.324649178692857365e+00 1.635688653157129357e-01
1.819999999999794511e+02 -3.578615725541403947e+00 1.632388343449278634e-01
1.829999999999785416e+02 -3.835284845494907113e+00 1.629085168403056616e-01
1.839999999999776321e+02 -4.094753858968593896e+00 1.625777975598217961e-01
1.849999999999767226e+02 -4.357123213356156377e+00 1.622465543888277906e-01
1.859999999999758131e+02 -4.622496480388421425e+00 1.619146584224058771e-01
1.869999999999749036e+02 -4.890980339976703561e+00 1.615819740662736148e-01
1.879999999999739941e+02 -5.162684548424758546e+00 1.612483591584161768e-01
1.889999999999730846e+02 -5.437721888683417326e+00 1.609136651138960983e-01
1.899999999999721751e+02 -5.716208100110242718e+00 1.605777370955639161e-01
1.909999999999712657e+02 -5.998261784978358158e+00 1.602404142136784337e-01
1.919999999999703562e+02 -6.284004288775042468e+00 1.599015297577201788e-01
1.929999999999694467e+02 -6.573559551137895696e+00 1.595609114639525150e-01
1.939999999999685372e+02 -6.867053924114453700e+00 1.592183818225342273e-01
1.949999999999676277e+02 -7.164615954313420687e+00 1.588737584282118864e-01
1.959999999999667182e+02 -7.466376125463480840e+00 1.585268543788033446e-01
1.969999999999658087e+02 -7.772466557935532094e+00 1.581774787258080628e-01
1.979999999999648992e+02 -8.083020661947667662e+00 1.578254369815379754e-01
1.989999999999639897e+02 -8.398172741499527305e+00 1.574705316871146399e-01
1.999999999999630802e+02 -8.718057546621063025e+00 1.571125630455263988e-01
2.009999999999621707e+02 -9.042809772324954309e+00 1.567513296236277831e-01
2.019999999999612612e+02 -9.372563503785617200e+00 1.563866291264824349e-01
2.029999999999603517e+02 -9.707451608799390286e+00 1.560182592467565521e-01
2.039999999999594422e+02 -1.004760508058440394e+01 1.556460185909240568e-01
2.049999999999585327e+02 -1.039315233652628834e+01 1.552697076828204736e-01
2.059999999999576232e+02 -1.074421848163439641e+01 1.548891300435143725e-01
2.069999999999567137e+02 -1.110092454929107220e+01 1.545040933445544218e-01
2.079999999999558042e+02 -1.146338673637499284e+01 1.541144106293258209e-01
2.089999999999548947e+02 -1.183171565499522160e+01 1.537199015945150127e-01
2.099999999999539853e+02 -1.220601562880006874e+01 1.533203939205130539e-01
2.109999999999530758e+02 -1.258638406795473585e+01 1.529157246360065558e-01
2.119999999999521663e+02 -1.297291096314402203e+01 1.525057414980474924e-01
2.129999999999512568e+02 -1.336567854495880781e+01 1.520903043646406327e-01
2.139999999999503473e+02 -1.376476116024489471e+01 1.516692865324658912e-01
2.149999999999494378e+02 -1.417022542077503289e+01 1.512425760079433024e-01
2.159999999999485283e+02 -1.458213068117620104e+01 1.508100766757010658e-01
2.169999999999476188e+02 -1.500052990155100296e+01 1.503717093249241077e-01
2.179999999999467093e+02 -1.542547094478992342e+01 1.499274124914109496e-01
2.189999999999457998e+02 -1.585699834835381239e+01 1.494771430718942473e-01
2.199999999999448903e+02 -1.629515559463753505e+01 1.490208766677026953e-01
2.209999999999439808e+02 -1.673998788249667058e+01 1.485586076176537706e-01
2.219999999999430713e+02 -1.719154537510939562e+01 1.480903486855445206e-01
2.229999999999421618e+02 -1.764988686652776195e+01 1.476161303761070187e-01
2.239999999999412523e+02 -1.811508377211545806e+01 1.471359998649605094e-01
2.249999999999403428e+02 -1.858722430829329753e+01 1.466500195429320252e-01
2.259999999999394333e+02 -1.906641768702554174e+01 1.461582651928280685e-01
2.269999999999385238e+02 -1.955279811335341478e+01 1.456608238367811947e-01
2.279999999999376143e+02 -2.004652834370041603e+01 1.451577913137936104e-01
2.289999999999367049e+02 -2.054780254281125806e+01 1.446492696688738144e-01
2.299999999999357954e+02 -2.105684817252265262e+01 1.441353644557959168e-01
2.309999999999348859e+02 -2.157392666059236674e+01 1.436161820732912431e-01
2.319999999999339764e+02 -2.209933263660009217e+01 1.430918272676418024e-01
2.329999999999330669e+02 -2.263339158748018676e+01 1.425624009412993776e-01
2.339999999999321574e+02 -2.317645587863204781e+01 1.420279984055758671e-01
2.349999999999312479e+02 -2.372889920587707024e+01 1.414887082041847155e-01
2.359999999999303384e+02 -2.429110968284125960e+01 1.409446116125030735e-01
2.369999999999294289e+02 -2.486348191678662189e+01 1.403957828847166855e-01
2.379999999999285194e+02 -2.544640856780538840e+01 1.398422902783950372e-01
2.389999999999276099e+02 -2.604027200152062349e+01 1.392841978357093058e-01
2.399999999999267004e+02 -2.664543671404726766e+01 1.387215678460771151e-01
2.409999999999257909e+02 -2.726224321043382304e+01 1.381544638614120579e-01
2.419999999999248814e+02 -2.789100394500837865e+01 1.375829540882222701e-01
2.429999999999239719e+02 -2.853200178424968314e+01 1.370071149465328375e-01
2.439999999999230624e+02 -2.918549124522111882e+01 1.364270345691281916e-01
2.449999999999221529e+02 -2.985170252214836495e+01 1.358428160191426370e-01
2.459999999999212434e+02 -3.053084807463589812e+01 1.352545800299251033e-01
2.469999999999203339e+02 -3.122313134740051055e+01 1.346624671155912389e-01
2.479999999999194245e+02 -3.192875704984017204e+01 1.340666389580171813e-01
2.489999999999185150e+02 -3.264794235790447630e+01 1.334672790386318419e-01
2.499999999999176055e+02 -3.338092840969935082e+01 1.328645925430604613e-01
2.509999999999166960e+02 -3.412799153658274065e+01 1.322588056163298553e-01
2.519999999999157865e+02 -3.488945378182267376e+01 1.316501640809931983e-01
2.529999999999148770e+02 -3.566569238537347530e+01 1.310389317480291915e-01
2.539999999999139675e+02 -3.645714803434277229e+01 1.304253884513803807e-01
2.549999999999130580e+02 -3.726433177772351257e+01 1.298098279244283837e-01
2.559999999999121485e+02 -3.808783057036738029e+01 1.291925556148152132e-01
2.569999999999112674e+02 -3.892831143973008778e+01 1.285738865075221893e-01
2.579999999999103579e+02 -3.978652425811479532e+01 1.279541429993201751e-01
2.589999999999094484e+02 -4.066330306023625951e+01 1.273336528440614512e-01
2.599999999999085389e+02 -4.155956576802805813e+01 1.267127471699408259e-01
2.609999999999076294e+02 -4.247631196075582238e+01 1.260917585585106804e-01
2.619999999999067199e+02 -4.341461831565411700e+01 1.254710191713203082e-01
2.629999999999058105e+02 -4.437563103861258895e+01 1.248508589116266582e-01
2.639999999999049010e+02 -4.536055433945249860e+01 1.242316036164069770e-01
2.649999999999039915e+02 -4.637063368880355796e+01 1.236135732865692033e-01
2.659999999999030820e+02 -4.740713219802383094e+01 1.229970803794750295e-01
2.669999999999021725e+02 -4.847129800176620762e+01 1.223824282066554858e-01
2.679999999999012630e+02 -4.956432000608915445e+01 1.217699094998791060e-01
2.689999999999003535e+02 -5.068726882862170413e+01 1.211598052294889094e-01
2.699999999998994440e+02 -5.184101927679773070e+01 1.205523837788920749e-01
2.709999999998985345e+02 -5.302615042530153033e+01 1.199479005965602280e-01
2.719999999998976250e+02 -5.424281949848081297e+01 1.193465984593776730e-01
2.729999999998967155e+02 -5.549060669598177498e+01 1.187487084849637720e-01
2.739999999998958060e+02 -5.676833031876692814e+01 1.181544520204269033e-01
2.749999999998948965e+02 -5.807383566598018376e+01 1.175640435038983050e-01
2.759999999998939870e+02 -5.940376776979994133e+01 1.169776943348913856e-01
2.769999999998930775e+02 -6.075334739362410374e+01 1.163956176920500907e-01
2.779999999998921680e+02 -6.211618130525128834e+01 1.158180340977088968e-01
2.789999999998912585e+02 -6.348414965404266042e+01 1.152451773521131206e-01
2.799999999998903490e+02 -6.484742135291735110e+01 1.146773002653975054e-01
2.809999999998894396e+02 -6.619464696560635275e+01 1.141146794416952603e-01
2.819999999998885301e+02 -6.751336197400772221e+01 1.135576182745993423e-01
2.829999999998876206e+02 -6.879059906717137096e+01 1.130064473593941216e-01
2.839999999998867111e+02 -7.001366099639550100e+01 1.124615217573382564e-01
2.849999999998858016e+02 -7.117095865610606609e+01 1.119232149534360038e-01
2.859999999998848921e+02 -7.225278994749062633e+01 1.113919098590313156e-01
2.869999999998839826e+02 -7.325193746979084608e+01 1.108679877005378095e-01
2.879999999998830731e+02 -7.416399915283454902e+01 1.103518159742332833e-01
2.889999999998821636e+02 -7.498742360615139546e+01 1.098437367475839227e-01
2.899999999998812541e+02 -7.572328106309878137e+01 1.093440564410396443e-01
2.909999999998803446e+02 -7.637484306337339035e+01 1.088530378957983380e-01
2.919999999998794351e+02 -7.694706072804250141e+01 1.083708951274259119e-01
2.929999999998785256e+02 -7.744602480721948723e+01 1.078977907836446426e-01
2.939999999998776161e+02 -7.787846957248363822e+01 1.074338360344206239e-01
2.949999999998767066e+02 -7.825135716189565471e+01 1.069790924486219291e-01
2.959999999998757971e+02 -7.857155647914483154e+01 1.065335753450567247e-01
2.969999999998748876e+02 -7.884561462040041135e+01 1.060972581194713354e-01
2.979999999998739781e+02 -7.907960938379004290e+01 1.056700771117773663e-01
2.989999999998730686e+02 -7.927906738352993443e+01 1.052519366626133990e-01
2.999999999998721592e+02 -7.944893185618859377e+01 1.048427140964451609e-01
3.009999999998712497e+02 -7.959356582834195137e+01 1.044422644485927948e-01
3.019999999998703402e+02 -7.971677877135846302e+01 1.040504248206171878e-01
3.029999999998694307e+02 -7.982186748947074761e+01 1.036670183011010604e-01
3.039999999998685212e+02 -7.991166438953456463e+01 1.032918574279328844e-01
3.049999999998676117e+02 -7.998858829993621100e+01 1.029247471957078636e-01
3.059999999998667022e+02 -8.005469460509581836e+01 1.025654876300562818e-01
3.069999999998657927e+02 -8.011172267103931688e+01 1.022138759617619019e-01
3.079999999998648832e+02 -8.016113941562488776e+01 1.018697084393255931e-01
3.089999999998639737e+02 -8.020417849037153246e+01 1.015327818207009819e-01
3.099999999998630642e+02 -8.024187495149026006e+01 1.012028945844880984e-01
3.109999999998621547e+02 -8.027509555866809876e+01 1.008798478988212899e-01
3.119999999998612452e+02 -8.030456499410125559e+01 1.005634463832082576e-01
3.129999999998603357e+02 -8.033088837415986916e+01 1.002534986951236773e-01
3.139999999998594262e+02 -8.035457045647099505e+01 9.994981796957097542e-02
3.149999999998585167e+02 -8.037603194393507522e+01 9.965222213630557657e-02
3.159999999998576072e+02 -8.039562326680010074e+01 9.936053413608914031e-02
3.169999999998566977e+02 -8.041363619303149335e+01 9.907458205430005882e-02
3.179999999998557882e+02 -8.043031358157212196e+01 9.879419918748441609e-02
3.189999999998548788e+02 -8.044585755638256330e+01 9.851922405600836707e-02
3.199999999998539693e+02 -8.046043634364383479e+01 9.824950037385497825e-02
3.209999999998530598e+02 -8.047418998147877289e+01 9.798487698477303942e-02
3.219999999998521503e+02 -8.048723508164182761e+01 9.772520777241637535e-02
3.229999999998512408e+02 -8.049966879605699432e+01 9.747035155076928803e-02
3.239999999998503313e+02 -8.051157211781135459e+01 9.722017194002251228e-02
3.249999999998494218e+02 -8.052301262604773058e+01 9.697453723210834597e-02
3.259999999998485123e+02 -8.053404676687215158e+01 9.673332024930587913e-02
3.269999999998476028e+02 -8.054472174760454095e+01 9.649639819865776791e-02
3.279999999998466933e+02 -8.055507710914098141e+01 9.626365252439025855e-02
3.289999999998457838e+02 -8.056514603058188584e+01 9.603496876006811789e-02
3.299999999998448743e+02 -8.057495641133165520e+01 9.581023638183985836e-02
3.309999999998439648e+02 -8.058453176836114551e+01 9.558934866382075290e-02
3.319999999998430553e+02 -8.059389198002463672e+01 9.537220253640794898e-02
3.329999999998421458e+02 -8.060305390254815450e+01 9.515869844811657152e-02
3.339999999998412363e+02 -8.061203188090821925e+01 9.494874023136157248e-02
3.349999999998403268e+02 -8.062083817214266901e+01 9.474223497247405423e-02
3.359999999998394173e+02 -8.062948329607787912e+01 9.453909288613704387e-02
3.369999999998385078e+02 -8.063797632590852515e+01 9.433922719433812665e-02
3.379999999998375984e+02 -8.064632512894523586e+01 9.414255400987220357e-02
3.389999999998366889e+02 -8.065453656608781330e+01 9.394899222437386177e-02
3.399999999998357794e+02 -8.066261665711614626e+01 9.375846340082015506e-02
3.409999999998348699e+02 -8.067057071767715115e+01 9.357089167041297839e-02
3.419999999998339604e+02 -8.067840347283834035e+01 9.338620363373073552e-02
3.429999999998330509e+02 -8.068611915124222378e+01 9.320432826601858511e-02
3.439999999998321414e+02 -8.069372156320332579e+01 9.302519682647995836e-02
3.449999999998312319e+02 -8.070121416551357640e+01 9.284874277142260435e-02
3.459999999998303224e+02 -8.070860011524661104e+01 9.267490167110946364e-02
3.469999999998294129e+02 -8.071588231445646500e+01 9.250361113016324077e-02
3.479999999998285034e+02 -8.072306344734012384e+01 9.233481071137428220e-02
3.489999999998275939e+02 -8.073014601116135225e+01 9.216844186276360040e-02
3.499999999998266844e+02 -8.073713234200997135e+01 9.200444784775581308e-02
3.509999999998257749e+02 -8.074402463628554472e+01 9.184277367832149874e-02
3.519999999998248654e+02 -8.075082496864116877e+01 9.168336605095177283e-02
3.529999999998239559e+02 -8.075753530699387284e+01 9.152617328533488306e-02
3.539999999998230464e+02 -8.076415752510575885e+01 9.137114526560757843e-02
3.549999999998221369e+02 -8.077069341315204554e+01 9.121823338406108428e-02
3.559999999998212274e+02 -8.077714468661878300e+01 9.106739048718638652e-02
3.569999999998203180e+02 -8.078351299381630213e+01 9.091857082394853851e-02
3.579999999998194085e+02 -8.078979992224299167e+01 9.077172999618500493e-02
3.589999999998184990e+02 -8.079600700399402058e+01 9.062682491102920512e-02
3.599999999998175895e+02 -8.080213572037654046e+01 9.048381373526331872e-02
3.609999999998166800e+02 -8.080818750586401222e+01 9.034265585151107780e-02
3.619999999998157705e+02 -8.081416375150048736e+01 9.020331181618582161e-02
3.629999999998148610e+02 -8.082006580784566552e+01 9.006574331911101905e-02
3.639999999998139515e+02 -8.082589498753648627e+01 8.992991314473793019e-02
3.649999999998130420e+02 -8.083165256752776884e+01 8.979578513488729874e-02
3.659999999998121325e+02 -8.083733979106348499e+01 8.966332415294508973e-02
3.669999999998112230e+02 -8.084295786942200834e+01 8.953249604944801820e-02
3.679999999998103135e+02 -8.084850798347039813e+01 8.940326762899532265e-02
3.689999999998094040e+02 -8.085399128505804356e+01 8.927560661842931511e-02
3.699999999998084945e+02 -8.085940889827311651e+01 8.914948163622743449e-02
3.709999999998075850e+02 -8.086476192058320578e+01 8.902486216305331712e-02
3.719999999998066755e+02 -8.087005142387648959e+01 8.890171851341678588e-02
3.729999999998057660e+02 -8.087527845541809768e+01 8.878002180839419943e-02
3.739999999998048565e+02 -8.088044403873237798e+01 8.865974394936430858e-02
3.749999999998039470e+02 -8.088554917442230874e+01 8.854085759271626555e-02
3.759999999998030376e+02 -8.089059484093301933e+01 8.842333612548837485e-02
3.769999999998021281e+02 -8.089558199526713622e+01 8.830715364189949124e-02
3.779999999998012186e+02 -8.090051157365726908e+01 8.819228492073440118e-02
3.789999999998003091e+02 -8.090538449220116490e+01 8.807870540354996447e-02
3.799999999997993996e+02 -8.091020164746217347e+01 8.796639117366647498e-02
3.809999999997984901e+02 -8.091496391704038160e+01 8.785531893591295993e-02
3.819999999997975806e+02 -8.091967216011657626e+01 8.774546599709577566e-02
3.829999999997966711e+02 -8.092432721797045758e+01 8.763681024716235557e-02
3.839999999997957616e+02 -8.092892991447733664e+01 8.752933014103057852e-02
3.849999999997948521e+02 -8.093348105658398595e+01 8.742300468105866640e-02
3.859999999997939426e+02 -8.093798143476455209e+01 8.731781340013000658e-02
3.869999999997930331e+02 -8.094243182345991272e+01 8.721373634532865460e-02
3.879999999997921236e+02 -8.094683298149999473e+01 8.711075406218254935e-02
3.889999999997912141e+02 -8.095118565251048892e+01 8.700884757945255565e-02
3.899999999997903046e+02 -8.095549056530592225e+01 8.690799839444583730e-02
3.909999999997893951e+02 -8.095974843426805023e+01 8.680818845883470081e-02
3.919999999997884856e+02 -8.096395995971246862e+01 8.670940016495970459e-02
3.929999999997875761e+02 -8.096812582824229310e+01 8.661161633260067161e-02
3.939999999997866666e+02 -8.097224671309075461e+01 8.651482019619660679e-02
3.949999999997857572e+02 -8.097632327445269596e+01 8.641899539249831008e-02
3.959999999997848477e+02 -8.098035615980522550e+01 8.632412594863698996e-02
3.969999999997839382e+02 -8.098434600421900598e+01 8.623019627059433367e-02
3.979999999997830287e+02 -8.098829343065933983e+01 8.613719113205819955e-02
3.989999999997821192e+02 -8.099219905027867128e+01 8.604509566365027562e-02
3.999999999997812097e+02 -8.099606346269982282e+01 8.595389534251203500e-02
4.009999999997803002e+02 -8.099988725629077635e+01 8.586357598223548493e-02
4.019999999997793907e+02 -8.100367100843172352e+01 8.577412372312698263e-02
4.029999999997784812e+02 -8.100741528577395911e+01 8.568552502279139227e-02
4.039999999997775717e+02 -8.101112064449132788e+01 8.559776664702482829e-02
4.049999999997766622e+02 -8.101478763052455179e+01 8.551083566100592392e-02
4.059999999997757527e+02 -8.101841677981813916e+01 8.542471942077385638e-02
4.069999999997748432e+02 -8.102200861855124003e+01 8.533940556498351149e-02
4.079999999997739337e+02 -8.102556366336133920e+01 8.525488200692771246e-02
4.089999999997730242e+02 -8.102908242156196650e+01 8.517113692681724246e-02
4.099999999997721147e+02 -8.103256539135442438e+01 8.508815876430929348e-02
4.109999999997712052e+02 -8.103601306203323418e+01 8.500593621127579269e-02
4.119999999997702957e+02 -8.103942591418656605e+01 8.492445820480296059e-02
4.129999999997693862e+02 -8.104280441989058659e+01 8.484371392041467619e-02
4.139999999997684768e+02 -8.104614904289881849e+01 8.476369276551080911e-02
4.149999999997675673e+02 -8.104946023882624218e+01 8.468438437301414878e-02
4.159999999997666578e+02 -8.105273845532843779e+01 8.460577859521759003e-02
4.169999999997657483e+02 -8.105598413227600929e+01 8.452786549782601022e-02
4.179999999997648388e+02 -8.105919770192436147e+01 8.445063535418426137e-02
4.189999999997639293e+02 -8.106237958907885854e+01 8.437407863968721111e-02
4.199999999997630198e+02 -8.106553021125569103e+01 8.429818602636345026e-02
4.209999999997621103e+02 -8.106864997883869250e+01 8.422294837762818454e-02
4.219999999997612008e+02 -8.107173929523156630e+01 8.414835674319863512e-02
4.229999999997602913e+02 -8.107479855700665894e+01 8.407440235416706320e-02
4.239999999997593818e+02 -8.107782815404974031e+01 8.400107661822585337e-02
4.249999999997584723e+02 -8.108082846970096114e+01 8.392837111503907710e-02
4.259999999997575628e+02 -8.108379988089205881e+01 8.385627759175649787e-02
4.269999999997566533e+02 -8.108674275828060729e+01 8.378478795866453610e-02
4.279999999997557438e+02 -8.108965746638025962e+01 8.371389428496947560e-02
4.289999999997548343e+02 -8.109254436368804875e+01 8.364358879470924768e-02
4.299999999997539248e+02 -8.109540380280839145e+01 8.357386386278889412e-02
4.309999999997530153e+02 -8.109823613057392322e+01 8.350471201113550401e-02
4.319999999997521059e+02 -8.110104168816340575e+01 8.343612590496930770e-02
4.329999999997511964e+02 -8.110382081121673536e+01 8.336809834918601503e-02
4.339999999997502869e+02 -8.110657382994715192e+01 8.330062228484813591e-02
4.349999999997493774e+02 -8.110930106925037819e+01 8.323369078578052305e-02
4.359999999997484679e+02 -8.111200284881176970e+01 8.316729705526648697e-02
4.369999999997475584e+02 -8.111467948320988341e+01 8.310143442284301241e-02
4.379999999997466489e+02 -8.111733128201836962e+01 8.303609634118946925e-02
4.389999999997457394e+02 -8.111995854990514943e+01 8.297127638310854147e-02
4.399999999997448299e+02 -8.112256158672911965e+01 8.290696823859523834e-02
4.409999999997439204e+02 -8.112514068763437081e+01 8.284316571199193402e-02
4.419999999997430109e+02 -8.112769614314282762e+01 8.277986271922610495e-02
4.429999999997421014e+02 -8.113022823924410432e+01 8.271705328512835020e-02
4.439999999997411919e+02 -8.113273725748308607e+01 8.265473154082789153e-02
4.449999999997402824e+02 -8.113522347504614629e+01 8.259289172122294409e-02
4.459999999997393729e+02 -8.113768716484489119e+01 8.253152816252468105e-02
4.469999999997384634e+02 -8.114012859559790058e+01 8.247063529987017083e-02
4.479999999997375539e+02 -8.114254803191090559e+01 8.241020766500459227e-02
4.489999999997366444e+02 -8.114494573435463565e+01 8.235023988402863371e-02
4.499999999997357349e+02 -8.114732195954148608e+01 8.229072667520996587e-02
4.509999999997348255e+02 -8.114967696020005405e+01 8.223166284685654026e-02
4.519999999997339160e+02 -8.115201098524771339e+01 8.217304329524947881e-02
4.529999999997330065e+02 -8.115432427986220887e+01 8.211486300263404203e-02
4.539999999997320970e+02 -8.115661708555121834e+01 8.205711703526659406e-02
4.549999999997311875e+02 -8.115888964022029484e+01 8.199980054151606579e-02
4.559999999997302780e+02 -8.116114217823954391e+01 8.194290875001772334e-02
4.569999999997293685e+02 -8.116337493050860985e+01 8.188643696787799298e-02
4.579999999997284590e+02 -8.116558812452021243e+01 8.183038057892881578e-02
4.589999999997275495e+02 -8.116778198442264625e+01 8.177473504202958932e-02
4.599999999997266400e+02 -8.116995673108014842e+01 8.171949588941562759e-02
4.609999999997257305e+02 -8.117211258213305314e+01 8.166465872509137691e-02
4.619999999997248210e+02 -8.117424975205534565e+01 8.161021922326705536e-02
4.629999999997239115e+02 -8.117636845221181829e+01 8.155617312683784148e-02
4.639999999997230020e+02 -8.117846889091400442e+01 8.150251624590318378e-02
4.649999999997220925e+02 -8.118055127347425071e+01 8.144924445632638343e-02
4.659999999997211830e+02 -8.118261580225959051e+01 8.139635369833236878e-02
4.669999999997202735e+02 -8.118466267674342873e+01 8.134383997514246789e-02
4.679999999997193640e+02 -8.118669209355682881e+01 8.129169935164570759e-02
4.689999999997184545e+02 -8.118870424653846385e+01 8.123992795310421011e-02
4.699999999997175451e+02 -8.119069932678365831e+01 8.118852196389325648e-02
4.709999999997166356e+02 -8.119267752269209382e+01 8.113747762627439297e-02
4.719999999997157261e+02 -8.119463902001477607e+01 8.108679123919966536e-02
4.729999999997148166e+02 -8.119658400190009218e+01 8.103645915714739745e-02
4.739999999997139071e+02 -8.119851264893834752e+01 8.098647778898747374e-02
4.749999999997129976e+02 -8.120042513920645888e+01 8.093684359687629282e-02
4.759999999997120881e+02 -8.120232164831035959e+01 8.088755309517958736e-02
4.769999999997111786e+02 -8.120420234942766058e+01 8.083860284942262497e-02
4.779999999997102691e+02 -8.120606741334886181e+01 8.078998947526716545e-02
4.789999999997093596e+02 -8.120791700851799533e+01 8.074170963751389762e-02
4.799999999997084501e+02 -8.120975130107190409e+01 8.069376004913064726e-02
4.809999999997075406e+02 -8.121157045487977655e+01 8.064613747030374702e-02
4.819999999997066311e+02 -8.121337463158033643e+01 8.059883870751421986e-02
4.829999999997057216e+02 -8.121516399062019786e+01 8.055186061263572284e-02
4.839999999997048121e+02 -8.121693868928973359e+01 8.050520008205545863e-02
4.849999999997039026e+02 -8.121869888275912786e+01 8.045885405581669481e-02
4.859999999997029931e+02 -8.122044472411340621e+01 8.041281951678165563e-02
4.869999999997020836e+02 -8.122217636438716681e+01 8.036709348981521672e-02
4.879999999997011741e+02 -8.122389395259780542e+01 8.032167304098837557e-02
4.889999999997002647e+02 -8.122559763577919512e+01 8.027655527680072067e-02
4.899999999996993552e+02 -8.122728755901364650e+01 8.023173734342167740e-02
4.909999999996984457e+02 -8.122896386546393899e+01 8.018721642594979493e-02
4.919999999996975362e+02 -8.123062669640449940e+01 8.014298974768993555e-02
4.929999999996966267e+02 -8.123227619125172794e+01 8.009905456944679814e-02
4.939999999996957172e+02 -8.123391248759439520e+01 8.005540818883619125e-02
4.949999999996948077e+02 -8.123553572122263233e+01 8.001204793961148865e-02
4.959999999996938982e+02 -8.123714602615713432e+01 7.996897119100628004e-02
4.969999999996929887e+02 -8.123874353467704168e+01 7.992617534709228755e-02
4.979999999996920792e+02 -8.124032837734796431e+01 7.988365784615170107e-02
4.989999999996911697e+02 -8.124190068304909573e+01 7.984141616006465436e-02
4.999999999996902602e+02 -8.124346057900004325e+01 7.979944779371000996e-02
5.000000000000000000e+02 -8.124346057900052642e+01 7.979944779369704810e-02
