1.000000000000000666e+00 -7.217004138497566146e+01 7.359457688506947093e-02
2.000000000000001332e+00 -6.327733266896979103e+01 7.362421182316927770e-02
2.999999999999980016e+00 -6.992421239989420556e+00 7.372563967836839871e-02
3.999999999999958700e+00 3.630986797247200570e+01 7.885588623758632565e-02
4.999999999999937828e+00 3.024078287603567361e+01 9.223811645787648172e-02
5.999999999999916511e+00 2.566511232317791524e+01 1.107173656381637838e-01
6.999999999999895195e+00 2.288774639018147283e+01 1.303657268023996896e-01
7.999999999999873879e+00 2.144437380602268917e+01 1.479696603209716688e-01
8.999999999999852562e+00 2.085492320886250184e+01 1.619624113988646641e-01
9.999999999999831246e+00 2.077101496820873194e+01 1.721933095553625781e-01
1.099999999999980993e+01 2.096744653827032678e+01 1.792634499094107048e-01
1.199999999999978861e+01 2.130624125873689678e+01 1.839897657077424753e-01
1.299999999999976730e+01 2.170549509452766301e+01 1.871222494947618054e-01
1.399999999999974598e+01 2.211763859370188001e+01 1.892438562147347736e-01
1.499999999999972466e+01 2.251536246336046432e+01 1.907638940030803032e-01
1.599999999999970335e+01 2.288281252470282112e+01 1.919475543494334746e-01
1.699999999999985789e+01 2.321017344682013572e+01 1.929531832457502816e-01
1.800000000000001421e+01 2.349032333530726646e+01 1.938656566648115920e-01
1.900000000000017053e+01 2.371666682900869816e+01 1.947222005337778949e-01
2.000000000000032685e+01 2.388155749424662488e+01 1.955303386248165853e-01
2.100000000000048317e+01 2.397497421937213247e+01 1.962789867423934964e-01
2.200000000000063949e+01 2.398351076953546368e+01 1.969445728292475439e-01
2.300000000000079581e+01 2.389079464909782047e+01 1.974956109598021703e-01
2.400000000000095213e+01 2.368296696902429233e+01 1.979016449426595770e-01
2.500000000000110845e+01 2.336405551141086789e+01 1.981505363405998699e-01
2.600000000000126477e+01 2.297137335460026009e+01 1.982615203969922413e-01
2.700000000000142109e+01 2.256042543036432946e+01 1.982733203175416070e-01
2.800000000000157740e+01 2.217014359227796660e+01 1.982216148293044766e-01
2.900000000000173372e+01 2.181378793966443297e+01 1.981312285734748990e-01
3.000000000000189004e+01 2.149084530380729063e+01 1.980185822640744830e-01
3.100000000000204636e+01 2.119716002766440610e+01 1.978946392028267942e-01
3.200000000000220268e+01 2.092883620409411449e+01 1.977666088842850722e-01
3.300000000000200373e+01 2.068293231721603220e+01 1.976390299095760472e-01
3.400000000000180478e+01 2.045719564294507720e+01 1.975145759171628990e-01
3.500000000000160583e+01 2.024971681594542616e+01 1.973946611568756226e-01
3.600000000000140687e+01 2.005872276731475878e+01 1.972798735548255411e-01
3.700000000000120792e+01 1.988249853077280349e+01 1.971702725092649156e-01
3.800000000000100897e+01 1.971938206351683220e+01 1.970655906171092375e-01
3.900000000000081002e+01 1.956778733634450163e+01 1.969653702270569851e-01
4.000000000000061107e+01 1.942623075663679089e+01 1.968690557665995766e-01
4.100000000000041211e+01 1.929335047816325499e+01 1.967760553931488521e-01
4.200000000000021316e+01 1.916791615424255113e+01 1.966857809455074269e-01
4.300000000000001421e+01 1.904883025100622973e+01 1.965976724695463751e-01
4.399999999999981526e+01 1.893512316519042216e+01 1.965112119038445460e-01
4.499999999999961631e+01 1.882594439192871150e+01 1.964259293403482209e-01
4.599999999999941735e+01 1.872055157132198744e+01 1.963414043910425844e-01
4.699999999999921840e+01 1.861829874533415108e+01 1.962572644996559701e-01
4.799999999999901945e+01 1.851862471597641502e+01 1.961731814973177168e-01
4.899999999999882050e+01 1.842104205206025469e+01 1.960888672888234929e-01
4.999999999999862155e+01 1.832512704346091681e+01 1.960040692506805349e-01
5.099999999999842260e+01 1.823051073247771470e+01 1.959185657028197913e-01
5.199999999999822364e+01 1.813687104248406712e+01 1.958321616634720042e-01
5.299999999999802469e+01 1.804392595772300822e+01 1.957446849943400569e-01
5.399999999999782574e+01 1.795142767140294282e+01 1.956559829770016801e-01
5.499999999999762679e+01 1.785915760218000869e+01 1.955659193206311375e-01
5.599999999999742784e+01 1.776692217453661726e+01 1.954743715775382473e-01
5.699999999999722888e+01 1.767454926153581241e+01 1.953812289308251848e-01
5.799999999999702993e+01 1.758188519562829555e+01 1.952863903135229062e-01
5.899999999999683098e+01 1.748879226244183016e+01 1.951897628180790378e-01
5.999999999999663203e+01 1.739514660242100419e+01 1.950912603571208215e-01
6.099999999999643308e+01 1.730083645497730416e+01 1.949908025398004452e-01
6.199999999999623412e+01 1.720576068898838784e+01 1.948883137319578907e-01
6.299999999999603517e+01 1.710982757181171010e+01 1.947837222723453054e-01
6.399999999999583622e+01 1.701295373636388675e+01 1.946769598209826257e-01
6.499999999999634781e+01 1.691506331226323923e+01 1.945679608192073529e-01
6.599999999999685940e+01 1.681608719258985118e+01 1.944566620440967841e-01
6.699999999999737099e+01 1.671596241256063209e+01 1.943430022426514137e-01
6.799999999999788258e+01 1.661463162044054442e+01 1.942269218334778391e-01
6.899999999999839417e+01 1.651204262439728154e+01 1.941083626656947836e-01
6.999999999999890576e+01 1.640814800184740818e+01 1.939872678264830674e-01
7.099999999999941735e+01 1.630290476021337298e+01 1.938635814901127075e-01
7.199999999999992895e+01 1.619627403998256909e+01 1.937372488024760864e-01
7.300000000000044054e+01 1.608822085259647849e+01 1.936082157961419026e-01
7.400000000000095213e+01 1.597871384704970943e+01 1.934764293317759731e-01
7.500000000000146372e+01 1.586772510019594229e+01 1.933418370624527260e-01
7.600000000000197531e+01 1.575522992667555577e+01 1.932043874179541765e-01
7.700000000000248690e+01 1.564120670513444900e+01 1.930640296066152006e-01
7.800000000000299849e+01 1.552563671802125711e+01 1.929207136326606120e-01
7.900000000000351008e+01 1.540850400275543919e+01 1.927743903272993997e-01
8.000000000000402167e+01 1.528979521247084605e+01 1.926250113920905671e-01
8.100000000000453326e+01 1.516949948487472000e+01 1.924725294533136677e-01
8.200000000000504485e+01 1.504760831803430321e+01 1.923168981262427246e-01
8.300000000000555644e+01 1.492411545212386415e+01 1.921580720883585836e-01
8.400000000000606803e+01 1.479901675634336300e+01 1.919960071606422458e-01
8.500000000000657963e+01 1.467231012036354443e+01 1.918306603961778822e-01
8.600000000000709122e+01 1.454399534976798414e+01 1.916619901753557342e-01
8.700000000000760281e+01 1.441407406505546085e+01 1.914899563070166788e-01
8.800000000000811440e+01 1.428254960384046868e+01 1.913145201349084890e-01
8.900000000000862599e+01 1.414942692594926577e+01 1.911356446488542971e-01
9.000000000000913758e+01 1.401471252115656263e+01 1.909532946000380149e-01
9.100000000000964917e+01 1.387841431934619685e+01 1.907674366198221505e-01
9.200000000001016076e+01 1.374054160290983084e+01 1.905780393415087426e-01
9.300000000001067235e+01 1.360110492122259274e+01 1.903850735244492776e-01
9.400000000001118394e+01 1.346011600705467082e+01 1.901885121798966571e-01
9.500000000001169553e+01 1.331758769479469606e+01 1.899883306979777142e-01
9.600000000001220712e+01 1.317353384037428299e+01 1.897845069751513958e-01
9.700000000001271871e+01 1.302796924279535240e+01 1.895770215414977755e-01
9.800000000001323031e+01 1.288090956717179481e+01 1.893658576871639354e-01
9.900000000001374190e+01 1.273237126920621520e+01 1.891510015872790440e-01
1.000000000000142535e+02 1.258237152103098744e+01 1.889324424246271450e-01
1.010000000000147651e+02 1.243092813835010801e+01 1.887101725093591198e-01
1.020000000000152767e+02 1.227805950882597585e+01 1.884841873950030833e-01
1.030000000000157883e+02 1.212378452166174903e+01 1.882544859900269485e-01
1.040000000000162999e+02 1.196812249833691588e+01 1.880210706641982366e-01
1.050000000000168114e+02 1.181109312445958359e+01 1.877839473489790745e-01
1.060000000000173230e+02 1.165271638270577803e+01 1.875431256311988482e-01
1.070000000000178346e+02 1.149301248682144738e+01 1.872986188392460061e-01
1.080000000000183462e+02 1.133200181666880013e+01 1.870504441210344704e-01
1.090000000000188578e+02 1.116970485430411664e+01 1.867986225130085498e-01
1.100000000000193694e+02 1.100614212107880796e+01 1.865431789994757283e-01
1.110000000000198810e+02 1.084133411576073236e+01 1.862841425615749391e-01
1.120000000000203926e+02 1.067530125367646221e+01 1.860215462152242927e-01
1.130000000000209042e+02 1.050806380687948582e+01 1.857554270374217609e-01
1.140000000000214158e+02 1.033964184535216368e+01 1.854858261803200015e-01
1.150000000000219273e+02 1.017005517925215052e+01 1.852127888725368932e-01
1.160000000000224389e+02 9.999323302216055254e+00 1.849363644072215818e-01
1.170000000000229505e+02 9.827465335734629548e+00 1.846566061164482686e-01
1.180000000000234621e+02 9.654499974614447311e+00 1.843735713315735880e-01
1.190000000000239737e+02 9.480445433541309086e+00 1.840873213292609500e-01
1.200000000000244853e+02 9.305319394760131146e+00 1.837979212629430592e-01
1.210000000000249969e+02 9.129138956884892409e+00 1.835054400795697316e-01
1.220000000000255085e+02 8.951920584850350693e+00 1.832099504215629615e-01
1.230000000000260201e+02 8.773680061014964338e+00 1.829115285139819025e-01
1.240000000000265317e+02 8.594432437421252402e+00 1.826102540369785310e-01
1.250000000000270433e+02 8.414191989216316614e+00 1.823062099837089167e-01
1.260000000000275548e+02 8.232972169231226545e+00 1.819994825039447650e-01
1.270000000000280664e+02 8.050785563713215964e+00 1.816901607337121360e-01
1.280000000000285638e+02 7.867643849199658312e+00 1.813783366113641826e-01
1.290000000000276543e+02 7.683557750517666207e+00 1.810641046805708532e-01
1.300000000000267448e+02 7.498536999885971888e+00 1.807475618807865558e-01
1.310000000000258353e+02 7.312590297093477076e+00 1.804288073258284442e-01
1.320000000000249258e+02 7.125725270717683024e+00 1.801079420712604906e-01
1.330000000000240163e+02 6.937948440343699730e+00 1.797850688713497624e-01
1.340000000000231068e+02 6.749265179736702258e+00 1.794602919264091101e-01
1.350000000000221974e+02 6.559679680914510591e+00 1.791337166214024557e-01
1.360000000000212879e+02 6.369194919060754856e+00 1.788054492567221765e-01
1.370000000000203784e+02 6.177812618212846552e+00 1.784755967720965952e-01
1.380000000000194689e+02 5.985533217652929672e+00 1.781442664646097906e-01
1.390000000000185594e+02 5.792355838924382994e+00 1.778115657018425333e-01
1.400000000000176499e+02 5.598278253390735593e+00 1.774776016311560844e-01
1.410000000000167404e+02 5.403296850248773708e+00 1.771424808861525035e-01
1.420000000000158309e+02 5.207406604903032310e+00 1.768063092913409740e-01
1.430000000000149214e+02 5.010601047604185787e+00 1.764691915660357158e-01
1.440000000000140119e+02 4.812872232250313687e+00 1.761312310284934568e-01
1.450000000000131024e+02 4.614210705246448718e+00 1.757925293012778112e-01
1.460000000000121929e+02 4.414605474315098199e+00 1.754531860188074111e-01
1.470000000000112834e+02 4.214043977148251408e+00 1.751132985380114138e-01
1.480000000000103739e+02 4.012512049789759949e+00 1.747729616529695718e-01
1.490000000000094644e+02 3.809993894636076295e+00 1.744322673143705038e-01
1.500000000000085549e+02 3.606472047943241055e+00 1.740913043545699590e-01
1.510000000000076454e+02 3.401927346728428780e+00 1.737501582189699689e-01
1.520000000000067359e+02 3.196338894955899512e+00 1.734089107043822187e-01
1.530000000000058265e+02 2.989684028899326051e+00 1.730676397049788484e-01
1.540000000000049170e+02 2.781938281575666583e+00 1.727264189663605676e-01
1.550000000000040075e+02 2.573075346149875209e+00 1.723853178482138426e-01
1.560000000000030980e+02 2.363067038215009408e+00 1.720444010959556458e-01
1.570000000000021885e+02 2.151883256858523552e+00 1.717037286216987479e-01
1.580000000000012790e+02 1.939491944433240356e+00 1.713633552948079508e-01
1.590000000000003695e+02 1.725859044960482924e+00 1.710233307422457938e-01
1.599999999999994600e+02 1.510948461103179818e+00 1.706836991588519536e-01
1.609999999999985505e+02 1.294722009659053930e+00 1.703444991276399090e-01
1.619999999999976410e+02 1.077139375537846000e+00 1.700057634501370707e-01
1.629999999999967315e+02 8.581580642025166128e-01 1.696675189867501987e-01
1.639999999999958220e+02 6.377333525726217589e-01 1.693297865070927943e-01
1.649999999999949125e+02 4.158182384087059646e-01 1.689925805501729661e-01
1.659999999999940030e+02 1.923633882201395140e-01 1.686559092943125393e-01
1.669999999999930935e+02 -3.268291623462735163e-02 1.683197744366453086e-01
1.679999999999921840e+02 -2.593748327563215050e-01 1.679841710820300649e-01
1.689999999999912745e+02 -4.877690146886836109e-01 1.676490876412107534e-01
1.699999999999903650e+02 -7.179246679066255687e-01 1.673145057380614475e-01
1.709999999999894555e+02 -9.499036085945985475e-01 1.669804001257718384e-01
1.719999999999885461e+02 -1.183770321552570115e+00 1.666467386118581917e-01
1.729999999999876366e+02 -1.419592018712943826e+00 1.663134819919275531e-01
1.739999999999867271e+02 -1.657438697490928314e+00 1.659805839921735526e-01
1.749999999999858176e+02 -1.897383198522929915e+00 1.656479912206526572e-01
1.759999999999849081e+02 -2.139501262271664483e+00 1.653156431274734051e-01
1.769999999999839986e+02 -2.383871583892079205e+00 1.649834719741256062e-01
1.779999999999830891e+02 -2.630575865658166368e+00 1.646514028122905982e-01
1.789999999999821796e+02 -2.879698866146323866e+00 1.643193534726067884e-01
1.799999999999812701e+02 -3.131328445255511905e+00 1.639872345640049078e-01
1.809999999999803606e+02 -3.385555604017057796e+00 1.636549494843979047e-01
1.819999999999794511e+02 -3.642474518007213558e+00 1.633223944436867914e-01
1.829999999999785416e+02 -3.902182563022373873e+00 1.629894585002452378e-01
1.839999999999776321e+02 -4.164780331510507416e+00 1.626560236122629732e-01
1.849999999999767226e+02 -4.430371638072281293e+00 1.623219647055590131e-01
1.859999999999758131e+02 -4.699063512151935740e+00 1.619871497597301369e-01
1.869999999999749036e+02 -4.970966175832796097e+00 1.616514399147596370e-01
1.879999999999739941e+02 -5.246193004435663276e+00 1.613146896004942210e-01
1.889999999999730846e+02 -5.524860467395667385e+00 1.609767466916773582e-01
1.899999999999721751e+02 -5.807088046664500069e+00 1.606374526915280709e-01
1.909999999999712657e+02 -6.092998129660679218e+00 1.602966429471443799e-01
1.919999999999703562e+02 -6.382715873576802146e+00 1.599541469002981608e-01
1.929999999999694467e+02 -6.676369037659581451e+00 1.596097883774689474e-01
1.939999999999685372e+02 -6.974087779923145547e+00 1.592633859232128191e-01
1.949999999999676277e+02 -7.276004414656034314e+00 1.589147531811808400e-01
1.959999999999667182e+02 -7.582253127062493547e+00 1.585636993272717676e-01
1.969999999999658087e+02 -7.892969641470118702e+00 1.582100295595019745e-01
1.979999999999648992e+02 -8.208290839775630232e+00 1.578535456491895472e-01
1.989999999999639897e+02 -8.528354327235609489e+00 1.574940465579527105e-01
1.999999999999630802e+02 -8.853297943392959723e+00 1.571313291247860566e-01
2.009999999999621707e+02 -9.183259216926311197e+00 1.567651888270694127e-01
2.019999999999612612e+02 -9.518374764589362158e+00 1.563954206187556373e-01
2.029999999999603517e+02 -9.858779636247572142e+00 1.560218198481276297e-01
2.039999999999594422e+02 -1.020460661039976813e+01 1.556441832563811301e-01
2.049999999999585327e+02 -1.055598544756820090e+01 1.552623100568203685e-01
2.059999999999576232e+02 -1.091304211261729762e+01 1.548760030926381037e-01
2.069999999999567137e+02 -1.127589798145869082e+01 1.544850700690051093e-01
2.079999999999558042e+02 -1.164466905272024988e+01 1.540893248525414538e-01
2.089999999999548947e+02 -1.201946519074543573e+01 1.536885888281138424e-01
2.099999999999539853e+02 -1.240038943261071225e+01 1.532826922993420493e-01
2.109999999999530758e+02 -1.278753739847055648e+01 1.528714759152041414e-01
2.119999999999521663e+02 -1.318099685110263763e+01 1.524547921007796125e-01
2.129999999999512568e+02 -1.358084745653678205e+01 1.520325064655751179e-01
2.139999999999503473e+02 -1.398716080246851234e+01 1.516044991582010948e-01
2.149999999999494378e+02 -1.440000073400383940e+01 1.511706661316272737e-01
2.159999999999485283e+02 -1.481942406626722963e+01 1.507309202791702052e-01
2.169999999999476188e+02 -1.524548172958084535e+01 1.502851923980869642e-01
2.179999999999467093e+02 -1.567822039435709947e+01 1.498334319356211530e-01
2.189999999999457998e+02 -1.611768460872258402e+01 1.493756074720425653e-01
2.199999999999448903e+02 -1.656391946162758089e+01 1.489117068971049784e-01
2.209999999999439808e+02 -1.701697375757876785e+01 1.484417372409244651e-01
2.219999999999430713e+02 -1.747690365643932608e+01 1.479657241279055679e-01
2.229999999999421618e+02 -1.794377669385812979e+01 1.474837108332972269e-01
2.239999999999412523e+02 -1.841767605639406469e+01 1.469957569363041505e-01
2.249999999999403428e+02 -1.889870494261247913e+01 1.465019365812329222e-01
2.259999999999394333e+02 -1.938699080041300249e+01 1.460023363784230532e-01
2.269999999999385238e+02 -1.988268919536328738e+01 1.454970529989226269e-01
2.279999999999376143e+02 -2.038598703922124145e+01 1.449861905398586448e-01
2.289999999999367049e+02 -2.089710489690453699e+01 1.444698577597846312e-01
2.299999999999357954e+02 -2.141629809882513058e+01 1.439481653032614883e-01
2.309999999999348859e+02 -2.194385641837318346e+01 1.434212230496233198e-01
2.319999999999339764e+02 -2.248010213510463373e+01 1.428891377303306565e-01
2.329999999999330669e+02 -2.302538639476031079e+01 1.423520109605951045e-01
2.339999999999321574e+02 -2.358008389661967641e+01 1.418099378223831586e-01
2.349999999999312479e+02 -2.414458608174725640e+01 1.412630061162860051e-01
2.359999999999303384e+02 -2.471929315219404799e+01 1.407112963686196760e-01
2.369999999999294289e+02 -2.530460540549811910e+01 1.401548826381038559e-01
2.379999999999285194e+02 -2.590091450026858766e+01 1.395938341155062712e-01
2.389999999999276099e+02 -2.650859535523632360e+01 1.390282174531952963e-01
2.399999999999267004e+02 -2.712799940435094470e+01 1.384580997045354589e-01
2.409999999999257909e+02 -2.775944987156374211e+01 1.378835517015276901e-01
2.419999999999248814e+02 -2.840323958849015895e+01 1.373046516594823296e-01
2.429999999999239719e+02 -2.905963166930354546e+01 1.367214887755739128e-01
2.439999999999230624e+02 -2.972886310662195086e+01 1.361341665878250395e-01
2.449999999999221529e+02 -3.041115109567359553e+01 1.355428058834943772e-01
2.459999999999212434e+02 -3.110670166904190026e+01 1.349475469887279899e-01
2.469999999999203339e+02 -3.181572006131313302e+01 1.343485513291655942e-01
2.479999999999194245e+02 -3.253842213938158778e+01 1.337460022161822970e-01
2.489999999999185150e+02 -3.327504623154358399e+01 1.331401048769305651e-01
2.499999999999176055e+02 -3.402586475427420964e+01 1.325310858004736803e-01
2.509999999999166960e+02 -3.479119514766720300e+01 1.319191915113324398e-01
2.519999999999157865e+02 -3.557140976340025418e+01 1.313046869029512453e-01
2.529999999999148770e+02 -3.636694447899923688e+01 1.306878532671719439e-01
2.539999999999139675e+02 -3.717830592057383399e+01 1.300689861445730455e-01
2.549999999999130580e+02 -3.800607725100647372e+01 1.294483930988459541e-01
2.559999999999121485e+02 -3.885092251564275756e+01 1.288263914912113894e-01
2.569999999999112674e+02 -3.971358953099925770e+01 1.282033063028757691e-01
2.579999999999103579e+02 -4.059491126287818474e+01 1.275794680284554061e-01
2.589999999999094484e+02 -4.149580557943647108e+01 1.269552106435149208e-01
2.599999999999085389e+02 -4.241727296792676327e+01 1.263308696368361239e-01
2.609999999999076294e+02 -4.336039187701148023e+01 1.257067800938089508e-01
2.619999999999067199e+02 -4.432631100762103671e+01 1.250832748181834042e-01
2.629999999999058105e+02 -4.531623758524354173e+01 1.244606824869953082e-01
2.639999999999049010e+02 -4.633142033584527297e+01 1.238393258463768992e-01
2.649999999999039915e+02 -4.737312548365085974e+01 1.232195199725979878e-01
2.659999999999030820e+02 -4.844260361806189508e+01 1.226015706419504442e-01
2.669999999999021725e+02 -4.954104475031284949e+01 1.219857728739209002e-01
2.679999999999012630e+02 -5.066951833412277750e+01 1.213724097333865881e-01
2.689999999999003535e+02 -5.182889453629575627e+01 1.207617514979913570e-01
2.699999999998994440e+02 -5.301974275691880223e+01 1.201540553146427104e-01
2.709999999998985345e+02 -5.424220355567496199e+01 1.195495654816338266e-01
2.719999999998976250e+02 -5.549583111040507077e+01 1.189485144964151919e-01
2.729999999998967155e+02 -5.677940562958694670e+01 1.183511249981061553e-01
2.739999999998958060e+02 -5.809071938502339805e+01 1.177576127012740226e-01
2.749999999998948965e+02 -5.942634682198249862e+01 1.171681903548813519e-01
2.759999999998939870e+02 -6.078141880756955118e+01 1.165830726595464134e-01
2.769999999998930775e+02 -6.214943291095924849e+01 1.160024819330468110e-01
2.779999999998921680e+02 -6.352214357035579440e+01 1.154266541330960100e-01
2.789999999998912585e+02 -6.488958396010393415e+01 1.148558446482234596e-01
2.799999999998903490e+02 -6.624026944030104858e+01 1.142903330928983635e-01
2.809999999998894396e+02 -6.756161484216215740e+01 1.137304262511448921e-01
2.819999999998885301e+02 -6.884056230948972654e+01 1.131764583675753250e-01
2.829999999998876206e+02 -7.006436819443621289e+01 1.126287882275729402e-01
2.839999999998867111e+02 -7.122145027439603382e+01 1.120877928888691366e-01
2.849999999998858016e+02 -7.230216828324191169e+01 1.115538584478426298e-01
2.859999999998848921e+02 -7.329941510150804618e+01 1.110273687176199231e-01
2.869999999998839826e+02 -7.420893421212447549e+01 1.105086930283749880e-01
2.879999999998830731e+02 -7.502933830959655381e+01 1.099981744482229351e-01
2.889999999998821636e+02 -7.576186351223188353e+01 1.094961195612338956e-01
2.899999999998812541e+02 -7.640993520606198786e+01 1.090027905973055544e-01
2.909999999998803446e+02 -7.697863693132684659e+01 1.085184002948377940e-01
2.919999999998794351e+02 -7.747416569916680373e+01 1.080431094932439717e-01
2.929999999998785256e+02 -7.790333507088494969e+01 1.075770271644142656e-01
2.939999999998776161e+02 -7.827316144160349154e+01 1.071202124231527830e-01
2.949999999998767066e+02 -7.859054645501622360e+01 1.066726779954970672e-01
2.959999999998757971e+02 -7.886205257230889742e+01 1.062343946422789481e-01
2.969999999998748876e+02 -7.909375969624417735e+01 1.058052961014394194e-01
2.979999999998739781e+02 -7.929118698960405709e+01 1.053852841996577167e-01
2.989999999998730686e+02 -7.945926379832928887e+01 1.049742338731289998e-01
2.999999999998721592e+02 -7.960233530796594437e+01 1.045719979179496051e-01
3.009999999998712497e+02 -7.972419109823231054e+01 1.041784113575834614e-01
3.019999999998703402e+02 -7.982810742014696359e+01 1.037932953672009995e-01
3.029999999998694307e+02 -7.991689643555903899e+01 1.034164607333523667e-01
3.039999999998685212e+02 -7.999295767593412165e+01 1.030477108545111431e-01
3.049999999998676117e+02 -8.005832856642892637e+01 1.026868443058185365e-01
3.059999999998667022e+02 -8.011473205745421922e+01 1.023336570020495634e-01
3.069999999998657927e+02 -8.016362027086071862e+01 1.019879439983169961e-01
3.079999999998648832e+02 -8.020621366921751871e+01 1.016495009698568791e-01
3.089999999998639737e+02 -8.024353565703474089e+01 1.013181254116058555e-01
3.099999999998630642e+02 -8.027644277536845152e+01 1.009936175960848559e-01
3.109999999998621547e+02 -8.030565079861260358e+01 1.006757813250123840e-01
3.119999999998612452e+02 -8.033175711713822409e+01 1.003644245065383189e-01
3.129999999998603357e+02 -8.035525981609252710e+01 1.000593595863402269e-01
3.139999999998594262e+02 -8.037657385665438881e+01 9.976040385726427095e-02
3.149999999998585167e+02 -8.039604474369774323e+01 9.946737966884391935e-02
3.159999999998576072e+02 -8.041396003156145866e+01 9.918011455496705819e-02
3.169999999998566977e+02 -8.043055898305327389e+01 9.889844129521555005e-02
3.179999999998557882e+02 -8.044604065950061056e+01 9.862219792297019505e-02
3.189999999998548788e+02 -8.046057068377272969e+01 9.835122769125768938e-02
3.199999999998539693e+02 -8.047428688495088522e+01 9.808537900548415511e-02
3.209999999998530598e+02 -8.048730400330296675e+01 9.782450533063118125e-02
3.219999999998521503e+02 -8.049971760761239636e+01 9.756846507915452327e-02
3.229999999998512408e+02 -8.051160735364700827e+01 9.731712148469796875e-02
3.239999999998503313e+02 -8.052303969242727533e+01 9.707034246578473413e-02
3.249999999998494218e+02 -8.053407011968459983e+01 9.682800048285417072e-02
3.259999999998485123e+02 -8.054474504317232686e+01 9.658997239134996249e-02
3.269999999998476028e+02 -8.055510333200366802e+01 9.635613929301717340e-02
3.279999999998466933e+02 -8.056517760163778519e+01 9.612638638711126782e-02
3.289999999998457838e+02 -8.057499527925256189e+01 9.590060282284956772e-02
3.299999999998448743e+02 -8.058457948678467631e+01 9.567868155413017384e-02
3.309999999998439648e+02 -8.059394977266786952e+01 9.546051919729317548e-02
3.319999999998430553e+02 -8.060312271807963214e+01 9.524601589249752365e-02
3.329999999998421458e+02 -8.061211243914279123e+01 9.503507516912228226e-02
3.339999999998412363e+02 -8.062093100289465042e+01 9.482760381547039596e-02
3.349999999998403268e+02 -8.062958877180732031e+01 9.462351175294773931e-02
3.359999999998394173e+02 -8.063809468912521083e+01 9.442271191480708370e-02
3.369999999998385078e+02 -8.064645651518956981e+01 9.422512012948078275e-02
3.379999999998375984e+02 -8.065468102318280330e+01 9.403065500847689051e-02
3.389999999998366889e+02 -8.066277416127714162e+01 9.383923783877189118e-02
3.399999999998357794e+02 -8.067074118697738072e+01 9.365079247960637898e-02
3.409999999998348699e+02 -8.067858677844995441e+01 9.346524526356679574e-02
3.419999999998339604e+02 -8.068631512680858009e+01 9.328252490182131762e-02
3.429999999998330509e+02 -8.069393001264083409e+01 9.310256239336890671e-02
3.439999999998321414e+02 -8.070143486949645251e+01 9.292529093815130037e-02
3.449999999998312319e+02 -8.070883283658650953e+01 9.275064585387726712e-02
3.459999999998303224e+02 -8.071612680255769590e+01 9.257856449640583518e-02
3.469999999998294129e+02 -8.072331944187888553e+01 9.240898618353730887e-02
3.479999999998285034e+02 -8.073041324511706307e+01 9.224185212206098550e-02
3.489999999998275939e+02 -8.073741054415552298e+01 9.207710533791543805e-02
3.499999999998266844e+02 -8.074431353322529503e+01 9.191469060931851953e-02
3.509999999998257749e+02 -8.075112428647112495e+01 9.175455440273015684e-02
3.519999999998248654e+02 -8.075784477264798511e+01 9.159664481151649773e-02
3.529999999998239559e+02 -8.076447686744107557e+01 9.144091149718810985e-02
3.539999999998230464e+02 -8.077102236381574585e+01 9.128730563309193913e-02
3.549999999998221369e+02 -8.077748298073548483e+01 9.113577985044099550e-02
3.559999999998212274e+02 -8.078386037052554514e+01 9.098628818657143735e-02
3.569999999998203180e+02 -8.079015612511332733e+01 9.083878603532252738e-02
3.579999999998194085e+02 -8.079637178133495468e+01 9.069323009943920655e-02
3.589999999998184990e+02 -8.080250882546633306e+01 9.054957834490257040e-02
3.599999999998175895e+02 -8.080856869710882506e+01 9.040778995709924937e-02
3.609999999998166800e+02 -8.081455279253670199e+01 9.026782529874226302e-02
3.619999999998157705e+02 -8.082046246759607300e+01 9.012964586946468903e-02
3.629999999998148610e+02 -8.082629904022968503e+01 8.999321426700758464e-02
3.639999999998139515e+02 -8.083206379268673913e+01 8.985849414993034301e-02
3.649999999998130420e+02 -8.083775797347009018e+01 8.972545020177395692e-02
3.659999999998121325e+02 -8.084338279906215519e+01 8.959404809661193625e-02
3.669999999998112230e+02 -8.084893945546448890e+01 8.946425446592673469e-02
3.679999999998103135e+02 -8.085442909957866675e+01 8.933603686675298250e-02
3.689999999998094040e+02 -8.085985286045445264e+01 8.920936375103107052e-02
3.699999999998084945e+02 -8.086521184042364041e+01 8.908420443611905770e-02
3.709999999998075850e+02 -8.087050711613601095e+01 8.896052907641217866e-02
3.719999999998066755e+02 -8.087573973951241157e+01 8.883830863602147632e-02
3.729999999998057660e+02 -8.088091073862511848e+01 8.871751486246746976e-02
3.739999999998048565e+02 -8.088602111851608356e+01 8.859812026134493423e-02
3.749999999998039470e+02 -8.089107186196002885e+01 8.848009807191828391e-02
3.759999999998030376e+02 -8.089606393018070207e+01 8.836342224360799191e-02
3.769999999998021281e+02 -8.090099826352376056e+01 8.824806741333156290e-02
3.779999999998012186e+02 -8.090587578209319020e+01 8.813400888366414165e-02
3.789999999998003091e+02 -8.091069738635404462e+01 8.802122260178396607e-02
3.799999999997993996e+02 -8.091546395770519950e+01 8.790968513917231386e-02
3.809999999997984901e+02 -8.092017635902479356e+01 8.779937367203571874e-02
3.819999999997975806e+02 -8.092483543519182376e+01 8.769026596242317229e-02
3.829999999997966711e+02 -8.092944201358436374e+01 8.758234034000962620e-02
3.839999999997957616e+02 -8.093399690455783002e+01 8.747557568451926058e-02
3.849999999997948521e+02 -8.093850090190362323e+01 8.736995140876403776e-02
3.859999999997939426e+02 -8.094295478329078719e+01 8.726544744227308914e-02
3.869999999997930331e+02 -8.094735931069071455e+01 8.716204421548987002e-02
3.879999999997921236e+02 -8.095171523078639098e+01 8.705972264451543319e-02
3.889999999997912141e+02 -8.095602327536741427e+01 8.695846411637639384e-02
3.899999999997903046e+02 -8.096028416171142794e+01 8.685825047479782401e-02
3.909999999997893951e+02 -8.096449859295249496e+01 8.675906400646229977e-02
3.919999999997884856e+02 -8.096866725843744916e+01 8.666088742773586651e-02
3.929999999997875761e+02 -8.097279083407008216e+01 8.656370387184372794e-02
3.939999999997866666e+02 -8.097686998264512681e+01 8.646749687647901916e-02
3.949999999997857572e+02 -8.098090535417124158e+01 8.637225037182848231e-02
3.959999999997848477e+02 -8.098489758618387668e+01 8.627794866899932136e-02
3.969999999997839382e+02 -8.098884730404873267e+01 8.618457644883271984e-02
3.979999999997830287e+02 -8.099275512125576881e+01 8.609211875108947754e-02
3.989999999997821192e+02 -8.099662163970432971e+01 8.600056096399495698e-02
3.999999999997812097e+02 -8.100044744998021429e+01 8.590988881412918443e-02
4.009999999997803002e+02 -8.100423313162396255e+01 8.582008835665015656e-02
4.019999999997793907e+02 -8.100797925339162475e+01 8.573114596583844560e-02
4.029999999997784812e+02 -8.101168637350755830e+01 8.564304832595125150e-02
4.039999999997775717e+02 -8.101535503991085818e+01 8.555578242237515951e-02
4.049999999997766622e+02 -8.101898579049344562e+01 8.546933553306640396e-02
4.059999999997757527e+02 -8.102257915333234450e+01 8.538369522026875713e-02
4.069999999997748432e+02 -8.102613564691502290e+01 8.529884932249935658e-02
4.079999999997739337e+02 -8.102965578035833971e+01 8.521478594679288143e-02
4.089999999997730242e+02 -8.103314005362167904e+01 8.513149346119459893e-02
4.099999999997721147e+02 -8.103658895771373238e+01 8.504896048749398252e-02
4.109999999997712052e+02 -8.104000297489402271e+01 8.496717589419047756e-02
4.119999999997702957e+02 -8.104338257886847430e+01 8.488612878968330999e-02
4.129999999997693862e+02 -8.104672823498019341e+01 8.480580851567727507e-02
4.139999999997684768e+02 -8.105004040039447943e+01 8.472620464079720637e-02
4.149999999997675673e+02 -8.105331952427914644e+01 8.464730695440400576e-02
4.159999999997666578e+02 -8.105656604798016929e+01 8.456910546060521228e-02
4.169999999997657483e+02 -8.105978040519215710e+01 8.449159037245347614e-02
4.179999999997648388e+02 -8.106296302212462024e+01 8.441475210632592985e-02
4.189999999997639293e+02 -8.106611431766422982e+01 8.433858127647979319e-02
4.199999999997630198e+02 -8.106923470353180505e+01 8.426306868977619102e-02
4.209999999997621103e+02 -8.107232458443606049e+01 8.418820534056800642e-02
4.219999999997612008e+02 -8.107538435822303313e+01 8.411398240574581575e-02
4.229999999997602913e+02 -8.107841441602175792e+01 8.404039123993560512e-02
4.239999999997593818e+02 -8.108141514238594993e+01 8.396742337084497909e-02
4.249999999997584723e+02 -8.108438691543217658e+01 8.389507049475138090e-02
4.259999999997575628e+02 -8.108733010697484644e+01 8.382332447212789694e-02
4.269999999997566533e+02 -8.109024508265707709e+01 8.375217732340210774e-02
4.279999999997557438e+02 -8.109313220207879169e+01 8.368162122484434917e-02
4.289999999997548343e+02 -8.109599181892161823e+01 8.361164850457936115e-02
4.299999999997539248e+02 -8.109882428106985230e+01 8.354225163871863147e-02
4.309999999997530153e+02 -8.110162993072984250e+01 8.347342324760903542e-02
4.319999999997521059e+02 -8.110440910454516938e+01 8.340515609219380233e-02
4.329999999997511964e+02 -8.110716213370930916e+01 8.333744307048202016e-02
4.339999999997502869e+02 -8.110988934407581041e+01 8.327027721412344485e-02
4.349999999997493774e+02 -8.111259105626538712e+01 8.320365168508470077e-02
4.359999999997484679e+02 -8.111526758577115004e+01 8.313755977242429096e-02
4.369999999997475584e+02 -8.111791924305997270e+01 8.307199488916185148e-02
4.379999999997466489e+02 -8.112054633367272061e+01 8.300695056924053961e-02
4.389999999997457394e+02 -8.112314915832131135e+01 8.294242046457732387e-02
4.399999999997448299e+02 -8.112572801298388470e+01 8.287839834220006585e-02
4.409999999997439204e+02 -8.112828318899717317e+01 8.281487808146750784e-02
4.419999999997430109e+02 -8.113081497314718149e+01 8.275185367136995984e-02
4.429999999997421014e+02 -8.113332364775753547e+01 8.268931920790843770e-02
4.439999999997411919e+02 -8.113580949077588400e+01 8.262726889154867194e-02
4.449999999997402824e+02 -8.113827277585797049e+01 8.256569702474840511e-02
4.459999999997393729e+02 -8.114071377244999894e+01 8.250459800955539658e-02
4.469999999997384634e+02 -8.114313274586913849e+01 8.244396634527423329e-02
4.479999999997375539e+02 -8.114552995738178254e+01 8.238379662619874089e-02
4.489999999997366444e+02 -8.114790566428064267e+01 8.232408353940923185e-02
4.499999999997357349e+02 -8.115026011995939825e+01 8.226482186263116281e-02
4.509999999997348255e+02 -8.115259357398623763e+01 8.220600646215461826e-02
4.519999999997339160e+02 -8.115490627217519659e+01 8.214763229081198381e-02
4.529999999997330065e+02 -8.115719845665634580e+01 8.208969438601131097e-02
4.539999999997320970e+02 -8.115947036594410235e+01 8.203218786782530414e-02
4.549999999997311875e+02 -8.116172223500412031e+01 8.197510793713234933e-02
4.559999999997302780e+02 -8.116395429531877426e+01 8.191844987380930698e-02
4.569999999997293685e+02 -8.116616677495068188e+01 8.186220903497397339e-02
4.579999999997284590e+02 -8.116835989860578593e+01 8.180638085327544828e-02
4.589999999997275495e+02 -8.117053388769414823e+01 8.175096083523110402e-02
4.599999999997266400e+02 -8.117268896038972059e+01 8.169594455960882406e-02
4.609999999997257305e+02 -8.117482533168899295e+01 8.164132767585306760e-02
4.619999999997248210e+02 -8.117694321346802155e+01 8.158710590255315032e-02
4.629999999997239115e+02 -8.117904281453849080e+01 8.153327502595274223e-02
4.639999999997230020e+02 -8.118112434070263816e+01 8.147983089849931970e-02
4.649999999997220925e+02 -8.118318799480647385e+01 8.142676943743205886e-02
4.659999999997211830e+02 -8.118523397679240361e+01 8.137408662340728238e-02
4.669999999997202735e+02 -8.118726248375058674e+01 8.132177849916001622e-02
4.679999999997193640e+02 -8.118927370996908621e+01 8.126984116820112902e-02
4.689999999997184545e+02 -8.119126784698286770e+01 8.121827079354816681e-02
4.699999999997175451e+02 -8.119324508362235804e+01 8.116706359648943880e-02
4.709999999997166356e+02 -8.119520560606001425e+01 8.111621585538054957e-02
4.719999999997157261e+02 -8.119714959785682140e+01 8.106572390447149001e-02
4.729999999997148166e+02 -8.119907724000725580e+01 8.101558413276445381e-02
4.739999999997139071e+02 -8.120098871098362281e+01 8.096579298290033921e-02
4.749999999997129976e+02 -8.120288418677925790e+01 8.091634695007440814e-02
4.759999999997120881e+02 -8.120476384095087496e+01 8.086724258097885421e-02
4.769999999997111786e+02 -8.120662784466026096e+01 8.081847647277261293e-02
4.779999999997102691e+02 -8.120847636671501846e+01 8.077004527207713724e-02
4.789999999997093596e+02 -8.121030957360812863e+01 8.072194567399663956e-02
4.799999999997084501e+02 -8.121212762955728692e+01 8.067417442116403548e-02
4.809999999997075406e+02 -8.121393069654283181e+01 8.062672830280935565e-02
4.819999999997066311e+02 -8.121571893434563094e+01 8.057960415385230502e-02
4.829999999997057216e+02 -8.121749250058358882e+01 8.053279885401644356e-02
4.839999999997048121e+02 -8.121925155074762870e+01 8.048630932696541895e-02
4.849999999997039026e+02 -8.122099623823702075e+01 8.044013253946041830e-02
4.859999999997029931e+02 -8.122272671439384339e+01 8.039426550053779819e-02
4.869999999997020836e+02 -8.122444312853711779e+01 8.034870526070658769e-02
4.879999999997011741e+02 -8.122614562799567750e+01 8.030344891116589223e-02
4.889999999997002647e+02 -8.122783435814102404e+01 8.025849358304054659e-02
4.899999999996993552e+02 -8.122950946241924441e+01 8.021383644663529489e-02
4.909999999996984457e+02 -8.123117108238220396e+01 8.016947471070638709e-02
4.919999999996975362e+02 -8.123281935771821338e+01 8.012540562175084202e-02
4.929999999996966267e+02 -8.123445442628207047e+01 8.008162646331189183e-02
4.939999999996957172e+02 -8.123607642412498819e+01 8.003813455530135734e-02
4.949999999996948077e+02 -8.123768548552294533e+01 7.999492725333740006e-02
4.959999999996938982e+02 -8.123928174300546345e+01 7.995200194809760907e-02
4.969999999996929887e+02 -8.124086532738353128e+01 7.990935606468767272e-02
4.979999999996920792e+02 -8.124243636777653421e+01 7.986698706202351172e-02
4.989999999996911697e+02 -8.124399499163949656e+01 7.982489243222841424e-02
4.999999999996902602e+02 -8.124554132478900215e+01 7.978306970004377108e-02
5.000000000000000000e+02 -8.124554132478948532e+01 7.978306970003085086e-02
