1.000000000000000666e+00 -7.217008960201737011e+01 7.359433613703109112e-02
2.000000000000001332e+00 -6.327746931600922409e+01 7.362347951207301455e-02
2.999999999999980016e+00 -6.998785367475673702e+00 7.372425566227142069e-02
3.999999999999958700e+00 3.630593116520061869e+01 7.885404591453627765e-02
4.999999999999937828e+00 3.023570204656903115e+01 9.223818029556925258e-02
5.999999999999916511e+00 2.566090512119152933e+01 1.107203170570816575e-01
6.999999999999895195e+00 2.288462364926959580e+01 1.303705924008966288e-01
7.999999999999873879e+00 2.144208009056534792e+01 1.479749388449443925e-01
8.999999999999852562e+00 2.085316761023016241e+01 1.619670507228528344e-01
9.999999999999831246e+00 2.076956967631828732e+01 1.721968770306900043e-01
1.099999999999980993e+01 2.096615112437859096e+01 1.792659325210451959e-01
1.199999999999978861e+01 2.130498671253085874e+01 1.839913405040830841e-01
1.299999999999976730e+01 2.170420796618118686e+01 1.871231338228564189e-01
1.399999999999974598e+01 2.211626934301366276e+01 1.892442349788392708e-01
1.499999999999972466e+01 2.251387785835193256e+01 1.907638959985545890e-01
1.599999999999970335e+01 2.288119118049833745e+01 1.919472543982306822e-01
1.699999999999985789e+01 2.320840374504870240e+01 1.929526156768327783e-01
1.800000000000001421e+01 2.348840331046623575e+01 1.938648322554049896e-01
1.900000000000017053e+01 2.371460601248488942e+01 1.947211232646967605e-01
2.000000000000032685e+01 2.387938117581032316e+01 1.955290214723693076e-01
2.100000000000048317e+01 2.397273104966919277e+01 1.962774676940348961e-01
2.200000000000063949e+01 2.398128432881522443e+01 1.969429322361550272e-01
2.300000000000079581e+01 2.388871494081565316e+01 1.974939844010954182e-01
2.400000000000095213e+01 2.368119967362229161e+01 1.979002063990054350e-01
2.500000000000110845e+01 2.336272596654674771e+01 1.981494230822429536e-01
2.600000000000126477e+01 2.297046284226811963e+01 1.982607559727219693e-01
2.700000000000142109e+01 2.255980574160481922e+01 1.982728393584790305e-01
2.800000000000157740e+01 2.216970523940197069e+01 1.982213338389623158e-01
2.900000000000173372e+01 2.181348344953181240e+01 1.981310753650008250e-01
3.000000000000189004e+01 2.149066456263351199e+01 1.980184979183341742e-01
3.100000000000204636e+01 2.119710372256745856e+01 1.978945762496300553e-01
3.200000000000220268e+01 2.092890332090417616e+01 1.977665300547224170e-01
3.300000000000200373e+01 2.068311702703464050e+01 1.976389068351716016e-01
3.400000000000180478e+01 2.045748808861853618e+01 1.975143876136094268e-01
3.500000000000160583e+01 2.025010478436205830e+01 1.973943925421264844e-01
3.600000000000140687e+01 2.005919307609649138e+01 1.972795141808187658e-01
3.700000000000120792e+01 1.988303788916043757e+01 1.971698155325112833e-01
3.800000000000100897e+01 1.971997750885492096e+01 1.970650319629567715e-01
3.900000000000081002e+01 1.956842640888613261e+01 1.969647078996822342e-01
4.000000000000061107e+01 1.942690154063640051e+01 1.968682892747351809e-01
4.100000000000041211e+01 1.929404158796018365e+01 1.967751852759369868e-01
4.200000000000021316e+01 1.916861670614210311e+01 1.966848083890310739e-01
4.300000000000001421e+01 1.904952983835935143e+01 1.965965990053550605e-01
4.399999999999981526e+01 1.893581184160681019e+01 1.965100391796064105e-01
4.499999999999961631e+01 1.882661266189191451e+01 1.964246589516855934e-01
4.599999999999941735e+01 1.872119038553836745e+01 1.963400377633822136e-01
4.699999999999921840e+01 1.861889949801735256e+01 1.962558028095575113e-01
4.799999999999901945e+01 1.851917924186417963e+01 1.961716256239582623e-01
4.899999999999882050e+01 1.842154262172950041e+01 1.960872177877924505e-01
4.999999999999862155e+01 1.832556635620087704e+01 1.960023263437506991e-01
5.099999999999842260e+01 1.823088190651375129e+01 1.959167292787442061e-01
5.199999999999822364e+01 1.813716760270669326e+01 1.958302312860511485e-01
5.299999999999802469e+01 1.804414182129382382e+01 1.957426599149851842e-01
5.399999999999782574e+01 1.795155713171424239e+01 1.956538621497944941e-01
5.499999999999762679e+01 1.785919531167241203e+01 1.955637014184794797e-01
5.599999999999742784e+01 1.776686312685561475e+01 1.954720550084776964e-01
5.699999999999722888e+01 1.767438877345526294e+01 1.953788118538458130e-01
5.799999999999702993e+01 1.758161888910228399e+01 1.952838706535443281e-01
5.899999999999683098e+01 1.748841604707511621e+01 1.951871382798634758e-01
5.999999999999663203e+01 1.739465665858007526e+01 1.950885284380347862e-01
6.099999999999643308e+01 1.730022921770219213e+01 1.949879605414138461e-01
6.199999999999623412e+01 1.720503283281163931e+01 1.948853587705227375e-01
6.299999999999603517e+01 1.710897599654562029e+01 1.947806512882288288e-01
6.399999999999583622e+01 1.701197555388098692e+01 1.946737695871482432e-01
6.499999999999634781e+01 1.691395583426627525e+01 1.945646479488474800e-01
6.599999999999685940e+01 1.681484791934539658e+01 1.944532229975219351e-01
6.699999999999737099e+01 1.671458902255519163e+01 1.943394333335417556e-01
6.799999999999788258e+01 1.661312196090639404e+01 1.942232192345975939e-01
6.899999999999839417e+01 1.651039470264860398e+01 1.941045224141655368e-01
6.999999999999890576e+01 1.640635997736359641e+01 1.939832858287036943e-01
7.099999999999941735e+01 1.630097493740431958e+01 1.938594535264102914e-01
7.199999999999992895e+01 1.619420086157204608e+01 1.937329705315627149e-01
7.300000000000044054e+01 1.608600289356048663e+01 1.936037827594474237e-01
7.400000000000095213e+01 1.597634980905040614e+01 1.934718369577188568e-01
7.500000000000146372e+01 1.586521380645420898e+01 1.933370806707093714e-01
7.600000000000197531e+01 1.575257031722969892e+01 1.931994622237768189e-01
7.700000000000248690e+01 1.563839783243590986e+01 1.930589307252461029e-01
7.800000000000299849e+01 1.552267774282247714e+01 1.929154360838875593e-01
7.900000000000351008e+01 1.540539419024889334e+01 1.927689290401878031e-01
8.000000000000402167e+01 1.528653392864188909e+01 1.926193612099300900e-01
8.100000000000453326e+01 1.516608619303466554e+01 1.924666851388076860e-01
8.200000000000504485e+01 1.504404257550323010e+01 1.923108543669700687e-01
8.300000000000555644e+01 1.492039690703626675e+01 1.921518235025295729e-01
8.400000000000606803e+01 1.479514514455218510e+01 1.919895483031713868e-01
8.500000000000657963e+01 1.466828526242107600e+01 1.918239857650890501e-01
8.600000000000709122e+01 1.453981714796453062e+01 1.916550942185359929e-01
8.700000000000760281e+01 1.440974250049892014e+01 1.914828334293279810e-01
8.800000000000811440e+01 1.427806473356185180e+01 1.913071647056672486e-01
8.900000000000862599e+01 1.414478888002131818e+01 1.911280510096820540e-01
9.000000000000913758e+01 1.400992149981402157e+01 1.909454570730864664e-01
9.100000000000964917e+01 1.387347059009798400e+01 1.907593495163703301e-01
9.200000000001016076e+01 1.373544549763477107e+01 1.905696969709282096e-01
9.300000000001067235e+01 1.359585683324140781e+01 1.903764702035297407e-01
9.400000000001118394e+01 1.345471638817241633e+01 1.901796422425196809e-01
9.500000000001169553e+01 1.331203705230835688e+01 1.899791885051262674e-01
9.600000000001220712e+01 1.316783273404189636e+01 1.897750869252359252e-01
9.700000000001271871e+01 1.302211828176318598e+01 1.895673180809779035e-01
9.800000000001323031e+01 1.287490940685732888e+01 1.893558653214416632e-01
9.900000000001374190e+01 1.272622260813537487e+01 1.891407148918346215e-01
1.000000000000142535e+02 1.257607509762851805e+01 1.889218560563689087e-01
1.010000000000147651e+02 1.242448472768289136e+01 1.886992812181504942e-01
1.020000000000152767e+02 1.227146991929940789e+01 1.884729860353288045e-01
1.030000000000157883e+02 1.211704959167009577e+01 1.882429695327609009e-01
1.040000000000162999e+02 1.196124309286864573e+01 1.880092342084261903e-01
1.050000000000168114e+02 1.180407013165963370e+01 1.877717861338321914e-01
1.060000000000173230e+02 1.164555071039666956e+01 1.875306350476475814e-01
1.070000000000178346e+02 1.148570505898577387e+01 1.872857944418039045e-01
1.080000000000183462e+02 1.132455356989592410e+01 1.870372816393180426e-01
1.090000000000188578e+02 1.116211673420406392e+01 1.867851178630994535e-01
1.100000000000193694e+02 1.099841507866683621e+01 1.865293282950264420e-01
1.110000000000198810e+02 1.083346910381604822e+01 1.862699421246023501e-01
1.120000000000203926e+02 1.066729922307889211e+01 1.860069925865305562e-01
1.130000000000209042e+02 1.049992570292796223e+01 1.857405169865851691e-01
1.140000000000214158e+02 1.033136860406904134e+01 1.854705567151945789e-01
1.150000000000219273e+02 1.016164772367741875e+01 1.851971572482046802e-01
1.160000000000224389e+02 9.990782538695514248e+00 1.849203681343375982e-01
1.170000000000229505e+02 9.818792150206091307e+00 1.846402429689213143e-01
1.180000000000234621e+02 9.645695228895890594e+00 1.843568393535288952e-01
1.190000000000239737e+02 9.471509961624990481e+00 1.840702188412310647e-01
1.200000000000244853e+02 9.296253999116242284e+00 1.837804468672362135e-01
1.210000000000249969e+02 9.119944404778410174e+00 1.834875926647679678e-01
1.220000000000255085e+02 8.942597604674322298e+00 1.831917291661063762e-01
1.230000000000260201e+02 8.764229338643248823e+00 1.828929328887964612e-01
1.240000000000265317e+02 8.584854612583459499e+00 1.825912838071129252e-01
1.250000000000270433e+02 8.404487651897271761e+00 1.822868652089468522e-01
1.260000000000275548e+02 8.223141856096999547e+00 1.819797635383645917e-01
1.270000000000280664e+02 8.040829754565210763e+00 1.816700682241720044e-01
1.280000000000285638e+02 7.857562963457890071e+00 1.813578714948935189e-01
1.290000000000276543e+02 7.673352143733940700e+00 1.810432681806575239e-01
1.300000000000267448e+02 7.488206960287024927e+00 1.807263555025499235e-01
1.310000000000258353e+02 7.302136042153780870e+00 1.804072328500787858e-01
1.320000000000249258e+02 7.115146943761001985e+00 1.800860015474476938e-01
1.330000000000240163e+02 6.927246107171995959e+00 1.797627646094092646e-01
1.340000000000231068e+02 6.738438825284393197e+00 1.794376264875220672e-01
1.350000000000221974e+02 6.548729205925598151e+00 1.791106928076870719e-01
1.360000000000212879e+02 6.358120136785687215e+00 1.787820700998824230e-01
1.370000000000203784e+02 6.166613251121565220e+00 1.784518655210581561e-01
1.380000000000194689e+02 5.974208894159967365e+00 1.781201865721770417e-01
1.390000000000185594e+02 5.780906090121241903e+00 1.777871408104146067e-01
1.400000000000176499e+02 5.586702509780444359e+00 1.774528355575447081e-01
1.410000000000167404e+02 5.391594438476993822e+00 1.771173776055483817e-01
1.420000000000158309e+02 5.195576744479477149e+00 1.767808729204767837e-01
1.430000000000149214e+02 4.998642847607941420e+00 1.764434263455987306e-01
1.440000000000140119e+02 4.800784688011982659e+00 1.761051413048417835e-01
1.450000000000131024e+02 4.601992694999855971e+00 1.757661195075160554e-01
1.460000000000121929e+02 4.402255755810933202e+00 1.754264606552812800e-01
1.470000000000112834e+02 4.201561184221674239e+00 1.750862621522771001e-01
1.480000000000103739e+02 3.999894688873858684e+00 1.747456188192997029e-01
1.490000000000094644e+02 3.797240341212831716e+00 1.744046226128560806e-01
1.500000000000085549e+02 3.593580542923514365e+00 1.740633623498754057e-01
1.510000000000076454e+02 3.388895992752466668e+00 1.737219234388015232e-01
1.520000000000067359e+02 3.183165652605864260e+00 1.733803876177270054e-01
1.530000000000058265e+02 2.976366712815346371e+00 1.730388327001695647e-01
1.540000000000049170e+02 2.768474556467168668e+00 1.726973323290210693e-01
1.550000000000040075e+02 2.559462722694148429e+00 1.723559557391372288e-01
1.560000000000030980e+02 2.349302868835283054e+00 1.720147675289650235e-01
1.570000000000021885e+02 2.137964731374282668e+00 1.716738274415394172e-01
1.580000000000012790e+02 1.925416085576103775e+00 1.713331901551135295e-01
1.590000000000003695e+02 1.711622703749545504e+00 1.709929050836237752e-01
1.599999999999994600e+02 1.496548312074687859e+00 1.706530161871273321e-01
1.609999999999985505e+02 1.280154545946158073e+00 1.703135617922931500e-01
1.619999999999976410e+02 1.062400903797315888e+00 1.699745744229738675e-01
1.629999999999967315e+02 8.432446993867402929e-01 1.696360806408329924e-01
1.639999999999958220e+02 6.226410125466678158e-01 1.692981008959668354e-01
1.649999999999949125e+02 4.005426384141063667e-01 1.689606493874145909e-01
1.659999999999940030e+02 1.769000351890807343e-01 1.686237339334270002e-01
1.669999999999930935e+02 -4.833872950866642537e-02 1.682873558513423573e-01
1.679999999999921840e+02 -2.752280335827023139e-01 1.679515098469028522e-01
1.689999999999912745e+02 -5.038247565666796879e-01 1.676161839128440523e-01
1.699999999999903650e+02 -7.341883367201074151e-01 1.672813592365968716e-01
1.709999999999894555e+02 -9.663808288950320735e-01 1.669470101169613085e-01
1.719999999999885461e+02 -1.200466962906577173e+00 1.666131038896366823e-01
1.729999999999876366e+02 -1.436514202085628966e+00 1.662796008615401444e-01
1.739999999999867271e+02 -1.674592801630469197e+00 1.659464542538987286e-01
1.749999999999858176e+02 -1.914775866305581387e+00 1.656136101541678673e-01
1.759999999999849081e+02 -2.157139406959156513e+00 1.652810074769155146e-01
1.769999999999839986e+02 -2.401762395245384152e+00 1.649485779339085467e-01
1.779999999999830891e+02 -2.648726815842731064e+00 1.646162460137541861e-01
1.789999999999821796e+02 -2.898117715353856649e+00 1.642839289715762596e-01
1.799999999999812701e+02 -3.150023246956520584e+00 1.639515368293609776e-01
1.809999999999803606e+02 -3.404534709746097842e+00 1.636189723877653490e-01
1.819999999999794511e+02 -3.661746581569437886e+00 1.632861312503710027e-01
1.829999999999785416e+02 -3.921756543995319255e+00 1.629529018615610003e-01
1.839999999999776321e+02 -4.184665497899113795e+00 1.626191655594210195e-01
1.849999999999767226e+02 -4.450577567957760827e+00 1.622847966452980184e-01
1.859999999999758131e+02 -4.719600094156629844e+00 1.619496624719036493e-01
1.869999999999749036e+02 -4.991843608203278215e+00 1.616136235521130615e-01
1.879999999999739941e+02 -5.267421792523181878e+00 1.612765336908974778e-01
1.889999999999730846e+02 -5.546451419304360364e+00 1.609382401430864695e-01
1.899999999999721751e+02 -5.829052266788429471e+00 1.605985838000154597e-01
1.909999999999712657e+02 -6.115347009838492554e+00 1.602573994083281717e-01
1.919999999999703562e+02 -6.405461081556598657e+00 1.599145158245465770e-01
1.929999999999694467e+02 -6.699522502551344516e+00 1.595697563092794979e-01
1.939999999999685372e+02 -6.997661674301432377e+00 1.592229388651903721e-01
1.949999999999676277e+02 -7.300011132966228722e+00 1.588738766230613497e-01
1.959999999999667182e+02 -7.606705259982693867e+00 1.585223782804520698e-01
1.969999999999658087e+02 -7.917879945890017979e+00 1.581682485975482166e-01
1.979999999999648992e+02 -8.233672204077929990e+00 1.578112889547972908e-01
1.989999999999639897e+02 -8.554219731608800004e+00 1.574512979768215026e-01
1.999999999999630802e+02 -8.879660414971526805e+00 1.570880722268481466e-01
2.009999999999621707e+02 -9.210131779652737549e+00 1.567214069754712669e-01
2.019999999999612612e+02 -9.545770383827257177e+00 1.563510970469292327e-01
2.029999999999603517e+02 -9.886711158355339535e+00 1.559769377452067396e-01
2.039999999999594422e+02 -1.023308669770550239e+01 1.555987258610992130e-01
2.049999999999585327e+02 -1.058502650947760060e+01 1.552162607598873978e-01
2.059999999999576232e+02 -1.094265623394112730e+01 1.548293455474043789e-01
2.069999999999567137e+02 -1.130609684946879767e+01 1.544377883100071513e-01
2.079999999999558042e+02 -1.167546388493199672e+01 1.540414034212524708e-01
2.089999999999548947e+02 -1.205086666597254919e+01 1.536400129049188823e-01
2.099999999999539853e+02 -1.243240762843163338e+01 1.532334478404054623e-01
2.109999999999530758e+02 -1.282018173885757761e+01 1.528215497925015653e-01
2.119999999999521663e+02 -1.321427606856115311e+01 1.524041722431477286e-01
2.129999999999512568e+02 -1.361476957363111495e+01 1.519811819981845002e-01
2.139999999999503473e+02 -1.402173313800976118e+01 1.515524605374053979e-01
2.149999999999494378e+02 -1.443522993936963772e+01 1.511179052717173121e-01
2.159999999999485283e+02 -1.485531619722778984e+01 1.506774306671760655e-01
2.169999999999476188e+02 -1.528204235853336357e+01 1.502309691924781643e-01
2.179999999999467093e+02 -1.571545476693658117e+01 1.497784720445910767e-01
2.189999999999457998e+02 -1.615559784729329706e+01 1.493199096070634835e-01
2.199999999999448903e+02 -1.660251681612077590e+01 1.488552715976721175e-01
2.209999999999439808e+02 -1.705626090152270535e+01 1.483845668668885842e-01
2.219999999999430713e+02 -1.751688702287049182e+01 1.479078228165782993e-01
2.229999999999421618e+02 -1.798446384220885363e+01 1.474250844196072774e-01
2.239999999999412523e+02 -1.845907605758997505e+01 1.469364128356950572e-01
2.249999999999403428e+02 -1.894082876572154461e+01 1.464418836366912502e-01
2.259999999999394333e+02 -1.942985168057175116e+01 1.459415846749635703e-01
2.269999999999385238e+02 -1.992630295973601307e+01 1.454356136509469821e-01
2.279999999999376143e+02 -2.043037236584617133e+01 1.449240754589269375e-01
2.289999999999367049e+02 -2.094228348089997738e+01 1.444070794123632206e-01
2.299999999999357954e+02 -2.146229470202379375e+01 1.438847364697569409e-01
2.309999999999348859e+02 -2.199069878243081888e+01 1.433571565973073281e-01
2.319999999999339764e+02 -2.252782074477834584e+01 1.428244464134198199e-01
2.329999999999330669e+02 -2.307401408745622362e+01 1.422867072605896732e-01
2.339999999999321574e+02 -2.362965532622473219e+01 1.417440338406616152e-01
2.349999999999312479e+02 -2.419513705851920449e+01 1.411965135287883422e-01
2.359999999999303384e+02 -2.477085989491612494e+01 1.406442264492401839e-01
2.369999999999294289e+02 -2.535722375553756436e+01 1.400872463532451262e-01
2.379999999999285194e+02 -2.595461915762088623e+01 1.395256422873618896e-01
2.389999999999276099e+02 -2.656341920200060613e+01 1.389594809841074863e-01
2.399999999999267004e+02 -2.718397297973745808e+01 1.383888298497148173e-01
2.409999999999257909e+02 -2.781660105367686242e+01 1.378137603731159067e-01
2.419999999999248814e+02 -2.846159352221918226e+01 1.372343517419621073e-01
2.429999999999239719e+02 -2.911921095851025143e+01 1.366506944313440886e-01
2.439999999999230624e+02 -2.978968826536026526e+01 1.360628935326314015e-01
2.449999999999221529e+02 -3.047324123085141423e+01 1.354710716142852323e-01
2.459999999999212434e+02 -3.117007534893210163e+01 1.348753709510489840e-01
2.469999999999203339e+02 -3.188039631289968057e+01 1.342759550168051152e-01
2.479999999999194245e+02 -3.260442151354963869e+01 1.336730092016546745e-01
2.489999999999185150e+02 -3.334239187807062876e+01 1.330667407767871513e-01
2.499999999999176055e+02 -3.409458345680634039e+01 1.324573781837027342e-01
2.509999999999166960e+02 -3.486131828015291489e+01 1.318451697618767404e-01
2.519999999999157865e+02 -3.564297414150977517e+01 1.312303820485036521e-01
2.529999999999148770e+02 -3.643999309094395045e+01 1.306132977860498812e-01
2.539999999999139675e+02 -3.725288853005875467e+01 1.299942137609630677e-01
2.549999999999130580e+02 -3.808225086998535147e+01 1.293734385744715332e-01
2.559999999999121485e+02 -3.892875174575230091e+01 1.287512904189531682e-01
2.569999999999112674e+02 -3.979314676996876443e+01 1.281280949054572349e-01
2.579999999999103579e+02 -4.067627676919418178e+01 1.275041829632847235e-01
2.589999999999094484e+02 -4.157906737062234015e+01 1.268798888132768032e-01
2.599999999999085389e+02 -4.250252651363997103e+01 1.262555480047408696e-01
2.609999999999076294e+02 -4.344773954662333892e+01 1.256314955022615754e-01
2.619999999999067199e+02 -4.441586119157965840e+01 1.250080638100219965e-01
2.629999999999058105e+02 -4.540810338758459608e+01 1.243855811294308361e-01
2.639999999999049010e+02 -4.642571770072029835e+01 1.237643695591398724e-01
2.649999999999039915e+02 -4.746997057802146003e+01 1.231447433634692140e-01
2.659999999999030820e+02 -4.854210924601061805e+01 1.225270073547104627e-01
2.669999999999021725e+02 -4.964331552382313362e+01 1.219114554557125391e-01
2.679999999999012630e+02 -5.077464427575341688e+01 1.212983695304256648e-01
2.689999999999003535e+02 -5.193694275095452184e+01 1.206880185903448088e-01
2.699999999998994440e+02 -5.313074680056627130e+01 1.200806585022280437e-01
2.709999999998985345e+02 -5.435615017652965975e+01 1.194765323343750241e-01
2.719999999998976250e+02 -5.561264418444416435e+01 1.188758714812001710e-01
2.729999999998967155e+02 -5.689892741094390516e+01 1.182788976932367814e-01
2.739999999998958060e+02 -5.821268970289558098e+01 1.176858261047434712e-01
2.749999999998948965e+02 -5.955038162402896518e+01 1.170968692852649845e-01
2.759999999998939870e+02 -6.090699046750305712e+01 1.165122422369228999e-01
2.769999999998930775e+02 -6.227585586604980961e+01 1.159321681121455588e-01
2.779999999998921680e+02 -6.364856984150111430e+01 1.153568842429134045e-01
2.789999999998912585e+02 -6.501501344888343681e+01 1.147866478745313279e-01
2.799999999998903490e+02 -6.636357901155056993e+01 1.142217408271746920e-01
2.809999999998894396e+02 -6.768160766501016212e+01 1.136624722275022120e-01
2.819999999998885301e+02 -6.895603486622947287e+01 1.131091785234723673e-01
2.829999999998876206e+02 -7.017418769904031706e+01 1.125622202560780660e-01
2.839999999998867111e+02 -7.132463155730955862e+01 1.120219754956921360e-01
2.849999999998858016e+02 -7.239793808633761785e+01 1.114888303750821291e-01
2.859999999998848921e+02 -7.338725391786552166e+01 1.109631676352993146e-01
2.869999999998839826e+02 -7.428859066939428146e+01 1.104453544137901505e-01
2.879999999998830731e+02 -7.510081690387062281e+01 1.099357305679362351e-01
2.889999999998821636e+02 -7.582539130788606485e+01 1.094345986449494906e-01
2.899999999998812541e+02 -7.646591567683825019e+01 1.089422162559203211e-01
2.909999999998803446e+02 -7.702759925918246608e+01 1.084587911969402685e-01
2.919999999998794351e+02 -7.751671624632867008e+01 1.079844792831037709e-01
2.929999999998785256e+02 -7.794011538034769160e+01 1.075193845839252649e-01
2.939999999998776161e+02 -7.830481482725245712e+01 1.070635615904401983e-01
2.949999999998767066e+02 -7.861769347677604003e+01 1.066170187918260709e-01
2.959999999998757971e+02 -7.888527457790451081e+01 1.061797231635337319e-01
2.969999999998748876e+02 -7.911358906428665705e+01 1.057516051380028022e-01
2.979999999998739781e+02 -7.930810256405692371e+01 1.053325637169346268e-01
2.989999999998730686e+02 -7.947369009998770650e+01 1.049224714729122543e-01
2.999999999998721592e+02 -7.961464432028367355e+01 1.045211792676466328e-01
3.009999999998712497e+02 -7.973470567165018963e+01 1.041285205797872343e-01
3.019999999998703402e+02 -7.983710557513568062e+01 1.037443153862123019e-01
3.029999999998694307e+02 -7.992461604816429599e+01 1.033683735782204988e-01
3.039999999998685212e+02 -7.999960119380270385e+01 1.030004979201617488e-01
3.049999999998676117e+02 -8.006406752926356774e+01 1.026404865750893403e-01
3.059999999998667022e+02 -8.011971128853140556e+01 1.022881352321550613e-01
3.069999999998657927e+02 -8.016796167183942146e+01 1.019432388755632801e-01
3.079999999998648832e+02 -8.021001959503615808e+01 1.016055932364540448e-01
3.089999999998639737e+02 -8.024689187656235845e+01 1.012749959682735929e-01
3.099999999998630642e+02 -8.027942104100718268e+01 1.009512475838889867e-01
3.109999999998621547e+02 -8.030831105764744393e+01 1.006341521895536967e-01
3.119999999998612452e+02 -8.033414940186908382e+01 1.003235180472754756e-01
3.129999999998603357e+02 -8.035742585053469611e+01 1.000191579934931324e-01
3.139999999998594262e+02 -8.037854841619632396e+01 9.972088973842196946e-02
3.149999999998585167e+02 -8.039785680148050062e+01 9.942853606710269632e-02
3.159999999998576072e+02 -8.041563372211581395e+01 9.914192496015764022e-02
3.169999999998566977e+02 -8.043211441030102549e+01 9.886088964953655689e-02
3.179999999998557882e+02 -8.044749457285274730e+01 9.858526862213730368e-02
3.189999999998548788e+02 -8.046193704287932746e+01 9.831490558209556030e-02
3.199999999998539693e+02 -8.047557733076025954e+01 9.804964938073043590e-02
3.209999999998530598e+02 -8.048852825049786475e+01 9.778935392159003592e-02
3.219999999998521503e+02 -8.050088377121356586e+01 9.753387804672312977e-02
3.229999999998512408e+02 -8.051272222059475325e+01 9.728308540919330949e-02
3.239999999998503313e+02 -8.052410894724782509e+01 9.703684433591902581e-02
3.249999999998494218e+02 -8.053509853188938905e+01 9.679502768413968117e-02
3.259999999998485123e+02 -8.054573662279906898e+01 9.655751269415877025e-02
3.269999999998476028e+02 -8.055606145865991152e+01 9.632418084047500439e-02
3.279999999998466933e+02 -8.056610513152151043e+01 9.609491768296683778e-02
3.289999999998457838e+02 -8.057589463388259787e+01 9.586961271943007790e-02
3.299999999998448743e+02 -8.058545272654765768e+01 9.564815924046735085e-02
3.309999999998439648e+02 -8.059479865776978613e+01 9.543045418748467845e-02
3.319999999998430553e+02 -8.060394875905068091e+01 9.521639801435009820e-02
3.329999999998421458e+02 -8.061291693868218999e+01 9.500589455311109210e-02
3.339999999998412363e+02 -8.062171509053878538e+01 9.479885088403748605e-02
3.349999999998403268e+02 -8.063035343265161714e+01 9.459517721015363312e-02
3.359999999998394173e+02 -8.063884078762127672e+01 9.439478673634289774e-02
3.369999999998385078e+02 -8.064718481486374912e+01 9.419759555304371701e-02
3.379999999998375984e+02 -8.065539220297711154e+01 9.400352252450593082e-02
3.389999999998366889e+02 -8.066346882909532212e+01 9.381248918153980987e-02
3.399999999998357794e+02 -8.067141989091611265e+01 9.362441961865947126e-02
3.409999999998348699e+02 -8.067925001611557434e+01 9.343924039550338678e-02
3.419999999998339604e+02 -8.068696335304781542e+01 9.325688044239927033e-02
3.429999999998330509e+02 -8.069456364596021558e+01 9.307727096992943205e-02
3.439999999998321414e+02 -8.070205429739571912e+01 9.290034538234834272e-02
3.449999999998312319e+02 -8.070943841999422830e+01 9.272603919470034928e-02
3.459999999998303224e+02 -8.071671887952223301e+01 9.255428995348392862e-02
3.469999999998294129e+02 -8.072389833064478637e+01 9.238503716071153060e-02
3.479999999998285034e+02 -8.073097924669187364e+01 9.221822220121504710e-02
3.489999999998275939e+02 -8.073796394445440683e+01 9.205378827305210621e-02
3.499999999998266844e+02 -8.074485460486638999e+01 9.189168032087055571e-02
3.509999999998257749e+02 -8.075165329028166639e+01 9.173184497209553590e-02
3.519999999998248654e+02 -8.075836195893090519e+01 9.157423047580735831e-02
3.529999999998239559e+02 -8.076498247704192579e+01 9.141878664418384703e-02
3.539999999998230464e+02 -8.077151662902564055e+01 9.126546479638673881e-02
3.549999999998221369e+02 -8.077796612605654047e+01 9.111421770477715065e-02
3.559999999998212274e+02 -8.078433261332287429e+01 9.096499954334935634e-02
3.569999999998203180e+02 -8.079061767617233158e+01 9.081776583828017613e-02
3.579999999998194085e+02 -8.079682284534003145e+01 9.067247342049240821e-02
3.589999999998184990e+02 -8.080294960141418414e+01 9.052908038014016723e-02
3.599999999998175895e+02 -8.080899937866652749e+01 9.038754602292410623e-02
3.609999999998166800e+02 -8.081497356835487267e+01 9.024783082815411583e-02
3.619999999998157705e+02 -8.082087352158326610e+01 9.010989640847656690e-02
3.629999999998148610e+02 -8.082670055179444546e+01 8.997370547119110107e-02
3.639999999998139515e+02 -8.083245593695299647e+01 8.983922178108404155e-02
3.649999999998130420e+02 -8.083814092146972996e+01 8.970641012470882691e-02
3.659999999998121325e+02 -8.084375671790827766e+01 8.957523627605012972e-02
3.669999999998112230e+02 -8.084930450850805528e+01 8.944566696350811363e-02
3.679999999998103135e+02 -8.085478544655185829e+01 8.931766983814508343e-02
3.689999999998094040e+02 -8.086020065760146736e+01 8.919121344313823974e-02
3.699999999998084945e+02 -8.086555124062118693e+01 8.906626718438727386e-02
3.709999999998075850e+02 -8.087083826900568795e+01 8.894280130222438630e-02
3.719999999998066755e+02 -8.087606279152461752e+01 8.882078684418134862e-02
3.729999999998057660e+02 -8.088122583319685077e+01 8.870019563876721524e-02
3.739999999998048565e+02 -8.088632839610235692e+01 8.858100027021391376e-02
3.749999999998039470e+02 -8.089137146014067525e+01 8.846317405414962087e-02
3.759999999998030376e+02 -8.089635598374172787e+01 8.834669101415995596e-02
3.769999999998021281e+02 -8.090128290453550619e+01 8.823152585920131241e-02
3.779999999998012186e+02 -8.090615313998415559e+01 8.811765396183006416e-02
3.789999999998003091e+02 -8.091096758798157396e+01 8.800505133721570061e-02
3.799999999997993996e+02 -8.091572712742313911e+01 8.789369462290397284e-02
3.809999999997984901e+02 -8.092043261874835025e+01 8.778356105930174014e-02
3.819999999997975806e+02 -8.092508490445959524e+01 8.767462847085384647e-02
3.829999999997966711e+02 -8.092968480961860678e+01 8.756687524788356325e-02
3.839999999997957616e+02 -8.093423314232185817e+01 8.746028032907184058e-02
3.849999999997948521e+02 -8.093873069415755594e+01 8.735482318454933226e-02
3.859999999997939426e+02 -8.094317824064511058e+01 8.725048379957699163e-02
3.869999999997930331e+02 -8.094757654165842098e+01 8.714724265879331133e-02
3.879999999997921236e+02 -8.095192634183281655e+01 8.704508073100547527e-02
3.889999999997912141e+02 -8.095622837095912416e+01 8.694397945450400844e-02
3.899999999997903046e+02 -8.096048334436302696e+01 8.684392072288035780e-02
3.909999999997893951e+02 -8.096469196327231543e+01 8.674488687132893283e-02
3.919999999997884856e+02 -8.096885491517136302e+01 8.664686066341507897e-02
3.929999999997875761e+02 -8.097297287414478717e+01 8.654982527829138683e-02
3.939999999997866666e+02 -8.097704650120961389e+01 8.645376429834521204e-02
3.949999999997857572e+02 -8.098107644463692623e+01 8.635866169726205688e-02
3.959999999997848477e+02 -8.098506334026394882e+01 8.626450182848909021e-02
3.969999999997839382e+02 -8.098900781179612807e+01 8.617126941408376206e-02
3.979999999997830287e+02 -8.099291047110007469e+01 8.607894953393388504e-02
3.989999999997821192e+02 -8.099677191848803659e+01 8.598752761533501321e-02
3.999999999997812097e+02 -8.100059274299323420e+01 8.589698942291267014e-02
4.009999999997803002e+02 -8.100437352263776347e+01 8.580732104887683898e-02
4.019999999997793907e+02 -8.100811482469224245e+01 8.571850890359603015e-02
4.029999999997784812e+02 -8.101181720592781232e+01 8.563053970648032420e-02
4.039999999997775717e+02 -8.101548121286135995e+01 8.554340047716210704e-02
4.049999999997766622e+02 -8.101910738199330808e+01 8.545707852696340923e-02
4.059999999997757527e+02 -8.102269624003878334e+01 8.537156145064005164e-02
4.069999999997748432e+02 -8.102624830415186352e+01 8.528683711839268877e-02
4.079999999997739337e+02 -8.102976408214450998e+01 8.520289366813539600e-02
4.089999999997730242e+02 -8.103324407269825258e+01 8.511971949801284965e-02
4.099999999997721147e+02 -8.103668876557053125e+01 8.503730325915682953e-02
4.109999999997712052e+02 -8.104009864179582223e+01 8.495563384867393930e-02
4.119999999997702957e+02 -8.104347417388025576e+01 8.487470040285746697e-02
4.129999999997693862e+02 -8.104681582599148726e+01 8.479449229061369886e-02
4.139999999997684768e+02 -8.105012405414362320e+01 8.471499910709671954e-02
4.149999999997675673e+02 -8.105339930637661894e+01 8.463621066754428712e-02
4.159999999997666578e+02 -8.105664202293129961e+01 8.455811700130690112e-02
4.169999999997657483e+02 -8.105985263641944982e+01 8.448070834606503932e-02
4.179999999997648388e+02 -8.106303157198966858e+01 8.440397514222644504e-02
4.189999999997639293e+02 -8.106617924748852033e+01 8.432790802749849657e-02
4.199999999997630198e+02 -8.106929607361750811e+01 8.425249783162902517e-02
4.209999999997621103e+02 -8.107238245408620969e+01 8.417773557131073836e-02
4.219999999997612008e+02 -8.107543878576117891e+01 8.410361244524185154e-02
4.229999999997602913e+02 -8.107846545881108113e+01 8.403011982934031898e-02
4.239999999997593818e+02 -8.108146285684800603e+01 8.395724927210379551e-02
4.249999999997584723e+02 -8.108443135706524174e+01 8.388499249011238668e-02
4.259999999997575628e+02 -8.108737133037161016e+01 8.381334136366827559e-02
4.269999999997566533e+02 -8.109028314152216410e+01 8.374228793256856263e-02
4.279999999997557438e+02 -8.109316714924572977e+01 8.367182439200562816e-02
4.289999999997548343e+02 -8.109602370636925173e+01 8.360194308859181245e-02
4.299999999997539248e+02 -8.109885315993915356e+01 8.353263651650411070e-02
4.309999999997530153e+02 -8.110165585133907484e+01 8.346389731374444232e-02
4.319999999997521059e+02 -8.110443211640570382e+01 8.339571825851214981e-02
4.329999999997511964e+02 -8.110718228554068787e+01 8.332809226568461958e-02
4.339999999997502869e+02 -8.110990668382055446e+01 8.326101238340294364e-02
4.349999999997493774e+02 -8.111260563110361943e+01 8.319447178975852841e-02
4.359999999997484679e+02 -8.111527944213432306e+01 8.312846378957815252e-02
4.369999999997475584e+02 -8.111792842664490877e+01 8.306298181130349068e-02
4.379999999997466489e+02 -8.112055288945512643e+01 8.299801940396231426e-02
4.389999999997457394e+02 -8.112315313056896571e+01 8.293357023422848195e-02
4.399999999997448299e+02 -8.112572944526941399e+01 8.286962808356791721e-02
4.409999999997439204e+02 -8.112828212421071328e+01 8.280618684546731112e-02
4.419999999997430109e+02 -8.113081145350884071e+01 8.274324052274335817e-02
4.429999999997421014e+02 -8.113331771482941690e+01 8.268078322492961041e-02
4.439999999997411919e+02 -8.113580118547383790e+01 8.261880916573879907e-02
4.449999999997402824e+02 -8.113826213846303403e+01 8.255731266059784801e-02
4.459999999997393729e+02 -8.114070084261993543e+01 8.249628812425328916e-02
4.469999999997384634e+02 -8.114311756264933706e+01 8.243573006844492901e-02
4.479999999997375539e+02 -8.114551255921617212e+01 8.237563309964600344e-02
4.489999999997366444e+02 -8.114788608902217959e+01 8.231599191686635175e-02
4.499999999997357349e+02 -8.115023840488071016e+01 8.225680130951860958e-02
4.509999999997348255e+02 -8.115256975578941478e+01 8.219805615534347965e-02
4.519999999997339160e+02 -8.115488038700200946e+01 8.213975141839370553e-02
4.529999999997330065e+02 -8.115717054009786580e+01 8.208188214707351493e-02
4.539999999997320970e+02 -8.115944045305022314e+01 8.202444347223358800e-02
4.549999999997311875e+02 -8.116169036029282324e+01 8.196743060531756775e-02
4.559999999997302780e+02 -8.116392049278530862e+01 8.191083883656070930e-02
4.569999999997293685e+02 -8.116613107807667404e+01 8.185466353323712918e-02
4.579999999997284590e+02 -8.116832234036785110e+01 8.179890013795566850e-02
4.589999999997275495e+02 -8.117049450057255910e+01 8.174354416700210790e-02
4.599999999997266400e+02 -8.117264777637663542e+01 8.168859120872594415e-02
4.609999999997257305e+02 -8.117478238229698206e+01 8.163403692197139516e-02
4.619999999997248210e+02 -8.117689852973811071e+01 8.157987703455037154e-02
4.629999999997239115e+02 -8.117899642704794871e+01 8.152610734175612384e-02
4.639999999997230020e+02 -8.118107627957265038e+01 8.147272370491717708e-02
4.649999999997220925e+02 -8.118313828970988766e+01 8.141972204998966511e-02
4.659999999997211830e+02 -8.118518265696140190e+01 8.136709836618652436e-02
4.669999999997202735e+02 -8.118720957798365134e+01 8.131484870464339432e-02
4.679999999997193640e+02 -8.118921924663821699e+01 8.126296917711903212e-02
4.689999999997184545e+02 -8.119121185404087271e+01 8.121145595473068524e-02
4.699999999997175451e+02 -8.119318758860940477e+01 8.116030526672131373e-02
4.709999999997166356e+02 -8.119514663611066396e+01 8.110951339925960568e-02
4.719999999997157261e+02 -8.119708917970642403e+01 8.105907669427067641e-02
4.729999999997148166e+02 -8.119901539999864326e+01 8.100899154829721560e-02
4.739999999997139071e+02 -8.120092547507329073e+01 8.095925441138920875e-02
4.749999999997129976e+02 -8.120281958054383153e+01 8.090986178602262158e-02
4.759999999997120881e+02 -8.120469788959306356e+01 8.086081022604546531e-02
4.769999999997111786e+02 -8.120656057301508213e+01 8.081209633564992445e-02
4.779999999997102691e+02 -8.120840779925549668e+01 8.076371676837140745e-02
4.789999999997093596e+02 -8.121023973445109334e+01 8.071566822611155045e-02
4.799999999997084501e+02 -8.121205654246915628e+01 8.066794745818690882e-02
4.809999999997075406e+02 -8.121385838494532550e+01 8.062055126040006126e-02
4.819999999997066311e+02 -8.121564542132098552e+01 8.057347647413456992e-02
4.829999999997057216e+02 -8.121741780887994366e+01 8.052671998547168697e-02
4.839999999997048121e+02 -8.121917570278444032e+01 8.048027872432909902e-02
4.849999999997039026e+02 -8.122091925611017871e+01 8.043414966362094631e-02
4.859999999997029931e+02 -8.122264861988081464e+01 8.038832981843714587e-02
4.869999999997020836e+02 -8.122436394310169305e+01 8.034281624524405863e-02
4.879999999997011741e+02 -8.122606537279328620e+01 8.029760604110330879e-02
4.889999999997002647e+02 -8.122775305402331014e+01 8.025269634290979615e-02
4.899999999996993552e+02 -8.122942712993864234e+01 8.020808432664779108e-02
4.909999999996984457e+02 -8.123108774179671343e+01 8.016376720666480715e-02
4.919999999996975362e+02 -8.123273502899598952e+01 8.011974223496254321e-02
4.929999999996966267e+02 -8.123436912910590024e+01 8.007600670050457614e-02
4.939999999996957172e+02 -8.123599017789659626e+01 8.003255792854033213e-02
4.949999999996948077e+02 -8.123759830936742787e+01 7.998939327994450399e-02
4.959999999996938982e+02 -8.123919365577560825e+01 7.994651015057224752e-02
4.969999999996929887e+02 -8.124077634766352674e+01 7.990390597062883848e-02
4.979999999996920792e+02 -8.124234651388646000e+01 7.986157820405460905e-02
4.989999999996911697e+02 -8.124390428163928846e+01 7.981952434792284612e-02
4.999999999996902602e+02 -8.124544977648233157e+01 7.977774193185212248e-02
5.000000000000000000e+02 -8.124544977648281474e+01 7.977774193183921614e-02
