1.000000000000000666e+00 -7.217098449385612469e+01 7.359457655174719837e-02
2.000000000000001332e+00 -6.336964798621164618e+01 7.362415845309482065e-02
2.999999999999980016e+00 -3.890723930197538749e+01 7.370597086853107605e-02
3.999999999999958700e+00 3.061245437194306973e+01 7.815306590824196153e-02
4.999999999999937828e+00 2.705891076667469264e+01 9.267867800362770969e-02
5.999999999999916511e+00 2.404569854045788091e+01 1.124266660431489373e-01
6.999999999999895195e+00 2.211475393779862131e+01 1.326112539542630420e-01
7.999999999999873879e+00 2.109231112093116423e+01 1.501179828529587423e-01
8.999999999999852562e+00 2.069347602809438769e+01 1.637227135937768530e-01
9.999999999999831246e+00 2.068307750459975480e+01 1.735213362981729013e-01
1.099999999999980993e+01 2.089728834963445081e+01 1.802259904768064303e-01
1.199999999999978861e+01 2.122989237381545991e+01 1.846817067505006071e-01
1.299999999999976730e+01 2.161459979268863307e+01 1.876304156245960919e-01
1.399999999999974598e+01 2.201091932353311975e+01 1.896358503462691747e-01
1.499999999999972466e+01 2.239425376015437408e+01 1.910875055349302576e-01
1.599999999999970335e+01 2.274932277849224604e+01 1.922338146977495277e-01
1.699999999999985789e+01 2.306588895471807277e+01 1.932201963800999345e-01
1.800000000000001421e+01 2.333595090128680027e+01 1.941220929466861977e-01
1.900000000000017053e+01 2.355178091424031450e+01 1.949700367290653769e-01
2.000000000000032685e+01 2.370437228963638532e+01 1.957667069497335544e-01
2.100000000000048317e+01 2.378208104213720020e+01 1.964971916364050553e-01
2.200000000000063949e+01 2.376974776118616361e+01 1.971347252271329342e-01
2.300000000000079581e+01 2.365006154664661508e+01 1.976462185897205071e-01
2.400000000000095213e+01 2.341192338427834940e+01 1.980042278453961746e-01
2.500000000000110845e+01 2.306889550728348581e+01 1.982060169064656929e-01
2.600000000000126477e+01 2.266844848448037197e+01 1.982802312722541926e-01
2.700000000000142109e+01 2.226502878871978197e+01 1.982673895514489026e-01
2.800000000000157740e+01 2.188918366375258628e+01 1.982001616657479703e-01
2.900000000000173372e+01 2.154826775797956273e+01 1.981004147997937337e-01
3.000000000000189004e+01 2.123977149289442323e+01 1.979826075487314818e-01
3.100000000000204636e+01 2.095937370478970152e+01 1.978563592752419498e-01
3.200000000000220268e+01 2.070345718158659309e+01 1.977279053103666862e-01
3.300000000000200373e+01 2.046931372099410140e+01 1.976010823553812634e-01
3.400000000000180478e+01 2.025479589301011885e+01 1.974780738649189460e-01
3.500000000000160583e+01 2.005801102356651455e+01 1.973599610846783203e-01
3.600000000000140687e+01 1.987716523744578012e+01 1.972471101960055762e-01
3.700000000000120792e+01 1.971051859799464268e+01 1.971394360023421000e-01
3.800000000000100897e+01 1.955639527836053304e+01 1.970365800074765361e-01
3.900000000000081002e+01 1.941321062226645822e+01 1.969380307496626792e-01
4.000000000000061107e+01 1.927949598210597770e+01 1.968432047483348601e-01
4.100000000000041211e+01 1.915391448578582967e+01 1.967514999466242198e-01
4.200000000000021316e+01 1.903526710452216619e+01 1.966623296573677682e-01
4.300000000000001421e+01 1.892249087775554628e+01 1.965751427100302928e-01
4.399999999999981526e+01 1.881465172568210775e+01 1.964894340000251094e-01
4.499999999999961631e+01 1.871093403696611546e+01 1.964047485661690184e-01
4.599999999999941735e+01 1.861062871919930828e+01 1.963206814944783718e-01
4.699999999999921840e+01 1.851312089350188472e+01 1.962368752980347408e-01
4.799999999999901945e+01 1.841787799440843187e+01 1.961530159208428326e-01
4.899999999999882050e+01 1.832443872058772882e+01 1.960688281354700246e-01
4.999999999999862155e+01 1.823240306025110868e+01 1.959840708280642663e-01
5.099999999999842260e+01 1.814142346776515069e+01 1.958985324690504237e-01
5.199999999999822364e+01 1.805119717550923397e+01 1.958120269342225883e-01
5.299999999999802469e+01 1.796145957109486702e+01 1.957243897527846388e-01
5.399999999999782574e+01 1.787197854216770310e+01 1.956354748030700308e-01
5.499999999999762679e+01 1.778254968002030267e+01 1.955451514431974513e-01
5.599999999999742784e+01 1.769299223274827781e+01 1.954533020454272685e-01
5.699999999999722888e+01 1.760314570431736669e+01 1.953598198942131658e-01
5.799999999999702993e+01 1.751286700478719638e+01 1.952646074052536151e-01
5.899999999999683098e+01 1.742202806720048969e+01 1.951675746237761244e-01
5.999999999999663203e+01 1.733051385714702164e+01 1.950686379631947354e-01
6.099999999999643308e+01 1.723822071107558074e+01 1.949677191491486494e-01
6.199999999999623412e+01 1.714505494869143476e+01 1.948647443380961408e-01
6.299999999999603517e+01 1.705093171307790811e+01 1.947596433837370244e-01
6.399999999999583622e+01 1.695577399947734065e+01 1.946523492283520340e-01
6.499999999999634781e+01 1.685951183998987446e+01 1.945427973995870197e-01
6.599999999999685940e+01 1.676208161687063480e+01 1.944309255962371474e-01
6.699999999999737099e+01 1.666342548171414251e+01 1.943166733492041331e-01
6.799999999999788258e+01 1.656349086170915896e+01 1.941999817460490774e-01
6.899999999999839417e+01 1.646223003741594226e+01 1.940807932094624766e-01
6.999999999999890576e+01 1.635959977925237396e+01 1.939590513215789513e-01
7.099999999999941735e+01 1.625556103215382109e+01 1.938347006874109046e-01
7.199999999999992895e+01 1.615007863976187608e+01 1.937076868317957057e-01
7.300000000000044054e+01 1.604312110106359412e+01 1.935779561251879388e-01
7.400000000000095213e+01 1.593466035369529443e+01 1.934454557344029435e-01
7.500000000000146372e+01 1.582467157918994261e+01 1.933101335950606903e-01
7.600000000000197531e+01 1.571313302632225195e+01 1.931719384030100573e-01
7.700000000000248690e+01 1.560002584942309589e+01 1.930308196224488348e-01
7.800000000000299849e+01 1.548533395912170896e+01 1.928867275088162747e-01
7.900000000000351008e+01 1.536904388345343442e+01 1.927396131448281258e-01
8.000000000000402167e+01 1.525114463766076867e+01 1.925894284882625485e-01
8.100000000000453326e+01 1.513162760133221951e+01 1.924361264303022789e-01
8.200000000000504485e+01 1.501048640178071025e+01 1.922796608633937643e-01
8.300000000000555644e+01 1.488771680277061016e+01 1.921199867577065012e-01
8.400000000000606803e+01 1.476331659786984929e+01 1.919570602453817554e-01
8.500000000000657963e+01 1.463728550783846671e+01 1.917908387118251734e-01
8.600000000000709122e+01 1.450962508157254938e+01 1.916212808933673017e-01
8.700000000000760281e+01 1.438033860020930277e+01 1.914483469806484706e-01
8.800000000000811440e+01 1.424943098406782838e+01 1.912719987271202793e-01
8.900000000000862599e+01 1.411690870215521976e+01 1.910921995620700475e-01
9.000000000000913758e+01 1.398277968401162319e+01 1.909089147075869741e-01
9.100000000000964917e+01 1.384705323370285157e+01 1.907221112988898015e-01
9.200000000001016076e+01 1.370973994579698996e+01 1.905317585074287057e-01
9.300000000001067235e+01 1.357085162318437277e+01 1.903378276661709945e-01
9.400000000001118394e+01 1.343040119661790932e+01 1.901402923964622960e-01
9.500000000001169553e+01 1.328840264586649944e+01 1.899391287358430103e-01
9.600000000001220712e+01 1.314487092238596588e+01 1.897343152661787880e-01
9.700000000001271871e+01 1.299982187342319584e+01 1.895258332414509472e-01
9.800000000001323031e+01 1.285327216747790047e+01 1.893136667145293717e-01
9.900000000001374190e+01 1.270523922105493675e+01 1.890978026622330277e-01
1.000000000000142535e+02 1.255574112664753983e+01 1.888782311079681420e-01
1.010000000000147651e+02 1.240479658189857304e+01 1.886549452412180361e-01
1.020000000000152767e+02 1.225242481989386611e+01 1.884279415331424345e-01
1.030000000000157883e+02 1.209864554054767360e+01 1.881972198475377056e-01
1.040000000000162999e+02 1.194347884304661278e+01 1.879627835463993923e-01
1.050000000000168114e+02 1.178694515932426157e+01 1.877246395893263642e-01
1.060000000000173230e+02 1.162906518854437010e+01 1.874827986260066415e-01
1.070000000000178346e+02 1.146985983257608055e+01 1.872372750810283037e-01
1.080000000000183462e+02 1.130935013244994458e+01 1.869880872302719932e-01
1.090000000000188578e+02 1.114755720578848930e+01 1.867352572681540146e-01
1.100000000000193694e+02 1.098450218520972754e+01 1.864788113650108770e-01
1.110000000000198810e+02 1.082020615770644589e+01 1.862187797139431278e-01
1.120000000000203926e+02 1.065469010500785174e+01 1.859551965664639761e-01
1.130000000000209042e+02 1.048797484493371712e+01 1.856881002563414429e-01
1.140000000000214158e+02 1.032008097375399913e+01 1.854175332110603591e-01
1.150000000000219273e+02 1.015102880956927045e+01 1.851435419503806301e-01
1.160000000000224389e+02 9.980838336729110694e+00 1.848661770715225028e-01
1.170000000000229505e+02 9.809529151306666250e+00 1.845854932205682752e-01
1.180000000000234621e+02 9.637120407648264830e+00 1.843015490497293130e-01
1.190000000000239737e+02 9.463630766016542850e+00 1.840144071602016762e-01
1.200000000000244853e+02 9.289078341345124556e+00 1.837241340303972792e-01
1.210000000000249969e+02 9.113480653121161623e+00 1.834307999294190750e-01
1.220000000000255085e+02 8.936854576410105722e+00 1.831344788157226178e-01
1.230000000000260201e+02 8.759216294034375849e+00 1.828352482209846808e-01
1.240000000000265317e+02 8.580581249914363440e+00 1.825331891192858713e-01
1.250000000000270433e+02 8.400964103576315622e+00 1.822283857817911523e-01
1.260000000000275548e+02 8.220378685827355980e+00 1.819209256171963329e-01
1.270000000000280664e+02 8.038837955593203688e+00 1.816108989982898048e-01
1.280000000000285638e+02 7.856353957908791763e+00 1.812983990750592911e-01
1.290000000000276543e+02 7.672937783046844373e+00 1.809835215748487325e-01
1.300000000000267448e+02 7.488599526761995584e+00 1.806663645901468718e-01
1.310000000000258353e+02 7.303348251625887855e+00 1.803470283546620700e-01
1.320000000000249258e+02 7.117191949417185803e+00 1.800256150084003914e-01
1.330000000000240163e+02 6.930137504528114611e+00 1.797022283525293862e-01
1.340000000000231068e+02 6.742190658340974529e+00 1.793769735948632649e-01
1.350000000000221974e+02 6.553355974522101945e+00 1.790499570868590573e-01
1.360000000000212879e+02 6.363636805174393452e+00 1.787212860530527359e-01
1.370000000000203784e+02 6.173035257783304530e+00 1.783910683139040276e-01
1.380000000000194689e+02 5.981552162885272139e+00 1.780594120030456196e-01
1.390000000000185594e+02 5.789187042381760406e+00 1.777264252799556077e-01
1.400000000000176499e+02 5.595938078416708983e+00 1.773922160390852265e-01
1.410000000000167404e+02 5.401802082730001509e+00 1.770568916164805551e-01
1.420000000000158309e+02 5.206774466394925582e+00 1.767205584949334829e-01
1.430000000000149214e+02 5.010849209843344809e+00 1.763833220086915843e-01
1.440000000000140119e+02 4.814018833078413273e+00 1.760452860487340954e-01
1.450000000000131024e+02 4.616274365971426263e+00 1.757065527696045348e-01
1.460000000000121929e+02 4.417605318536732995e+00 1.753672222987502916e-01
1.470000000000112834e+02 4.217999651076373091e+00 1.750273924492921074e-01
1.480000000000103739e+02 4.017443744084663315e+00 1.746871584370938979e-01
1.490000000000094644e+02 3.815922367802045745e+00 1.743466126029598884e-01
1.500000000000085549e+02 3.613418651307310547e+00 1.740058441407300316e-01
1.510000000000076454e+02 3.409914051037974403e+00 1.736649388319894405e-01
1.520000000000067359e+02 3.205388318629835087e+00 1.733239787880400673e-01
1.530000000000058265e+02 2.999819467968905862e+00 1.729830421997249901e-01
1.540000000000049170e+02 2.793183741351965566e+00 1.726422030956271669e-01
1.550000000000040075e+02 2.585455574656001509e+00 1.723015311090920765e-01
1.560000000000030980e+02 2.376607561421777426e+00 1.719610912544662640e-01
1.570000000000021885e+02 2.166610415762782793e+00 1.716209437128606852e-01
1.580000000000012790e+02 1.955432934018211499e+00 1.712811436276999166e-01
1.590000000000003695e+02 1.743041955077005545e+00 1.709417409102323981e-01
1.599999999999994600e+02 1.529402319310157132e+00 1.706027800551328244e-01
1.609999999999985505e+02 1.314476826059753245e+00 1.702642999662572487e-01
1.619999999999976410e+02 1.098226189646657414e+00 1.699263337925618900e-01
1.629999999999967315e+02 8.806089938737268197e-01 1.695889087741448698e-01
1.639999999999958220e+02 6.615816450187258502e-01 1.692520460983278352e-01
1.649999999999949125e+02 4.410983233305758588e-01 1.689157607656539273e-01
1.659999999999940030e+02 2.191109330648312314e-01 1.685800614656503826e-01
1.669999999999930935e+02 -4.430948883265705893e-03 1.682449504621793268e-01
1.679999999999921840e+02 -2.295801256440588300e-01 1.679104234881871049e-01
1.689999999999912745e+02 -4.563918342537470196e-01 1.675764696496554462e-01
1.699999999999903650e+02 -6.849238005422063624e-01 1.672430713385645029e-01
1.709999999999894555e+02 -9.152362948694822142e-01 1.669102041546901838e-01
1.719999999999885461e+02 -1.147392188452997619e+00 1.665778368360855410e-01
1.729999999999876366e+02 -1.381457009994907503e+00 1.662459311981335786e-01
1.739999999999867271e+02 -1.617499002259502161e+00 1.659144420811081433e-01
1.749999999999858176e+02 -1.855589178186957566e+00 1.655833173062437880e-01
1.759999999999849081e+02 -2.095801376058779031e+00 1.652524976403927648e-01
1.769999999999839986e+02 -2.338212313151131205e+00 1.649219167694363775e-01
1.779999999999830891e+02 -2.582901637224318758e+00 1.645915012807273314e-01
1.789999999999821796e+02 -2.829951975098910832e+00 1.642611706549587935e-01
1.799999999999812701e+02 -3.079448977461241022e+00 1.639308372679965375e-01
1.809999999999803606e+02 -3.331481358921470015e+00 1.636004064033615424e-01
1.819999999999794511e+02 -3.586140932216724142e+00 1.632697762762264915e-01
1.829999999999785416e+02 -3.843522635308160851e+00 1.629388380699711425e-01
1.839999999999776321e+02 -4.103724549964728574e+00 1.626074759865534236e-01
1.849999999999767226e+02 -4.366847910257091847e+00 1.622755673121683284e-01
1.859999999999758131e+02 -4.632997099203208791e+00 1.619429824999104039e-01
1.869999999999749036e+02 -4.902279631613247091e+00 1.616095852713985981e-01
1.879999999999739941e+02 -5.174806120965620870e+00 1.612752327396111685e-01
1.889999999999730846e+02 -5.450690227997895043e+00 1.609397755553614029e-01
1.899999999999721751e+02 -5.730048588326748238e+00 1.606030580803109176e-01
1.909999999999712657e+02 -6.013000716368488874e+00 1.602649185895334560e-01
1.919999999999703562e+02 -6.299668882536462178e+00 1.599251895069471741e-01
1.929999999999694467e+02 -6.590177960489039144e+00 1.595836976772798399e-01
1.939999999999685372e+02 -6.884655241066771403e+00 1.592402646784300546e-01
1.949999999999676277e+02 -7.183230209433735247e+00 1.588947071783245457e-01
1.959999999999667182e+02 -7.486034281890940889e+00 1.585468373405482245e-01
1.969999999999658087e+02 -7.793200498877726368e+00 1.581964632831496798e-01
1.979999999999648992e+02 -8.104863170854493148e+00 1.578433895950708821e-01
1.989999999999639897e+02 -8.421157474106912844e+00 1.574874179145983877e-01
1.999999999999630802e+02 -8.742218994078072569e+00 1.571283475740591906e-01
2.009999999999621707e+02 -9.068183214676210468e+00 1.567659763146599383e-01
2.019999999999612612e+02 -9.399184953188013836e+00 1.564001010748595211e-01
2.029999999999603517e+02 -9.735357742021285787e+00 1.560305188549359900e-01
2.039999999999594422e+02 -1.007683316058135325e+01 1.556570276594324564e-01
2.049999999999585327e+02 -1.042374012322655297e+01 1.552794275178785155e-01
2.059999999999576232e+02 -1.077620413251625209e+01 1.548975215825794116e-01
2.069999999999567137e+02 -1.113434651090747529e+01 1.545111173002701732e-01
2.079999999999558042e+02 -1.149828362869279630e+01 1.541200276520422741e-01
2.089999999999548947e+02 -1.186812615127192672e+01 1.537240724531285796e-01
2.099999999999539853e+02 -1.224397833471938313e+01 1.533230797008754420e-01
2.109999999999530758e+02 -1.262593740486791383e+01 1.529168869555546373e-01
2.119999999999521663e+02 -1.301409306148529232e+01 1.525053427346162449e-01
2.129999999999512568e+02 -1.340852715516609095e+01 1.520883078966450974e-01
2.139999999999503473e+02 -1.380931358974262757e+01 1.516656569867912974e-01
2.149999999999494378e+02 -1.421651850665809214e+01 1.512372795109847012e-01
2.159999999999485283e+02 -1.463020080903875275e+01 1.508030811020892592e-01
2.169999999999476188e+02 -1.505041308127265509e+01 1.503629845376006358e-01
2.179999999999467093e+02 -1.547720295384944578e+01 1.499169305659482920e-01
2.189999999999457998e+02 -1.591061495220700017e+01 1.494648784973569289e-01
2.199999999999448903e+02 -1.635069285170116871e+01 1.490068065160111699e-01
2.209999999999439808e+02 -1.679748253818856440e+01 1.485427116734188424e-01
2.219999999999430713e+02 -1.725103534512100723e+01 1.480726095287967781e-01
2.229999999999421618e+02 -1.771141180405203386e+01 1.475965334113091831e-01
2.239999999999412523e+02 -1.817868570721684662e+01 1.471145332912425496e-01
2.249999999999403428e+02 -1.865294834022077808e+01 1.466266742626477770e-01
2.259999999999394333e+02 -1.913431270240313253e+01 1.461330346582896678e-01
2.269999999999385238e+02 -1.962291749536539598e+01 1.456337038383291871e-01
2.279999999999376143e+02 -2.011893063030550621e+01 1.451287797160762394e-01
2.289999999999367049e+02 -2.062255198650841237e+01 1.446183661061742065e-01
2.299999999999357954e+02 -2.113401515121150354e+01 1.441025700011950017e-01
2.309999999999348859e+02 -2.165358788965140846e+01 1.435814989001152064e-01
2.319999999999339764e+02 -2.218157113745090214e+01 1.430552583246445242e-01
2.329999999999330669e+02 -2.271829637844829364e+01 1.425239496650113069e-01
2.339999999999321574e+02 -2.326412137031817196e+01 1.419876684938300992e-01
2.349999999999312479e+02 -2.381942430535326238e+01 1.414465034736675508e-01
2.359999999999303384e+02 -2.438459663774579056e+01 1.409005359600150886e-01
2.369999999999294289e+02 -2.496003495971567432e+01 1.403498403665652539e-01
2.379999999999285194e+02 -2.554613244996901855e+01 1.397944853150759337e-01
2.389999999999276099e+02 -2.614327052877319701e+01 1.392345355401467533e-01
2.399999999999267004e+02 -2.675181141304466692e+01 1.386700544638463650e-01
2.409999999999257909e+02 -2.737209225503788446e+01 1.381011073015271096e-01
2.419999999999248814e+02 -2.800442146029519108e+01 1.375277645143622163e-01
2.429999999999239719e+02 -2.864907761824298760e+01 1.369501053921683420e-01
2.439999999999230624e+02 -2.930631125967919104e+01 1.363682215369057260e-01
2.449999999999221529e+02 -2.997634940873347276e+01 1.357822200256613987e-01
2.459999999999212434e+02 -3.065940265817039645e+01 1.351922260617595406e-01
2.469999999999203339e+02 -3.135567430006271650e+01 1.345983849704851520e-01
2.479999999999194245e+02 -3.206537091385487059e+01 1.340008634555026890e-01
2.489999999999185150e+02 -3.278871376181503194e+01 1.333998500954601818e-01
2.499999999999176055e+02 -3.352595036425195474e+01 1.327955551192800676e-01
2.509999999999166960e+02 -3.427736570794734661e+01 1.321882095463387807e-01
2.519999999999157865e+02 -3.504329265834770268e+01 1.315780638095848387e-01
2.529999999999148770e+02 -3.582412127498336929e+01 1.309653859940365095e-01
2.539999999999139675e+02 -3.662030684916386036e+01 1.303504598211994714e-01
2.549999999999130580e+02 -3.743237657755375380e+01 1.297335824950483774e-01
2.559999999999121485e+02 -3.826093484519880406e+01 1.291150625018099574e-01
2.569999999999112674e+02 -3.910666711252590488e+01 1.284952174286252136e-01
2.579999999999103579e+02 -3.997034238182786225e+01 1.278743718394959872e-01
2.589999999999094484e+02 -4.085281417561787265e+01 1.272528552239886590e-01
2.599999999999085389e+02 -4.175501984457816462e+01 1.266310000168966998e-01
2.609999999999076294e+02 -4.267797781330718010e+01 1.260091396773485584e-01
2.619999999999067199e+02 -4.362278236349060023e+01 1.253876068131823118e-01
2.629999999999058105e+02 -4.459059519430128660e+01 1.247667313392135519e-01
2.639999999999049010e+02 -4.558263274686041200e+01 1.241468386671091828e-01
2.649999999999039915e+02 -4.660014793866974969e+01 1.235282479382423249e-01
2.659999999999030820e+02 -4.764440454056146734e+01 1.229112703279303387e-01
2.669999999999021725e+02 -4.871664194986082208e+01 1.222962074688003914e-01
2.679999999999012630e+02 -4.981802758513836693e+01 1.216833500616689434e-01
2.689999999999003535e+02 -5.094959359330849225e+01 1.210729767631555376e-01
2.699999999998994440e+02 -5.211215410775268708e+01 1.204653534589228275e-01
2.709999999998985345e+02 -5.330619908678158936e+01 1.198607330480810224e-01
2.719999999998976250e+02 -5.453176105769195203e+01 1.192593558751256083e-01
2.729999999998967155e+02 -5.578825228692244309e+01 1.186614509467474599e-01
2.739999999998958060e+02 -5.707427252484258418e+01 1.180672380562395180e-01
2.749999999998948965e+02 -5.838739215836584862e+01 1.174769309006251511e-01
2.759999999998939870e+02 -5.972392289710431612e+01 1.168907412066257229e-01
2.769999999998930775e+02 -6.107869815538979452e+01 1.163088837736263870e-01
2.779999999998921680e+02 -6.244489724201937264e+01 1.157315821919697174e-01
2.789999999998912585e+02 -6.381395887241308174e+01 1.151590748105473794e-01
2.799999999998903490e+02 -6.517563588115449136e+01 1.145916203327243255e-01
2.809999999998894396e+02 -6.651823834301315230e+01 1.140295022585474660e-01
2.819999999998885301e+02 -6.782909128376630292e+01 1.134730313248606959e-01
2.829999999998876206e+02 -6.909519483041135857e+01 1.129225451841998906e-01
2.839999999998867111e+02 -7.030402589243286116e+01 1.123784048409961628e-01
2.849999999998858016e+02 -7.144437611567481383e+01 1.118409878066116137e-01
2.859999999998848921e+02 -7.250709850966596548e+01 1.113106784548403144e-01
2.869999999998839826e+02 -7.348564637934580901e+01 1.107878565255474568e-01
2.879999999998830731e+02 -7.437633139842846219e+01 1.102728850104161551e-01
2.889999999998821636e+02 -7.517828793974709356e+01 1.097660986917090714e-01
2.899999999998812541e+02 -7.589318737020957428e+01 1.092677944038499965e-01
2.909999999998803446e+02 -7.652478243250703827e+01 1.087782237279248387e-01
2.919999999998794351e+02 -7.707837217871913538e+01 1.082975884192053651e-01
2.929999999998785256e+02 -7.756026660036187081e+01 1.078260385027989682e-01
2.939999999998776161e+02 -7.797730690571245304e+01 1.073636727095576837e-01
2.949999999998767066e+02 -7.833647202284964806e+01 1.069105407786910128e-01
2.959999999998757971e+02 -7.864458073399630678e+01 1.064666471100043643e-01
2.969999999998748876e+02 -7.890808440750680575e+01 1.060319552778073576e-01
2.979999999998739781e+02 -7.913293736388222044e+01 1.056063929893835129e-01
2.989999999998730686e+02 -7.932452894875846994e+01 1.051898571584257702e-01
2.999999999998721592e+02 -7.948766160021772009e+01 1.047822188511035868e-01
3.009999999998712497e+02 -7.962656110209788096e+01 1.043833279399210417e-01
3.019999999998703402e+02 -7.974490777818637355e+01 1.039930173641793604e-01
3.029999999998694307e+02 -7.984587998498810180e+01 1.036111069450761368e-01
3.039999999998685212e+02 -7.993220358484168742e+01 1.032374067395373518e-01
3.049999999998676117e+02 -8.000620300105049409e+01 1.028717199418917178e-01
3.059999999998667022e+02 -8.006985095750683001e+01 1.025138453587291082e-01
3.069999999998657927e+02 -8.012481512771819325e+01 1.021635794918621110e-01
3.079999999998648832e+02 -8.017250072504158709e+01 1.018207182690275964e-01
3.089999999998639737e+02 -8.021408862355553993e+01 1.014850584632945446e-01
3.099999999998630642e+02 -8.025056896766898262e+01 1.011563988412022136e-01
3.109999999998621547e+02 -8.028277045894213870e+01 1.008345410773030665e-01
3.119999999998612452e+02 -8.031138564095232368e+01 1.005192904696232958e-01
3.129999999998603357e+02 -8.033699256816977652e+01 1.002104564870317238e-01
3.139999999998594262e+02 -8.036007326548907770e+01 9.990785317589852277e-02
3.149999999998585167e+02 -8.038102937767716583e+01 9.961129944993434016e-02
3.159999999998576072e+02 -8.040019538401510601e+01 9.932061928383098537e-02
3.169999999998566977e+02 -8.041784972064893111e+01 9.903564182834383167e-02
3.179999999998557882e+02 -8.043422411676927197e+01 9.875620146178998304e-02
3.189999999998548788e+02 -8.044951141401080008e+01 9.848213779058222206e-02
3.199999999998539693e+02 -8.046387210334805218e+01 9.821329560937033798e-02
3.209999999998530598e+02 -8.047743978137978615e+01 9.794952482959254358e-02
3.219999999998521503e+02 -8.049032569873108400e+01 9.769068038372304141e-02
3.229999999998512408e+02 -8.050262254750505519e+01 9.743662211121693895e-02
3.239999999998503313e+02 -8.051440761219582498e+01 9.718721463106352876e-02
3.249999999998494218e+02 -8.052574538900923073e+01 9.694232720494572186e-02
3.259999999998485123e+02 -8.053668976184590633e+01 9.670183359423639713e-02
3.269999999998476028e+02 -8.054728580898000700e+01 9.646561191342722941e-02
3.279999999998466933e+02 -8.055757130240215247e+01 9.623354448205646838e-02
3.289999999998457838e+02 -8.056757795161276192e+01 9.600551767676532289e-02
3.299999999998448743e+02 -8.057733243507368570e+01 9.578142178475432256e-02
3.309999999998439648e+02 -8.058685725533041477e+01 9.556115085961758293e-02
3.319999999998430553e+02 -8.059617144778357556e+01 9.534460258029139879e-02
3.329999999998421458e+02 -8.060529116804838168e+01 9.513167811366192439e-02
3.339999999998412363e+02 -8.061423017862931317e+01 9.492228198121646643e-02
3.349999999998403268e+02 -8.062300025212825005e+01 9.471632192999941691e-02
3.359999999998394173e+02 -8.063161150527938048e+01 9.451370880803078300e-02
3.369999999998385078e+02 -8.064007267567268400e+01 9.431435644426761078e-02
3.379999999998375984e+02 -8.064839135100297085e+01 9.411818153312485891e-02
3.389999999998366889e+02 -8.065657415900234639e+01 9.392510352352329006e-02
3.399999999998357794e+02 -8.066462692481658792e+01 9.373504451239604573e-02
3.409999999998348699e+02 -8.067255480142775070e+01 9.354792914255662117e-02
3.419999999998339604e+02 -8.068036237776479425e+01 9.336368450481113967e-02
3.429999999998330509e+02 -8.068805376834453114e+01 9.318224004418146356e-02
3.439999999998321414e+02 -8.069563268762696850e+01 9.300352747009936472e-02
3.449999999998312319e+02 -8.070310251171875393e+01 9.282748067042217999e-02
3.459999999998303224e+02 -8.071046632960648992e+01 9.265403562911968260e-02
3.469999999998294129e+02 -8.071772698572470972e+01 9.248313034748135986e-02
3.479999999998285034e+02 -8.072488711535197581e+01 9.231470476869231556e-02
3.489999999998275939e+02 -8.073194917407083437e+01 9.214870070563115079e-02
3.499999999998266844e+02 -8.073891546231405414e+01 9.198506177174493870e-02
3.509999999998257749e+02 -8.074578814584286590e+01 9.182373331486083645e-02
3.519999999998248654e+02 -8.075256927285677477e+01 9.166466235379967797e-02
3.529999999998239559e+02 -8.075926078831339794e+01 9.150779751766056902e-02
3.539999999998230464e+02 -8.076586454593658004e+01 9.135308898765204244e-02
3.549999999998221369e+02 -8.077238231830928328e+01 9.120048844135003607e-02
3.559999999998212274e+02 -8.077881580537714967e+01 9.104994899926802110e-02
3.569999999998203180e+02 -8.078516664163542771e+01 9.090142517363099250e-02
3.579999999998194085e+02 -8.079143640222066836e+01 9.075487281925019578e-02
3.589999999998184990e+02 -8.079762660809444696e+01 9.061024908639840614e-02
3.599999999998175895e+02 -8.080373873047108191e+01 9.046751237559394476e-02
3.609999999998166800e+02 -8.080977419461636657e+01 9.032662229420349020e-02
3.619999999998157705e+02 -8.081573438312219082e+01 9.018753961477934955e-02
3.629999999998148610e+02 -8.082162063874376656e+01 9.005022623505203050e-02
3.639999999998139515e+02 -8.082743426687115118e+01 8.991464513950099546e-02
3.649999999998130420e+02 -8.083317653769465494e+01 8.978076036243300140e-02
3.659999999998121325e+02 -8.083884868811348667e+01 8.964853695249840049e-02
3.669999999998112230e+02 -8.084445192342842290e+01 8.951794093858177204e-02
3.679999999998103135e+02 -8.084998741885195273e+01 8.938893929700472696e-02
3.689999999998094040e+02 -8.085545632086453338e+01 8.926149991998355571e-02
3.699999999998084945e+02 -8.086085974844014856e+01 8.913559158528554238e-02
3.709999999998075850e+02 -8.086619879416051049e+01 8.901118392703218085e-02
3.719999999998066755e+02 -8.087147452523369395e+01 8.888824740759904142e-02
3.729999999998057660e+02 -8.087668798443129958e+01 8.876675329056565866e-02
3.739999999998048565e+02 -8.088184019095490385e+01 8.864667361467014339e-02
3.749999999998039470e+02 -8.088693214124079134e+01 8.852798116872577505e-02
3.759999999998030376e+02 -8.089196480971206427e+01 8.841064946745910702e-02
3.769999999998021281e+02 -8.089693914948360032e+01 8.829465272823180944e-02
3.779999999998012186e+02 -8.090185609302511693e+01 8.817996584860803011e-02
3.789999999998003091e+02 -8.090671655278841001e+01 8.806656438473395299e-02
3.799999999997993996e+02 -8.091152142180136764e+01 8.795442453049509557e-02
3.809999999997984901e+02 -8.091627157423265260e+01 8.784352309742070319e-02
3.819999999997975806e+02 -8.092096786592952640e+01 8.773383749530414000e-02
3.829999999997966711e+02 -8.092561113493243852e+01 8.762534571351134061e-02
3.839999999997957616e+02 -8.093020220196626724e+01 8.751802630294951146e-02
3.849999999997948521e+02 -8.093474187091244687e+01 8.741185835866949194e-02
3.859999999997939426e+02 -8.093923092926156926e+01 8.730682150307816913e-02
3.869999999997930331e+02 -8.094367014854881859e+01 8.720289586973549445e-02
3.879999999997921236e+02 -8.094806028477361792e+01 8.710006208771428615e-02
3.889999999997912141e+02 -8.095240207880320327e+01 8.699830126650108519e-02
3.899999999997903046e+02 -8.095669625676332259e+01 8.689759498141631788e-02
3.909999999997893951e+02 -8.096094353041392822e+01 8.679792525953559934e-02
3.919999999997884856e+02 -8.096514459751362836e+01 8.669927456609156924e-02
3.929999999997875761e+02 -8.096930014217095106e+01 8.660162579133844074e-02
3.939999999997866666e+02 -8.097341083518499261e+01 8.650496223786251215e-02
3.949999999997857572e+02 -8.097747733437496720e+01 8.640926760832128017e-02
3.959999999997848477e+02 -8.098150028489895647e+01 8.631452599359507039e-02
3.969999999997839382e+02 -8.098548031956357818e+01 8.622072186133693250e-02
3.979999999997830287e+02 -8.098941805912311054e+01 8.612784004490456335e-02
3.989999999997821192e+02 -8.099331411257054469e+01 8.603586573266153170e-02
3.999999999997812097e+02 -8.099716907741924388e+01 8.594478445763306662e-02
4.009999999997803002e+02 -8.100098353997628919e+01 8.585458208750541831e-02
4.019999999997793907e+02 -8.100475807560808050e+01 8.576524481495383101e-02
4.029999999997784812e+02 -8.100849324899770920e+01 8.567675914828891404e-02
4.039999999997775717e+02 -8.101218961439532507e+01 8.558911190240965638e-02
4.049999999997766622e+02 -8.101584771586118450e+01 8.550229019005217701e-02
4.059999999997757527e+02 -8.101946808750116702e+01 8.541628141332270607e-02
4.069999999997748432e+02 -8.102305125369652217e+01 8.533107325550604028e-02
4.079999999997739337e+02 -8.102659772932639726e+01 8.524665367313889741e-02
4.089999999997730242e+02 -8.103010801998479451e+01 8.516301088833871935e-02
4.099999999997721147e+02 -8.103358262219067853e+01 8.508013338137934700e-02
4.109999999997712052e+02 -8.103702202359288265e+01 8.499800988350478259e-02
4.119999999997702957e+02 -8.104042670316917452e+01 8.491662936997236566e-02
4.129999999997693862e+02 -8.104379713141992170e+01 8.483598105331782713e-02
4.139999999997684768e+02 -8.104713377055639967e+01 8.475605437683424170e-02
4.149999999997675673e+02 -8.105043707468398395e+01 8.467683900825746790e-02
4.159999999997666578e+02 -8.105370748998069530e+01 8.459832483365105349e-02
4.169999999997657483e+02 -8.105694545487048686e+01 8.452050195148327894e-02
4.179999999997648388e+02 -8.106015140019216858e+01 8.444336066689074605e-02
4.189999999997639293e+02 -8.106332574936412527e+01 8.436689148612080968e-02
4.199999999997630198e+02 -8.106646891854424553e+01 8.429108511114767610e-02
4.209999999997621103e+02 -8.106958131678563007e+01 8.421593243445617272e-02
4.219999999997612008e+02 -8.107266334618880421e+01 8.414142453398662513e-02
4.229999999997602913e+02 -8.107571540204929761e+01 8.406755266823674744e-02
4.239999999997593818e+02 -8.107873787300194124e+01 8.399430827151388446e-02
4.249999999997584723e+02 -8.108173114116110014e+01 8.392168294933328998e-02
4.259999999997575628e+02 -8.108469558225736762e+01 8.384966847395761147e-02
4.269999999997566533e+02 -8.108763156577111886e+01 8.377825678007257137e-02
4.279999999997557438e+02 -8.109053945506222760e+01 8.370743996059382130e-02
4.289999999997548343e+02 -8.109341960749638645e+01 8.363721026260152736e-02
4.299999999997539248e+02 -8.109627237456933813e+01 8.356756008339770447e-02
4.309999999997530153e+02 -8.109909810202658775e+01 8.349848196668249733e-02
4.319999999997521059e+02 -8.110189712998085554e+01 8.342996859884578564e-02
4.329999999997511964e+02 -8.110466979302667312e+01 8.336201280536929825e-02
4.339999999997502869e+02 -8.110741642035215193e+01 8.329460754733661321e-02
4.349999999997493774e+02 -8.111013733584752572e+01 8.322774591804693589e-02
4.359999999997484679e+02 -8.111283285821167510e+01 8.316142113972958827e-02
4.369999999997475584e+02 -8.111550330105572471e+01 8.309562656035549000e-02
4.379999999997466489e+02 -8.111814897300405391e+01 8.303035565054275868e-02
4.389999999997457394e+02 -8.112077017779331811e+01 8.296560200055302925e-02
4.399999999997448299e+02 -8.112336721436831510e+01 8.290135931737621644e-02
4.409999999997439204e+02 -8.112594037697654414e+01 8.283762142190020938e-02
4.419999999997430109e+02 -8.112848995525959594e+01 8.277438224616252838e-02
4.429999999997421014e+02 -8.113101623434319265e+01 8.271163583068233405e-02
4.439999999997411919e+02 -8.113351949492425774e+01 8.264937632186894478e-02
4.449999999997402824e+02 -8.113600001335680645e+01 8.258759796950541909e-02
4.459999999997393729e+02 -8.113845806173502240e+01 8.252629512430424696e-02
4.469999999997384634e+02 -8.114089390797521162e+01 8.246546223553263832e-02
4.479999999997375539e+02 -8.114330781589525543e+01 8.240509384870629839e-02
4.489999999997366444e+02 -8.114570004529231539e+01 8.234518460334751266e-02
4.499999999997357349e+02 -8.114807085201886139e+01 8.228572923080761103e-02
4.509999999997348255e+02 -8.115042048805713648e+01 8.222672255215035531e-02
4.519999999997339160e+02 -8.115274920159180283e+01 8.216815947609529269e-02
4.529999999997330065e+02 -8.115505723708054120e+01 8.211003499701800823e-02
4.539999999997320970e+02 -8.115734483532372678e+01 8.205234419300638793e-02
4.549999999997311875e+02 -8.115961223353200182e+01 8.199508222397118573e-02
4.559999999997302780e+02 -8.116185966539293872e+01 8.193824432980834072e-02
4.569999999997293685e+02 -8.116408736113513100e+01 8.188182582861266989e-02
4.579999999997284590e+02 -8.116629554759218479e+01 8.182582211493992508e-02
4.589999999997275495e+02 -8.116848444826452180e+01 8.177022865811642283e-02
4.599999999997266400e+02 -8.117065428337991762e+01 8.171504100059560904e-02
4.609999999997257305e+02 -8.117280526995264722e+01 8.166025475635808883e-02
4.619999999997248210e+02 -8.117493762184166428e+01 8.160586560935566280e-02
4.629999999997239115e+02 -8.117705154980714610e+01 8.155186931199723266e-02
4.639999999997230020e+02 -8.117914726156622862e+01 8.149826168367475809e-02
4.649999999997220925e+02 -8.118122496184697923e+01 8.144503860932945927e-02
4.659999999997211830e+02 -8.118328485244165904e+01 8.139219603805537828e-02
4.669999999997202735e+02 -8.118532713225862096e+01 8.133972998174031355e-02
4.679999999997193640e+02 -8.118735199737339769e+01 8.128763651374273924e-02
4.689999999997184545e+02 -8.118935964107834025e+01 8.123591176760330823e-02
4.699999999997175451e+02 -8.119135025393144645e+01 8.118455193578993923e-02
4.709999999997166356e+02 -8.119332402380375413e+01 8.113355326847605797e-02
4.719999999997157261e+02 -8.119528113592647856e+01 8.108291207235010511e-02
4.729999999997148166e+02 -8.119722177293657239e+01 8.103262470945631069e-02
4.739999999997139071e+02 -8.119914611492158940e+01 8.098268759606441769e-02
4.749999999997129976e+02 -8.120105433946325491e+01 8.093309720156958986e-02
4.759999999997120881e+02 -8.120294662168065258e+01 8.088385004741917295e-02
4.769999999997111786e+02 -8.120482313427241650e+01 8.083494270606771115e-02
4.779999999997102691e+02 -8.120668404755755887e+01 8.078637179995794282e-02
4.789999999997093596e+02 -8.120852952951612735e+01 8.073813400052717859e-02
4.799999999997084501e+02 -8.121035974582866857e+01 8.069022602723917303e-02
4.809999999997075406e+02 -8.121217485991472529e+01 8.064264464663986609e-02
4.819999999997066311e+02 -8.121397503297119158e+01 8.059538667143668900e-02
4.829999999997057216e+02 -8.121576042400930362e+01 8.054844895960032447e-02
4.839999999997048121e+02 -8.121753118989100528e+01 8.050182841348903218e-02
4.849999999997039026e+02 -8.121928748536468845e+01 8.045552197899447089e-02
4.859999999997029931e+02 -8.122102946310012328e+01 8.040952664470776834e-02
4.869999999997020836e+02 -8.122275727372314691e+01 8.036383944110636612e-02
4.879999999997011741e+02 -8.122447106584891685e+01 8.031845743976051555e-02
4.889999999997002647e+02 -8.122617098611482334e+01 8.027337775255886931e-02
4.899999999996993552e+02 -8.122785717921300375e+01 8.022859753095233637e-02
4.909999999996984457e+02 -8.122952978792207546e+01 8.018411396521613055e-02
4.919999999996975362e+02 -8.123118895313794496e+01 8.013992428372962440e-02
4.929999999996966267e+02 -8.123283481390448912e+01 8.009602575227285637e-02
4.939999999996957172e+02 -8.123446750744342637e+01 8.005241567333974684e-02
4.949999999996948077e+02 -8.123608716918337791e+01 8.000909138546734301e-02
4.959999999996938982e+02 -8.123769393278881523e+01 7.996605026258067628e-02
4.969999999996929887e+02 -8.123928793018814076e+01 7.992328971335317667e-02
4.979999999996920792e+02 -8.124086929160155535e+01 7.988080718058102048e-02
4.989999999996911697e+02 -8.124243814556766097e+01 7.983860014057289622e-02
4.999999999996902602e+02 -8.124399461897071717e+01 7.979666610255295445e-02
5.000000000000000000e+02 -8.124399461897120034e+01 7.979666610254000647e-02
