1.000000000000000666e+00 -7.277638059655465952e+01 7.361361390428076967e-02
2.000000000000001332e+00 -6.393320578000672327e+01 7.366592844181096833e-02
2.999999999999980016e+00 -1.899448319950754538e+01 7.377907438678693586e-02
3.999999999999958700e+00 3.883964918356424079e+01 7.901756463648476614e-02
4.999999999999937828e+00 3.175705537235348785e+01 9.328174560312463282e-02
5.999999999999916511e+00 2.650083337952716533e+01 1.129868819188850071e-01
6.999999999999895195e+00 2.336191454165500048e+01 1.336862713782749901e-01
7.999999999999873879e+00 2.176157958329021014e+01 1.518278838504550365e-01
8.999999999999852562e+00 2.113165571531133224e+01 1.658214794595063157e-01
9.999999999999831246e+00 2.106843478459487784e+01 1.756903223991853891e-01
1.099999999999980993e+01 2.131422170268142580e+01 1.822453406902924677e-01
1.199999999999978861e+01 2.171260478526954785e+01 1.864607976586289406e-01
1.299999999999976730e+01 2.217149792490855020e+01 1.891725946877599318e-01
1.399999999999974598e+01 2.263775461752270601e+01 1.909920535628174820e-01
1.499999999999972466e+01 2.308078503180842844e+01 1.923205211624568201e-01
1.599999999999970335e+01 2.348225248932835996e+01 1.933969017093909171e-01
1.699999999999985789e+01 2.382961698974473919e+01 1.943472241594693395e-01
1.800000000000001421e+01 2.411194442706126750e+01 1.952249949714032484e-01
1.900000000000017053e+01 2.431689599998925289e+01 1.960397180936149231e-01
2.000000000000032685e+01 2.442830382342333451e+01 1.967745751958468181e-01
2.100000000000048317e+01 2.442477412353979815e+01 1.973967766027297788e-01
2.200000000000063949e+01 2.428282916864772645e+01 1.978680813098593061e-01
2.300000000000079581e+01 2.399322876412873384e+01 1.981652624503497107e-01
2.400000000000095213e+01 2.358841915692335434e+01 1.983029597744593586e-01
2.500000000000110845e+01 2.313735587682696604e+01 1.983258567090063762e-01
2.600000000000126477e+01 2.269691139950555936e+01 1.982773637594652527e-01
2.700000000000142109e+01 2.229015210329831120e+01 1.981867032861934497e-01
2.800000000000157740e+01 2.192008585391007713e+01 1.980724343537889898e-01
2.900000000000173372e+01 2.158371023383860887e+01 1.979466641409135252e-01
3.000000000000189004e+01 2.127755758528316221e+01 1.978172192346634717e-01
3.100000000000204636e+01 2.099881684086879474e+01 1.976889206722719505e-01
3.200000000000220268e+01 2.074515419685861417e+01 1.975645172536845129e-01
3.300000000000200373e+01 2.051440675104974432e+01 1.974453828671713651e-01
3.400000000000180478e+01 2.030442534835060897e+01 1.973320089757021889e-01
3.500000000000160583e+01 2.011305077417267384e+01 1.972243376556000183e-01
3.600000000000140687e+01 1.993815506510784985e+01 1.971219833160362256e-01
3.700000000000120792e+01 1.977769780428295121e+01 1.970243801513524018e-01
3.800000000000100897e+01 1.962977283455145994e+01 1.969308798093198642e-01
3.900000000000081002e+01 1.949263778212900888e+01 1.968408148650848122e-01
4.000000000000061107e+01 1.936472713396181078e+01 1.967535383936828974e-01
4.100000000000041211e+01 1.924465263096905687e+01 1.966684468475195513e-01
4.200000000000021316e+01 1.913119512969389646e+01 1.965849914914453711e-01
4.300000000000001421e+01 1.902329143751244089e+01 1.965026822618759217e-01
4.399999999999981526e+01 1.892001872469192492e+01 1.964210868580596181e-01
4.499999999999961631e+01 1.882057828696942181e+01 1.963398270505132270e-01
4.599999999999941735e+01 1.872427977723951642e+01 1.962585735615098581e-01
4.699999999999921840e+01 1.863052654960653598e+01 1.961770404043972904e-01
4.799999999999901945e+01 1.853880243403647299e+01 1.960949792326240892e-01
4.899999999999882050e+01 1.844866004878362631e+01 1.960121740167975191e-01
4.999999999999862155e+01 1.835971062812756571e+01 1.959284362129548041e-01
5.099999999999842260e+01 1.827161526903750755e+01 1.958436004858764568e-01
5.199999999999822364e+01 1.818407746321559415e+01 1.957575209907403968e-01
5.299999999999802469e+01 1.809683676714938727e+01 1.956700681820254251e-01
5.399999999999782574e+01 1.800966346315619759e+01 1.955811261011832225e-01
5.499999999999762679e+01 1.792235407281921766e+01 1.954905900878797786e-01
5.599999999999742784e+01 1.783472759674146957e+01 1.953983648592583222e-01
5.699999999999722888e+01 1.774662236869366438e+01 1.953043629048790975e-01
5.799999999999702993e+01 1.765789342650259997e+01 1.952085031499674883e-01
5.899999999999683098e+01 1.756841031556396970e+01 1.951107098452200539e-01
5.999999999999663203e+01 1.747805525322564080e+01 1.950109116470570281e-01
6.099999999999643308e+01 1.738672159329196631e+01 1.949090408574923605e-01
6.199999999999623412e+01 1.729431253952275327e+01 1.948050327975572871e-01
6.299999999999603517e+01 1.720074006530348143e+01 1.946988252924038709e-01
6.399999999999583622e+01 1.710592400375777800e+01 1.945903582498170747e-01
6.499999999999634781e+01 1.700979127858775541e+01 1.944795733169452090e-01
6.599999999999685940e+01 1.691227525099802165e+01 1.943664136026430900e-01
6.699999999999737099e+01 1.681331516230963175e+01 1.942508234549938928e-01
6.799999999999788258e+01 1.671285565542417118e+01 1.941327482853806297e-01
6.899999999999839417e+01 1.661084636125495351e+01 1.940121344319761243e-01
6.999999999999890576e+01 1.650724153870022803e+01 1.938889290567571977e-01
7.099999999999941735e+01 1.640199975876771177e+01 1.937630800711695467e-01
7.199999999999992895e+01 1.629508362514352271e+01 1.936345360864108189e-01
7.300000000000044054e+01 1.618645952488646600e+01 1.935032463849867268e-01
7.400000000000095213e+01 1.607609740407317034e+01 1.933691609107633103e-01
7.500000000000146372e+01 1.596397056415947269e+01 1.932322302751984244e-01
7.600000000000197531e+01 1.585005547559637051e+01 1.930924057778148628e-01
7.700000000000248690e+01 1.573433160587106983e+01 1.929496394392856695e-01
7.800000000000299849e+01 1.561678125966165354e+01 1.928038840457480807e-01
7.900000000000351008e+01 1.549738942921702112e+01 1.926550932031693419e-01
8.000000000000402167e+01 1.537614365341798184e+01 1.925032214007432185e-01
8.100000000000453326e+01 1.525303388425654916e+01 1.923482240824289091e-01
8.200000000000504485e+01 1.512805235969809381e+01 1.921900577258420229e-01
8.300000000000555644e+01 1.500119348207592296e+01 1.920286799277861611e-01
8.400000000000606803e+01 1.487245370131760325e+01 1.918640494957742082e-01
8.500000000000657963e+01 1.474183140242298329e+01 1.916961265449270979e-01
8.600000000000709122e+01 1.460932679671164713e+01 1.915248725996720469e-01
8.700000000000760281e+01 1.447494181643624955e+01 1.913502506996787034e-01
8.800000000000811440e+01 1.433868001242126766e+01 1.911722255094814027e-01
8.900000000000862599e+01 1.420054645443810948e+01 1.909907634312379698e-01
9.000000000000913758e+01 1.406054763406860886e+01 1.908058327200719551e-01
9.100000000000964917e+01 1.391869136984257338e+01 1.906174036014358364e-01
9.200000000001016076e+01 1.377498671446179479e+01 1.904254483899203987e-01
9.300000000001067235e+01 1.362944386394582352e+01 1.902299416089187345e-01
9.400000000001118394e+01 1.348207406855293655e+01 1.900308601105393513e-01
9.500000000001169553e+01 1.333288954534528159e+01 1.898281831951370846e-01
9.600000000001220712e+01 1.318190339228039321e+01 1.896218927298212176e-01
9.700000000001271871e+01 1.302912950372296130e+01 1.894119732652717880e-01
9.800000000001323031e+01 1.287458248728037802e+01 1.891984121501820437e-01
9.900000000001374190e+01 1.271827758187512813e+01 1.889811996426282448e-01
1.000000000000142535e+02 1.256023057697518475e+01 1.887603290176504967e-01
1.010000000000147651e+02 1.240045773291122622e+01 1.885357966703184729e-01
1.020000000000152767e+02 1.223897570221672204e+01 1.883076022135465044e-01
1.030000000000157883e+02 1.207580145193386478e+01 1.880757485699139364e-01
1.040000000000162999e+02 1.191095218683434531e+01 1.878402420567490405e-01
1.050000000000168114e+02 1.174444527351058731e+01 1.876010924637324662e-01
1.060000000000173230e+02 1.157629816529811073e+01 1.873583131222865128e-01
1.070000000000178346e+02 1.140652832799535510e+01 1.871119209660249971e-01
1.080000000000183462e+02 1.123515316635221239e+01 1.868619365815581412e-01
1.090000000000188578e+02 1.106218995130260652e+01 1.866083842489643096e-01
1.100000000000193694e+02 1.088765574792061663e+01 1.863512919712730365e-01
1.110000000000198810e+02 1.071156734408300082e+01 1.860906914923289857e-01
1.120000000000203926e+02 1.053394117982356271e+01 1.858266183024514795e-01
1.130000000000209042e+02 1.035479327736707944e+01 1.855591116313410893e-01
1.140000000000214158e+02 1.017413917183189653e+01 1.852882144277355481e-01
1.150000000000219273e+02 9.991993842591126551e+00 1.850139733253692020e-01
1.160000000000224389e+02 9.808371645282441875e+00 1.847364385948475907e-01
1.170000000000229505e+02 9.623286244455485416e+00 1.844556640811089165e-01
1.180000000000234621e+02 9.436750546844901777e+00 1.841717071262123084e-01
1.190000000000239737e+02 9.248776635254539968e+00 1.838846284772577278e-01
1.200000000000244853e+02 9.059375703035355443e+00 1.835944921793149498e-01
1.210000000000249969e+02 8.868557989136169439e+00 1.833013654533147962e-01
1.220000000000255085e+02 8.676332713701958355e+00 1.830053185589261833e-01
1.230000000000260201e+02 8.482708014189226375e+00 1.827064246425220140e-01
1.240000000000265317e+02 8.287690881962685552e+00 1.824047595704123836e-01
1.250000000000270433e+02 8.091287099330994437e+00 1.821004017475974790e-01
1.260000000000275548e+02 7.893501176972910649e+00 1.817934319223689366e-01
1.270000000000280664e+02 7.694336291697791097e+00 1.814839329771593401e-01
1.280000000000285638e+02 7.493794224477144716e+00 1.811719897061099815e-01
1.290000000000276543e+02 7.291875298676171901e+00 1.808576885798942324e-01
1.300000000000267448e+02 7.088578318404737288e+00 1.805411174983924394e-01
1.310000000000258353e+02 6.883900506903091632e+00 1.802223655318789253e-01
1.320000000000249258e+02 6.677837444863880201e+00 1.799015226514269761e-01
1.330000000000240163e+02 6.470383008588106222e+00 1.795786794492888472e-01
1.340000000000231068e+02 6.261529307862837790e+00 1.792539268500461247e-01
1.350000000000221974e+02 6.051266623441075687e+00 1.789273558133646636e-01
1.360000000000212879e+02 5.839583343996691767e+00 1.785990570292069757e-01
1.370000000000203784e+02 5.626465902420386023e+00 1.782691206063840017e-01
1.380000000000194689e+02 5.411898711316244892e+00 1.779376357553364152e-01
1.390000000000185594e+02 5.195864097552814087e+00 1.776046904660415482e-01
1.400000000000176499e+02 4.978342235717617470e+00 1.772703711819444417e-01
1.410000000000167404e+02 4.759311080320584253e+00 1.769347624707987288e-01
1.420000000000158309e+02 4.538746296588768381e+00 1.765979466932907360e-01
1.430000000000149214e+02 4.316621189693712779e+00 1.762600036703013962e-01
1.440000000000140119e+02 4.092906632253015431e+00 1.759210103496288702e-01
1.450000000000131024e+02 3.867570989949521199e+00 1.755810404729687690e-01
1.460000000000121929e+02 3.640580045115772823e+00 1.752401642439059826e-01
1.470000000000112834e+02 3.411896918137647283e+00 1.748984479976415929e-01
1.480000000000103739e+02 3.181481986540011686e+00 1.745559538731252802e-01
1.490000000000094644e+02 2.949292801629411986e+00 1.742127394882302949e-01
1.500000000000085549e+02 2.715284002584034795e+00 1.738688576185533352e-01
1.510000000000076454e+02 2.479407227900674471e+00 1.735243558803865604e-01
1.520000000000067359e+02 2.241611024132204921e+00 1.731792764183626709e-01
1.530000000000058265e+02 2.001840751877907554e+00 1.728336555982357692e-01
1.540000000000049170e+02 1.760038489023767916e+00 1.724875237052300725e-01
1.550000000000040075e+02 1.516142931271243555e+00 1.721409046483586280e-01
1.560000000000030980e+02 1.270089290041854335e+00 1.717938156711016351e-01
1.570000000000021885e+02 1.021809187902563476e+00 1.714462670688203239e-01
1.580000000000012790e+02 7.712305517244920638e-01 1.710982619132926097e-01
1.590000000000003695e+02 5.182775038660784039e-01 1.707497957847737002e-01
1.599999999999994600e+02 2.628702517635300162e-01 1.704008565120249674e-01
1.609999999999985505e+02 4.924976417652399824e-03 1.700514239208051892e-01
1.619999999999976410e+02 -2.556462796110106628e-01 1.697014695914043636e-01
1.629999999999967315e+02 -5.189357239446923398e-01 1.693509566258976362e-01
1.639999999999958220e+02 -7.850399249511766930e-01 1.689998394259329961e-01
1.649999999999949125e+02 -1.054059920021308772e+00 1.686480634820255176e-01
1.659999999999940030e+02 -1.326101320240030690e+00 1.682955651755305149e-01
1.669999999999930935e+02 -1.601274409882498695e+00 1.679422715946975730e-01
1.679999999999921840e+02 -1.879694238884383140e+00 1.675881003664880520e-01
1.689999999999912745e+02 -2.161480706112753669e+00 1.672329595061518293e-01
1.699999999999903650e+02 -2.446758630896949782e+00 1.668767472869271407e-01
1.709999999999894555e+02 -2.735657809861375522e+00 1.665193521326409909e-01
1.719999999999885461e+02 -3.028313055629227257e+00 1.661606525364531239e-01
1.729999999999876366e+02 -3.324864213431503401e+00 1.658005170095124825e-01
1.739999999999867271e+02 -3.625456151053201292e+00 1.654388040638626878e-01
1.749999999999858176e+02 -3.930238716872384241e+00 1.650753622345698113e-01
1.759999999999849081e+02 -4.239366659992126252e+00 1.647100301467193106e-01
1.769999999999839986e+02 -4.552999505625433763e+00 1.643426366336679934e-01
1.779999999999830891e+02 -4.871301377965949087e+00 1.639730009136974864e-01
1.789999999999821796e+02 -5.194440761765468650e+00 1.636009328330220169e-01
1.799999999999812701e+02 -5.522590192718639379e+00 1.632262331839448299e-01
1.809999999999803606e+02 -5.855925865627527926e+00 1.628486941077223749e-01
1.819999999999794511e+02 -6.194627148030599884e+00 1.624680995925377180e-01
1.829999999999785416e+02 -6.538875985740333796e+00 1.620842260777195232e-01
1.839999999999776321e+02 -6.888856185489804496e+00 1.616968431759543690e-01
1.849999999999767226e+02 -7.244752558705237711e+00 1.613057145257562885e-01
1.859999999999758131e+02 -7.606749909419395550e+00 1.609105987867496812e-01
1.869999999999749036e+02 -7.975031848625449449e+00 1.605112507903398988e-01
1.879999999999739941e+02 -8.349779417108605273e+00 1.601074228580240955e-01
1.889999999999730846e+02 -8.731169499191000938e+00 1.596988662988094443e-01
1.899999999999721751e+02 -9.119373011145054164e+00 1.592853330958833302e-01
1.909999999999712657e+02 -9.514552850584877319e+00 1.588665777906765331e-01
1.919999999999703562e+02 -9.916861597296025010e+00 1.584423595696628217e-01
1.929999999999694467e+02 -1.032643896210950984e+01 1.580124445555101398e-01
1.939999999999685372e+02 -1.074340898897034258e+01 1.575766082994063955e-01
1.949999999999676277e+02 -1.116787702666278292e+01 1.571346384654134509e-01
1.959999999999667182e+02 -1.159992650100009826e+01 1.566863376904496230e-01
1.969999999999658087e+02 -1.203961553574508869e+01 1.562315265949287824e-01
1.979999999999648992e+02 -1.248697349088729069e+01 1.557700469092063444e-01
1.989999999999639897e+02 -1.294199750955402806e+01 1.553017646699154930e-01
1.999999999999630802e+02 -1.340464918866826061e+01 1.548265734282851247e-01
2.009999999999621707e+02 -1.387485151182849918e+01 1.543443974000463792e-01
2.019999999999612612e+02 -1.435248620356875549e+01 1.538551944741634037e-01
2.029999999999603517e+02 -1.483739167952666271e+01 1.533589589862374702e-01
2.039999999999594422e+02 -1.532936177426945967e+01 1.528557241530621724e-01
2.049999999999585327e+02 -1.582814542491560594e+01 1.523455640586894866e-01
2.059999999999576232e+02 -1.633344747214732706e+01 1.518285950807888585e-01
2.069999999999567137e+02 -1.684493070968697737e+01 1.513049766502951587e-01
2.079999999999558042e+02 -1.736221926919260383e+01 1.507749112483628973e-01
2.089999999999548947e+02 -1.788490337185933043e+01 1.502386435630557737e-01
2.099999999999539853e+02 -1.841254541445155013e+01 1.496964587539682534e-01
2.109999999999530758e+02 -1.894468729099882154e+01 1.491486798053011098e-01
2.119999999999521663e+02 -1.948085878762722345e+01 1.485956639851811478e-01
2.129999999999512568e+02 -2.002058683257471117e+01 1.480377984688454052e-01
2.139999999999503473e+02 -2.056340534110154650e+01 1.474754952227892157e-01
2.149999999999494378e+02 -2.110886536895621290e+01 1.469091852829255140e-01
2.159999999999485283e+02 -2.165654527953203612e+01 1.463393125892061275e-01
2.169999999999476188e+02 -2.220606063800854102e+01 1.457663275595453833e-01
2.179999999999467093e+02 -2.275707356794884717e+01 1.451906805956767188e-01
2.189999999999457998e+02 -2.330930133803595794e+01 1.446128157122678892e-01
2.199999999999448903e+02 -2.386252398424918653e+01 1.440331644688870871e-01
2.209999999999439808e+02 -2.441659081125017039e+01 1.434521403639029136e-01
2.219999999999430713e+02 -2.497142565218774024e+01 1.428701338225511208e-01
2.229999999999421618e+02 -2.552703079579454126e+01 1.422875078810100780e-01
2.239999999999412523e+02 -2.608348951215960554e+01 1.417045946372193777e-01
2.249999999999403428e+02 -2.664096712397051547e+01 1.411216925098354724e-01
2.259999999999394333e+02 -2.719971057971786621e+01 1.405390643210207846e-01
2.269999999999385238e+02 -2.776004649189849971e+01 1.399569361978615922e-01
2.279999999999376143e+02 -2.832237761014361865e+01 1.393754972714466578e-01
2.289999999999367049e+02 -2.888717771063159390e+01 1.387949001416405870e-01
2.299999999999357954e+02 -2.945498490369763545e+01 1.382152620683899102e-01
2.309999999999348859e+02 -3.002639339575683408e+01 1.376366668456027453e-01
2.319999999999339764e+02 -3.060204379333936586e+01 1.370591673096381857e-01
2.329999999999330669e+02 -3.118261210833522057e+01 1.364827884296005156e-01
2.339999999999321574e+02 -3.176879771504764705e+01 1.359075309195364178e-01
2.349999999999312479e+02 -3.236131061261936992e+01 1.353333753022939456e-01
2.359999999999303384e+02 -3.296085846163722977e+01 1.347602863408753626e-01
2.369999999999294289e+02 -3.356813396170177555e+01 1.341882177360440298e-01
2.379999999999285194e+02 -3.418380321437756209e+01 1.336171169701606265e-01
2.389999999999276099e+02 -3.480849574359562837e+01 1.330469301589881637e-01
2.399999999999267004e+02 -3.544279681120154635e+01 1.324776067585416717e-01
2.409999999999257909e+02 -3.608724255928581925e+01 1.319091039662084741e-01
2.419999999999248814e+02 -3.674231833676038406e+01 1.313413906573112078e-01
2.429999999999239719e+02 -3.740846034230733608e+01 1.307744507119756039e-01
2.439999999999230624e+02 -3.808606046786555055e+01 1.302082856130192534e-01
2.449999999999221529e+02 -3.877547399082937574e+01 1.296429162320953676e-01
2.459999999999212434e+02 -3.947702957213289920e+01 1.290783837652449695e-01
2.469999999999203339e+02 -4.019104089636533672e+01 1.285147498257656062e-01
2.479999999999194245e+02 -4.091781928262897594e+01 1.279520957467768505e-01
2.489999999999185150e+02 -4.165768651620772545e+01 1.273905211833966655e-01
2.499999999999176055e+02 -4.241098732073132282e+01 1.268301421331193279e-01
2.509999999999166960e+02 -4.317810108815785242e+01 1.262710885088169643e-01
2.519999999999157865e+02 -4.395945249783634523e+01 1.257135014026745934e-01
2.529999999999148770e+02 -4.475552082850348512e+01 1.251575301739252521e-01
2.539999999999139675e+02 -4.556684786505524443e+01 1.246033294801886099e-01
2.549999999999130580e+02 -4.639404436498409012e+01 1.240510563543923417e-01
2.559999999999121485e+02 -4.723779507325343019e+01 1.235008674094425635e-01
2.569999999999112674e+02 -4.809886225846114627e+01 1.229529162332930747e-01
2.579999999999103579e+02 -4.897808768841014171e+01 1.224073510195187869e-01
2.589999999999094484e+02 -4.987639287052788006e+01 1.218643124639690184e-01
2.599999999999085389e+02 -5.079477725152132450e+01 1.213239319470669209e-01
2.609999999999076294e+02 -5.173431389888080645e+01 1.207863300139337126e-01
2.619999999999067199e+02 -5.269614197000749556e+01 1.202516151605983186e-01
2.629999999999058105e+02 -5.368145500710332385e+01 1.197198829338016884e-01
2.639999999999049010e+02 -5.469148377166109043e+01 1.191912153539774477e-01
2.649999999999039915e+02 -5.572747194793375058e+01 1.186656806755276711e-01
2.659999999999030820e+02 -5.679064260316663848e+01 1.181433335051451650e-01
2.669999999999021725e+02 -5.788215281016363178e+01 1.176242153072350333e-01
2.679999999999012630e+02 -5.900303335596327514e+01 1.171083553348906126e-01
2.689999999999003535e+02 -6.015411006108392655e+01 1.165957720344783649e-01
2.699999999998994440e+02 -6.133590306263037917e+01 1.160864749802970886e-01
2.709999999998985345e+02 -6.254850070700478426e+01 1.155804674007610139e-01
2.719999999998976250e+02 -6.379140580086116330e+01 1.150777493558245712e-01
2.729999999998967155e+02 -6.506335434000735063e+01 1.145783216123002907e-01
2.739999999998958060e+02 -6.636211099473159436e+01 1.140821902334633181e-01
2.749999999998948965e+02 -6.768425202793747530e+01 1.135893718453956508e-01
2.759999999998939870e+02 -6.902495509554191244e+01 1.130998994592090218e-01
2.769999999998930775e+02 -7.037782594327300956e+01 1.126138286132714050e-01
2.779999999998921680e+02 -7.173480251301468513e+01 1.121312434578129319e-01
2.789999999998912585e+02 -7.308618378934799864e+01 1.116522622527289094e-01
2.799999999998903490e+02 -7.442082865723705254e+01 1.111770416207129297e-01
2.809999999998894396e+02 -7.572655391664193303e+01 1.107057788390765768e-01
2.819999999998885301e+02 -7.699072835379642754e+01 1.102387115153845298e-01
2.829999999998876206e+02 -7.820101586806079297e+01 1.097761142076681129e-01
2.839999999998867111e+02 -7.934617717948010807e+01 1.093182919116045260e-01
2.849999999998858016e+02 -8.041681281754534893e+01 1.088655707827451274e-01
2.859999999998848921e+02 -8.140593269720754677e+01 1.084182868869127958e-01
2.869999999998839826e+02 -8.230927146913057868e+01 1.079767740645855706e-01
2.879999999998830731e+02 -8.312532286936851733e+01 1.075413520810473700e-01
2.889999999998821636e+02 -8.385512179357120033e+01 1.071123161046640959e-01
2.899999999998812541e+02 -8.450184277697154300e+01 1.066899282656448011e-01
2.909999999998803446e+02 -8.507029975273414379e+01 1.062744116867782168e-01
2.919999999998794351e+02 -8.556642621845516317e+01 1.058659470339208541e-01
2.929999999998785256e+02 -8.599679544249381991e+01 1.054646713675604502e-01
2.939999999998776161e+02 -8.636821644277969767e+01 1.050706789115157941e-01
2.949999999998767066e+02 -8.668742007885479950e+01 1.046840232850791280e-01
2.959999999998757971e+02 -8.696083405349902762e+01 1.043047207482748623e-01
2.969999999998748876e+02 -8.719443636878577308e+01 1.039327540594563309e-01
2.979999999998739781e+02 -8.739367266880175578e+01 1.035680766164641525e-01
2.989999999998730686e+02 -8.756342228196430710e+01 1.032106166297860339e-01
2.999999999998721592e+02 -8.770799915651987533e+01 1.028602811479909090e-01
3.009999999998712497e+02 -8.783117616446590148e+01 1.025169598168691465e-01
3.019999999998703402e+02 -8.793622373445683138e+01 1.021805283025146588e-01
3.029999999998694307e+02 -8.802595607984694936e+01 1.018508513454875475e-01
3.039999999998685212e+02 -8.810278024199305946e+01 1.015277854397145657e-01
3.049999999998676117e+02 -8.816874472660529705e+01 1.012111811478119960e-01
3.059999999998667022e+02 -8.822558569553746111e+01 1.009008850759333387e-01
3.069999999998657927e+02 -8.827476954158758815e+01 1.005967415377210239e-01
3.079999999998648832e+02 -8.831753128178127099e+01 1.002985939398695486e-01
3.089999999998639737e+02 -8.835490861442364974e+01 1.000062859222889539e-01
3.099999999998630642e+02 -8.838777174797461100e+01 9.971966228473097549e-02
3.109999999998621547e+02 -8.841684926691893054e+01 9.943856972963689700e-02
3.119999999998612452e+02 -8.844275038339087303e+01 9.916285744832664673e-02
3.129999999998603357e+02 -8.846598395744240406e+01 9.889237757478670787e-02
3.139999999998594262e+02 -8.848697467104905456e+01 9.862698552844074984e-02
3.149999999998585167e+02 -8.850607672364662903e+01 9.836654026452906763e-02
3.159999999998576072e+02 -8.852358538875860461e+01 9.811090444816246425e-02
3.169999999998566977e+02 -8.853974673786298411e+01 9.785994456579250045e-02
3.179999999998557882e+02 -8.855476580277958476e+01 9.761353098576817933e-02
3.189999999998548788e+02 -8.856881341384102768e+01 9.737153797782506504e-02
3.199999999998539693e+02 -8.858203191928575393e+01 9.713384369976790778e-02
3.209999999998530598e+02 -8.859453996235262707e+01 9.690033015823804052e-02
3.219999999998521503e+02 -8.860643646673671014e+01 9.667088314928759529e-02
3.229999999998512408e+02 -8.861780395837676849e+01 9.644539218348607834e-02
3.239999999998503313e+02 -8.862871133183300287e+01 9.622375039944322528e-02
3.249999999998494218e+02 -8.863921615253343589e+01 9.600585446892347108e-02
3.259999999998485123e+02 -8.864936657164182066e+01 9.579160449613330353e-02
3.269999999998476028e+02 -8.865920291794142827e+01 9.558090391326831692e-02
3.279999999998466933e+02 -8.866875902065990545e+01 9.537365937399509830e-02
3.289999999998457838e+02 -8.867806330832283379e+01 9.516978064620147670e-02
3.299999999998448743e+02 -8.868713972128621492e+01 9.496918050506766851e-02
3.309999999998439648e+02 -8.869600846935328775e+01 9.477177462728052226e-02
3.319999999998430553e+02 -8.870468666064689955e+01 9.457748148702223301e-02
3.329999999998421458e+02 -8.871318882353003232e+01 9.438622225421111622e-02
3.339999999998412363e+02 -8.872152733971073246e+01 9.419792069534703438e-02
3.349999999998403268e+02 -8.872971280361291235e+01 9.401250307721070731e-02
3.359999999998394173e+02 -8.873775432055015244e+01 9.382989807358685375e-02
3.369999999998385078e+02 -8.874565975412087937e+01 9.365003667511322127e-02
3.379999999998375984e+02 -8.875343593147576371e+01 9.347285210230817099e-02
3.389999999998366889e+02 -8.876108881364284287e+01 9.329827972178671158e-02
3.399999999998357794e+02 -8.876862363687256163e+01 9.312625696564423572e-02
3.409999999998348699e+02 -8.877604502995249902e+01 9.295672325396121816e-02
3.419999999998339604e+02 -8.878335711159651567e+01 9.278961992036625916e-02
3.429999999998330509e+02 -8.879056357131484845e+01 9.262489014057805059e-02
3.439999999998321414e+02 -8.879766773658941759e+01 9.246247886383876513e-02
3.449999999998312319e+02 -8.880467262869531453e+01 9.230233274714497171e-02
3.459999999998303224e+02 -8.881158100911234499e+01 9.214440009217692018e-02
3.469999999998294129e+02 -8.881839541813378958e+01 9.198863078482459599e-02
3.479999999998285034e+02 -8.882511820700825922e+01 9.183497623720970893e-02
3.489999999998275939e+02 -8.883175156471970979e+01 9.168338933210172514e-02
3.499999999998266844e+02 -8.883829754032149140e+01 9.153382436962832769e-02
3.509999999998257749e+02 -8.884475806158444300e+01 9.138623701618192596e-02
3.519999999998248654e+02 -8.885113495058769217e+01 9.124058425542787287e-02
3.529999999998239559e+02 -8.885742993677305890e+01 9.109682434132120032e-02
3.539999999998230464e+02 -8.886364466789528649e+01 9.095491675304352708e-02
3.549999999998221369e+02 -8.886978071922568745e+01 9.081482215177326400e-02
3.559999999998212274e+02 -8.887583960130614003e+01 9.067650233920858394e-02
3.569999999998203180e+02 -8.888182276649681057e+01 9.053992021776241517e-02
3.579999999998194085e+02 -8.888773161452482441e+01 9.040503975235601730e-02
3.589999999998184990e+02 -8.889356749719765105e+01 9.027182593373693498e-02
3.599999999998175895e+02 -8.889933172242552928e+01 9.014024474325516012e-02
3.609999999998166800e+02 -8.890502555766487092e+01 9.001026311902965427e-02
3.619999999998157705e+02 -8.891065023288098246e+01 8.988184892344498744e-02
3.629999999998148610e+02 -8.891620694310840634e+01 8.975497091191740606e-02
3.639999999998139515e+02 -8.892169685067496232e+01 8.962959870287456887e-02
3.649999999998130420e+02 -8.892712108714459873e+01 8.950570274889491085e-02
3.659999999998121325e+02 -8.893248075502380345e+01 8.938325430895606438e-02
3.669999999998112230e+02 -8.893777692926970246e+01 8.926222542174318264e-02
3.679999999998103135e+02 -8.894301065863075451e+01 8.914258887997171532e-02
3.689999999998094040e+02 -8.894818296684599090e+01 8.902431820567968668e-02
3.699999999998084945e+02 -8.895329485372475631e+01 8.890738762644946613e-02
3.709999999998075850e+02 -8.895834729612448655e+01 8.879177205251699567e-02
3.719999999998066755e+02 -8.896334124884164396e+01 8.867744705473336320e-02
3.729999999998057660e+02 -8.896827764542813100e+01 8.856438884333996120e-02
3.739999999998048565e+02 -8.897315739894396813e+01 8.845257424752554776e-02
3.749999999998039470e+02 -8.897798140265443578e+01 8.834198069573087619e-02
3.759999999998030376e+02 -8.898275053067892770e+01 8.823258619667083413e-02
3.769999999998021281e+02 -8.898746563859855030e+01 8.812436932104410203e-02
3.779999999998012186e+02 -8.899212756402580737e+01 8.801730918390246461e-02
3.789999999998003091e+02 -8.899673712714258045e+01 8.791138542765219999e-02
3.799999999997993996e+02 -8.900129513120900526e+01 8.780657820566348248e-02
3.809999999997984901e+02 -8.900580236304595871e+01 8.770286816646155614e-02
3.819999999997975806e+02 -8.901025959349534844e+01 8.760023643847772434e-02
3.829999999997966711e+02 -8.901466757785803452e+01 8.749866461533740980e-02
3.839999999997957616e+02 -8.901902705631376023e+01 8.739813474166388541e-02
3.849999999997948521e+02 -8.902333875432306343e+01 8.729862929937785843e-02
3.859999999997939426e+02 -8.902760338301311549e+01 8.720013119447346528e-02
3.869999999997930331e+02 -8.903182163954876671e+01 8.710262374425140064e-02
3.879999999997921236e+02 -8.903599420748993509e+01 8.700609066499290223e-02
3.889999999997912141e+02 -8.904012175713582167e+01 8.691051606005638364e-02
3.899999999997903046e+02 -8.904420494585714607e+01 8.681588440838058918e-02
3.909999999997893951e+02 -8.904824441841721239e+01 8.672218055338071219e-02
3.919999999997884856e+02 -8.905224080728204683e+01 8.662938969221935237e-02
3.929999999997875761e+02 -8.905619473292075838e+01 8.653749736544096016e-02
3.939999999997866666e+02 -8.906010680409563918e+01 8.644648944695465520e-02
3.949999999997857572e+02 -8.906397761814399416e+01 8.635635213435328972e-02
3.959999999997848477e+02 -8.906780776125060584e+01 8.626707193955564235e-02
3.969999999997839382e+02 -8.907159780871216981e+01 8.617863567975952988e-02
3.979999999997830287e+02 -8.907534832519370127e+01 8.609103046869547027e-02
3.989999999997821192e+02 -8.907905986497736706e+01 8.600424370816843467e-02
3.999999999997812097e+02 -8.908273297220395648e+01 8.591826307987898703e-02
4.009999999997803002e+02 -8.908636818110753097e+01 8.583307653751161281e-02
4.019999999997793907e+02 -8.908996601624284040e+01 8.574867229908188226e-02
4.029999999997784812e+02 -8.909352699270682763e+01 8.566503883953283105e-02
4.039999999997775717e+02 -8.909705161635359616e+01 8.558216488357139884e-02
4.049999999997766622e+02 -8.910054038400322440e+01 8.550003939873625225e-02
4.059999999997757527e+02 -8.910399378364493828e+01 8.541865158868927610e-02
4.069999999997748432e+02 -8.910741229463468471e+01 8.533799088672212874e-02
4.079999999997739337e+02 -8.911079638788704926e+01 8.525804694947047846e-02
4.089999999997730242e+02 -8.911414652606248410e+01 8.517880965082887113e-02
4.099999999997721147e+02 -8.911746316374861010e+01 8.510026907605851287e-02
4.109999999997712052e+02 -8.912074674763752569e+01 8.502241551608186176e-02
4.119999999997702957e+02 -8.912399771669753079e+01 8.494523946195725594e-02
4.129999999997693862e+02 -8.912721650234105653e+01 8.486873159952704193e-02
4.139999999997684768e+02 -8.913040352858769211e+01 8.479288280423340207e-02
4.149999999997675673e+02 -8.913355921222273537e+01 8.471768413609644111e-02
4.159999999997666578e+02 -8.913668396295230423e+01 8.464312683484809252e-02
4.169999999997657483e+02 -8.913977818355353122e+01 8.456920231521695974e-02
4.179999999997648388e+02 -8.914284227002200112e+01 8.449590216235927653e-02
4.189999999997639293e+02 -8.914587661171370314e+01 8.442321812743025511e-02
4.199999999997630198e+02 -8.914888159148499369e+01 8.435114212329154759e-02
4.209999999997621103e+02 -8.915185758582838105e+01 8.427966622034953337e-02
4.219999999997612008e+02 -8.915480496500428842e+01 8.420878264252139311e-02
4.229999999997602913e+02 -8.915772409317050062e+01 8.413848376332271062e-02
4.239999999997593818e+02 -8.916061532850756066e+01 8.406876210207417377e-02
4.249999999997584723e+02 -8.916347902334146625e+01 8.399961032022257301e-02
4.259999999997575628e+02 -8.916631552426295571e+01 8.393102121777200331e-02
4.269999999997566533e+02 -8.916912517224432122e+01 8.386298772982253569e-02
4.279999999997557438e+02 -8.917190830275291091e+01 8.379550292321200078e-02
4.289999999997548343e+02 -8.917466524586193088e+01 8.372855999325730381e-02
4.299999999997539248e+02 -8.917739632635873193e+01 8.366215226059270371e-02
4.309999999997530153e+02 -8.918010186385029670e+01 8.359627316810155917e-02
4.319999999997521059e+02 -8.918278217286619736e+01 8.353091627793815532e-02
4.329999999997511964e+02 -8.918543756295898106e+01 8.346607526863646098e-02
4.339999999997502869e+02 -8.918806833880229590e+01 8.340174393230428973e-02
4.349999999997493774e+02 -8.919067480028674311e+01 8.333791617189829914e-02
4.359999999997484679e+02 -8.919325724261324240e+01 8.327458599857807953e-02
4.369999999997475584e+02 -8.919581595638406668e+01 8.321174752913733375e-02
4.379999999997466489e+02 -8.919835122769241309e+01 8.314939498350838731e-02
4.389999999997457394e+02 -8.920086333820880498e+01 8.308752268233839111e-02
4.399999999997448299e+02 -8.920335256526644230e+01 8.302612504463494081e-02
4.409999999997439204e+02 -8.920581918194415039e+01 8.296519658547846232e-02
4.419999999997430109e+02 -8.920826345714731076e+01 8.290473191379948981e-02
4.429999999997421014e+02 -8.921068565568707243e+01 8.284472573021914310e-02
4.439999999997411919e+02 -8.921308603835795736e+01 8.278517282494982088e-02
4.449999999997402824e+02 -8.921546486201306436e+01 8.272606807575494381e-02
4.459999999997393729e+02 -8.921782237963829232e+01 8.266740644596570764e-02
4.469999999997384634e+02 -8.922015884042447453e+01 8.260918298255288950e-02
4.479999999997375539e+02 -8.922247448983775087e+01 8.255139281425218079e-02
4.489999999997366444e+02 -8.922476956968867512e+01 8.249403114974129814e-02
4.499999999997357349e+02 -8.922704431819988713e+01 8.243709327586672131e-02
4.509999999997348255e+02 -8.922929897007186639e+01 8.238057455591957234e-02
4.519999999997339160e+02 -8.923153375654719355e+01 8.232447042795811021e-02
4.529999999997330065e+02 -8.923374890547395921e+01 8.226877640317581397e-02
4.539999999997320970e+02 -8.923594464136724014e+01 8.221348806431409695e-02
4.549999999997311875e+02 -8.923812118546946692e+01 8.215860106411654318e-02
4.559999999997302780e+02 -8.924027875580937064e+01 8.210411112382584586e-02
4.569999999997293685e+02 -8.924241756725980679e+01 8.205001403172060281e-02
4.579999999997284590e+02 -8.924453783159401610e+01 8.199630564169020641e-02
4.589999999997275495e+02 -8.924663975754104683e+01 8.194298187184832771e-02
4.599999999997266400e+02 -8.924872355083984132e+01 8.189003870318294076e-02
4.609999999997257305e+02 -8.925078941429188717e+01 8.183747217824123565e-02
4.619999999997248210e+02 -8.925283754781321477e+01 8.178527839984940651e-02
4.629999999997239115e+02 -8.925486814848487427e+01 8.173345352986531587e-02
4.639999999997230020e+02 -8.925688141060282987e+01 8.168199378796414667e-02
4.649999999997220925e+02 -8.925887752572630518e+01 8.163089545045461304e-02
4.659999999997211830e+02 -8.926085668272519058e+01 8.158015484912617410e-02
4.669999999997202735e+02 -8.926281906782683961e+01 8.152976837012540501e-02
4.679999999997193640e+02 -8.926476486466151528e+01 8.147973245286134480e-02
4.689999999997184545e+02 -8.926669425430709737e+01 8.143004358893786432e-02
4.699999999997175451e+02 -8.926860741533269561e+01 8.138069832111424762e-02
4.709999999997166356e+02 -8.927050452384150958e+01 8.133169324229018449e-02
4.719999999997157261e+02 -8.927238575351266547e+01 8.128302499451768581e-02
4.729999999997148166e+02 -8.927425127564227125e+01 8.123469026803707693e-02
4.739999999997139071e+02 -8.927610125918386075e+01 8.118668580033647220e-02
4.749999999997129976e+02 -8.927793587078757298e+01 8.113900837523500831e-02
4.759999999997120881e+02 -8.927975527483887674e+01 8.109165482198835151e-02
4.769999999997111786e+02 -8.928155963349644253e+01 8.104462201441609004e-02
4.779999999997102691e+02 -8.928334910672914759e+01 8.099790687005049838e-02
4.789999999997093596e+02 -8.928512385235242732e+01 8.095150634930571576e-02
4.799999999997084501e+02 -8.928688402606400132e+01 8.090541745466731105e-02
4.809999999997075406e+02 -8.928862978147850527e+01 8.085963722990091584e-02
4.819999999997066311e+02 -8.929036127016209434e+01 8.081416275927973125e-02
4.829999999997057216e+02 -8.929207864166552611e+01 8.076899116683086688e-02
4.839999999997048121e+02 -8.929378204355765547e+01 8.072411961559948501e-02
4.849999999997039026e+02 -8.929547162145708228e+01 8.067954530692941773e-02
4.859999999997029931e+02 -8.929714751906419679e+01 8.063526547976201941e-02
4.869999999997020836e+02 -8.929880987819173299e+01 8.059127740995014610e-02
4.879999999997011741e+02 -8.930045883879579094e+01 8.054757840958874648e-02
4.889999999997002647e+02 -8.930209453900489791e+01 8.050416582636088503e-02
4.899999999996993552e+02 -8.930371711514990807e+01 8.046103704289846170e-02
4.909999999996984457e+02 -8.930532670179226784e+01 8.041818947615812785e-02
4.919999999996975362e+02 -8.930692343175242343e+01 8.037562057681103822e-02
4.929999999996966267e+02 -8.930850743613717668e+01 8.033332782864652244e-02
4.939999999996957172e+02 -8.931007884436696997e+01 8.029130874798896811e-02
4.949999999996948077e+02 -8.931163778420221888e+01 8.024956088312876212e-02
4.959999999996938982e+02 -8.931318438176968755e+01 8.020808181376451462e-02
4.969999999996929887e+02 -8.931471876158765610e+01 8.016686915045885542e-02
4.979999999996920792e+02 -8.931624104659140073e+01 8.012592053410601267e-02
4.989999999996911697e+02 -8.931775135815772160e+01 8.008523363541071582e-02
4.999999999996902602e+02 -8.931924981612874603e+01 8.004480615437910285e-02
5.000000000000000000e+02 -8.931924981612921499e+01 8.004480615436661284e-02
