1.000000000000000666e+00 -7.216981839977643176e+01 7.359457704805141831e-02
2.000000000000001332e+00 -6.327656990715694008e+01 7.362421329474451437e-02
2.999999999999980016e+00 -6.955701914952610920e+00 7.372568068722218371e-02
3.999999999999958700e+00 3.630447245843151194e+01 7.885747090624835309e-02
4.999999999999937828e+00 3.023481836122710220e+01 9.224328829059379176e-02
5.999999999999916511e+00 2.566078830538684485e+01 1.107261241101302612e-01
6.999999999999895195e+00 2.288520111446611693e+01 1.303759772999227573e-01
7.999999999999873879e+00 2.144323452845846489e+01 1.479792132231400881e-01
8.999999999999852562e+00 2.085479704533452860e+01 1.619700730504542441e-01
9.999999999999831246e+00 2.077159928781473752e+01 1.721988500945906830e-01
1.099999999999980993e+01 2.096853092288285225e+01 1.792671719101088246e-01
1.199999999999978861e+01 2.130768639847176971e+01 1.839921385622872996e-01
1.299999999999976730e+01 2.170721204827352224e+01 1.871237130421490313e-01
1.399999999999974598e+01 2.211957301881902893e+01 1.892447494954162257e-01
1.499999999999972466e+01 2.251748357376494525e+01 1.907644491435550593e-01
1.599999999999970335e+01 2.288510569396044403e+01 1.919479161164625858e-01
1.699999999999985789e+01 2.321263547055813348e+01 1.929534342139532788e-01
1.800000000000001421e+01 2.349295960866113475e+01 1.938658395446190008e-01
1.900000000000017053e+01 2.371948992032110226e+01 1.947223350102043060e-01
2.000000000000032685e+01 2.388458679303824539e+01 1.955304326951053662e-01
2.100000000000048317e+01 2.397823651821752122e+01 1.962790436734993260e-01
2.200000000000063949e+01 2.398704181519082823e+01 1.969445952926689725e-01
2.300000000000079581e+01 2.389464179279560341e+01 1.974956038003140568e-01
2.400000000000095213e+01 2.368719254263099572e+01 1.979016168740981019e-01
2.500000000000110845e+01 2.336873822536960077e+01 1.981504986583729477e-01
2.600000000000126477e+01 2.297660295849644640e+01 1.982614821736277400e-01
2.700000000000142109e+01 2.256629213599630646e+01 1.982732856242203912e-01
2.800000000000157740e+01 2.217672938018928974e+01 1.982215843618859163e-01
2.900000000000173372e+01 2.182116195239348144e+01 1.981312016777582730e-01
3.000000000000189004e+01 2.149906284299710890e+01 1.980185578055724260e-01
3.100000000000204636e+01 2.120626395553546217e+01 1.978946158992680171e-01
3.200000000000220268e+01 2.093885921558959851e+01 1.977665854826316794e-01
3.300000000000200373e+01 2.069389915314346240e+01 1.976390052864575864e-01
3.400000000000180478e+01 2.046912492766703906e+01 1.975145491228652295e-01
3.500000000000160583e+01 2.026262249494986278e+01 1.973946314231413701e-01
3.600000000000140687e+01 2.007261521116280889e+01 1.972798402836629938e-01
3.700000000000120792e+01 1.989738538291997472e+01 1.971702352531584379e-01
3.800000000000100897e+01 1.973526889640476156e+01 1.970655490559038159e-01
3.900000000000081002e+01 1.958467816377149617e+01 1.969653241442491931e-01
4.000000000000061107e+01 1.944412843696101234e+01 1.968690050266915514e-01
4.100000000000041211e+01 1.931225703323318399e+01 1.967759999211526889e-01
4.200000000000021316e+01 1.918783302233775956e+01 1.966857207092447268e-01
4.300000000000001421e+01 1.906975848756214731e+01 1.965976074649972982e-01
4.399999999999981526e+01 1.895706360193404905e+01 1.965111421434902750e-01
4.499999999999961631e+01 1.884889776277841733e+01 1.964258548442429919e-01
4.599999999999941735e+01 1.874451861169905698e+01 1.963413251802414716e-01
4.699999999999921840e+01 1.864328027021551293e+01 1.962571805915870049e-01
4.799999999999901945e+01 1.854462168097557040e+01 1.961730929027026005e-01
4.899999999999882050e+01 1.844805560098840402e+01 1.960887740097957133e-01
4.999999999999862155e+01 1.835315854514547240e+01 1.960039712798037348e-01
5.099999999999842260e+01 1.825956180907000359e+01 1.959184630227674140e-01
5.199999999999822364e+01 1.816694359104547729e+01 1.958320542471812253e-01
5.299999999999802469e+01 1.807502216652204297e+01 1.957445728054985068e-01
5.399999999999782574e+01 1.798355003206707181e+01 1.956558659707605952e-01
5.499999999999762679e+01 1.789230891861517136e+01 1.955657974444728886e-01
5.599999999999742784e+01 1.780110556934103982e+01 1.954742447722428444e-01
5.699999999999722888e+01 1.770976818048629298e+01 1.953810971315025624e-01
5.799999999999702993e+01 1.761814341069895917e+01 1.952862534506887293e-01
5.899999999999683098e+01 1.752609387372046967e+01 1.951896208187619275e-01
5.999999999999663203e+01 1.743349603921349811e+01 1.950911131459953651e-01
6.099999999999643308e+01 1.734023847633104154e+01 1.949906500403466858e-01
6.199999999999623412e+01 1.724622038381852107e+01 1.948881558676497372e-01
6.299999999999603517e+01 1.715135035877646175e+01 1.947835589678735546e-01
6.399999999999583622e+01 1.705554536360634899e+01 1.946767910035224758e-01
6.499999999999634781e+01 1.695872985711299208e+01 1.945677864197373486e-01
6.599999999999685940e+01 1.686083506129998000e+01 1.944564819987795457e-01
6.699999999999737099e+01 1.676179834014091341e+01 1.943428164942883341e-01
6.799999999999788258e+01 1.666156267063624341e+01 1.942267303330475758e-01
6.899999999999839417e+01 1.656007618985379537e+01 1.941081653739892832e-01
6.999999999999890576e+01 1.645729180449429307e+01 1.939870647158509209e-01
7.099999999999941735e+01 1.635316685189511787e+01 1.938633725463251301e-01
7.199999999999992895e+01 1.624766280335975921e+01 1.937370340267274005e-01
7.300000000000044054e+01 1.614074500233680354e+01 1.936079952071997068e-01
7.400000000000095213e+01 1.603238243132607721e+01 1.934762029682932094e-01
7.500000000000146372e+01 1.592254750250647888e+01 1.933416049854592977e-01
7.600000000000197531e+01 1.581121586799889300e+01 1.932041497135421615e-01
7.700000000000248690e+01 1.569836624643204104e+01 1.930637863888337857e-01
7.800000000000299849e+01 1.558398026309772888e+01 1.929204650466402604e-01
7.900000000000351008e+01 1.546804230148710246e+01 1.927741365526200734e-01
8.000000000000402167e+01 1.535053936441189926e+01 1.926247526464149040e-01
8.100000000000453326e+01 1.523146094325024791e+01 1.924722659963050420e-01
8.200000000000504485e+01 1.511079889412886601e+01 1.923166302637874803e-01
8.300000000000555644e+01 1.498854732007449364e+01 1.921578001771155897e-01
8.400000000000606803e+01 1.486470245834534332e+01 1.919957316129420610e-01
8.500000000000657963e+01 1.473926257229766712e+01 1.918303816852957866e-01
8.600000000000709122e+01 1.461222784725796586e+01 1.916617088411833036e-01
8.700000000000760281e+01 1.448360028996429172e+01 1.914896729621579086e-01
8.800000000000811440e+01 1.435338363121481997e+01 1.913142354712290827e-01
8.900000000000862599e+01 1.422158323142127756e+01 1.911353594445116544e-01
9.000000000000913758e+01 1.408820598881274933e+01 1.909530097270222271e-01
9.100000000000964917e+01 1.395326025007358162e+01 1.907671530520380077e-01
9.200000000001016076e+01 1.381675572323000978e+01 1.905777581634337525e-01
9.300000000001067235e+01 1.367870339262482382e+01 1.903847959403984214e-01
9.400000000001118394e+01 1.353911543583992483e+01 1.901882395239295753e-01
9.500000000001169553e+01 1.339800514244291740e+01 1.899880644444855715e-01
9.600000000001220712e+01 1.325538683444830035e+01 1.897842487501594788e-01
9.700000000001271871e+01 1.311127578839534102e+01 1.895767731347218210e-01
9.800000000001323031e+01 1.296568815895523485e+01 1.893656210648603511e-01
9.900000000001374190e+01 1.281864090398914335e+01 1.891507789059298505e-01
1.000000000000142535e+02 1.267015171098742243e+01 1.889322360455019389e-01
1.010000000000147651e+02 1.252023892482761624e+01 1.887099850139943302e-01
1.020000000000152767e+02 1.236892147679635379e+01 1.884840216016449854e-01
1.030000000000157883e+02 1.221621881482730032e+01 1.882543449710805117e-01
1.040000000000162999e+02 1.206215083491367146e+01 1.880209577647292685e-01
1.050000000000168114e+02 1.190673781366071005e+01 1.877838662063148201e-01
1.060000000000173230e+02 1.175000034194932574e+01 1.875430801956735061e-01
1.070000000000178346e+02 1.159195925968855967e+01 1.872986133961396238e-01
1.080000000000183462e+02 1.143263559163982634e+01 1.870504833137518474e-01
1.090000000000188578e+02 1.127205048430184853e+01 1.867987113675480537e-01
1.100000000000193694e+02 1.111022514384982784e+01 1.865433229502367340e-01
1.110000000000198810e+02 1.094718077512764154e+01 1.862843474785524644e-01
1.120000000000203926e+02 1.078293852169590750e+01 1.860218184326417612e-01
1.130000000000209042e+02 1.061751940694249541e+01 1.857557733838512415e-01
1.140000000000214158e+02 1.045094427626597877e+01 1.854862540103405233e-01
1.150000000000219273e+02 1.028323374034445692e+01 1.852133060999828773e-01
1.160000000000224389e+02 1.011440811950513385e+01 1.849369795400704342e-01
1.170000000000229505e+02 9.944487389211307260e+00 1.846573282934003413e-01
1.180000000000234621e+02 9.773491126684000108e+00 1.843744103603758566e-01
1.190000000000239737e+02 9.601438458676550880e+00 1.840882877268285589e-01
1.200000000000244853e+02 9.428348010419279390e+00 1.837990262973294431e-01
1.210000000000249969e+02 9.254237855750844233e+00 1.835066958138422133e-01
1.220000000000255085e+02 9.079125468450857994e+00 1.832113697596378099e-01
1.230000000000260201e+02 8.903027674786475387e+00 1.829131252484744175e-01
1.240000000000265317e+02 8.725960607282233994e+00 1.826120428991289402e-01
1.250000000000270433e+02 8.547939659719414607e+00 1.823082066954400116e-01
1.260000000000275548e+02 8.368979443366901805e+00 1.820017038321164737e-01
1.270000000000280664e+02 8.189093744441333200e+00 1.816926245466353451e-01
1.280000000000285638e+02 8.008295482789209885e+00 1.813810619376403643e-01
1.290000000000276543e+02 7.826596671778702330e+00 1.810671117703295807e-01
1.300000000000267448e+02 7.644008379381913798e+00 1.807508722693927372e-01
1.310000000000258353e+02 7.460540690426170407e+00 1.804324439001376290e-01
1.320000000000249258e+02 7.276202669981963744e+00 1.801119291385063770e-01
1.330000000000240163e+02 7.091002327852678810e+00 1.797894322307482251e-01
1.340000000000231068e+02 6.904946584123694109e+00 1.794650589435757282e-01
1.350000000000221974e+02 6.718041235722233218e+00 1.791389163056793798e-01
1.360000000000212879e+02 6.530290923933419478e+00 1.788111123415233872e-01
1.370000000000203784e+02 6.341699102811746869e+00 1.784817557983839897e-01
1.380000000000194689e+02 6.152268008421326151e+00 1.781509558676216687e-01
1.390000000000185594e+02 5.961998628832708924e+00 1.778188219012037385e-01
1.400000000000176499e+02 5.770890674798451414e+00 1.774854631245105507e-01
1.410000000000167404e+02 5.578942551024737462e+00 1.771509883464647273e-01
1.420000000000158309e+02 5.386151327951516521e+00 1.768155056680272286e-01
1.430000000000149214e+02 5.192512713949247960e+00 1.764791221900921803e-01
1.440000000000140119e+02 4.998021027836581531e+00 1.761419437218020023e-01
1.450000000000131024e+02 4.802669171619765365e+00 1.758040744902811814e-01
1.460000000000121929e+02 4.606448603351736892e+00 1.754656168527574389e-01
1.470000000000112834e+02 4.409349310006354550e+00 1.751266710120016057e-01
1.480000000000103739e+02 4.211359780261613395e+00 1.747873347359813478e-01
1.490000000000094644e+02 4.012466977084217845e+00 1.744477030825699881e-01
1.500000000000085549e+02 3.812656310007508598e+00 1.741078681301048425e-01
1.510000000000076454e+02 3.611911606994621771e+00 1.737679187145257376e-01
1.520000000000067359e+02 3.410215085779581212e+00 1.734279401737712778e-01
1.530000000000058265e+02 3.207547324580446002e+00 1.730880141000403771e-01
1.540000000000049170e+02 3.003887232080830305e+00 1.727482181004623973e-01
1.550000000000040075e+02 2.799212016579172513e+00 1.724086255666523737e-01
1.560000000000030980e+02 2.593497154208878719e+00 1.720693054535564481e-01
1.570000000000021885e+02 2.386716356137366990e+00 1.717303220679253506e-01
1.580000000000012790e+02 2.178841534657618428e+00 1.713917348666835205e-01
1.590000000000003695e+02 1.969842768092789687e+00 1.710535982653971498e-01
1.599999999999994600e+02 1.759688264442243355e+00 1.707159614569751516e-01
1.609999999999985505e+02 1.548344323706620562e+00 1.703788682406798816e-01
1.619999999999976410e+02 1.335775298840063297e+00 1.700423568614599923e-01
1.629999999999967315e+02 1.121943555289794281e+00 1.697064598595695029e-01
1.639999999999958220e+02 9.068094290969445082e-01 1.693712039303817973e-01
1.649999999999949125e+02 6.903311835480889780e-01 1.690366097942673784e-01
1.659999999999940030e+02 4.724649643845243996e-01 1.687026920763645688e-01
1.669999999999930935e+02 2.531647535962626150e-01 1.683694591960413767e-01
1.679999999999921840e+02 3.238232185003446506e-02 1.680369132658250664e-01
1.689999999999912745e+02 -1.899328203741482701e-01 1.677050499995560717e-01
1.699999999999903650e+02 -4.138334728348561642e-01 1.673738586295218100e-01
1.709999999999894555e+02 -6.393747966347722578e-01 1.670433218323238156e-01
1.719999999999885461e+02 -8.666143662093185318e-01 1.667134156632434083e-01
1.729999999999876366e+02 -1.095612221987642965e+00 1.663841094988981473e-01
1.739999999999867271e+02 -1.326430923470330869e+00 1.660553659880076582e-01
1.749999999999858176e+02 -1.559135602418019406e+00 1.657271410101363029e-01
1.759999999999849081e+02 -1.793794015788914287e+00 1.653993836423363895e-01
1.769999999999839986e+02 -2.030476598000508837e+00 1.650720361336805442e-01
1.779999999999830891e+02 -2.269256512021197381e+00 1.647450338877596843e-01
1.789999999999821796e+02 -2.510209698719835902e+00 1.644183054533115973e-01
1.799999999999812701e+02 -2.753414923815294291e+00 1.640917725232606816e-01
1.809999999999803606e+02 -2.998953821672896591e+00 1.637653499425682224e-01
1.819999999999794511e+02 -3.246910935089525996e+00 1.634389457254356581e-01
1.829999999999785416e+02 -3.497373750093720979e+00 1.631124610825521459e-01
1.839999999999776321e+02 -3.750432724660299311e+00 1.627857904592513172e-01
1.849999999999767226e+02 -4.006181310101172066e+00 1.624588215856242190e-01
1.859999999999758131e+02 -4.264715963743846316e+00 1.621314355398346674e-01
1.869999999999749036e+02 -4.526136151347681214e+00 1.618035068260995080e-01
1.879999999999739941e+02 -4.790544337535017405e+00 1.614749034690206309e-01
1.889999999999730846e+02 -5.058045962330977474e+00 1.611454871261992772e-01
1.899999999999721751e+02 -5.328749401713482214e+00 1.608151132213126444e-01
1.909999999999712657e+02 -5.602765909878271167e+00 1.604836311000893967e-01
1.919999999999703562e+02 -5.880209540721431871e+00 1.601508842118891107e-01
1.929999999999694467e+02 -6.161197045846484421e+00 1.598167103198494254e-01
1.939999999999685372e+02 -6.445847746216488261e+00 1.594809417428249554e-01
1.949999999999676277e+02 -6.734283374405582556e+00 1.591434056325901070e-01
1.959999999999667182e+02 -7.026627884272559577e+00 1.588039242899980386e-01
1.969999999999658087e+02 -7.323007224797555281e+00 1.584623155239872072e-01
1.979999999999648992e+02 -7.623549074813673165e+00 1.581183930574742158e-01
1.989999999999639897e+02 -7.928382535453868840e+00 1.577719669842613248e-01
1.999999999999630802e+02 -8.237637777354333224e+00 1.574228442811050621e-01
2.009999999999621707e+02 -8.551445640046326346e+00 1.570708293790071541e-01
2.019999999999612612e+02 -8.869937181576773355e+00 1.567157247975828616e-01
2.029999999999603517e+02 -9.193243177277418354e+00 1.563573318460162176e-01
2.039999999999594422e+02 -9.521493567812676417e+00 1.559954513935762066e-01
2.049999999999585327e+02 -9.854816858243260924e+00 1.556298847119318152e-01
2.059999999999576232e+02 -1.019333947191300460e+01 1.552604343905153172e-01
2.069999999999567137e+02 -1.053718506556406354e+01 1.548869053249184446e-01
2.079999999999558042e+02 -1.088647381526640778e+01 1.545091057767190856e-01
2.089999999999548947e+02 -1.124132168654661967e+01 1.541268485011969835e-01
2.099999999999539853e+02 -1.160183970652221142e+01 1.537399519370879208e-01
2.109999999999530758e+02 -1.196813326085182183e+01 1.533482414498069102e-01
2.119999999999521663e+02 -1.234030144379106808e+01 1.529515506164710326e-01
2.129999999999512568e+02 -1.271843649541529864e+01 1.525497225375568311e-01
2.139999999999503473e+02 -1.310262336584746201e+01 1.521426111562213801e-01
2.149999999999494378e+02 -1.349293945171542575e+01 1.517300825622551197e-01
2.159999999999485283e+02 -1.388945455453984934e+01 1.513120162534753732e-01
2.169999999999476188e+02 -1.429223111368967558e+01 1.508883063232835386e-01
2.179999999999467093e+02 -1.470132476720483972e+01 1.504588625393480650e-01
2.189999999999457998e+02 -1.511678529138541016e+01 1.500236112752437179e-01
2.199999999999448903e+02 -1.553865796378841146e+01 1.495824962547245562e-01
2.209999999999439808e+02 -1.596698538343696505e+01 1.491354790675490649e-01
2.219999999999430713e+02 -1.640180976607837593e+01 1.486825394168174441e-01
2.229999999999421618e+02 -1.684317571094374699e+01 1.482236750610480824e-01
2.239999999999412523e+02 -1.729113340875408156e+01 1.477589014200642037e-01
2.249999999999403428e+02 -1.774574222924907119e+01 1.472882508224599984e-01
2.259999999999394333e+02 -1.820707459139264728e+01 1.468117713840837724e-01
2.269999999999385238e+02 -1.867521998233917202e+01 1.463295255215394108e-01
2.279999999999376143e+02 -1.915028895453946944e+01 1.458415881218559362e-01
2.289999999999367049e+02 -1.963241689692569025e+01 1.453480444086333312e-01
2.299999999999357954e+02 -2.012176734936142353e+01 1.448489875652791969e-01
2.309999999999348859e+02 -2.061853461330825610e+01 1.443445161962783052e-01
2.319999999999339764e+02 -2.112294541000537151e+01 1.438347317264127567e-01
2.329999999999330669e+02 -2.163525935440160808e+01 1.433197358539135824e-01
2.339999999999321574e+02 -2.215576805219174972e+01 1.427996281849909510e-01
2.349999999999312479e+02 -2.268479269112502550e+01 1.422745041823844925e-01
2.359999999999303384e+02 -2.322268008698356923e+01 1.417444535579004405e-01
2.369999999999294289e+02 -2.376979725723753489e+01 1.412095592270860012e-01
2.379999999999285194e+02 -2.432652472559123424e+01 1.406698969224405293e-01
2.389999999999276099e+02 -2.489324889828034060e+01 1.401255355297925387e-01
2.399999999999267004e+02 -2.547035398344294066e+01 1.395765381716328191e-01
2.409999999999257909e+02 -2.605821403011743698e+01 1.390229640133931743e-01
2.419999999999248814e+02 -2.665718572454366964e+01 1.384648707173171678e-01
2.429999999999239719e+02 -2.726760258201239751e+01 1.379023174183119094e-01
2.439999999999230624e+02 -2.788977110330304399e+01 1.373353680523956288e-01
2.449999999999221529e+02 -2.852396932697416787e+01 1.367640948366071474e-01
2.459999999999212434e+02 -2.917044801599871207e+01 1.361885816842337282e-01
2.469999999999203339e+02 -2.982943449402750247e+01 1.356089273438628728e-01
2.479999999999194245e+02 -3.050113892406086791e+01 1.350252480754017270e-01
2.489999999999185150e+02 -3.118576263167664564e+01 1.344376797182421646e-01
2.499999999999176055e+02 -3.188350794075104133e+01 1.338463790609058790e-01
2.509999999999166960e+02 -3.259458892483866066e+01 1.332515244807313259e-01
2.519999999999157865e+02 -3.331924248189811522e+01 1.326533158789001687e-01
2.529999999999148770e+02 -3.405773920218212680e+01 1.320519739836296114e-01
2.539999999999139675e+02 -3.481039359969754798e+01 1.314477391279691709e-01
2.549999999999130580e+02 -3.557757339492869164e+01 1.308408696261746385e-01
2.559999999999121485e+02 -3.635970765042140584e+01 1.302316398745593518e-01
2.569999999999112674e+02 -3.715729365568088127e+01 1.296203382916077396e-01
2.579999999999103579e+02 -3.797090252334290739e+01 1.290072651918944546e-01
2.589999999999094484e+02 -3.880118348937884321e+01 1.283927306633331489e-01
2.599999999999085389e+02 -3.964886690437780459e+01 1.277770524915961825e-01
2.609999999999076294e+02 -4.051476586701142679e+01 1.271605541524908900e-01
2.619999999999067199e+02 -4.139977640609955500e+01 1.265435628747492158e-01
2.629999999999058105e+02 -4.230487583734050361e+01 1.259264077637273493e-01
2.639999999999049010e+02 -4.323111898669182551e+01 1.253094179723035773e-01
2.649999999999039915e+02 -4.417963169197368956e+01 1.246929209055112342e-01
2.659999999999030820e+02 -4.515160070885324473e+01 1.240772404517364869e-01
2.669999999999021725e+02 -4.614825887364802526e+01 1.234626952447175213e-01
2.679999999999012630e+02 -4.717086400666233459e+01 1.228495969755320633e-01
2.689999999999003535e+02 -4.822066960582264272e+01 1.222382487913536570e-01
2.699999999998994440e+02 -4.929888488732801477e+01 1.216289438370607295e-01
2.709999999998985345e+02 -5.040662120395717949e+01 1.210219640158615578e-01
2.719999999998976250e+02 -5.154482137261027219e+01 1.204175790648576577e-01
2.729999999998967155e+02 -5.271416808578983648e+01 1.198160460594337312e-01
2.739999999998958060e+02 -5.391496756510456834e+01 1.192176094743825771e-01
2.749999999998948965e+02 -5.514700525003505049e+01 1.186225019365460542e-01
2.759999999998939870e+02 -5.640937204879386258e+01 1.180309457988110849e-01
2.769999999998930775e+02 -5.770026307960991829e+01 1.174431556422208395e-01
2.779999999998921680e+02 -5.901675650215852897e+01 1.168593417639405274e-01
2.789999999998912585e+02 -6.035458838572392892e+01 1.162797146257094627e-01
2.799999999998903490e+02 -6.170795036965873237e+01 1.157044901143208515e-01
2.809999999998894396e+02 -6.306934870779478075e+01 1.151338953033904655e-01
2.819999999998885301e+02 -6.442957290661686898e+01 1.145681742176795220e-01
2.829999999998876206e+02 -6.577782442829088438e+01 1.140075929192672088e-01
2.839999999998867111e+02 -6.710204494481827453e+01 1.134524431099830089e-01
2.849999999998858016e+02 -6.838945558988505979e+01 1.129030434384033499e-01
2.859999999998848921e+02 -6.962727560650833425e+01 1.123597378633196670e-01
2.869999999998839826e+02 -7.080354095664610270e+01 1.118228907703382458e-01
2.879999999998830731e+02 -7.190790726098205710e+01 1.112928790146451297e-01
2.889999999998821636e+02 -7.293231256752793001e+01 1.107700815636707276e-01
2.899999999998812541e+02 -7.387140033631018810e+01 1.102548678071258170e-01
2.909999999998803446e+02 -7.472265432644510952e+01 1.097475857844204539e-01
2.919999999998794351e+02 -7.548625681625091488e+01 1.092485515147803427e-01
2.929999999998785256e+02 -7.616473023374986440e+01 1.087580403447964694e-01
2.939999999998776161e+02 -7.676244761457317622e+01 1.082762808452596287e-01
2.949999999998767066e+02 -7.728509801473569496e+01 1.078034513980300341e-01
2.959999999998757971e+02 -7.773917613938459681e+01 1.073396792935458616e-01
2.969999999998748876e+02 -7.813154101246561822e+01 1.068850419488976411e-01
2.979999999998739781e+02 -7.846906485399429698e+01 1.064395697565271720e-01
2.989999999998730686e+02 -7.875837512079461078e+01 1.060032500626256619e-01
2.999999999998721592e+02 -7.900568115416500348e+01 1.055760318218572635e-01
3.009999999998712497e+02 -7.921667119949957225e+01 1.051578305528173551e-01
3.019999999998703402e+02 -7.939646403842976952e+01 1.047485333053623929e-01
3.029999999998694307e+02 -7.954960044365245153e+01 1.043480034331411704e-01
3.039999999998685212e+02 -7.968006185199880065e+01 1.039560850353418997e-01
3.049999999998676117e+02 -7.979130621325742823e+01 1.035726069883840250e-01
3.059999999998667022e+02 -7.988631343192565737e+01 1.031973865312839495e-01
3.069999999998657927e+02 -7.996763494743092338e+01 1.028302323993413314e-01
3.079999999998648832e+02 -8.003744372034458365e+01 1.024709475217812776e-01
3.089999999998639737e+02 -8.009758221733656569e+01 1.021193313122261137e-01
3.099999999998630642e+02 -8.014960696584188327e+01 1.017751815883057853e-01
3.109999999998621547e+02 -8.019482894403789430e+01 1.014382961599818861e-01
3.119999999998612452e+02 -8.023434954553174236e+01 1.011084741265528830e-01
3.129999999998603357e+02 -8.026909216648211043e+01 1.007855169208186352e-01
3.139999999998594262e+02 -8.029982965128439787e+01 1.004692291362526829e-01
3.149999999998585167e+02 -8.032720793717381014e+01 1.001594191697804392e-01
3.159999999998576072e+02 -8.035176628517535846e+01 9.985589970926768422e-02
3.169999999998566977e+02 -8.037395449458099961e+01 9.955848809132514243e-02
3.179999999998557882e+02 -8.039414748471405403e+01 9.926700655169166942e-02
3.189999999998548788e+02 -8.041265760097738280e+01 9.898128238735630358e-02
3.199999999998539693e+02 -8.042974496872973589e+01 9.870114804677598830e-02
3.209999999998530598e+02 -8.044562618272567533e+01 9.842644116204038451e-02
3.219999999998521503e+02 -8.046048158442405906e+01 9.815700453464452913e-02
3.229999999998512408e+02 -8.047446134601754864e+01 9.789268608461815235e-02
3.239999999998503313e+02 -8.048769054942619050e+01 9.763333877111955716e-02
3.249999999998494218e+02 -8.050027342108445794e+01 9.737882049119836458e-02
3.259999999998485123e+02 -8.051229685920340273e+01 9.712899396223943771e-02
3.269999999998476028e+02 -8.052383336915890766e+01 9.688372659259548991e-02
3.279999999998466933e+02 -8.053494350452453432e+01 9.664289034407154422e-02
3.289999999998457838e+02 -8.054567789573700054e+01 9.640636158921761512e-02
3.299999999998448743e+02 -8.055607893516321383e+01 9.617402096580129900e-02
3.309999999998439648e+02 -8.056618217613501542e+01 9.594575323034343350e-02
3.319999999998430553e+02 -8.057601749406313729e+01 9.572144711219958413e-02
3.329999999998421458e+02 -8.058561004978153619e+01 9.550099516933988064e-02
3.339999999998412363e+02 -8.059498108859449417e+01 9.528429364670984447e-02
3.349999999998403268e+02 -8.060414860290005379e+01 9.507124233783439959e-02
3.359999999998394173e+02 -8.061312788158625153e+01 9.486174445014958212e-02
3.369999999998385078e+02 -8.062193196548552976e+01 9.465570647440095520e-02
3.379999999998375984e+02 -8.063057202491513920e+01 9.445303805833389632e-02
3.389999999998366889e+02 -8.063905767261448432e+01 9.425365188480808176e-02
3.399999999998357794e+02 -8.064739722313028381e+01 9.405746355439420503e-02
3.409999999998348699e+02 -8.065559790781952643e+01 9.386439147245678738e-02
3.419999999998339604e+02 -8.066366605307756288e+01 9.367435674068072538e-02
3.429999999998330509e+02 -8.067160722809889251e+01 9.348728305296523378e-02
3.439999999998321414e+02 -8.067942636740116313e+01 9.330309659558491675e-02
3.449999999998312319e+02 -8.068712787244596996e+01 9.312172595149979804e-02
3.459999999998303224e+02 -8.069471569594853122e+01 9.294310200867934857e-02
3.469999999998294129e+02 -8.070219341185222106e+01 9.276715787230252475e-02
3.479999999998285034e+02 -8.070956427343153905e+01 9.259382878068649070e-02
3.489999999998275939e+02 -8.071683126156619892e+01 9.242305202479728088e-02
3.499999999998266844e+02 -8.072399712487438705e+01 9.225476687119145425e-02
3.509999999998257749e+02 -8.073106441310692105e+01 9.208891448824546577e-02
3.519999999998248654e+02 -8.073803550495875925e+01 9.192543787552504009e-02
3.529999999998239559e+02 -8.074491263125726448e+01 9.176428179615635228e-02
3.539999999998230464e+02 -8.075169789432140988e+01 9.160539271206132039e-02
3.549999999998221369e+02 -8.075839328414760132e+01 9.144871872192643358e-02
3.559999999998212274e+02 -8.076500069196620757e+01 9.129420950177691285e-02
3.569999999998203180e+02 -8.077152192161904054e+01 9.114181624803642523e-02
3.579999999998194085e+02 -8.077795869912817750e+01 9.099149162295494531e-02
3.589999999998184990e+02 -8.078431268076616334e+01 9.084318970229486589e-02
3.599999999998175895e+02 -8.079058545988119988e+01 9.069686592516812418e-02
3.609999999998166800e+02 -8.079677857268735863e+01 9.055247704592551961e-02
3.619999999998157705e+02 -8.080289350319694108e+01 9.040998108800064881e-02
3.629999999998148610e+02 -8.080893168743624244e+01 9.026933729961901520e-02
3.639999999998139515e+02 -8.081489451706652005e+01 9.013050611128491096e-02
3.649999999998130420e+02 -8.082078334250806506e+01 8.999344909496358180e-02
3.659999999998121325e+02 -8.082659947564970082e+01 8.985812892488317938e-02
3.669999999998112230e+02 -8.083234419221105327e+01 8.972450933987931310e-02
3.679999999998103135e+02 -8.083801873381476355e+01 8.959255510721488014e-02
3.689999999998094040e+02 -8.084362430981435921e+01 8.946223198780732522e-02
3.699999999998084945e+02 -8.084916209891669325e+01 8.933350670280100492e-02
3.709999999998075850e+02 -8.085463325063119555e+01 8.920634690142373313e-02
3.719999999998066755e+02 -8.086003888657259608e+01 8.908072113007227399e-02
3.729999999998057660e+02 -8.086538010163867796e+01 8.895659880257193730e-02
3.739999999998048565e+02 -8.087065796508211690e+01 8.883395017155883144e-02
3.749999999998039470e+02 -8.087587352149132869e+01 8.871274630093770042e-02
3.759999999998030376e+02 -8.088102779169339840e+01 8.859295903936717509e-02
3.769999999998021281e+02 -8.088612177358928079e+01 8.847456099473066660e-02
3.779999999998012186e+02 -8.089115644293048035e+01 8.835752550954928397e-02
3.789999999998003091e+02 -8.089613275404492754e+01 8.824182663729904230e-02
3.799999999997993996e+02 -8.090105164051742292e+01 8.812743911959301790e-02
3.809999999997984901e+02 -8.090591401583112940e+01 8.801433836419392254e-02
3.819999999997975806e+02 -8.091072077397333828e+01 8.790250042382179163e-02
3.829999999997966711e+02 -8.091547279001012782e+01 8.779190197572507570e-02
3.839999999997957616e+02 -8.092017092063289851e+01 8.768252030198407654e-02
3.849999999997948521e+02 -8.092481600467888825e+01 8.757433327051711291e-02
3.859999999997939426e+02 -8.092940886362893593e+01 8.746731931676043903e-02
3.869999999997930331e+02 -8.093395030208394303e+01 8.736145742599663033e-02
3.879999999997921236e+02 -8.093844110822169569e+01 8.725672711630487466e-02
3.889999999997912141e+02 -8.094288205423566751e+01 8.715310842210820252e-02
3.899999999997903046e+02 -8.094727389675732354e+01 8.705058187829581295e-02
3.909999999997893951e+02 -8.095161737726243700e+01 8.694912850489636136e-02
3.919999999997884856e+02 -8.095591322246309574e+01 8.684872979228265566e-02
3.929999999997875761e+02 -8.096016214468582461e+01 8.674936768688545907e-02
3.939999999997866666e+02 -8.096436484223714558e+01 8.665102457739926045e-02
3.949999999997857572e+02 -8.096852199975602105e+01 8.655368328145882084e-02
3.959999999997848477e+02 -8.097263428855590917e+01 8.645732703277042575e-02
3.969999999997839382e+02 -8.097670236695465462e+01 8.636193946868009341e-02
3.979999999997830287e+02 -8.098072688059471602e+01 8.626750461816239113e-02
3.989999999997821192e+02 -8.098470846275307622e+01 8.617400689021421922e-02
3.999999999997812097e+02 -8.098864773464110556e+01 8.608143106263822786e-02
4.009999999997803002e+02 -8.099254530569621124e+01 8.598976227120265492e-02
4.019999999997793907e+02 -8.099640177386379492e+01 8.589898599916172273e-02
4.029999999997784812e+02 -8.100021772587145108e+01 8.580908806712531089e-02
4.039999999997775717e+02 -8.100399373749459642e+01 8.572005462326381942e-02
4.049999999997766622e+02 -8.100773037381418362e+01 8.563187213383713359e-02
4.059999999997757527e+02 -8.101142818946772195e+01 8.554452737403524243e-02
4.069999999997748432e+02 -8.101508772889216914e+01 8.545800741911879772e-02
4.079999999997739337e+02 -8.101870952656048530e+01 8.537229963585055148e-02
4.089999999997730242e+02 -8.102229410721074032e+01 8.528739167420551492e-02
4.099999999997721147e+02 -8.102584198606969323e+01 8.520327145935059632e-02
4.109999999997712052e+02 -8.102935366906933723e+01 8.511992718388446122e-02
4.119999999997702957e+02 -8.103282965305767505e+01 8.503734730032783129e-02
4.129999999997693862e+02 -8.103627042600371055e+01 8.495552051385545089e-02
4.139999999997684768e+02 -8.103967646719696916e+01 8.487443577526206095e-02
4.149999999997675673e+02 -8.104304824744083646e+01 8.479408227415255461e-02
4.159999999997666578e+02 -8.104638622924134950e+01 8.471444943235023617e-02
4.169999999997657483e+02 -8.104969086699088621e+01 8.463552689751419056e-02
4.179999999997648388e+02 -8.105296260714628431e+01 8.455730453695944893e-02
4.189999999997639293e+02 -8.105620188840275375e+01 8.447977243167217876e-02
4.199999999997630198e+02 -8.105940914186308532e+01 8.440292087051390335e-02
4.209999999997621103e+02 -8.106258479120198501e+01 8.432674034460781176e-02
4.219999999997612008e+02 -8.106572925282661402e+01 8.425122154190023416e-02
4.229999999997602913e+02 -8.106884293603245339e+01 8.417635534189329971e-02
4.239999999997593818e+02 -8.107192624315541707e+01 8.410213281054010337e-02
4.249999999997584723e+02 -8.107497956971992892e+01 8.402854519529959210e-02
4.259999999997575628e+02 -8.107800330458286453e+01 8.395558392034392636e-02
4.269999999997566533e+02 -8.108099783007457972e+01 8.388324058191373722e-02
4.279999999997557438e+02 -8.108396352213526370e+01 8.381150694381619970e-02
4.289999999997548343e+02 -8.108690075044886214e+01 8.374037493306142610e-02
4.299999999997539248e+02 -8.108980987857269440e+01 8.366983663563208606e-02
4.309999999997530153e+02 -8.109269126406444173e+01 8.359988429238171537e-02
4.319999999997521059e+02 -8.109554525860595220e+01 8.353051029505796643e-02
4.329999999997511964e+02 -8.109837220812305247e+01 8.346170718244634579e-02
4.339999999997502869e+02 -8.110117245290388155e+01 8.339346763662977557e-02
4.349999999997493774e+02 -8.110394632771273393e+01 8.332578447936150878e-02
4.359999999997484679e+02 -8.110669416190242487e+01 8.325865066854633290e-02
4.369999999997475584e+02 -8.110941627952283284e+01 8.319205929482668960e-02
4.379999999997466489e+02 -8.111211299942760888e+01 8.312600357827161501e-02
4.389999999997457394e+02 -8.111478463537777372e+01 8.306047686516271344e-02
4.399999999997448299e+02 -8.111743149614308379e+01 8.299547262487617927e-02
4.409999999997439204e+02 -8.112005388560065455e+01 8.293098444685650938e-02
4.419999999997430109e+02 -8.112265210283167960e+01 8.286700603767924167e-02
4.429999999997421014e+02 -8.112522644221539281e+01 8.280353121819986062e-02
4.439999999997411919e+02 -8.112777719352108363e+01 8.274055392078580318e-02
4.449999999997402824e+02 -8.113030464199785285e+01 8.267806818662917778e-02
4.459999999997393729e+02 -8.113280906846200935e+01 8.261606816313751822e-02
4.469999999997384634e+02 -8.113529074938294627e+01 8.255454810139992161e-02
4.479999999997375539e+02 -8.113774995696670089e+01 8.249350235372607254e-02
4.489999999997366444e+02 -8.114018695923729751e+01 8.243292537125603003e-02
4.499999999997357349e+02 -8.114260202011656986e+01 8.237281170163820998e-02
4.509999999997348255e+02 -8.114499539950247708e+01 8.231315598677402257e-02
4.519999999997339160e+02 -8.114736735334454920e+01 8.225395296062600059e-02
4.529999999997330065e+02 -8.114971813371887777e+01 8.219519744708844722e-02
4.539999999997320970e+02 -8.115204798890022175e+01 8.213688435791768883e-02
4.549999999997311875e+02 -8.115435716343367289e+01 8.207900869072079497e-02
4.559999999997302780e+02 -8.115664589820353569e+01 8.202156552700030911e-02
4.569999999997293685e+02 -8.115891443050153953e+01 8.196455003025410191e-02
4.579999999997284590e+02 -8.116116299409294754e+01 8.190795744412696089e-02
4.589999999997275495e+02 -8.116339181928164237e+01 8.185178309061430513e-02
4.599999999997266400e+02 -8.116560113297342127e+01 8.179602236831501338e-02
4.609999999997257305e+02 -8.116779115873812600e+01 8.174067075073238042e-02
4.619999999997248210e+02 -8.116996211687023788e+01 8.168572378462106431e-02
4.629999999997239115e+02 -8.117211422444826496e+01 8.163117708837987208e-02
4.639999999997230020e+02 -8.117424769539258023e+01 8.157702635048741380e-02
4.649999999997220925e+02 -8.117636274052277656e+01 8.152326732798063913e-02
4.659999999997211830e+02 -8.117845956761222226e+01 8.146989584497382753e-02
4.669999999997202735e+02 -8.118053838144362544e+01 8.141690779121762978e-02
4.679999999997193640e+02 -8.118259938386104579e+01 8.136429912069670367e-02
4.689999999997184545e+02 -8.118464277382284422e+01 8.131206585026420908e-02
4.699999999997175451e+02 -8.118666874745211715e+01 8.126020405831257953e-02
4.709999999997166356e+02 -8.118867749808663348e+01 8.120870988347970998e-02
4.719999999997157261e+02 -8.119066921632783362e+01 8.115757952338879810e-02
4.729999999997148166e+02 -8.119264409008820849e+01 8.110680923342133974e-02
4.739999999997139071e+02 -8.119460230463856476e+01 8.105639532552201543e-02
4.749999999997129976e+02 -8.119654404265337178e+01 8.100633416703424683e-02
4.759999999997120881e+02 -8.119846948425585254e+01 8.095662217956665907e-02
4.769999999997111786e+02 -8.120037880706176736e+01 8.090725583788779818e-02
4.779999999997102691e+02 -8.120227218622255805e+01 8.085823166884943680e-02
4.789999999997093596e+02 -8.120414979446721304e+01 8.080954625033770489e-02
4.799999999997084501e+02 -8.120601180214367787e+01 8.076119621025053263e-02
4.809999999997075406e+02 -8.120785837725931344e+01 8.071317822550065635e-02
4.819999999997066311e+02 -8.120968968552030276e+01 8.066548902104435370e-02
4.829999999997057216e+02 -8.121150589037063128e+01 8.061812536893385450e-02
4.839999999997048121e+02 -8.121330715302994463e+01 8.057108408739396821e-02
4.849999999997039026e+02 -8.121509363253068159e+01 8.052436203992116570e-02
4.859999999997029931e+02 -8.121686548575472386e+01 8.047795613440508755e-02
4.869999999997020836e+02 -8.121862286746925008e+01 8.043186332227179880e-02
4.879999999997011741e+02 -8.122036593036145291e+01 8.038608059764795755e-02
4.889999999997002647e+02 -8.122209482507309986e+01 8.034060499654509246e-02
4.899999999996993552e+02 -8.122380970023421298e+01 8.029543359606407249e-02
4.909999999996984457e+02 -8.122551070249581073e+01 8.025056351361883888e-02
4.919999999996975362e+02 -8.122719797656252183e+01 8.020599190617788699e-02
4.929999999996966267e+02 -8.122887166522438918e+01 8.016171596952523237e-02
4.939999999996957172e+02 -8.123053190938776424e+01 8.011773293753819691e-02
4.949999999996948077e+02 -8.123217884810559042e+01 8.007404008148248653e-02
4.959999999996938982e+02 -8.123381261860782843e+01 8.003063470932378354e-02
4.969999999996929887e+02 -8.123543335633051754e+01 7.998751416505556211e-02
4.979999999996920792e+02 -8.123704119494441045e+01 7.994467582804284933e-02
4.989999999996911697e+02 -8.123863626638336655e+01 7.990211711238116854e-02
4.999999999996902602e+02 -8.124021870087192099e+01 7.985983546626992946e-02
5.000000000000000000e+02 -8.124021870087240416e+01 7.985983546625687046e-02
