1.000000000000000666e+00 -7.216781129060557021e+01 7.359457851504827564e-02
2.000000000000001332e+00 -6.326970298628535261e+01 7.362422654234423991e-02
2.999999999999980016e+00 -6.608015149803193822e+00 7.372605673700560747e-02
3.999999999999958700e+00 3.630189694658339050e+01 7.886625232458023549e-02
4.999999999999937828e+00 3.023451277223917799e+01 9.225662594314272547e-02
5.999999999999916511e+00 2.566496859874868974e+01 1.107383158850458599e-01
6.999999999999895195e+00 2.289395702764493024e+01 1.303819566892993609e-01
7.999999999999873879e+00 2.145609603624948036e+01 1.479770158401663427e-01
8.999999999999852562e+00 2.087125111254163912e+01 1.619607698685951169e-01
9.999999999999831246e+00 2.079123974304106426e+01 1.721849336089616156e-01
1.099999999999980993e+01 2.099108417924346881e+01 1.792510884182732522e-01
1.199999999999978861e+01 2.133300124155711330e+01 1.839755847343771122e-01
1.299999999999976730e+01 2.173524138968368646e+01 1.871075442817676793e-01
1.399999999999974598e+01 2.215035551812985659e+01 1.892291830567981448e-01
1.499999999999972466e+01 2.255112786257759439e+01 1.907493379331427763e-01
1.599999999999970335e+01 2.292177879572219368e+01 1.919329847896812657e-01
1.699999999999985789e+01 2.325255663912683346e+01 1.929384432535006522e-01
1.800000000000001421e+01 2.353640068838748434e+01 1.938506802024843600e-01
1.900000000000017053e+01 2.376678351029945091e+01 1.947070741190342624e-01
2.000000000000032685e+01 2.393614375526696136e+01 1.955153316206824365e-01
2.100000000000048317e+01 2.403457324211299451e+01 1.962645722685595895e-01
2.200000000000063949e+01 2.404880927016550629e+01 1.969314414051084594e-01
2.300000000000079581e+01 2.396261492036320107e+01 1.974846214199224292e-01
2.400000000000095213e+01 2.376210117818795808e+01 1.978935762343417837e-01
2.500000000000110845e+01 2.345084912830598967e+01 1.981456249752022447e-01
2.600000000000126477e+01 2.306551633253573286e+01 1.982592762989824897e-01
2.700000000000142109e+01 2.266154777460528180e+01 1.982729600617209320e-01
2.800000000000157740e+01 2.227837065956563833e+01 1.982224827372962295e-01
2.900000000000173372e+01 2.192960185891033120e+01 1.981328616989411762e-01
3.000000000000189004e+01 2.161478061886403168e+01 1.980206552684652954e-01
3.100000000000204636e+01 2.132965920303139384e+01 1.978969226317391916e-01
3.200000000000220268e+01 2.107022728030727521e+01 1.977689445550839253e-01
3.300000000000200373e+01 2.083345069489575252e+01 1.976413128556309684e-01
3.400000000000180478e+01 2.061701178525040845e+01 1.975167397911458400e-01
3.500000000000160583e+01 2.041895789087299562e+01 1.973966668980228767e-01
3.600000000000140687e+01 2.023748697017772002e+01 1.972817010592480824e-01
3.700000000000120792e+01 2.007086393738913088e+01 1.971719146648637511e-01
3.800000000000100897e+01 1.991741206598750935e+01 1.970670490325863444e-01
3.900000000000081002e+01 1.977553413188756082e+01 1.969666521466023612e-01
4.000000000000061107e+01 1.964373777298628809e+01 1.968701718335560402e-01
4.100000000000041211e+01 1.952065421411190371e+01 1.967770180432847904e-01
4.200000000000021316e+01 1.940504767666664065e+01 1.966866032779486240e-01
4.300000000000001421e+01 1.929581646422858299e+01 1.965983674812429027e-01
4.399999999999981526e+01 1.919198790743632799e+01 1.965117919972124705e-01
4.499999999999961631e+01 1.909270938630149672e+01 1.964264060315160654e-01
4.599999999999941735e+01 1.899723724775126499e+01 1.963417881610975968e-01
4.699999999999921840e+01 1.890492494619928010e+01 1.962575647442497961e-01
4.799999999999901945e+01 1.881521129712572105e+01 1.961734065410195571e-01
4.899999999999882050e+01 1.872760939073272013e+01 1.960890244396585880e-01
4.999999999999862155e+01 1.864169646438272920e+01 1.960041648774538958e-01
5.099999999999842260e+01 1.855710486292263184e+01 1.959186053232971902e-01
5.199999999999822364e+01 1.847351410635445745e+01 1.958321500355441613e-01
5.299999999999802469e+01 1.839064401780721880e+01 1.957446262052182639e-01
5.399999999999782574e+01 1.830824882798036057e+01 1.956558805275382118e-01
5.499999999999762679e+01 1.822611215515178174e+01 1.955657762032565750e-01
5.599999999999742784e+01 1.814404275530608146e+01 1.954741903472283493e-01
5.699999999999722888e+01 1.806187093998095961e+01 1.953810117690994996e-01
5.799999999999702993e+01 1.797944556671501815e+01 1.952861390858321999e-01
5.899999999999683098e+01 1.789663151632558780e+01 1.951894791251393146e-01
5.999999999999663203e+01 1.781330758127475633e+01 1.950909455808436943e-01
6.099999999999643308e+01 1.772936469926066394e+01 1.949904578845018943e-01
6.199999999999623412e+01 1.764470447542578313e+01 1.948879402615125989e-01
6.299999999999603517e+01 1.755923794497042678e+01 1.947833209439230329e-01
6.399999999999583622e+01 1.747288453540518560e+01 1.946765315159524889e-01
6.499999999999634781e+01 1.738557119417354002e+01 1.945675063717494657e-01
6.599999999999685940e+01 1.729723165297673759e+01 1.944561822680056506e-01
6.699999999999737099e+01 1.720780580491392087e+01 1.943424979567734967e-01
6.799999999999788258e+01 1.711723917460408018e+01 1.942263938861764627e-01
6.899999999999839417e+01 1.702548246487035755e+01 1.941078119587023865e-01
6.999999999999890576e+01 1.693249116642855867e+01 1.939866953384645210e-01
7.099999999999941735e+01 1.683822521941194594e+01 1.938629883002367105e-01
7.199999999999992895e+01 1.674264871755159234e+01 1.937366361142669191e-01
7.300000000000044054e+01 1.664572964748034778e+01 1.936075849618665856e-01
7.400000000000095213e+01 1.654743965699142905e+01 1.934757818776042249e-01
7.500000000000146372e+01 1.644775384720840350e+01 1.933411747146160931e-01
7.600000000000197531e+01 1.634665058454824660e+01 1.932037121301228844e-01
7.700000000000248690e+01 1.624411132912027611e+01 1.930633435887022520e-01
7.800000000000299849e+01 1.614012047682609463e+01 1.929200193812624642e-01
7.900000000000351008e+01 1.603466521293555047e+01 1.927736906579752274e-01
8.000000000000402167e+01 1.592773537532961647e+01 1.926243094736877215e-01
8.100000000000453326e+01 1.581932332593865276e+01 1.924718288445450842e-01
8.200000000000504485e+01 1.570942382918013180e+01 1.923162028147244185e-01
8.300000000000555644e+01 1.559803393642228819e+01 1.921573865323200070e-01
8.400000000000606803e+01 1.548515287568028498e+01 1.919953363335278607e-01
8.500000000000657963e+01 1.537078194589693680e+01 1.918300098343624083e-01
8.600000000000709122e+01 1.525492441527697274e+01 1.916613660292030563e-01
8.700000000000760281e+01 1.513758542323772005e+01 1.914893653955172803e-01
8.800000000000811440e+01 1.501877188561480558e+01 1.913139700041420199e-01
8.900000000000862599e+01 1.489849240282178933e+01 1.911351436345252452e-01
9.000000000000913758e+01 1.477675717071111272e+01 1.909528518943466036e-01
9.100000000000964917e+01 1.465357789392294485e+01 1.907670623429366386e-01
9.200000000001016076e+01 1.452896770153956219e+01 1.905777446179152956e-01
9.300000000001067235e+01 1.440294106488856762e+01 1.903848705644639872e-01
9.400000000001118394e+01 1.427551371735875563e+01 1.901884143666298932e-01
9.500000000001169553e+01 1.414670257610984372e+01 1.899883526800524303e-01
9.600000000001220712e+01 1.401652566557129731e+01 1.897846647654822250e-01
9.700000000001271871e+01 1.388500204263813131e+01 1.895773326224442223e-01
9.800000000001323031e+01 1.375215172348187309e+01 1.893663411223801829e-01
9.900000000001374190e+01 1.361799561190463592e+01 1.891516781405858105e-01
1.000000000000142535e+02 1.348255542917286043e+01 1.889333346862406560e-01
1.010000000000147651e+02 1.334585364527523943e+01 1.887113050298110939e-01
1.020000000000152767e+02 1.320791341155705467e+01 1.884855868270952639e-01
1.030000000000157883e+02 1.306875849469025042e+01 1.882561812391634892e-01
1.040000000000162999e+02 1.292841321194566362e+01 1.880230930474421913e-01
1.050000000000168114e+02 1.278690236774057354e+01 1.877863307631810752e-01
1.060000000000173230e+02 1.264425119144113019e+01 1.875459067305450256e-01
1.070000000000178346e+02 1.250048527640565688e+01 1.873018372225734307e-01
1.080000000000183462e+02 1.235563052026087050e+01 1.870541425292580606e-01
1.090000000000188578e+02 1.220971306640880805e+01 1.868028470370041438e-01
1.100000000000193694e+02 1.206275924676756617e+01 1.865479792987559393e-01
1.110000000000198810e+02 1.191479552575433054e+01 1.862895720940956901e-01
1.120000000000203926e+02 1.176584844552364828e+01 1.860276624786480759e-01
1.130000000000209042e+02 1.161594457247802303e+01 1.857622918221636110e-01
1.140000000000214158e+02 1.146511044507186661e+01 1.854935058346908194e-01
1.150000000000219273e+02 1.131337252293274176e+01 1.852213545802953443e-01
1.160000000000224389e+02 1.116075713732668184e+01 1.849458924778354940e-01
1.170000000000229505e+02 1.100729044299606940e+01 1.846671782883593516e-01
1.180000000000234621e+02 1.085299837140017942e+01 1.843852750887541858e-01
1.190000000000239737e+02 1.069790658538907024e+01 1.841002502313404121e-01
1.200000000000244853e+02 1.054204043534173252e+01 1.838121752891771765e-01
1.210000000000249969e+02 1.038542491679878310e+01 1.835211259869193590e-01
1.220000000000255085e+02 1.022808462961880593e+01 1.832271821171440884e-01
1.230000000000260201e+02 1.007004373868591784e+01 1.829304274421428289e-01
1.240000000000265317e+02 9.911325936193616570e+00 1.826309495812612205e-01
1.250000000000270433e+02 9.751954405527161640e+00 1.823288398839489344e-01
1.260000000000275548e+02 9.591951786763509347e+00 1.820241932887666225e-01
1.270000000000280664e+02 9.431340143803842224e+00 1.817171081686814738e-01
1.280000000000285638e+02 9.270140933149749074e+00 1.814076861630631032e-01
1.290000000000276543e+02 9.108374974329562335e+00 1.810960319968788756e-01
1.300000000000267448e+02 8.946062421975325307e+00 1.807822532876550703e-01
1.310000000000258353e+02 8.783222739549131575e+00 1.804664603408593082e-01
1.320000000000249258e+02 8.619874674707796558e+00 1.801487659344205294e-01
1.330000000000240163e+02 8.456036236292643338e+00 1.798292850931731690e-01
1.340000000000231068e+02 8.291724672924937423e+00 1.795081348540765454e-01
1.350000000000221974e+02 8.126956453181430007e+00 1.791854340231117115e-01
1.360000000000212879e+02 7.961747247320048793e+00 1.788613029248104502e-01
1.370000000000203784e+02 7.796111910519641697e+00 1.785358631454143363e-01
1.380000000000194689e+02 7.630064467593051347e+00 1.782092372706938210e-01
1.390000000000185594e+02 7.463618099127713457e+00 1.778815486194909867e-01
1.400000000000176499e+02 7.296785129003192871e+00 1.775529209740642489e-01
1.410000000000167404e+02 7.129577013230766980e+00 1.772234783083307674e-01
1.420000000000158309e+02 6.962004330055951762e+00 1.768933445151034678e-01
1.430000000000149214e+02 6.794076771261133629e+00 1.765626431334183233e-01
1.440000000000140119e+02 6.625803134601969901e+00 1.762314970770378908e-01
1.450000000000131024e+02 6.457191317308284439e+00 1.759000283651944163e-01
1.460000000000121929e+02 6.288248310577332134e+00 1.755683578566152869e-01
1.470000000000112834e+02 6.118980194985192078e+00 1.752366049878355814e-01
1.480000000000103739e+02 5.949392136740084602e+00 1.749048875167688588e-01
1.490000000000094644e+02 5.779488384699884129e+00 1.745733212724563388e-01
1.500000000000085549e+02 5.609272268075127243e+00 1.742420199118672464e-01
1.510000000000076454e+02 5.438746194737967166e+00 1.739110946845653094e-01
1.520000000000067359e+02 5.267911650057267359e+00 1.735806542059971924e-01
1.530000000000058265e+02 5.096769196180058081e+00 1.732508042400922044e-01
1.540000000000049170e+02 4.925318471679901222e+00 1.729216474917960877e-01
1.550000000000040075e+02 4.753558191493430840e+00 1.725932834100936120e-01
1.560000000000030980e+02 4.581486147067304060e+00 1.722658080019972837e-01
1.570000000000021885e+02 4.409099206639160329e+00 1.719393136579125958e-01
1.580000000000012790e+02 4.236393315577619667e+00 1.716138889887111330e-01
1.590000000000003695e+02 4.063363496708254807e+00 1.712896186747724092e-01
1.599999999999994600e+02 3.890003850554400344e+00 1.709665833271792057e-01
1.609999999999985505e+02 3.716307555423947750e+00 1.706448593611829267e-01
1.619999999999976410e+02 3.542266867275615461e+00 1.703245188819808575e-01
1.629999999999967315e+02 3.367873119300799800e+00 1.700056295827818698e-01
1.639999999999958220e+02 3.193116721159718008e+00 1.696882546550717297e-01
1.649999999999949125e+02 3.017987157813522447e+00 1.693724527109247702e-01
1.659999999999940030e+02 2.842472987896883296e+00 1.690582777171515394e-01
1.669999999999930935e+02 2.666561841578686920e+00 1.687457789410180264e-01
1.679999999999921840e+02 2.490240417861512512e+00 1.684350009072161647e-01
1.689999999999912745e+02 2.313494481273973502e+00 1.681259833657256786e-01
1.699999999999903650e+02 2.136308857913092663e+00 1.678187612701564635e-01
1.709999999999894555e+02 1.958667430797468745e+00 1.675133647661305736e-01
1.719999999999885461e+02 1.780553134495320267e+00 1.672098191892244790e-01
1.729999999999876366e+02 1.601947948995179782e+00 1.669081450719652748e-01
1.739999999999867271e+02 1.422832892790602877e+00 1.666083581593499618e-01
1.749999999999858176e+02 1.243188015154022885e+00 1.663104694323385424e-01
1.759999999999849081e+02 1.062992387578843623e+00 1.660144851387551912e-01
1.769999999999839986e+02 8.822240943728796303e-01 1.657204068310223211e-01
1.779999999999830891e+02 7.008602223904374373e-01 1.654282314101461482e-01
1.789999999999821796e+02 5.188768498948316266e-01 1.651379511753705565e-01
1.799999999999812701e+02 3.362490345476856213e-01 1.648495538789161718e-01
1.809999999999803606e+02 1.529508005263777171e-01 1.645630227852312721e-01
1.819999999999794511e+02 -3.104487522378619052e-02 1.642783367341877909e-01
1.829999999999785416e+02 -2.157660775908602779e-01 1.639954702076689697e-01
1.839999999999776321e+02 -4.012419687319993544e-01 1.637143933990140021e-01
1.849999999999767226e+02 -5.875028043201997452e-01 1.634350722848013082e-01
1.859999999999758131e+02 -7.745799505695093456e-01 1.631574686984796907e-01
1.869999999999749036e+02 -9.625059019998686294e-01 1.628815404053735316e-01
1.879999999999739941e+02 -1.151314299893943405e+00 1.626072411786270711e-01
1.889999999999730846e+02 -1.341039951389385809e+00 1.623345208756751812e-01
1.899999999999721751e+02 -1.531718849140016214e+00 1.620633255148627716e-01
1.909999999999712657e+02 -1.723388191468605113e+00 1.617935973518730697e-01
1.919999999999703562e+02 -1.916086402921929777e+00 1.615252749556586598e-01
1.929999999999694467e+02 -2.109853155125838153e+00 1.612582932836107152e-01
1.939999999999685372e+02 -2.304729387823569731e+00 1.609925837557417971e-01
1.949999999999676277e+02 -2.500757329964881759e+00 1.607280743277019475e-01
1.959999999999667182e+02 -2.697980520696264151e+00 1.604646895624936842e-01
1.969999999999658087e+02 -2.896443830083488269e+00 1.602023507007947489e-01
1.979999999999648992e+02 -3.096193479376994073e+00 1.599409757298533019e-01
1.989999999999639897e+02 -3.297277060607904264e+00 1.596804794509635306e-01
1.999999999999630802e+02 -3.499743555277690099e+00 1.594207735455881458e-01
2.009999999999621707e+02 -3.703643351877328183e+00 1.591617666402496689e-01
2.019999999999612612e+02 -3.909028261942600224e+00 1.589033643703625098e-01
2.029999999999603517e+02 -4.115951534320192451e+00 1.586454694432482826e-01
2.039999999999594422e+02 -4.324467867284936595e+00 1.583879817006263180e-01
2.049999999999585327e+02 -4.534633418111428504e+00 1.581307981809463581e-01
2.059999999999576232e+02 -4.746505809663687181e+00 1.578738131819877044e-01
2.069999999999567137e+02 -4.960144133524201138e+00 1.576169183242215055e-01
2.079999999999558042e+02 -5.175608949138757353e+00 1.573600026155053122e-01
2.089999999999548947e+02 -5.392962278406836951e+00 1.571029525177454200e-01
2.099999999999539853e+02 -5.612267595098064277e+00 1.568456520162438417e-01
2.109999999999530758e+02 -5.833589808423605305e+00 1.565879826925203888e-01
2.119999999999521663e+02 -6.056995240041876727e+00 1.563298238014763364e-01
2.129999999999512568e+02 -6.282551593724740258e+00 1.560710523538463568e-01
2.139999999999503473e+02 -6.510327916860649822e+00 1.558115432049668458e-01
2.149999999999494378e+02 -6.740394552923249627e+00 1.555511691509591787e-01
2.159999999999485283e+02 -6.972823083990578041e+00 1.552898010335113654e-01
2.169999999999476188e+02 -7.207686262363540486e+00 1.550273078545083283e-01
2.179999999999467093e+02 -7.445057930305304161e+00 1.547635569018330770e-01
2.189999999999457998e+02 -7.685012926909695175e+00 1.544984138877188440e-01
2.199999999999448903e+02 -7.927626981110345028e+00 1.542317431010891415e-01
2.209999999999439808e+02 -8.172976589868472530e+00 1.539634075753593401e-01
2.219999999999430713e+02 -8.421138880631756862e+00 1.536932692731980687e-01
2.229999999999421618e+02 -8.672191457246508861e+00 1.534211892897557883e-01
2.239999999999412523e+02 -8.926212228637968593e+00 1.531470280758437386e-01
2.249999999999403428e+02 -9.183279219758585299e+00 1.528706456825041082e-01
2.259999999999394333e+02 -9.443470364549723328e+00 1.525919020283251215e-01
2.269999999999385238e+02 -9.706863280981293585e+00 1.523106571907341111e-01
2.279999999999376143e+02 -9.973535028634332278e+00 1.520267717223258153e-01
2.289999999999367049e+02 -1.024356184978747564e+01 1.517401069930570390e-01
2.299999999999357954e+02 -1.051701889556816027e+01 1.514505255588445565e-01
2.309999999999348859e+02 -1.079397993944343526e+01 1.511578915567378667e-01
2.319999999999339764e+02 -1.107451708116093414e+01 1.508620711263917724e-01
2.329999999999330669e+02 -1.135870044521052868e+01 1.505629328570320113e-01
2.339999999999321574e+02 -1.164659787896127696e+01 1.502603482584754513e-01
2.349999999999312479e+02 -1.193827465682750599e+01 1.499541922540424954e-01
2.359999999999303384e+02 -1.223379319811652799e+01 1.496443436923670101e-01
2.369999999999294289e+02 -1.253321280758062350e+01 1.493306858741795251e-01
2.379999999999285194e+02 -1.283658944909874577e+01 1.490131070891200227e-01
2.389999999999276099e+02 -1.314397556429428882e+01 1.486915011565252409e-01
2.399999999999267004e+02 -1.345541994918557904e+01 1.483657679629701853e-01
2.409999999999257909e+02 -1.377096770308073914e+01 1.480358139881391144e-01
2.419999999999248814e+02 -1.409066026476732247e+01 1.477015528093930663e-01
2.429999999999239719e+02 -1.441453555149751864e+01 1.473629055742509408e-01
2.439999999999230624e+02 -1.474262821620827069e+01 1.470198014289435529e-01
2.449999999999221529e+02 -1.507497003771643129e+01 1.466721778903296303e-01
2.459999999999212434e+02 -1.541159045716807796e+01 1.463199811478275714e-01
2.469999999999203339e+02 -1.575251727168750371e+01 1.459631662817251485e-01
2.479999999999194245e+02 -1.609777749287646742e+01 1.456016973843523576e-01
2.489999999999185150e+02 -1.644739837350161693e+01 1.452355475712328037e-01
2.499999999999176055e+02 -1.680140860036686945e+01 1.448646988705445671e-01
2.509999999999166960e+02 -1.715983964503987025e+01 1.444891419810867828e-01
2.519999999999157865e+02 -1.752272725689190835e+01 1.441088758915179402e-01
2.529999999999148770e+02 -1.789011307499054126e+01 1.437239073569159531e-01
2.539999999999139675e+02 -1.826204632699688801e+01 1.433342502327034640e-01
2.549999999999130580e+02 -1.863858557467530375e+01 1.429399246706314353e-01
2.559999999999121485e+02 -1.901980045729925450e+01 1.425409561867244657e-01
2.569999999999112674e+02 -1.940577337657170887e+01 1.421373746167248486e-01
2.579999999999103579e+02 -1.979660106015601784e+01 1.417292129804435807e-01
2.589999999999094484e+02 -2.019239593606778271e+01 1.413165062823188711e-01
2.599999999999085389e+02 -2.059328724756411333e+01 1.408992902811189996e-01
2.609999999999076294e+02 -2.099942183836650145e+01 1.404776002668324530e-01
2.619999999999067199e+02 -2.141096454163560736e+01 1.400514698870347907e-01
2.629999999999058105e+02 -2.182809811362487551e+01 1.396209300680919529e-01
2.639999999999049010e+02 -2.225102266483961699e+01 1.391860080781244235e-01
2.649999999999039915e+02 -2.267995455814448391e+01 1.387467267784024960e-01
2.659999999999030820e+02 -2.311512476469556177e+01 1.383031041074926359e-01
2.669999999999021725e+02 -2.355677669459018375e+01 1.378551528378020030e-01
2.679999999999012630e+02 -2.400516354903977856e+01 1.374028806370297950e-01
2.689999999999003535e+02 -2.446054527342741736e+01 1.369462904573994499e-01
2.699999999998994440e+02 -2.492318522392364599e+01 1.364853812635589969e-01
2.709999999998985345e+02 -2.539334669188163929e+01 1.360201490960016857e-01
2.719999999998976250e+02 -2.587128945713149619e+01 1.355505884513399650e-01
2.729999999998967155e+02 -2.635726655889606107e+01 1.350766939445511849e-01
2.739999999998958060e+02 -2.685152148379308557e+01 1.345984622024266331e-01
2.749999999998948965e+02 -2.735428595888745917e+01 1.341158939230474578e-01
2.759999999998939870e+02 -2.786577852225266483e+01 1.336289960245429786e-01
2.769999999998930775e+02 -2.838620400497362795e+01 1.331377837987704482e-01
2.779999999998921680e+02 -2.891575401221572150e+01 1.326422829829397021e-01
2.789999999998912585e+02 -2.945460843536857709e+01 1.321425316651658743e-01
2.799999999998903490e+02 -3.000293796899224219e+01 1.316385819485530462e-01
2.809999999998894396e+02 -3.056090755100389345e+01 1.311305013121553953e-01
2.819999999998885301e+02 -3.112868059767541595e+01 1.306183736249415250e-01
2.829999999998876206e+02 -3.170642387080829749e+01 1.301022997891379818e-01
2.839999999998867111e+02 -3.229431279535324251e+01 1.295823980101992456e-01
2.849999999998858016e+02 -3.289253704217686192e+01 1.290588037102917141e-01
2.859999999998848921e+02 -3.350130620112575741e+01 1.285316691189217209e-01
2.869999999998839826e+02 -3.412085539102714193e+01 1.280011625869376390e-01
2.879999999998830731e+02 -3.475145068191181963e+01 1.274674676778956572e-01
2.889999999998821636e+02 -3.539339423642461924e+01 1.269307820935646480e-01
2.899999999998812541e+02 -3.604702910823865381e+01 1.263913164885515084e-01
2.909999999998803446e+02 -3.671274366207590134e+01 1.258492932234455686e-01
2.919999999998794351e+02 -3.739097560020788080e+01 1.253049450975824708e-01
2.929999999998785256e+02 -3.808221559234821996e+01 1.247585140926243397e-01
2.939999999998776161e+02 -3.878701050855919163e+01 1.242102501477711646e-01
2.949999999998767066e+02 -3.950596624741472596e+01 1.236604099775028415e-01
2.959999999998757971e+02 -4.023975013492204766e+01 1.231092559340393466e-01
2.969999999998748876e+02 -4.098909287520730516e+01 1.225570549096197115e-01
2.979999999998739781e+02 -4.175478987282166088e+01 1.220040772684596458e-01
2.989999999998730686e+02 -4.253770179143271690e+01 1.214505957965250210e-01
2.999999999998721592e+02 -4.333875418095527721e+01 1.208968846563632932e-01
3.009999999998712497e+02 -4.415893580615585279e+01 1.203432183350498369e-01
3.019999999998703402e+02 -4.499929523146346355e+01 1.197898705767943550e-01
3.029999999998694307e+02 -4.586093506352092675e+01 1.192371132968806507e-01
3.039999999998685212e+02 -4.674500306373263925e+01 1.186852154802345294e-01
3.049999999998676117e+02 -4.765267911148841051e+01 1.181344420759178060e-01
3.059999999998667022e+02 -4.858515672063400359e+01 1.175850529081197832e-01
3.069999999998657927e+02 -4.954361748718389435e+01 1.170373016346385187e-01
3.079999999998648832e+02 -5.052919648382441409e+01 1.164914347952539231e-01
3.089999999998639737e+02 -5.154293624039271293e+01 1.159476910045165315e-01
3.099999999998630642e+02 -5.258572660876676963e+01 1.154063003558246092e-01
3.109999999998621547e+02 -5.365822759471783598e+01 1.148674841153957543e-01
3.119999999998612452e+02 -5.476077229491463783e+01 1.143314547944497689e-01
3.129999999998603357e+02 -5.589324762656578116e+01 1.137984166934098845e-01
3.139999999998594262e+02 -5.705495188851540433e+01 1.132685670100077174e-01
3.149999999998585167e+02 -5.824443072811425282e+01 1.127420975894844885e-01
3.159999999998576072e+02 -5.945929720209375802e+01 1.122191973643284907e-01
3.169999999998566977e+02 -6.069604757257189931e+01 1.117000554775842147e-01
3.179999999998557882e+02 -6.194989213848373311e+01 1.111848650034407415e-01
3.189999999998548788e+02 -6.321462887720251445e+01 1.106738270712311484e-01
3.199999999998539693e+02 -6.448259494901256517e+01 1.101671550713706760e-01
3.209999999998530598e+02 -6.574473397000508612e+01 1.096650784924128597e-01
3.219999999998521503e+02 -6.699081151056651606e+01 1.091678458379449629e-01
3.229999999998512408e+02 -6.820979453196176223e+01 1.086757260395969094e-01
3.239999999998503313e+02 -6.939038255250973464e+01 1.081890078545669209e-01
3.249999999998494218e+02 -7.052164428277106367e+01 1.077079969302041917e-01
3.259999999998485123e+02 -7.159368301034771775e+01 1.072330105173219666e-01
3.269999999998476028e+02 -7.259823833116583103e+01 1.067643701622560531e-01
3.279999999998466933e+02 -7.352913836734833808e+01 1.063023930238451847e-01
3.289999999998457838e+02 -7.438254485236295466e+01 1.058473826661677081e-01
3.299999999998448743e+02 -7.515697452023269420e+01 1.053996202234217527e-01
3.309999999998439648e+02 -7.585312094930554849e+01 1.049593567202473376e-01
3.319999999998430553e+02 -7.647352996762336375e+01 1.045268071030096280e-01
3.329999999998421458e+02 -7.702219358724551057e+01 1.041021462614663412e-01
3.339999999998412363e+02 -7.750412356383459667e+01 1.036855070594741024e-01
3.349999999998403268e+02 -7.792495170002914051e+01 1.032769801912213209e-01
3.359999999998394173e+02 -7.829058644144180334e+01 1.028766155533199084e-01
3.369999999998385078e+02 -7.860693912709974995e+01 1.024844247690692989e-01
3.379999999998375984e+02 -7.887972103806360735e+01 1.021003845031194235e-01
3.389999999998366889e+02 -7.911430468870460686e+01 1.017244402427198435e-01
3.399999999998357794e+02 -7.931563896693243976e+01 1.013565102778844623e-01
3.409999999998348699e+02 -7.948820664972760142e+01 1.009964896738546614e-01
3.419999999998339604e+02 -7.963601342896591007e+01 1.006442540868069391e-01
3.429999999998330509e+02 -7.976259904952756585e+01 1.002996633234440466e-01
3.439999999998321414e+02 -7.987106292959832388e+01 9.996256458533668565e-02
3.449999999998312319e+02 -7.996409837162028111e+01 9.963279536977844020e-02
3.459999999998303224e+02 -8.004403101296280454e+01 9.931018602150559760e-02
3.469999999998294129e+02 -8.011285844276633838e+01 9.899456194529496211e-02
3.479999999998285034e+02 -8.017228892015837971e+01 9.868574549962454145e-02
3.489999999998275939e+02 -8.022377789454969843e+01 9.838355759755959551e-02
3.499999999998266844e+02 -8.026856158915616390e+01 9.808781904393792939e-02
3.509999999998257749e+02 -8.030768730480994577e+01 9.779835163865757686e-02
3.519999999998248654e+02 -8.034204037001921961e+01 9.751497907514189434e-02
3.529999999998239559e+02 -8.037236783718897470e+01 9.723752766139215353e-02
3.539999999998230464e+02 -8.039929912998825046e+01 9.696582688883491341e-02
3.549999999998221369e+02 -8.042336390338400065e+01 9.669970987171451482e-02
3.559999999998212274e+02 -8.044500740129440430e+01 9.643901367725402074e-02
3.569999999998203180e+02 -8.046460359850301813e+01 9.618357956435105716e-02
3.579999999998194085e+02 -8.048246640160321874e+01 9.593325314625336664e-02
3.589999999998184990e+02 -8.049885916405041542e+01 9.568788449053453049e-02
3.599999999998175895e+02 -8.051400274680452185e+01 9.544732816776607676e-02
3.609999999998166800e+02 -8.052808233115064240e+01 9.521144325857701374e-02
3.619999999998157705e+02 -8.054125316573758653e+01 9.498009332729226428e-02
3.629999999998148610e+02 -8.055364540667174822e+01 9.475314636903399423e-02
3.639999999998139515e+02 -8.056536818818369738e+01 9.453047473604489492e-02
3.649999999998130420e+02 -8.057651304218475730e+01 9.431195504802371288e-02
3.659999999998121325e+02 -8.058715676800483152e+01 9.409746809043902094e-02
3.669999999998112230e+02 -8.059736383866970755e+01 9.388689870408849225e-02
3.679999999998103135e+02 -8.060718841709733340e+01 9.368013566857892604e-02
3.689999999998094040e+02 -8.061667604439008983e+01 9.347707158190568522e-02
3.699999999998084945e+02 -8.062586505278989080e+01 9.327760273789537093e-02
3.709999999998075850e+02 -8.063478774764612922e+01 9.308162900292475672e-02
3.719999999998066755e+02 -8.064347139575981771e+01 9.288905369304467641e-02
3.729999999998057660e+02 -8.065193905153260800e+01 9.269978345239285322e-02
3.739999999998048565e+02 -8.066021024733019829e+01 9.251372813358688107e-02
3.749999999998039470e+02 -8.066830157022755543e+01 9.233080068062213264e-02
3.759999999998030376e+02 -8.067622714372915027e+01 9.215091701466850138e-02
3.769999999998021281e+02 -8.068399903004572593e+01 9.197399592304945914e-02
3.779999999998012186e+02 -8.069162756597728503e+01 9.179995895160086850e-02
3.789999999998003091e+02 -8.069912164332778559e+01 9.162873030053229895e-02
3.799999999997993996e+02 -8.070648894299098686e+01 9.146023672386026371e-02
3.809999999997984901e+02 -8.071373613035035532e+01 9.129440743243481815e-02
3.819999999997975806e+02 -8.072086901838427764e+01 9.113117400054569772e-02
3.829999999997966711e+02 -8.072789270381531423e+01 9.097047027606629255e-02
3.839999999997957616e+02 -8.073481168076587267e+01 9.081223229407245356e-02
3.849999999997948521e+02 -8.074162993564493718e+01 9.065639819385555576e-02
3.859999999997939426e+02 -8.074835102637734963e+01 9.050290813923971001e-02
3.869999999997930331e+02 -8.075497814857259016e+01 9.035170424210202389e-02
3.879999999997921236e+02 -8.076151419080079563e+01 9.020273048899030144e-02
3.889999999997912141e+02 -8.076796178078366495e+01 9.005593267072925512e-02
3.899999999997903046e+02 -8.077432332400948667e+01 8.991125831490438813e-02
3.909999999997893951e+02 -8.078060103603085906e+01 8.976865662111219168e-02
3.919999999997884856e+02 -8.078679696949453160e+01 8.962807839886641204e-02
3.929999999997875761e+02 -8.079291303677820224e+01 8.948947600805239044e-02
3.939999999997866666e+02 -8.079895102896479386e+01 8.935280330182232555e-02
3.949999999997857572e+02 -8.080491263176114103e+01 8.921801557182928999e-02
3.959999999997848477e+02 -8.081079943886972217e+01 8.908506949569859612e-02
3.969999999997839382e+02 -8.081661296323453314e+01 8.895392308663992165e-02
3.979999999997830287e+02 -8.082235464651466827e+01 8.882453564510822686e-02
3.989999999997821192e+02 -8.082802586707752823e+01 8.869686771242195344e-02
3.999999999997812097e+02 -8.083362794675765883e+01 8.857088102625322590e-02
4.009999999997803002e+02 -8.083916215658396709e+01 8.844653847790845402e-02
4.019999999997793907e+02 -8.084462972164610051e+01 8.832380407131898425e-02
4.029999999997784812e+02 -8.085003182524006604e+01 8.820264288366760908e-02
4.039999999997775717e+02 -8.085536961241213305e+01 8.808302102757897822e-02
4.049999999997766622e+02 -8.086064419299873407e+01 8.796490561480449499e-02
4.059999999997757527e+02 -8.086585664424458741e+01 8.784826472133663855e-02
4.069999999997748432e+02 -8.087100801306641529e+01 8.773306735389088673e-02
4.079999999997739337e+02 -8.087609931801983976e+01 8.761928341769514850e-02
4.089999999997730242e+02 -8.088113155101694929e+01 8.750688368552969609e-02
4.099999999997721147e+02 -8.088610567883326041e+01 8.739583976796454212e-02
4.109999999997712052e+02 -8.089102264443810952e+01 8.728612408474227535e-02
4.119999999997702957e+02 -8.089588336817435277e+01 8.717770983725731115e-02
4.129999999997693862e+02 -8.090068874881251304e+01 8.707057098208498269e-02
4.139999999997684768e+02 -8.090543966449672553e+01 8.696468220551624440e-02
4.149999999997675673e+02 -8.091013697359905166e+01 8.686001889905528572e-02
4.159999999997666578e+02 -8.091478151549624442e+01 8.675655713583969864e-02
4.169999999997657483e+02 -8.091937411127834423e+01 8.665427364794457687e-02
4.179999999997648388e+02 -8.092391556440135503e+01 8.655314580453422890e-02
4.189999999997639293e+02 -8.092840666128874716e+01 8.645315159082632428e-02
4.199999999997630198e+02 -8.093284817189056923e+01 8.635426958783459783e-02
4.209999999997621103e+02 -8.093724085020460279e+01 8.625647895285926126e-02
4.219999999997612008e+02 -8.094158543476522993e+01 8.615975940069349470e-02
4.229999999997602913e+02 -8.094588264910255759e+01 8.606409118551816562e-02
4.239999999997593818e+02 -8.095013320217644548e+01 8.596945508345589515e-02
4.249999999997584723e+02 -8.095433778878749820e+01 8.587583237575918682e-02
4.259999999997575628e+02 -8.095849708996752270e+01 8.578320483260609697e-02
4.269999999997566533e+02 -8.096261177335203740e+01 8.569155469748068743e-02
4.279999999997557438e+02 -8.096668249353540148e+01 8.560086467211346084e-02
4.289999999997548343e+02 -8.097070989241164796e+01 8.551111790196136431e-02
4.299999999997539248e+02 -8.097469459950067971e+01 8.542229796220514315e-02
4.309999999997530153e+02 -8.097863723226221566e+01 8.533438884424407456e-02
4.319999999997521059e+02 -8.098253839639741614e+01 8.524737494266913795e-02
4.329999999997511964e+02 -8.098639868614020543e+01 8.516124104269545692e-02
4.339999999997502869e+02 -8.099021868453800721e+01 8.507597230803674859e-02
4.349999999997493774e+02 -8.099399896372267449e+01 8.499155426920505796e-02
4.359999999997484679e+02 -8.099774008517260881e+01 8.490797281221851289e-02
4.369999999997475584e+02 -8.100144259996660878e+01 8.482521416770261169e-02
4.379999999997466489e+02 -8.100510704902941939e+01 8.474326490036965254e-02
4.389999999997457394e+02 -8.100873396336959331e+01 8.466211189886202471e-02
4.399999999997448299e+02 -8.101232386431017574e+01 8.458174236594522000e-02
4.409999999997439204e+02 -8.101587726371271003e+01 8.450214380903900424e-02
4.419999999997430109e+02 -8.101939466419396751e+01 8.442330403107131676e-02
4.429999999997421014e+02 -8.102287655933720600e+01 8.434521112164601597e-02
4.439999999997411919e+02 -8.102632343389639402e+01 8.426785344851045467e-02
4.449999999997402824e+02 -8.102973576399570277e+01 8.419121964931285118e-02
4.459999999997393729e+02 -8.103311401732243269e+01 8.411529862363838206e-02
4.469999999997384634e+02 -8.103645865331493781e+01 8.404007952531419856e-02
4.479999999997375539e+02 -8.103977012334561891e+01 8.396555175497263934e-02
4.489999999997366444e+02 -8.104304887089827503e+01 8.389170495286420171e-02
4.499999999997357349e+02 -8.104629533174134792e+01 8.381852899191030715e-02
4.509999999997348255e+02 -8.104950993409589444e+01 8.374601397098811739e-02
4.519999999997339160e+02 -8.105269309879945183e+01 8.367415020843750606e-02
4.529999999997330065e+02 -8.105584523946542674e+01 8.360292823578346910e-02
4.539999999997320970e+02 -8.105896676263809297e+01 8.353233879166586939e-02
4.549999999997311875e+02 -8.106205806794382340e+01 8.346237281596896596e-02
4.559999999997302780e+02 -8.106511954823827182e+01 8.339302144414288687e-02
4.569999999997293685e+02 -8.106815158974967517e+01 8.332427600171160575e-02
4.579999999997284590e+02 -8.107115457221840416e+01 8.325612799895962257e-02
4.589999999997275495e+02 -8.107412886903320270e+01 8.318856912579158935e-02
4.599999999997266400e+02 -8.107707484736351944e+01 8.312159124675806698e-02
4.609999999997257305e+02 -8.107999286828901120e+01 8.305518639624213939e-02
4.619999999997248210e+02 -8.108288328692536595e+01 8.298934677380134795e-02
4.629999999997239115e+02 -8.108574645254721247e+01 8.292406473965883984e-02
4.639999999997230020e+02 -8.108858270870760521e+01 8.285933281033856790e-02
4.649999999997220925e+02 -8.109139239335523541e+01 8.279514365444054502e-02
4.659999999997211830e+02 -8.109417583894769166e+01 8.273149008854961683e-02
4.669999999997202735e+02 -8.109693337256314294e+01 8.266836507327422756e-02
4.679999999997193640e+02 -8.109966531600824169e+01 8.260576170941011376e-02
4.689999999997184545e+02 -8.110237198592433572e+01 8.254367323422544256e-02
4.699999999997175451e+02 -8.110505369388984320e+01 8.248209301786164904e-02
4.709999999997166356e+02 -8.110771074652161872e+01 8.242101455984791880e-02
4.719999999997157261e+02 -8.111034344557289444e+01 8.236043148572295969e-02
4.729999999997148166e+02 -8.111295208802907553e+01 8.230033754376336885e-02
4.739999999997139071e+02 -8.111553696620156018e+01 8.224072660181216965e-02
4.749999999997129976e+02 -8.111809836781888805e+01 8.218159264420554777e-02
4.759999999997120881e+02 -8.112063657611618339e+01 8.212292976879470574e-02
4.769999999997111786e+02 -8.112315186992192650e+01 8.206473218405813119e-02
4.779999999997102691e+02 -8.112564452374350310e+01 8.200699420630239156e-02
4.789999999997093596e+02 -8.112811480784982621e+01 8.194971025694891553e-02
4.799999999997084501e+02 -8.113056298835289226e+01 8.189287485990180693e-02
4.809999999997075406e+02 -8.113298932728693558e+01 8.183648263899610809e-02
4.819999999997066311e+02 -8.113539408268574959e+01 8.178052831552304336e-02
4.829999999997057216e+02 -8.113777750865838811e+01 8.172500670582898141e-02
4.839999999997048121e+02 -8.114013985546348806e+01 8.166991271898618732e-02
4.849999999997039026e+02 -8.114248136958123325e+01 8.161524135453378237e-02
4.859999999997029931e+02 -8.114480229378391130e+01 8.156098770028520628e-02
4.869999999997020836e+02 -8.114710286720541887e+01 8.150714693020025270e-02
4.879999999997011741e+02 -8.114938332540819488e+01 8.145371430232023480e-02
4.889999999997002647e+02 -8.115164390044965614e+01 8.140068515676393557e-02
4.899999999996993552e+02 -8.115388482094672895e+01 8.134805491378187259e-02
4.909999999996984457e+02 -8.115610631213840520e+01 8.129581907186703149e-02
4.919999999996975362e+02 -8.115830859594819913e+01 8.124397320592117999e-02
4.929999999996966267e+02 -8.116049189104411710e+01 8.119251296547314034e-02
4.939999999996957172e+02 -8.116265641289764687e+01 8.114143407294938104e-02
4.949999999996948077e+02 -8.116480237384155316e+01 8.109073232199362491e-02
4.959999999996938982e+02 -8.116692998312650786e+01 8.104040357583464083e-02
4.969999999996929887e+02 -8.116903944697601503e+01 8.099044376570047055e-02
4.979999999996920792e+02 -8.117113096864098054e+01 8.094084888927736976e-02
4.989999999996911697e+02 -8.117320474845216438e+01 8.089161500921272785e-02
4.999999999996902602e+02 -8.117526098387232025e+01 8.084273825165945448e-02
5.000000000000000000e+02 -8.117526098387295974e+01 8.084273825164436933e-02
