1.000000000000000666e+00 -7.217004322243415970e+01 7.359456774506697996e-02
2.000000000000001332e+00 -6.327733828960779761e+01 7.362418178711387096e-02
2.999999999999980016e+00 -6.992690727402562700e+00 7.372557852737939010e-02
3.999999999999958700e+00 3.630572874969035979e+01 7.885626282623807437e-02
4.999999999999937828e+00 3.023542995557995283e+01 9.224118383186973025e-02
5.999999999999916511e+00 2.566064265431865721e+01 1.107238479159820266e-01
6.999999999999895195e+00 2.288439730764070745e+01 1.303743031004870323e-01
7.999999999999873879e+00 2.144189353867663073e+01 1.479785243585061971e-01
8.999999999999852562e+00 2.085301548437734098e+01 1.619703248167398968e-01
9.999999999999831246e+00 2.076944396784742963e+01 1.721997730504293000e-01
1.099999999999980993e+01 2.096604368198737234e+01 1.792684692998955942e-01
1.199999999999978861e+01 2.130488988789515048e+01 1.839935871030394243e-01
1.299999999999976730e+01 2.170411443974160193e+01 1.871251839130475825e-01
1.399999999999974598e+01 2.211617156694697783e+01 1.892461897081648137e-01
1.499999999999972466e+01 2.251376724359521830e+01 1.907658519881470505e-01
1.599999999999970335e+01 2.288105698793691545e+01 1.919492947162221019e-01
1.699999999999985789e+01 2.320823151564907150e+01 1.929548028608529531e-01
1.800000000000001421e+01 2.348817252278112377e+01 1.938672028326297314e-01
1.900000000000017053e+01 2.371428644510864459e+01 1.947236828337656489e-01
2.000000000000032685e+01 2.387892717177291857e+01 1.955317386170929705e-01
2.100000000000048317e+01 2.397207274435317359e+01 1.962802645903453935e-01
2.200000000000063949e+01 2.398031616595879711e+01 1.969456722924564640e-01
2.300000000000079581e+01 2.388728930658159655e+01 1.974964689594231881e-01
2.400000000000095213e+01 2.367915643053198238e+01 1.979022161291371096e-01
2.500000000000110845e+01 2.336000134754213775e+01 1.981508278243837018e-01
2.600000000000126477e+01 2.296719378581640569e+01 1.982615939498111601e-01
2.700000000000142109e+01 2.255622935156933195e+01 1.982732490809291093e-01
2.800000000000157740e+01 2.216598482761718358e+01 1.982214529878296994e-01
2.900000000000173372e+01 2.180968093791195273e+01 1.981310112978024174e-01
3.000000000000189004e+01 2.148679085550022094e+01 1.980183324072607443e-01
3.100000000000204636e+01 2.119315710451502355e+01 1.978943715347065979e-01
3.200000000000220268e+01 2.092488459657682043e+01 1.977663325462069299e-01
3.300000000000200373e+01 2.067903223629126330e+01 1.976387501280222336e-01
3.400000000000180478e+01 2.045334695245767165e+01 1.975142952785567674e-01
3.500000000000160583e+01 2.024591860351122463e+01 1.973943805222387049e-01
3.600000000000140687e+01 2.005497326140528003e+01 1.972795926876402262e-01
3.700000000000120792e+01 1.987879521659543514e+01 1.971699904967113837e-01
3.800000000000100897e+01 1.971572187237933349e+01 1.970653061507019188e-01
3.900000000000081002e+01 1.956416683634819620e+01 1.969650817884191774e-01
4.000000000000061107e+01 1.942264631326384361e+01 1.968687617481411634e-01
4.100000000000041211e+01 1.928979837657193386e+01 1.967757541733142490e-01
4.200000000000021316e+01 1.916439268592981904e+01 1.966854709322568284e-01
4.300000000000001421e+01 1.904533177135489908e+01 1.965973521219724629e-01
4.399999999999981526e+01 1.893164612890605270e+01 1.965108797392111362e-01
4.499999999999961631e+01 1.882248537249549969e+01 1.964255839318665153e-01
4.599999999999941735e+01 1.871710726935272007e+01 1.963410443601676381e-01
4.699999999999921840e+01 1.861486598948502191e+01 1.962568885055031853e-01
4.799999999999901945e+01 1.851520045909161638e+01 1.961727882249109378e-01
4.899999999999882050e+01 1.841762336442946335e+01 1.960884554372445410e-01
4.999999999999862155e+01 1.832171110448998164e+01 1.960036375217409643e-01
5.099999999999842260e+01 1.822709482165028660e+01 1.959181127905723352e-01
5.199999999999822364e+01 1.813345253019152992e+01 1.958316862446885243e-01
5.299999999999802469e+01 1.804050229633035229e+01 1.957441857199626323e-01
5.399999999999782574e+01 1.794799638677302411e+01 1.956554584645065487e-01
5.499999999999762679e+01 1.785571628578082581e+01 1.955653681472143135e-01
5.599999999999742784e+01 1.776346847618999192e+01 1.954737922740172051e-01
5.699999999999722888e+01 1.767108088282334322e+01 1.953806199761510820e-01
5.799999999999702993e+01 1.757839988394247399e+01 1.952857501298081722e-01
5.899999999999683098e+01 1.748528780565437302e+01 1.951890897660515933e-01
5.999999999999663203e+01 1.739162082413020016e+01 1.950905527319318211e-01
6.099999999999643308e+01 1.729728721029243843e+01 1.949900585671216491e-01
6.199999999999623412e+01 1.720218586080721224e+01 1.948875315643160133e-01
6.299999999999603517e+01 1.710622506754798522e+01 1.947828999856524856e-01
6.399999999999583622e+01 1.700932148508372066e+01 1.946760954112279340e-01
6.499999999999634781e+01 1.691139926219145906e+01 1.945670521992843571e-01
6.599999999999685940e+01 1.681238930895034045e+01 1.944557070407457455e-01
6.699999999999737099e+01 1.671222867571805892e+01 1.943419985935033734e-01
6.799999999999788258e+01 1.661086002431303399e+01 1.942258671841893269e-01
6.899999999999839417e+01 1.650823117511307458e+01 1.941072545671681804e-01
6.999999999999890576e+01 1.640429471662081085e+01 1.939861037321692905e-01
7.099999999999941735e+01 1.629900766641748078e+01 1.938623587533973014e-01
7.199999999999992895e+01 1.619233117439890890e+01 1.937359646741489971e-01
7.300000000000044054e+01 1.608423026082297724e+01 1.936068674219589281e-01
7.400000000000095213e+01 1.597467358305064344e+01 1.934750137501143885e-01
7.500000000000146372e+01 1.586363322597851955e+01 1.933403512020721027e-01
7.600000000000197531e+01 1.575108451207956328e+01 1.932028280958689170e-01
7.700000000000248690e+01 1.563700582772202985e+01 1.930623935260907531e-01
7.800000000000299849e+01 1.552137846305515723e+01 1.929189973813447700e-01
7.900000000000351008e+01 1.540418646325485952e+01 1.927725903754979597e-01
8.000000000000402167e+01 1.528541648933465780e+01 1.926231240912038012e-01
8.100000000000453326e+01 1.516505768706244162e+01 1.924705510344441317e-01
8.200000000000504485e+01 1.504310156279571586e+01 1.923148246989899723e-01
8.300000000000555644e+01 1.491954186526873904e+01 1.921558996398135821e-01
8.400000000000606803e+01 1.479437447254293048e+01 1.919937315545971190e-01
8.500000000000657963e+01 1.466759728347572533e+01 1.918282773725638601e-01
8.600000000000709122e+01 1.453921011317869372e+01 1.916594953499265175e-01
8.700000000000760281e+01 1.440921459202857768e+01 1.914873451712882368e-01
8.800000000000811440e+01 1.427761406786912879e+01 1.913117880563733608e-01
8.900000000000862599e+01 1.414441351110132494e+01 1.911327868714799427e-01
9.000000000000913758e+01 1.400961942240747504e+01 1.909503062450663702e-01
9.100000000000964917e+01 1.387323974289227557e+01 1.907643126868804606e-01
9.200000000001016076e+01 1.373528376645540483e+01 1.905747747100453582e-01
9.300000000001067235e+01 1.359576205423450190e+01 1.903816629555042106e-01
9.400000000001118394e+01 1.345468635097770260e+01 1.901849503182168610e-01
9.500000000001169553e+01 1.331206950322170535e+01 1.899846120744864142e-01
9.600000000001220712e+01 1.316792537916503036e+01 1.897806260097785469e-01
9.700000000001271871e+01 1.302226879013799810e+01 1.895729725463769499e-01
9.800000000001323031e+01 1.287511541358142253e+01 1.893616348701997187e-01
9.900000000001374190e+01 1.272648171745475842e+01 1.891465990560876054e-01
1.000000000000142535e+02 1.257638488600321480e+01 1.889278541908507025e-01
1.010000000000147651e+02 1.242484274682056089e+01 1.887053924933514704e-01
1.020000000000152767e+02 1.227187369915192861e+01 1.884792094308825883e-01
1.030000000000157883e+02 1.211749664338747934e+01 1.882493038310906475e-01
1.040000000000162999e+02 1.196173091170493663e+01 1.880156779886882346e-01
1.050000000000168114e+02 1.180459619982466712e+01 1.877783377661914888e-01
1.060000000000173230e+02 1.164611249984788977e+01 1.875372926879183277e-01
1.070000000000178346e+02 1.148630003415404310e+01 1.872925560264928901e-01
1.080000000000183462e+02 1.132517919033924514e+01 1.870441448811027418e-01
1.090000000000188578e+02 1.116277045718315186e+01 1.867920802467746832e-01
1.100000000000193694e+02 1.099909436163655663e+01 1.865363870739534802e-01
1.110000000000198810e+02 1.083417140682678692e+01 1.862770943176892124e-01
1.120000000000203926e+02 1.066802201108205495e+01 1.860142349757743230e-01
1.130000000000209042e+02 1.050066644798003956e+01 1.857478461152019256e-01
1.140000000000214158e+02 1.033212478742867724e+01 1.854779688863633369e-01
1.150000000000219273e+02 1.016241683779042049e+01 1.852046485244463747e-01
1.160000000000224389e+02 9.991562089062794527e+00 1.849279343375485052e-01
1.170000000000229505e+02 9.819579657129787975e+00 1.846478796810782086e-01
1.180000000000234621e+02 9.646488229099462686e+00 1.843645419180779121e-01
1.190000000000239737e+02 9.472306009743062916e+00 1.840779823651692293e-01
1.200000000000244853e+02 9.297050669050682004e+00 1.837882662238924381e-01
1.210000000000249969e+02 9.120739290917146747e+00 1.834954624972839898e-01
1.220000000000255085e+02 8.943388322969994420e+00 1.831996438916155545e-01
1.230000000000260201e+02 8.765013527549095684e+00 1.829008867032947683e-01
1.240000000000265317e+02 8.585629933844208139e+00 1.825992706910099794e-01
1.250000000000270433e+02 8.405251791193316890e+00 1.822948789332828057e-01
1.260000000000275548e+02 8.223892523540241584e+00 1.819877976716737233e-01
1.270000000000280664e+02 8.041564685045651473e+00 1.816781161399691480e-01
1.280000000000285638e+02 7.858279916840237078e+00 1.813659263797556820e-01
1.290000000000276543e+02 7.674048904903897572e+00 1.810513230428696940e-01
1.300000000000267448e+02 7.488881339047315677e+00 1.807344031812794516e-01
1.310000000000258353e+02 7.302785872970249059e+00 1.804152660250390172e-01
1.320000000000249258e+02 7.115770085359445218e+00 1.800940127490079645e-01
1.330000000000240163e+02 6.927840441986668374e+00 1.797707462291065761e-01
1.340000000000231068e+02 6.739002258759433595e+00 1.794455707889247575e-01
1.350000000000221974e+02 6.549259665670778219e+00 1.791185919375596070e-01
1.360000000000212879e+02 6.358615571588209114e+00 1.787899160995974901e-01
1.370000000000203784e+02 6.167071629815653822e+00 1.784596503382006316e-01
1.380000000000194689e+02 5.974628204356303485e+00 1.781279020722827677e-01
1.390000000000185594e+02 5.781284336798295342e+00 1.777947787887845243e-01
1.400000000000176499e+02 5.587037713739901434e+00 1.774603877510775862e-01
1.410000000000167404e+02 5.391884634665468745e+00 1.771248357045285826e-01
1.420000000000158309e+02 5.195819980178787212e+00 1.767882285802608033e-01
1.430000000000149214e+02 4.998837180496105148e+00 1.764506711981384535e-01
1.440000000000140119e+02 4.800928184097175588e+00 1.761122669699869137e-01
1.450000000000131024e+02 4.602083426429372182e+00 1.757731176040365217e-01
1.460000000000121929e+02 4.402291798557158131e+00 1.754333228115541321e-01
1.470000000000112834e+02 4.201540615646911725e+00 1.750929800165821060e-01
1.480000000000103739e+02 3.999815585175726440e+00 1.747521840696699968e-01
1.490000000000094644e+02 3.797100774751704044e+00 1.744110269664345403e-01
1.500000000000085549e+02 3.593378579433378128e+00 1.740695975717268251e-01
1.510000000000076454e+02 3.388629688436287424e+00 1.737279813501358128e-01
1.520000000000067359e+02 3.182833051116283229e+00 1.733862601034903694e-01
1.530000000000058265e+02 2.975965842121455207e+00 1.730445117159627455e-01
1.540000000000049170e+02 2.768003425607699519e+00 1.727028099073099898e-01
1.550000000000040075e+02 2.558919318417293809e+00 1.723612239947213409e-01
1.560000000000030980e+02 2.348685152125045139e+00 1.720198186636743287e-01
1.570000000000021885e+02 2.137270633863161073e+00 1.716786537481324593e-01
1.580000000000012790e+02 1.924643505843571800e+00 1.713377840203548774e-01
1.590000000000003695e+02 1.710769503505739753e+00 1.709972589905217333e-01
1.599999999999994600e+02 1.495612312228490115e+00 1.706571227163140025e-01
1.609999999999985505e+02 1.279133522556791913e+00 1.703174136225367452e-01
1.619999999999976410e+02 1.061292583908548526e+00 1.699781643308132251e-01
1.629999999999967315e+02 8.420467567427503131e-01 1.696394014993296284e-01
1.639999999999958220e+02 6.213510631887410041e-01 1.693011456725710961e-01
1.649999999999949125e+02 3.991582361574931848e-01 1.689634111409489270e-01
1.659999999999940030e+02 1.754186669795805842e-01 1.686262058101896388e-01
1.669999999999930935e+02 -4.991964835837948283e-02 1.682895310803405320e-01
1.679999999999921840e+02 -2.769111642767410619e-01 1.679533817342251378e-01
1.689999999999912745e+02 -5.056128418281518044e-01 1.676177458351880423e-01
1.699999999999903650e+02 -7.360842059102914448e-01 1.672826046339691286e-01
1.709999999999894555e+02 -9.683874032464182546e-01 1.669479324845710155e-01
1.719999999999885461e+02 -1.202587260865701557e+00 1.666136967690062254e-01
1.729999999999876366e+02 -1.438751344760065276e+00 1.662798578308634645e-01
1.739999999999867271e+02 -1.676950018332665548e+00 1.659463689176764734e-01
1.749999999999858176e+02 -1.917256500184165935e+00 1.656131761321573415e-01
1.759999999999849081e+02 -2.159746920705969853e+00 1.652802183924353407e-01
1.769999999999839986e+02 -2.404500376863719868e+00 1.649474274015421682e-01
1.779999999999830891e+02 -2.651598984459047514e+00 1.646147276265020332e-01
1.789999999999821796e+02 -2.901127927051663669e+00 1.642820362875140328e-01
1.799999999999812701e+02 -3.153175500606796522e+00 1.639492633578624459e-01
1.809999999999803606e+02 -3.407833152804077059e+00 1.636163115753616892e-01
1.819999999999794511e+02 -3.665195515802009307e+00 1.632830764663193157e-01
1.829999999999785416e+02 -3.925360431097443925e+00 1.629494463832083517e-01
1.839999999999776321e+02 -4.188428964950817068e+00 1.626153025574555433e-01
1.849999999999767226e+02 -4.454505412665764830e+00 1.622805191689922766e-01
1.859999999999758131e+02 -4.723697289816510825e+00 1.619449634344625466e-01
1.869999999999749036e+02 -4.996115308308809233e+00 1.616084957162544355e-01
1.879999999999739941e+02 -5.271873334942235090e+00 1.612709696547993954e-01
1.889999999999730846e+02 -5.551088329916916031e+00 1.609322323268712052e-01
1.899999999999721751e+02 -5.833880262499078206e+00 1.605921244329148456e-01
1.909999999999712657e+02 -6.120372000833906867e+00 1.602504805167288549e-01
1.919999999999703562e+02 -6.410689172682430659e+00 1.599071292211150519e-01
1.929999999999694467e+02 -6.704959993667547025e+00 1.595618935833822138e-01
1.939999999999685372e+02 -7.003315059463521841e+00 1.592145913748459207e-01
1.949999999999676277e+02 -7.305887098269352897e+00 1.588650354886763372e-01
1.959999999999667182e+02 -7.612810679897047628e+00 1.585130343806088749e-01
1.969999999999658087e+02 -7.924221877910627931e+00 1.581583925671285751e-01
1.979999999999648992e+02 -8.240257881511080740e+00 1.578009111857380520e-01
1.989999999999639897e+02 -8.561056554322370005e+00 1.574403886218079807e-01
1.999999999999630802e+02 -8.886755937950438167e+00 1.570766212062555123e-01
2.009999999999621707e+02 -9.217493699225023818e+00 1.567094039878660638e-01
2.019999999999612612e+02 -9.553406521465172219e+00 1.563385315834331657e-01
2.029999999999603517e+02 -9.894629442011053655e+00 1.559637991080070618e-01
2.039999999999594422e+02 -1.024129514071851332e+01 1.555850031863646177e-01
2.049999999999585327e+02 -1.059353318719190540e+01 1.552019430453057680e-01
2.059999999999576232e+02 -1.095146925830032458e+01 1.548144216845011301e-01
2.069999999999567137e+02 -1.131522434201842486e+01 1.544222471213280434e-01
2.079999999999558042e+02 -1.168491394885250934e+01 1.540252337024008711e-01
2.089999999999548947e+02 -1.206064735799322740e+01 1.536232034713204408e-01
2.099999999999539853e+02 -1.244252693173231528e+01 1.532159875785314429e-01
2.109999999999530758e+02 -1.283064753834455196e+01 1.528034277151229803e-01
2.119999999999521663e+02 -1.322509613019357211e+01 1.523853775480030759e-01
2.129999999999512568e+02 -1.362595152975750601e+01 1.519617041292429527e-01
2.139999999999503473e+02 -1.403328448092710445e+01 1.515322892476871075e-01
2.149999999999494378e+02 -1.444715802550842909e+01 1.510970306864091173e-01
2.159999999999485283e+02 -1.486762826446011587e+01 1.506558433455609802e-01
2.169999999999476188e+02 -1.529474555905653510e+01 1.502086601869989657e-01
2.179999999999467093e+02 -1.572855621796049697e+01 1.497554329552034935e-01
2.189999999999457998e+02 -1.616910470131430344e+01 1.492961326289286572e-01
2.199999999999448903e+02 -1.661643635186814194e+01 1.488307495602112784e-01
2.209999999999439808e+02 -1.707060063569240782e+01 1.483592932622974092e-01
2.219999999999430713e+02 -1.753165484151516296e+01 1.478817918160907352e-01
2.229999999999421618e+02 -1.799966814915301327e+01 1.473982908761337918e-01
2.239999999999412523e+02 -1.847472593553750286e+01 1.469088522719394774e-01
2.249999999999403428e+02 -1.895693414390117937e+01 1.464135522184744631e-01
2.259999999999394333e+02 -1.944642350094752814e+01 1.459124791702496038e-01
2.269999999999385238e+02 -1.994335333214792172e+01 1.454057313759361536e-01
2.279999999999376143e+02 -2.044791470113318610e+01 1.448934142135274439e-01
2.289999999999367049e+02 -2.096033259031478124e+01 1.443756374083099425e-01
2.299999999999357954e+02 -2.148086685131135809e+01 1.438525122555501246e-01
2.309999999999348859e+02 -2.200981169004407434e+01 1.433241489849150230e-01
2.319999999999339764e+02 -2.254749351604559848e+01 1.427906544122315435e-01
2.329999999999330669e+02 -2.309426708021095820e+01 1.422521300243382303e-01
2.339999999999321574e+02 -2.365050994844071752e+01 1.417086706328596901e-01
2.349999999999312479e+02 -2.421661550464549251e+01 1.411603637115918242e-01
2.359999999999303384e+02 -2.479298483441935019e+01 1.406072894995105127e-01
2.369999999999294289e+02 -2.538001799383217971e+01 1.400495219079645470e-01
2.379999999999285194e+02 -2.597810529545650482e+01 1.394871302185247131e-01
2.389999999999276099e+02 -2.658761932286551755e+01 1.389201815009120933e-01
2.399999999999267004e+02 -2.720890839578537523e+01 1.383487436235376344e-01
2.409999999999257909e+02 -2.784229213793086188e+01 1.377728886786257767e-01
2.419999999999248814e+02 -2.848805964867188578e+01 1.371926966060940112e-01
2.429999999999239719e+02 -2.914647056278404591e+01 1.366082587809638316e-01
2.439999999999230624e+02 -2.981775902806050027e+01 1.360196813317273157e-01
2.449999999999221529e+02 -3.050214037519479149e+01 1.354270879824691076e-01
2.459999999999212434e+02 -3.119982003519646341e+01 1.348306222569076729e-01
2.469999999999203339e+02 -3.191100410590598102e+01 1.342304489419803293e-01
2.479999999999194245e+02 -3.263591089633608533e+01 1.336267547741117612e-01
2.489999999999185150e+02 -3.337478278508815066e+01 1.330197483741980269e-01
2.499999999999176055e+02 -3.412789780273953255e+01 1.324096595099199525e-01
2.509999999999166960e+02 -3.489558046491013954e+01 1.317967378008916557e-01
2.519999999999157865e+02 -3.567821151698903748e+01 1.311812510009743860e-01
2.529999999999148770e+02 -3.647623637993179813e+01 1.305634829934994579e-01
2.539999999999139675e+02 -3.729017219134201611e+01 1.299437316221921934e-01
2.549999999999130580e+02 -3.812061340597136194e+01 1.293223064578031822e-01
2.559999999999121485e+02 -3.896823594934303259e+01 1.286995265728279603e-01
2.569999999999112674e+02 -3.983379990597875775e+01 1.280757183688010503e-01
2.579999999999103579e+02 -4.071815068418987238e+01 1.274512134761273396e-01
2.589999999999094484e+02 -4.162221851392243366e+01 1.268263467273907652e-01
2.599999999999085389e+02 -4.254701584743247622e+01 1.262014541937442336e-01
2.609999999999076294e+02 -4.349363231826463050e+01 1.255768712705509493e-01
2.619999999999067199e+02 -4.446322652042521639e+01 1.249529308001100791e-01
2.629999999999058105e+02 -4.545701360506381405e+01 1.243299612277778271e-01
2.639999999999049010e+02 -4.647624736175879434e+01 1.237082848013141834e-01
2.649999999999039915e+02 -4.752219503726971794e+01 1.230882158403848459e-01
2.659999999999030820e+02 -4.859610266367985076e+01 1.224700591227393387e-01
2.669999999999021725e+02 -4.969914813435730139e+01 1.218541084545934211e-01
2.679999999999012630e+02 -5.083237872094390752e+01 1.212406455140347117e-01
2.689999999999003535e+02 -5.199662925326303053e+01 1.206299390764725143e-01
2.699999999998994440e+02 -5.319241694276743004e+01 1.200222447484010774e-01
2.709999999998985345e+02 -5.441980907721038108e+01 1.194178053473005513e-01
2.719999999998976250e+02 -5.567826094036951901e+01 1.188168520673309470e-01
2.729999999998967155e+02 -5.696642384983243090e+01 1.182196065569108973e-01
2.739999999998958060e+02 -5.828192779065240359e+01 1.176262839978965691e-01
2.749999999998948965e+02 -5.962115032790830327e+01 1.170370972083678157e-01
2.759999999998939870e+02 -6.097899348869855629e+01 1.164522616841897618e-01
2.769999999998930775e+02 -6.234870235307137420e+01 1.158720013451527558e-01
2.779999999998921680e+02 -6.372177080657277770e+01 1.152965545662353597e-01
2.789999999998912585e+02 -6.508798684349314101e+01 1.147261798765344676e-01
2.799999999998903490e+02 -6.643566592265459292e+01 1.141611605415578379e-01
2.809999999998894396e+02 -6.775210061341229562e+01 1.136018071700972826e-01
2.819999999998885301e+02 -6.902421678912715208e+01 1.130484575672907055e-01
2.829999999998876206e+02 -7.023937742468326917e+01 1.125014733265253114e-01
2.839999999998867111e+02 -7.138622936992059920e+01 1.119612330946683776e-01
2.849999999998858016e+02 -7.245546427634666031e+01 1.114281229712948684e-01
2.859999999998848921e+02 -7.344037445219832705e+01 1.109025249809426905e-01
2.869999999998839826e+02 -7.433712693437750829e+01 1.103848048586183184e-01
2.879999999998830731e+02 -7.514473986011030604e+01 1.098753004384217663e-01
2.889999999998821636e+02 -7.586480321748145172e+01 1.093743117409329835e-01
2.899999999998812541e+02 -7.650102408766220208e+01 1.088820934952789282e-01
2.909999999998803446e+02 -7.705868805408454136e+01 1.083988504163553024e-01
2.919999999998794351e+02 -7.754411767276417322e+01 1.079247351845853131e-01
2.929999999998785256e+02 -7.796418563304287375e+01 1.074598488046063921e-01
2.939999999998776161e+02 -7.832591443924569319e+01 1.070042428673752960e-01
2.949999999998767066e+02 -7.863617275151300134e+01 1.065579231928655141e-01
2.959999999998757971e+02 -7.890146364209311969e+01 1.061208543580565850e-01
2.969999999998748876e+02 -7.912779179262638252e+01 1.056929646857471816e-01
2.979999999998739781e+02 -7.932059353061941920e+01 1.052741513581464949e-01
2.989999999998730686e+02 -7.948471375516803050e+01 1.048642854077629361e-01
2.999999999998721592e+02 -7.962441570593273354e+01 1.044632164169484040e-01
3.009999999998712497e+02 -7.974341212348281260e+01 1.040707768223113755e-01
3.019999999998703402e+02 -7.984490899393209418e+01 1.036867857704102946e-01
3.029999999998694307e+02 -7.993165543663332073e+01 1.033110525079472403e-01
3.039999999998685212e+02 -8.000599524979210742e+01 1.029433793152277898e-01
3.049999999998676117e+02 -8.006991715855819791e+01 1.025835640082485012e-01
3.059999999998667022e+02 -8.012510195431579518e+01 1.022314020445794780e-01
3.069999999998657927e+02 -8.017296553637096679e+01 1.018866882730578433e-01
3.079999999998648832e+02 -8.021469743552005127e+01 1.015492183686965977e-01
3.089999999998639737e+02 -8.025129477462159855e+01 1.012187899932911750e-01
3.099999999998630642e+02 -8.028359185595414260e+01 1.008952037198343199e-01
3.109999999998621547e+02 -8.031228569992926225e+01 1.005782637556629638e-01
3.119999999998612452e+02 -8.033795792604246344e+01 1.002677784956946677e-01
3.129999999998603357e+02 -8.036109338801065860e+01 9.996356093345594440e-02
3.139999999998594262e+02 -8.038209596756061615e+01 9.966542895407291824e-02
3.149999999998585167e+02 -8.040130190698008050e+01 9.937320553008235913e-02
3.159999999998576072e+02 -8.041899102727577997e+01 9.908671883790313994e-02
3.169999999998566977e+02 -8.043539614184334141e+01 9.880580231010638315e-02
3.179999999998557882e+02 -8.045071093828403264e+01 9.853029463624350670e-02
3.189999999998548788e+02 -8.046509656539137723e+01 9.826003972291368072e-02
3.199999999998539693e+02 -8.047868712949545511e+01 9.799488662196458033e-02
3.209999999998530598e+02 -8.049159427479885665e+01 9.773468943418607557e-02
3.219999999998521503e+02 -8.050391099620492241e+01 9.747930719455528970e-02
3.229999999998512408e+02 -8.051571481033461453e+01 9.722860374398971384e-02
3.239999999998503313e+02 -8.052707039072335249e+01 9.698244759164381668e-02
3.249999999998494218e+02 -8.053803175630339695e+01 9.674071177100507235e-02
3.259999999998485123e+02 -8.054864408788895958e+01 9.650327369240950526e-02
3.269999999998476028e+02 -8.055894523518735184e+01 9.627001499405625495e-02
3.279999999998466933e+02 -8.056896696656464485e+01 9.604082139316483246e-02
3.289999999998457838e+02 -8.057873600513151757e+01 9.581558253855380902e-02
3.299999999998448743e+02 -8.058827488744269374e+01 9.559419186562528870e-02
3.309999999998439648e+02 -8.059760267501833653e+01 9.537654645449619717e-02
3.319999999998430553e+02 -8.060673554380409200e+01 9.516254689182174209e-02
3.329999999998421458e+02 -8.061568727244053889e+01 9.495209713669822138e-02
3.339999999998412363e+02 -8.062446964667226723e+01 9.474510439090635949e-02
3.349999999998403268e+02 -8.063309279428044363e+01 9.454147897365224040e-02
3.359999999998394173e+02 -8.064156546246876189e+01 9.434113420088550972e-02
3.369999999998385078e+02 -8.064989524759624828e+01 9.414398626920986168e-02
3.379999999998375984e+02 -8.065808878545642813e+01 9.394995414435307335e-02
3.389999999998366889e+02 -8.066615190889810094e+01 9.375895945412551780e-02
3.399999999998357794e+02 -8.067408977841435558e+01 9.357092638576863797e-02
3.409999999998348699e+02 -8.068190699036242108e+01 9.338578158757458725e-02
3.419999999998339604e+02 -8.068960766667244400e+01 9.320345407464261656e-02
3.429999999998330509e+02 -8.069719552923972117e+01 9.302387513862959978e-02
3.439999999998321414e+02 -8.070467396164414708e+01 9.284697826134487297e-02
3.449999999998312319e+02 -8.071204606038489260e+01 9.267269903203681491e-02
3.459999999998303224e+02 -8.071931467743999633e+01 9.250097506821926274e-02
3.469999999998294129e+02 -8.072648245564788283e+01 9.233174593988473233e-02
3.479999999998285034e+02 -8.073355185814976664e+01 9.216495309695670046e-02
3.489999999998275939e+02 -8.074052519291664964e+01 9.200053979983451036e-02
3.499999999998266844e+02 -8.074740463320878803e+01 9.183845105288970800e-02
3.509999999998257749e+02 -8.075419223466620622e+01 9.167863354077854243e-02
3.519999999998248654e+02 -8.076088994961205003e+01 9.152103556743799995e-02
3.529999999998239559e+02 -8.076749963904536855e+01 9.136560699764038895e-02
3.539999999998230464e+02 -8.077402308272000653e+01 9.121229920098614108e-02
3.549999999998221369e+02 -8.078046198763708219e+01 9.106106499821965683e-02
3.559999999998212274e+02 -8.078681799522134099e+01 9.091185860975870003e-02
3.569999999998203180e+02 -8.079309268740570360e+01 9.076463560633357686e-02
3.579999999998194085e+02 -8.079928759180808129e+01 9.061935286163648462e-02
3.589999999998184990e+02 -8.080540418615429132e+01 9.047596850688671699e-02
3.599999999998175895e+02 -8.081144390207329309e+01 9.033444188722360157e-02
3.609999999998166800e+02 -8.081740812836942212e+01 9.019473351984115539e-02
3.619999999998157705e+02 -8.082329821385823720e+01 9.005680505378405032e-02
3.629999999998148610e+02 -8.082911546983761752e+01 8.992061923132978196e-02
3.639999999998139515e+02 -8.083486117225349687e+01 8.978613985088346183e-02
3.649999999998130420e+02 -8.084053656360958939e+01 8.965333173131760647e-02
3.659999999998121325e+02 -8.084614285466139449e+01 8.952216067769126762e-02
3.669999999998112230e+02 -8.085168122592851603e+01 8.939259344828746900e-02
3.679999999998103135e+02 -8.085715282905324841e+01 8.926459772290973316e-02
3.689999999998094040e+02 -8.086255878802876396e+01 8.913814207238297815e-02
3.699999999998084945e+02 -8.086790020031611448e+01 8.901319592920588220e-02
3.709999999998075850e+02 -8.087317813786599174e+01 8.888972955930464492e-02
3.719999999998066755e+02 -8.087839364805911657e+01 8.876771403484044753e-02
3.729999999998057660e+02 -8.088354775457581525e+01 8.864712120802675788e-02
3.739999999998048565e+02 -8.088864145820441820e+01 8.852792368591211325e-02
3.749999999998039470e+02 -8.089367573759658114e+01 8.841009480608838511e-02
3.759999999998030376e+02 -8.089865154997532670e+01 8.829360861328655607e-02
3.769999999998021281e+02 -8.090356983180211614e+01 8.817843983682181752e-02
3.779999999998012186e+02 -8.090843149940687340e+01 8.806456386885359866e-02
3.789999999998003091e+02 -8.091323744958521047e+01 8.795195674342824732e-02
3.799999999997993996e+02 -8.091798856016697528e+01 8.784059511627007044e-02
3.809999999997984901e+02 -8.092268569055681837e+01 8.773045624529338116e-02
3.819999999997975806e+02 -8.092732968225163859e+01 8.762151797180429968e-02
3.829999999997966711e+02 -8.093192135933561815e+01 8.751375870236637045e-02
3.839999999997957616e+02 -8.093646152895466628e+01 8.740715739130316964e-02
3.849999999997948521e+02 -8.094095098177187708e+01 8.730169352381215997e-02
3.859999999997939426e+02 -8.094539049240633233e+01 8.719734709966753261e-02
3.869999999997930331e+02 -8.094978081985470908e+01 8.709409861748790282e-02
3.879999999997921236e+02 -8.095412270789844911e+01 8.699192905954677979e-02
3.889999999997912141e+02 -8.095841688549587900e+01 8.689081987710635391e-02
3.899999999997903046e+02 -8.096266406716117103e+01 8.679075297625349350e-02
3.909999999997893951e+02 -8.096686495333102584e+01 8.669171070421871628e-02
3.919999999997884856e+02 -8.097102023071813903e+01 8.659367583616134345e-02
3.929999999997875761e+02 -8.097513057265432224e+01 8.649663156240107453e-02
3.939999999997866666e+02 -8.097919663942167290e+01 8.640056147608152215e-02
3.949999999997857572e+02 -8.098321907857415169e+01 8.630544956124834577e-02
3.959999999997848477e+02 -8.098719852524872920e+01 8.621128018132676041e-02
3.969999999997839382e+02 -8.099113560246692600e+01 8.611803806798380700e-02
3.979999999997830287e+02 -8.099503092142718685e+01 8.602570831036152055e-02
3.989999999997821192e+02 -8.099888508178908353e+01 8.593427634466697940e-02
3.999999999997812097e+02 -8.100269867194768381e+01 8.584372794410660701e-02
4.009999999997803002e+02 -8.100647226930135503e+01 8.575404920915234708e-02
4.019999999997793907e+02 -8.101020644051099850e+01 8.566522655812701392e-02
4.029999999997784812e+02 -8.101390174175156744e+01 8.557724671809813222e-02
4.039999999997775717e+02 -8.101755871895643679e+01 8.549009671606877525e-02
4.049999999997766622e+02 -8.102117790805525033e+01 8.540376387045514606e-02
4.059999999997757527e+02 -8.102475983520444913e+01 8.531823578284049303e-02
4.069999999997748432e+02 -8.102830501701153310e+01 8.523350032999527093e-02
4.079999999997739337e+02 -8.103181396075287068e+01 8.514954565615473481e-02
4.089999999997730242e+02 -8.103528716458599490e+01 8.506636016554458557e-02
4.099999999997721147e+02 -8.103872511775509224e+01 8.498393251514568814e-02
4.109999999997712052e+02 -8.104212830079150365e+01 8.490225160769043766e-02
4.119999999997702957e+02 -8.104549718570854111e+01 8.482130658488126751e-02
4.129999999997693862e+02 -8.104883223619091837e+01 8.474108682082556743e-02
4.139999999997684768e+02 -8.105213390777932148e+01 8.466158191567704772e-02
4.149999999997675673e+02 -8.105540264804950823e+01 8.458278168947813702e-02
4.159999999997666578e+02 -8.105863889678725798e+01 8.450467617619651650e-02
4.169999999997657483e+02 -8.106184308615792133e+01 8.442725561794832412e-02
4.179999999997648388e+02 -8.106501564087197664e+01 8.435051045940189507e-02
4.189999999997639293e+02 -8.106815697834642265e+01 8.427443134235577948e-02
4.199999999997630198e+02 -8.107126750886101263e+01 8.419900910048606912e-02
4.209999999997621103e+02 -8.107434763571141900e+01 8.412423475425519215e-02
4.219999999997612008e+02 -8.107739775535786464e+01 8.405009950597921997e-02
4.229999999997602913e+02 -8.108041825756987464e+01 8.397659473504630323e-02
4.239999999997593818e+02 -8.108340952556773118e+01 8.390371199328239271e-02
4.249999999997584723e+02 -8.108637193615984984e+01 8.383144300045833330e-02
4.259999999997575628e+02 -8.108930585987688744e+01 8.375977963993450071e-02
4.269999999997566533e+02 -8.109221166110204138e+01 8.368871395443790162e-02
4.279999999997557438e+02 -8.109508969819917468e+01 8.361823814196704674e-02
4.289999999997548343e+02 -8.109794032363616623e+01 8.354834455182093278e-02
4.299999999997539248e+02 -8.110076388410637094e+01 8.347902568074747065e-02
4.309999999997530153e+02 -8.110356072064661248e+01 8.341027416920814008e-02
4.319999999997521059e+02 -8.110633116875206383e+01 8.334208279775394412e-02
4.329999999997511964e+02 -8.110907555848861250e+01 8.327444448351002670e-02
4.339999999997502869e+02 -8.111179421460249728e+01 8.320735227676440138e-02
4.349999999997493774e+02 -8.111448745662718807e+01 8.314079935765855689e-02
4.359999999997484679e+02 -8.111715559898695460e+01 8.307477903297544319e-02
4.369999999997475584e+02 -8.111979895109942618e+01 8.300928473302211785e-02
4.379999999997466489e+02 -8.112241781747428604e+01 8.294431000860459646e-02
4.389999999997457394e+02 -8.112501249781038837e+01 8.287984852809025804e-02
4.399999999997448299e+02 -8.112758328709014677e+01 8.281589407455690333e-02
4.409999999997439204e+02 -8.113013047567197589e+01 8.275244054302426100e-02
4.419999999997430109e+02 -8.113265434938017506e+01 8.268948193776622102e-02
4.429999999997421014e+02 -8.113515518959316353e+01 8.262701236969979823e-02
4.439999999997411919e+02 -8.113763327332929975e+01 8.256502605385021565e-02
4.449999999997402824e+02 -8.114008887333069708e+01 8.250351730688830487e-02
4.459999999997393729e+02 -8.114252225814523456e+01 8.244248054473847509e-02
4.469999999997384634e+02 -8.114493369220670616e+01 8.238191028025450280e-02
4.479999999997375539e+02 -8.114732343591303732e+01 8.232180112096171287e-02
4.489999999997366444e+02 -8.114969174570232724e+01 8.226214776686265051e-02
4.499999999997357349e+02 -8.115203887412809536e+01 8.220294500830523099e-02
4.509999999997348255e+02 -8.115436506993187038e+01 8.214418772390988388e-02
4.519999999997339160e+02 -8.115667057811444352e+01 8.208587087855527542e-02
4.529999999997330065e+02 -8.115895564000581430e+01 8.202798952142031919e-02
4.539999999997320970e+02 -8.116122049333307586e+01 8.197053878408007421e-02
4.549999999997311875e+02 -8.116346537228729119e+01 8.191351387865455913e-02
4.559999999997302780e+02 -8.116569050758833725e+01 8.185691009600891410e-02
4.569999999997293685e+02 -8.116789612654868336e+01 8.180072280400256524e-02
4.579999999997284590e+02 -8.117008245313570569e+01 8.174494744578619798e-02
4.589999999997275495e+02 -8.117224970803235351e+01 8.168957953814584561e-02
4.599999999997266400e+02 -8.117439810869717576e+01 8.163461466989087312e-02
4.609999999997257305e+02 -8.117652786942200294e+01 8.158004850028670318e-02
4.619999999997248210e+02 -8.117863920138914580e+01 8.152587675752884233e-02
4.629999999997239115e+02 -8.118073231272740031e+01 8.147209523725822133e-02
4.639999999997230020e+02 -8.118280740856610578e+01 8.141869980111635097e-02
4.649999999997220925e+02 -8.118486469108891868e+01 8.136568637533861392e-02
4.659999999997211830e+02 -8.118690435958583862e+01 8.131305094938499900e-02
4.669999999997202735e+02 -8.118892661050445270e+01 8.126078957460688978e-02
4.679999999997193640e+02 -8.119093163749970188e+01 8.120889836294910291e-02
4.689999999997184545e+02 -8.119291963148310742e+01 8.115737348568570486e-02
4.699999999997175451e+02 -8.119489078067061882e+01 8.110621117218880238e-02
4.709999999997166356e+02 -8.119684527062943857e+01 8.105540770872927958e-02
4.719999999997157261e+02 -8.119878328432419323e+01 8.100495943730880166e-02
4.729999999997148166e+02 -8.120070500216161236e+01 8.095486275452146163e-02
4.739999999997139071e+02 -8.120261060203478110e+01 8.090511411044516710e-02
4.749999999997129976e+02 -8.120450025936627014e+01 8.085571000756040794e-02
4.759999999997120881e+02 -8.120637414715024249e+01 8.080664699969745957e-02
4.769999999997111786e+02 -8.120823243599410546e+01 8.075792169100992623e-02
4.779999999997102691e+02 -8.121007529415865633e+01 8.070953073497365293e-02
4.789999999997093596e+02 -8.121190288759810016e+01 8.066147083341140833e-02
4.799999999997084501e+02 -8.121371537999893064e+01 8.061373873554165959e-02
4.809999999997075406e+02 -8.121551293281784467e+01 8.056633123705084221e-02
4.819999999997066311e+02 -8.121729570531931586e+01 8.051924517918863933e-02
4.829999999997057216e+02 -8.121906385461197431e+01 8.047247744788596502e-02
4.839999999997048121e+02 -8.122081753568446061e+01 8.042602497289404184e-02
4.849999999997039026e+02 -8.122255690144098139e+01 8.037988472694464204e-02
4.859999999997029931e+02 -8.122428210273521643e+01 8.033405372493103436e-02
4.869999999997020836e+02 -8.122599328840446731e+01 8.028852902310835982e-02
4.879999999997011741e+02 -8.122769060530255558e+01 8.024330771831339471e-02
4.889999999997002647e+02 -8.122937419833222350e+01 8.019838694720318739e-02
4.899999999996993552e+02 -8.123104421047727897e+01 8.015376388551180564e-02
4.909999999996984457e+02 -8.123270078283331941e+01 8.010943574732432015e-02
4.919999999996975362e+02 -8.123434405463878250e+01 8.006539978436862104e-02
4.929999999996966267e+02 -8.123597416330449050e+01 8.002165328532336031e-02
4.939999999996957172e+02 -8.123759124444349311e+01 7.997819357514281136e-02
4.949999999996948077e+02 -8.123919543189960280e+01 7.993501801439638343e-02
4.959999999996938982e+02 -8.124078685777580233e+01 7.989212399862423430e-02
4.969999999996929887e+02 -8.124236565246188491e+01 7.984950895770788482e-02
4.979999999996920792e+02 -8.124393194466183843e+01 7.980717035525479452e-02
4.989999999996911697e+02 -8.124548586142061879e+01 7.976510568799737022e-02
4.999999999996902602e+02 -8.124702752814997098e+01 7.972331248520531100e-02
5.000000000000000000e+02 -8.124702752815045415e+01 7.972331248519240465e-02
