1.000000000000000666e+00 -7.217006799983006715e+01 7.359444446707719134e-02
2.000000000000001332e+00 -6.327741396717684808e+01 7.362377725314853127e-02
2.999999999999980016e+00 -6.996316482823988991e+00 7.372475612315976257e-02
3.999999999999958700e+00 3.630587184315324834e+01 7.885478044579068146e-02
4.999999999999937828e+00 3.023563954921315755e+01 9.223902694230540211e-02
5.999999999999916511e+00 2.566086375106491957e+01 1.107211272177589245e-01
6.999999999999895195e+00 2.288460581293478668e+01 1.303712414749818027e-01
7.999999999999873879e+00 2.144208089436661524e+01 1.479753653280466152e-01
8.999999999999852562e+00 2.085318090417088754e+01 1.619672539757238405e-01
9.999999999999831246e+00 2.076959017948299291e+01 1.721968910324634672e-01
1.099999999999980993e+01 2.096617488702145593e+01 1.792657999457792362e-01
1.199999999999978861e+01 2.130501103186102441e+01 1.839910966813840254e-01
1.299999999999976730e+01 2.170423122557786044e+01 1.871227998055934039e-01
1.399999999999974598e+01 2.211629095341961460e+01 1.892438164398511369e-01
1.499999999999972466e+01 2.251389838140984878e+01 1.907633854119299421e-01
1.599999999999970335e+01 2.288121270154100984e+01 1.919466350082275341e-01
1.699999999999985789e+01 2.320843060185124074e+01 1.929518664159060592e-01
1.800000000000001421e+01 2.348844337024328865e+01 1.938639331892768880e-01
1.900000000000017053e+01 2.371467284642953999e+01 1.947200615782404276e-01
2.000000000000032685e+01 2.387949773406659659e+01 1.955277986157724079e-01
2.100000000000048317e+01 2.397293572992085942e+01 1.962761089150255878e-01
2.200000000000063949e+01 2.398164004095950474e+01 1.969414990669206278e-01
2.300000000000079581e+01 2.388931798061706502e+01 1.974925845976692185e-01
2.400000000000095213e+01 2.368217063652557997e+01 1.978989797415153518e-01
2.500000000000110845e+01 2.336414859305798686e+01 1.981484790508408478e-01
2.600000000000126477e+01 2.297230301147867593e+01 1.982601103186036329e-01
2.700000000000142109e+01 2.256194454254063686e+01 1.982724354631905939e-01
2.800000000000157740e+01 2.217204445526794387e+01 1.982211018055160534e-01
2.900000000000173372e+01 2.181597762812996422e+01 1.981309562717254447e-01
3.000000000000189004e+01 2.149329787491531008e+01 1.980184451686416436e-01
3.100000000000204636e+01 2.119986727509138902e+01 1.978945538178852603e-01
3.200000000000220268e+01 2.093178539834410046e+01 1.977665111625478978e-01
3.300000000000200373e+01 2.068610160381874863e+01 1.976388725164977267e-01
3.400000000000180478e+01 2.046055655407522167e+01 1.975143250882739343e-01
3.500000000000160583e+01 2.025323813445439569e+01 1.973942936740916143e-01
3.600000000000140687e+01 2.006237353411554736e+01 1.972793742097675440e-01
3.700000000000120792e+01 1.988624979114543834e+01 1.971696321057977985e-01
3.800000000000100897e+01 1.972320761217235585e+01 1.970648044147510214e-01
3.900000000000081002e+01 1.957166383684404920e+01 1.969644367132379059e-01
4.000000000000061107e+01 1.943013753505455199e+01 1.968679756785674528e-01
4.100000000000041211e+01 1.929726918428623605e+01 1.967748309408585417e-01
4.200000000000021316e+01 1.917183039872006844e+01 1.966844152036782978e-01
4.300000000000001421e+01 1.905272527131417348e+01 1.965961689137613044e-01
4.399999999999981526e+01 1.893898554088657704e+01 1.965095740676411074e-01
4.499999999999961631e+01 1.882976181255183334e+01 1.964241605713177574e-01
4.599999999999941735e+01 1.872431265226983044e+01 1.963395076854846932e-01
4.699999999999921840e+01 1.862199288407613196e+01 1.962552423975993388e-01
4.799999999999901945e+01 1.852224198055348481e+01 1.961710360224495631e-01
4.899999999999882050e+01 1.842457309459745574e+01 1.960865999207150323e-01
4.999999999999862155e+01 1.832856303261312192e+01 1.960016809193780019e-01
5.099999999999842260e+01 1.823384329996953923e+01 1.959160567982228263e-01
5.199999999999822364e+01 1.814009224001939202e+01 1.958295320538795681e-01
5.299999999999802469e+01 1.804702822147102736e+01 1.957419340501119209e-01
5.399999999999782574e+01 1.795440379200833902e+01 1.956531095964962053e-01
5.499999999999762679e+01 1.786200069881749997e+01 1.955629219564955501e-01
5.599999999999742784e+01 1.776962567196020615e+01 1.954712482621024372e-01
5.699999999999722888e+01 1.767710686939035725e+01 1.953779772998351094e-01
5.799999999999702993e+01 1.758429088952047081e+01 1.952830076277926319e-01
5.899999999999683098e+01 1.749104026643091103e+01 1.951862459828750396e-01
5.999999999999663203e+01 1.739723137270295794e+01 1.950876059392526174e-01
6.099999999999643308e+01 1.730275266461414319e+01 1.949870067824894526e-01
6.199999999999623412e+01 1.720750321358563895e+01 1.948843725676205618e-01
6.299999999999603517e+01 1.711139147608038868e+01 1.947796313334627938e-01
6.399999999999583622e+01 1.701433426152370743e+01 1.946727144492408357e-01
6.499999999999634781e+01 1.691625586425564620e+01 1.945635560731007185e-01
6.599999999999685940e+01 1.681708733107506148e+01 1.944520927051801018e-01
6.699999999999737099e+01 1.671676584067548532e+01 1.943382628206197782e-01
6.799999999999788258e+01 1.661523417529351931e+01 1.942220065702409404e-01
6.899999999999839417e+01 1.651244026827579603e+01 1.941032655386009942e-01
6.999999999999890576e+01 1.640833681411094958e+01 1.939819825508365958e-01
7.099999999999941735e+01 1.630288092984325488e+01 1.938581015211133518e-01
7.199999999999992895e+01 1.619603385875791091e+01 1.937315673367031588e-01
7.300000000000044054e+01 1.608776070886343135e+01 1.936023257726909863e-01
7.400000000000095213e+01 1.597803022005025397e+01 1.934703234331483779e-01
7.500000000000146372e+01 1.586681455492118964e+01 1.933355077152907331e-01
7.600000000000197531e+01 1.575408910920792671e+01 1.931978267937056182e-01
7.700000000000248690e+01 1.563983233844271581e+01 1.930572296222048123e-01
7.800000000000299849e+01 1.552402559817248218e+01 1.929136659512430407e-01
7.900000000000351008e+01 1.540665299550801315e+01 1.927670863591567640e-01
8.000000000000402167e+01 1.528770125021343773e+01 1.926174422957398213e-01
8.100000000000453326e+01 1.516715956387642450e+01 1.924646861368809470e-01
8.200000000000504485e+01 1.504501949597210597e+01 1.923087712491586831e-01
8.300000000000555644e+01 1.492127484585473418e+01 1.921496520634249083e-01
8.400000000000606803e+01 1.479592153988888015e+01 1.919872841565183619e-01
8.500000000000657963e+01 1.466895752307639178e+01 1.918216243403300103e-01
8.600000000000709122e+01 1.454038265465067425e+01 1.916526307575108778e-01
8.700000000000760281e+01 1.441019860720273904e+01 1.914802629831577618e-01
8.800000000000811440e+01 1.427840876897822575e+01 1.913044821318477251e-01
8.900000000000862599e+01 1.414501814904381227e+01 1.911252509694144619e-01
9.000000000000913758e+01 1.401003328506937429e+01 1.909425340288698203e-01
9.100000000000964917e+01 1.387346215351052159e+01 1.907562977298838669e-01
9.200000000001016076e+01 1.373531408200665460e+01 1.905665105012288030e-01
9.300000000001067235e+01 1.359559966383466012e+01 1.903731429055882940e-01
9.400000000001118394e+01 1.345433067427843632e+01 1.901761677661238936e-01
9.500000000001169553e+01 1.331151998879115439e+01 1.899755602941699262e-01
9.600000000001220712e+01 1.316718150284095934e+01 1.897712982174197538e-01
9.700000000001271871e+01 1.302133005334265903e+01 1.895633619079431509e-01
9.800000000001323031e+01 1.287398134158810947e+01 1.893517345093552462e-01
9.900000000001374190e+01 1.272515185759726108e+01 1.891364020624455577e-01
1.000000000000142535e+02 1.257485880581998394e+01 1.889173536285512489e-01
1.010000000000147651e+02 1.242312003212636995e+01 1.886945814099471874e-01
1.020000000000152767e+02 1.226995395203061356e+01 1.884680808665104013e-01
1.030000000000157883e+02 1.211537948010023769e+01 1.882378508279061724e-01
1.040000000000162999e+02 1.195941596050914946e+01 1.880038936005330730e-01
1.050000000000168114e+02 1.180208309869924577e+01 1.877662150684623055e-01
1.060000000000173230e+02 1.164340089412163692e+01 1.875248247876056540e-01
1.070000000000178346e+02 1.148338957403428751e+01 1.872797360723495452e-01
1.080000000000183462e+02 1.132206952833853997e+01 1.870309660739048752e-01
1.090000000000188578e+02 1.115946124544251816e+01 1.867785358496295012e-01
1.100000000000193694e+02 1.099558524914417390e+01 1.865224704226102481e-01
1.110000000000198810e+02 1.083046203653167616e+01 1.862627988308054316e-01
1.120000000000203926e+02 1.066411201690268129e+01 1.859995541650867890e-01
1.130000000000209042e+02 1.049655545170812587e+01 1.857327735955518755e-01
1.140000000000214158e+02 1.032781239552913277e+01 1.854624983855219233e-01
1.150000000000219273e+02 1.015790263809827643e+01 1.851887738926853710e-01
1.160000000000224389e+02 9.986845647378601143e+00 1.849116495569016194e-01
1.170000000000229505e+02 9.814660513715033119e+00 1.846311788742370785e-01
1.180000000000234621e+02 9.641365895073722214e+00 1.843474193568653829e-01
1.190000000000239737e+02 9.466979963384854813e+00 1.840604324785347912e-01
1.200000000000244853e+02 9.291520352003873384e+00 1.837702836053737299e-01
1.210000000000249969e+02 9.115004104304921029e+00 1.834770419118794127e-01
1.220000000000255085e+02 8.937447623418362852e+00 1.831807802820141218e-01
1.230000000000260201e+02 8.758866623121688733e+00 1.828815751954115110e-01
1.240000000000265317e+02 8.579276079890133744e+00 1.825795065987763921e-01
1.250000000000270433e+02 8.398690186109465827e+00 1.822746577626452869e-01
1.260000000000275548e+02 8.217122304449418380e+00 1.819671151237540196e-01
1.270000000000280664e+02 8.034584923391355105e+00 1.816569681133448355e-01
1.280000000000285638e+02 7.851089613898736275e+00 1.813443089718220214e-01
1.290000000000276543e+02 7.666646987213797004e+00 1.810292325502471378e-01
1.300000000000267448e+02 7.481266653756321716e+00 1.807118360992346906e-01
1.310000000000258353e+02 7.294957183098433440e+00 1.803922190458917829e-01
1.320000000000249258e+02 7.107726064977756053e+00 1.800704827595002999e-01
1.330000000000240163e+02 6.919579671308907720e+00 1.797467303067143141e-01
1.340000000000231068e+02 6.730523219145259084e+00 1.794210661970958576e-01
1.350000000000221974e+02 6.540560734536775556e+00 1.790935961198676374e-01
1.360000000000212879e+02 6.349695017223377036e+00 1.787644266728052600e-01
1.370000000000203784e+02 6.157927606097044482e+00 1.784336650842290040e-01
1.380000000000194689e+02 5.965258745359818704e+00 1.781014189290859306e-01
1.390000000000185594e+02 5.771687351299076951e+00 1.777677958401403246e-01
1.400000000000176499e+02 5.577210979595916385e+00 1.774329032152980046e-01
1.410000000000167404e+02 5.381825793077376296e+00 1.770968479221067537e-01
1.420000000000158309e+02 5.185526529818372587e+00 1.767597360004682094e-01
1.430000000000149214e+02 4.988306471494959204e+00 1.764216723645933571e-01
1.440000000000140119e+02 4.790157411886605487e+00 1.760827605052153189e-01
1.450000000000131024e+02 4.591069625421980938e+00 1.757431021930515036e-01
1.460000000000121929e+02 4.391031835659816807e+00 1.754027971844784595e-01
1.470000000000112834e+02 4.190031183594371100e+00 1.750619429303460484e-01
1.480000000000103739e+02 3.988053195673503470e+00 1.747206342888131536e-01
1.490000000000094644e+02 3.785081751416520923e+00 1.743789632430423620e-01
1.500000000000085549e+02 3.581099050518829152e+00 1.740370186245365214e-01
1.510000000000076454e+02 3.376085579331224551e+00 1.736948858428430387e-01
1.520000000000067359e+02 3.170020076603013770e+00 1.733526466222908846e-01
1.530000000000058265e+02 2.962879498380647014e+00 1.730103787463625198e-01
1.540000000000049170e+02 2.754638981956842869e+00 1.726681558102359237e-01
1.550000000000040075e+02 2.545271808769510535e+00 1.723260469819657692e-01
1.560000000000030980e+02 2.334749366155179917e+00 1.719841167727045872e-01
1.570000000000021885e+02 2.123041107868347765e+00 1.716424248162964628e-01
1.580000000000012790e+02 1.910114513285951832e+00 1.713010256585127955e-01
1.590000000000003695e+02 1.695935045225485105e+00 1.709599685561311866e-01
1.599999999999994600e+02 1.480466106316262742e+00 1.706192972859992552e-01
1.609999999999985505e+02 1.263668993875680657e+00 1.702790499641658462e-01
1.619999999999976410e+02 1.045502853256936815e+00 1.699392588751106326e-01
1.629999999999967315e+02 8.259246296510788232e-01 1.695999503110501017e-01
1.639999999999958220e+02 6.048890183451802738e-01 1.692611444212599459e-01
1.649999999999949125e+02 3.823484134597837092e-01 1.689228550713130494e-01
1.659999999999940030e+02 1.582528552131396149e-01 1.685850897121081160e-01
1.669999999999930935e+02 -6.745002421278151195e-02 1.682478492585396668e-01
1.679999999999921840e+02 -2.948150560987191637e-01 1.679111279776501764e-01
1.689999999999912745e+02 -5.238995917650877132e-01 1.675749133861031137e-01
1.699999999999903650e+02 -7.547635601199367272e-01 1.672391861568233162e-01
1.709999999999894555e+02 -9.874695259520261947e-01 1.669039200346708884e-01
1.719999999999885461e+02 -1.222082748694378163e+00 1.665690817610461505e-01
1.729999999999876366e+02 -1.458671241327228030e+00 1.662346310073675726e-01
1.739999999999867271e+02 -1.697305829026646062e+00 1.659005203174203635e-01
1.749999999999858176e+02 -1.938060207094912668e+00 1.655666950586462682e-01
1.759999999999849081e+02 -2.181010997630367765e+00 1.652330933825304493e-01
1.769999999999839986e+02 -2.426237804307152857e+00 1.648996461943415259e-01
1.779999999999830891e+02 -2.673823264538254918e+00 1.645662771326005247e-01
1.789999999999821796e+02 -2.923853098187545907e+00 1.642329025587888902e-01
1.799999999999812701e+02 -3.176416151877566207e+00 1.638994315579528072e-01
1.809999999999803606e+02 -3.431604437808586372e+00 1.635657659510372230e-01
1.819999999999794511e+02 -3.689513165860534016e+00 1.632318003199629552e-01
1.829999999999785416e+02 -3.950240767591925106e+00 1.628974220466709866e-01
1.839999999999776321e+02 -4.213888910578925007e+00 1.625625113675774613e-01
1.849999999999767226e+02 -4.480562501352978622e+00 1.622269414451237568e-01
1.859999999999758131e+02 -4.750369674997379832e+00 1.618905784583608565e-01
1.869999999999749036e+02 -5.023421769253267222e+00 1.615532817147819766e-01
1.879999999999739941e+02 -5.299833280764838506e+00 1.612149037858938982e-01
1.889999999999730846e+02 -5.579721800867706527e+00 1.608752906693156071e-01
1.899999999999721751e+02 -5.863207928092396770e+00 1.605342819804872756e-01
1.909999999999712657e+02 -6.150415154330913126e+00 1.601917111773692726e-01
1.919999999999703562e+02 -6.441469721401072768e+00 1.598474058218044003e-01
1.929999999999694467e+02 -6.736500444555312939e+00 1.595011878814866779e-01
1.939999999999685372e+02 -7.035638499333622065e+00 1.591528740767322592e-01
1.949999999999676277e+02 -7.339017168074739139e+00 1.588022762764568774e-01
1.959999999999667182e+02 -7.646771542401011423e+00 1.584492019479212255e-01
1.969999999999658087e+02 -7.959038178114281159e+00 1.580934546648864736e-01
1.979999999999648992e+02 -8.275954699221394151e+00 1.577348346788170208e-01
1.989999999999639897e+02 -8.597659348298554605e+00 1.573731395576339620e-01
1.999999999999630802e+02 -8.924290481159218302e+00 1.570081648962483312e-01
2.009999999999621707e+02 -9.255986004877954088e+00 1.566397051026471310e-01
2.019999999999612612e+02 -9.592882759715170238e+00 1.562675542626321967e-01
2.029999999999603517e+02 -9.935115847464349059e+00 1.558915070853839069e-01
2.039999999999594422e+02 -1.028281791128503642e+01 1.555113599307971495e-01
2.049999999999585327e+02 -1.063611837526590165e+01 1.551269119179770617e-01
2.059999999999576232e+02 -1.099514265584419093e+01 1.547379661123339245e-01
2.069999999999567137e+02 -1.136001136182486881e+01 1.543443307863579805e-01
2.079999999999558042e+02 -1.173083950508359052e+01 1.539458207463510753e-01
2.089999999999548947e+02 -1.210773575003217140e+01 1.535422587141244688e-01
2.099999999999539853e+02 -1.249080173641330127e+01 1.531334767489551385e-01
2.109999999999530758e+02 -1.288013151670920031e+01 1.527193176909630579e-01
2.119999999999521663e+02 -1.327581115600236927e+01 1.522996366025937687e-01
2.129999999999512568e+02 -1.367791854797795104e+01 1.518743021802070325e-01
2.139999999999503473e+02 -1.408652350522244490e+01 1.514431981030457952e-01
2.149999999999494378e+02 -1.450168818423314221e+01 1.510062242823588807e-01
2.159999999999485283e+02 -1.492346790468432438e+01 1.505632979694813411e-01
2.169999999999476188e+02 -1.535191241753389768e+01 1.501143546786328775e-01
2.179999999999467093e+02 -1.578706766657083449e+01 1.496593488785329107e-01
2.189999999999457998e+02 -1.622897807221826483e+01 1.491982544071245587e-01
2.199999999999448903e+02 -1.667768934431233774e+01 1.487310645662492381e-01
2.209999999999439808e+02 -1.713325180206589238e+01 1.482577918584889742e-01
2.219999999999430713e+02 -1.759572414492931358e+01 1.477784673369408053e-01
2.229999999999421618e+02 -1.806517757864648033e+01 1.472931395506451302e-01
2.239999999999412523e+02 -1.854170015826096574e+01 1.468018730837617747e-01
2.249999999999403428e+02 -1.902540116670622439e+01 1.463047467051024619e-01
2.259999999999394333e+02 -1.951641530720981876e+01 1.458018511657402649e-01
2.269999999999385238e+02 -2.001490645404460622e+01 1.452932867052028343e-01
2.279999999999376143e+02 -2.052107068372075105e+01 1.447791603499868629e-01
2.289999999999367049e+02 -2.103513830244646599e+01 1.442595831102768400e-01
2.299999999999357954e+02 -2.155737460054437449e+01 1.437346671999882308e-01
2.309999999999348859e+02 -2.208807910500554073e+01 1.432045234196573091e-01
2.319999999999339764e+02 -2.262758317084133353e+01 1.426692588492283198e-01
2.329999999999330669e+02 -2.317624585159988371e+01 1.421289749965655436e-01
2.339999999999321574e+02 -2.373444811730626824e+01 1.415837665359261366e-01
2.349999999999312479e+02 -2.430258563763361579e+01 1.410337207476538568e-01
2.359999999999303384e+02 -2.488106050739741448e+01 1.404789177357783081e-01
2.369999999999294289e+02 -2.547027244318519834e+01 1.399194314550163409e-01
2.379999999999285194e+02 -2.607061010217941899e+01 1.393553315252355762e-01
2.389999999999276099e+02 -2.668244324490792607e+01 1.387866857537089493e-01
2.399999999999267004e+02 -2.730611646227466238e+01 1.382135632287950500e-01
2.409999999999257909e+02 -2.794194510394968134e+01 1.376360377993602058e-01
2.419999999999248814e+02 -2.859021388166108579e+01 1.370541917187363123e-01
2.429999999999239719e+02 -2.925117839468158820e+01 1.364681192157326528e-01
2.439999999999230624e+02 -2.992506956613337010e+01 1.358779297614553239e-01
2.449999999999221529e+02 -3.061210072525892301e+01 1.352837508295954838e-01
2.459999999999212434e+02 -3.131247685916089196e+01 1.346857299961373156e-01
2.469999999999203339e+02 -3.202640541527549800e+01 1.340840362857498580e-01
2.479999999999194245e+02 -3.275410797595691292e+01 1.334788607381539594e-01
2.489999999999185150e+02 -3.349583214609523196e+01 1.328704162298169622e-01
2.499999999999176055e+02 -3.425186307748381154e+01 1.322589366369701647e-01
2.509999999999166960e+02 -3.502253417574205940e+01 1.316446754602051405e-01
2.519999999999157865e+02 -3.580823667116645481e+01 1.310279040469106426e-01
2.529999999999148770e+02 -3.660942786121499637e+01 1.304089095466404447e-01
2.539999999999139675e+02 -3.742663793258744676e+01 1.297879927195630390e-01
2.549999999999130580e+02 -3.826047533475479412e+01 1.291654656941058910e-01
2.559999999999121485e+02 -3.911163069963102146e+01 1.285416497418143678e-01
2.569999999999112674e+02 -3.998087928290143367e+01 1.279168731097442280e-01
2.579999999999103579e+02 -4.086908186465662141e+01 1.272914689268780652e-01
2.589999999999094484e+02 -4.177718391826916644e+01 1.266657731830064526e-01
2.599999999999085389e+02 -4.270621261460948404e+01 1.260401227686465120e-01
2.609999999999076294e+02 -4.365727128474062368e+01 1.254148535619950822e-01
2.619999999999067199e+02 -4.463153053851129926e+01 1.247902985516680108e-01
2.629999999999058105e+02 -4.563021498733868242e+01 1.241667859935044610e-01
2.639999999999049010e+02 -4.665458416791902607e+01 1.235446376139667235e-01
2.649999999999039915e+02 -4.770590583639874183e+01 1.229241668903301998e-01
2.659999999999030820e+02 -4.878541930937017668e+01 1.223056774578296924e-01
2.669999999999021725e+02 -4.989428598693965000e+01 1.216894617151325492e-01
2.679999999999012630e+02 -5.103352365132104040e+01 1.210757997207734110e-01
2.689999999999003535e+02 -5.220392068813019648e+01 1.204649584930770484e-01
2.699999999998994440e+02 -5.340592619903557647e+01 1.198571918426079991e-01
2.709999999998985345e+02 -5.463951234419216973e+01 1.192527408763891933e-01
2.719999999998976250e+02 -5.590400658856849248e+01 1.186518353127120479e-01
2.729999999998967155e+02 -5.719789438678839133e+01 1.180546957283239162e-01
2.739999999998958060e+02 -5.851859786682275910e+01 1.174615368184290659e-01
2.749999999998948965e+02 -5.986224380169819881e+01 1.168725716756826433e-01
2.759999999998939870e+02 -6.122344465160676208e+01 1.162880169798444080e-01
2.769999999998930775e+02 -6.259512871472179540e+01 1.157080988329068638e-01
2.779999999998921680e+02 -6.396846670710986160e+01 1.151330587844456993e-01
2.789999999998912585e+02 -6.533294758370946909e+01 1.145631593954003352e-01
2.799999999998903490e+02 -6.667664992277623526e+01 1.139986885331207428e-01
2.809999999998894396e+02 -6.798673160294711693e+01 1.134399615394713484e-01
2.819999999998885301e+02 -6.925011964953668553e+01 1.128873205271920394e-01
2.829999999998876206e+02 -7.045433213228598390e+01 1.123411303652894627e-01
2.839999999998867111e+02 -7.158832076431860969e+01 1.118017713800535523e-01
2.849999999998858016e+02 -7.264320410049177212e+01 1.112696293269421072e-01
2.859999999998848921e+02 -7.361277733587625960e+01 1.107450836440324743e-01
2.869999999998839826e+02 -7.449373207388264007e+01 1.102284952568933357e-01
2.879999999998830731e+02 -7.528558148496784952e+01 1.097201952070457759e-01
2.889999999998821636e+02 -7.599034182266984772e+01 1.092204751441656213e-01
2.899999999998812541e+02 -7.661205470695902875e+01 1.087295803434735614e-01
2.909999999998803446e+02 -7.715624153219228276e+01 1.082477054951429957e-01
2.919999999998794351e+02 -7.762936744594381366e+01 1.077749931546044537e-01
2.929999999998785256e+02 -7.803836787001618802e+01 1.073115344930751502e-01
2.939999999998776161e+02 -7.839026504060227296e+01 1.068573718565946767e-01
2.949999999998767066e+02 -7.869188144758032877e+01 1.064125026107407418e-01
2.959999999998757971e+02 -7.894964343000768281e+01 1.059768837860460139e-01
2.969999999998748876e+02 -7.916946101263204127e+01 1.055504371150191162e-01
2.979999999998739781e+02 -7.935666767422779344e+01 1.051330541413005443e-01
2.989999999998730686e+02 -7.951600431855641204e+01 1.047246011688928169e-01
2.999999999998721592e+02 -7.965163382284502802e+01 1.043249238959148006e-01
3.009999999998712497e+02 -7.976717518681675756e+01 1.039338516394957834e-01
3.019999999998703402e+02 -7.986574892282027349e+01 1.035512011060403248e-01
3.029999999998694307e+02 -7.995002762872371704e+01 1.031767796956566952e-01
3.039999999998685212e+02 -8.002228756565732226e+01 1.028103883532622831e-01
3.049999999998676117e+02 -8.008445852004926735e+01 1.024518239940596653e-01
3.059999999998667022e+02 -8.013817031108287381e+01 1.021008815398289082e-01
3.069999999998657927e+02 -8.018479507655864325e+01 1.017573556065791557e-01
3.079999999998648832e+02 -8.022548499927678733e+01 1.014210418849777751e-01
3.089999999998639737e+02 -8.026120548252002607e+01 1.010917382537165204e-01
3.099999999998630642e+02 -8.029276399683278953e+01 1.007692456634072947e-01
3.109999999998621547e+02 -8.032083494037483717e+01 1.004533688253050477e-01
3.119999999998612452e+02 -8.034598091150354549e+01 1.001439167355476084e-01
3.129999999998603357e+02 -8.036867080684635312e+01 9.984070306195838573e-02
3.139999999998594262e+02 -8.038929514665646536e+01 9.954354641695260797e-02
3.149999999998585167e+02 -8.040817900261785667e+01 9.925227053682496303e-02
3.159999999998576072e+02 -8.042559286887862413e+01 9.896670438473419151e-02
3.169999999998566977e+02 -8.044176177978349074e+01 9.868668219205885273e-02
3.179999999998557882e+02 -8.045687294060033423e+01 9.841204345047298296e-02
3.189999999998548788e+02 -8.047108210230243230e+01 9.814263286506975936e-02
3.199999999998539693e+02 -8.048451887914451675e+01 9.787830027712168812e-02
3.209999999998530598e+02 -8.049729117879479645e+01 9.761890056357666601e-02
3.219999999998521503e+02 -8.050948888923650770e+01 9.736429351912784247e-02
3.229999999998512408e+02 -8.052118694440127911e+01 9.711434372562711970e-02
3.239999999998503313e+02 -8.053244787130995519e+01 9.686892041272086862e-02
3.249999999998494218e+02 -8.054332390507022410e+01 9.662789731283591421e-02
3.259999999998485123e+02 -8.055385874410352187e+01 9.639115251302339538e-02
3.269999999998476028e+02 -8.056408900613583057e+01 9.615856830565323865e-02
3.279999999998466933e+02 -8.057404543550433118e+01 9.593003103952692234e-02
3.289999999998457838e+02 -8.058375390393052839e+01 9.570543097262754206e-02
3.299999999998448743e+02 -8.059323623986981033e+01 9.548466212744025072e-02
3.309999999998439648e+02 -8.060251091564801129e+01 9.526762214954488661e-02
3.319999999998430553e+02 -8.061159361667225198e+01 9.505421216999286604e-02
3.329999999998421458e+02 -8.062049771289125033e+01 9.484433667182851080e-02
3.339999999998412363e+02 -8.062923464925515304e+01 9.463790336099460465e-02
3.349999999998403268e+02 -8.063781426907546290e+01 9.443482304176344100e-02
3.359999999998394173e+02 -8.064624508181279339e+01 9.423500949675833738e-02
3.369999999998385078e+02 -8.065453448485000365e+01 9.403837937157133453e-02
3.379999999998375984e+02 -8.066268894717264004e+01 9.384485206393478052e-02
3.389999999998366889e+02 -8.067071416151864582e+01 9.365434961737081898e-02
3.399999999998357794e+02 -8.067861517043408526e+01 9.346679661921541982e-02
3.409999999998348699e+02 -8.068639647073466392e+01 9.328212010289427258e-02
3.419999999998339604e+02 -8.069406210010033931e+01 9.310024945431402688e-02
3.429999999998330509e+02 -8.070161570888726033e+01 9.292111632222500861e-02
3.439999999998321414e+02 -8.070906061970836731e+01 9.274465453240379742e-02
3.449999999998312319e+02 -8.071639987689658824e+01 9.257080000550402255e-02
3.459999999998303224e+02 -8.072363628759538301e+01 9.239949067842193053e-02
3.469999999998294129e+02 -8.073077245592365614e+01 9.223066642902508216e-02
3.479999999998285034e+02 -8.073781081140910487e+01 9.206426900409628300e-02
3.489999999998275939e+02 -8.074475363267903560e+01 9.190024195034691978e-02
3.499999999998266844e+02 -8.075160306722618486e+01 9.173853054835991172e-02
3.509999999998257749e+02 -8.075836114792443254e+01 9.157908174932702372e-02
3.519999999998248654e+02 -8.076502980685484090e+01 9.142184411444917447e-02
3.529999999998239559e+02 -8.077161088690185409e+01 9.126676775687590781e-02
3.539999999998230464e+02 -8.077810615150399087e+01 9.111380428606360993e-02
3.549999999998221369e+02 -8.078451729287233718e+01 9.096290675443981233e-02
3.559999999998212274e+02 -8.079084593893995248e+01 9.081402960626390464e-02
3.569999999998203180e+02 -8.079709365925698705e+01 9.066712862858093691e-02
3.579999999998194085e+02 -8.080326197001014066e+01 9.052216090417095073e-02
3.589999999998184990e+02 -8.080935233831361586e+01 9.037908476639999744e-02
3.599999999998175895e+02 -8.081536618589517218e+01 9.023785975588415054e-02
3.609999999998166800e+02 -8.082130489227607484e+01 9.009844657888349539e-02
3.619999999998157705e+02 -8.082716979753000430e+01 8.996080706734496668e-02
3.629999999998148610e+02 -8.083296220469000559e+01 8.982490414051946814e-02
3.639999999998139515e+02 -8.083868338185938285e+01 8.969070176808109640e-02
3.649999999998130420e+02 -8.084433456407577978e+01 8.955816493468089778e-02
3.659999999998121325e+02 -8.084991695496630371e+01 8.942725960587050160e-02
3.669999999998112230e+02 -8.085543172822671920e+01 8.929795269533453983e-02
3.679999999998103135e+02 -8.086088002895243676e+01 8.917021203337383017e-02
3.689999999998094040e+02 -8.086626297484231429e+01 8.904400633658438036e-02
3.699999999998084945e+02 -8.087158165729519510e+01 8.891930517868033845e-02
3.709999999998075850e+02 -8.087683714241400423e+01 8.879607896241076270e-02
3.719999999998066755e+02 -8.088203047193047723e+01 8.867429889252355368e-02
3.729999999998057660e+02 -8.088716266406159150e+01 8.855393694973179297e-02
3.739999999998048565e+02 -8.089223471430588575e+01 8.843496586564031370e-02
3.749999999998039470e+02 -8.089724759618863459e+01 8.831735909859113332e-02
3.759999999998030376e+02 -8.090220226196059627e+01 8.820109081039097243e-02
3.769999999998021281e+02 -8.090709964325681369e+01 8.808613584388257089e-02
3.779999999998012186e+02 -8.091194065171957561e+01 8.797246970132667487e-02
3.789999999998003091e+02 -8.091672617958872138e+01 8.786006852356018082e-02
3.799999999997993996e+02 -8.092145710026407812e+01 8.774890906989996076e-02
3.809999999997984901e+02 -8.092613426884096839e+01 8.763896869876179607e-02
3.819999999997975806e+02 -8.093075852262217040e+01 8.753022534896602591e-02
3.829999999997966711e+02 -8.093533068160841992e+01 8.742265752170209903e-02
3.839999999997957616e+02 -8.093985154896861900e+01 8.731624426312667442e-02
3.849999999997948521e+02 -8.094432191149125799e+01 8.721096514757037399e-02
3.859999999997939426e+02 -8.094874254001955194e+01 8.710680026132805454e-02
3.869999999997930331e+02 -8.095311418986943863e+01 8.700373018701214323e-02
3.879999999997921236e+02 -8.095743760123316690e+01 8.690173598844565250e-02
3.889999999997912141e+02 -8.096171349956888719e+01 8.680079919607461281e-02
3.899999999997903046e+02 -8.096594259597613075e+01 8.670090179287981424e-02
3.909999999997893951e+02 -8.097012558755986333e+01 8.660202620077052382e-02
3.919999999997884856e+02 -8.097426315778113803e+01 8.650415526743931993e-02
3.929999999997875761e+02 -8.097835597679801367e+01 8.640727225366257036e-02
3.939999999997866666e+02 -8.098240470179419503e+01 8.631136082102983109e-02
3.949999999997857572e+02 -8.098640997729796709e+01 8.621640502008542928e-02
3.959999999997848477e+02 -8.099037243549112475e+01 8.612238927886710360e-02
3.969999999997839382e+02 -8.099429269650897822e+01 8.602929839182804628e-02
3.979999999997830287e+02 -8.099817136873011236e+01 8.593711750912677583e-02
3.989999999997821192e+02 -8.100200904905844368e+01 8.584583212627280857e-02
3.999999999997812097e+02 -8.100580632319645247e+01 8.575542807411404289e-02
4.009999999997803002e+02 -8.100956376591061314e+01 8.566589150915418505e-02
4.019999999997793907e+02 -8.101328194128868176e+01 8.557720890418837878e-02
4.029999999997784812e+02 -8.101696140298997761e+01 8.548936703924470137e-02
4.039999999997775717e+02 -8.102060269448799090e+01 8.540235299282181169e-02
4.049999999997766622e+02 -8.102420634930655297e+01 8.531615413341127330e-02
4.059999999997757527e+02 -8.102777289124892945e+01 8.523075811129478263e-02
4.069999999997748432e+02 -8.103130283462056127e+01 8.514615285060639360e-02
4.079999999997739337e+02 -8.103479668444551010e+01 8.506232654165069018e-02
4.089999999997730242e+02 -8.103825493667730484e+01 8.497926763346755341e-02
4.099999999997721147e+02 -8.104167807840299531e+01 8.489696482663521004e-02
4.109999999997712052e+02 -8.104506658804282893e+01 8.481540706630281978e-02
4.119999999997702957e+02 -8.104842093554329097e+01 8.473458353544517652e-02
4.129999999997693862e+02 -8.105174158256568262e+01 8.465448364833091932e-02
4.139999999997684768e+02 -8.105502898266921363e+01 8.457509704419777230e-02
4.149999999997675673e+02 -8.105828358148950485e+01 8.449641358112758294e-02
4.159999999997666578e+02 -8.106150581691177592e+01 8.441842333011327637e-02
4.169999999997657483e+02 -8.106469611923991181e+01 8.434111656931204959e-02
4.179999999997648388e+02 -8.106785491136085398e+01 8.426448377847882421e-02
4.189999999997639293e+02 -8.107098260890462882e+01 8.418851563357239443e-02
4.199999999997630198e+02 -8.107407962040032601e+01 8.411320300152951013e-02
4.209999999997621103e+02 -8.107714634742767146e+01 8.403853693520095536e-02
4.219999999997612008e+02 -8.108018318476494812e+01 8.396450866844391847e-02
4.229999999997602913e+02 -8.108319052053319353e+01 8.389110961136525546e-02
4.239999999997593818e+02 -8.108616873633661726e+01 8.381833134571134436e-02
4.249999999997584723e+02 -8.108911820739885457e+01 8.374616562039854939e-02
4.259999999997575628e+02 -8.109203930269670479e+01 8.367460434718000661e-02
4.269999999997566533e+02 -8.109493238508979118e+01 8.360363959644472043e-02
4.279999999997557438e+02 -8.109779781144715116e+01 8.353326359314361405e-02
4.289999999997548343e+02 -8.110063593277065763e+01 8.346346871283902291e-02
4.299999999997539248e+02 -8.110344709431545596e+01 8.339424747787288483e-02
4.309999999997530153e+02 -8.110623163570728877e+01 8.332559255365031003e-02
4.319999999997521059e+02 -8.110898989105675128e+01 8.325749674503450659e-02
4.329999999997511964e+02 -8.111172218907117326e+01 8.318995299284935585e-02
4.339999999997502869e+02 -8.111442885316324691e+01 8.312295437048550228e-02
4.349999999997493774e+02 -8.111711020155735241e+01 8.305649408060780670e-02
4.359999999997484679e+02 -8.111976654739321191e+01 8.299056545195979129e-02
4.369999999997475584e+02 -8.112239819882714187e+01 8.292516193626264798e-02
4.379999999997466489e+02 -8.112500545913026428e+01 8.286027710520434131e-02
4.389999999997457394e+02 -8.112758862678545313e+01 8.279590464751816759e-02
4.399999999997448299e+02 -8.113014799558095547e+01 8.273203836614553830e-02
4.409999999997439204e+02 -8.113268385470226463e+01 8.266867217548191926e-02
4.419999999997430109e+02 -8.113519648882180491e+01 8.260580009870210905e-02
4.429999999997421014e+02 -8.113768617818634254e+01 8.254341626516284447e-02
4.439999999997411919e+02 -8.114015319870256349e+01 8.248151490788077633e-02
4.449999999997402824e+02 -8.114259782202029214e+01 8.242009036108176312e-02
4.459999999997393729e+02 -8.114502031561434592e+01 8.235913705782099692e-02
4.469999999997384634e+02 -8.114742094286370389e+01 8.229864952767065867e-02
4.479999999997375539e+02 -8.114979996312986543e+01 8.223862239447328470e-02
4.489999999997366444e+02 -8.115215763183253728e+01 8.217905037415824954e-02
4.499999999997357349e+02 -8.115449420052364360e+01 8.211992827262060146e-02
4.509999999997348255e+02 -8.115680991696041247e+01 8.206125098365861514e-02
4.519999999997339160e+02 -8.115910502517601799e+01 8.200301348696931170e-02
4.529999999997330065e+02 -8.116137976554907141e+01 8.194521084620030871e-02
4.539999999997320970e+02 -8.116363437487115107e+01 8.188783820705511363e-02
4.549999999997311875e+02 -8.116586908641320974e+01 8.183089079545080580e-02
4.559999999997302780e+02 -8.116808412999033351e+01 8.177436391572734387e-02
4.569999999997293685e+02 -8.117027973202520741e+01 8.171825294890500135e-02
4.579999999997284590e+02 -8.117245611560977636e+01 8.166255335099004142e-02
4.589999999997275495e+02 -8.117461350056625236e+01 8.160726065132639651e-02
4.599999999997266400e+02 -8.117675210350577686e+01 8.155237045099204829e-02
4.609999999997257305e+02 -8.117887213788684164e+01 8.149787842123885906e-02
4.619999999997248210e+02 -8.118097381407191904e+01 8.144378030197436946e-02
4.629999999997239115e+02 -8.118305733938271374e+01 8.139007190028399452e-02
4.639999999997230020e+02 -8.118512291815457615e+01 8.133674908899320155e-02
4.649999999997220925e+02 -8.118717075178979314e+01 8.128380780526751892e-02
4.659999999997211830e+02 -8.118920103880905970e+01 8.123124404924995934e-02
4.669999999997202735e+02 -8.119121397490285119e+01 8.117905388273428946e-02
4.679999999997193640e+02 -8.119320975298079190e+01 8.112723342787263314e-02
4.689999999997184545e+02 -8.119518856322076772e+01 8.107577886591785243e-02
4.699999999997175451e+02 -8.119715059311614880e+01 8.102468643599815279e-02
4.709999999997166356e+02 -8.119909602752311173e+01 8.097395243392309372e-02
4.719999999997157261e+02 -8.120102504870560267e+01 8.092357321102133794e-02
4.729999999997148166e+02 -8.120293783638088314e+01 8.087354517300766876e-02
4.739999999997139071e+02 -8.120483456776271680e+01 8.082386477887910925e-02
4.749999999997129976e+02 -8.120671541760464152e+01 8.077452853983939363e-02
4.759999999997120881e+02 -8.120858055824203348e+01 8.072553301825073635e-02
4.769999999997111786e+02 -8.121043015963320499e+01 8.067687482661173304e-02
4.779999999997102691e+02 -8.121226438939955017e+01 8.062855062656162919e-02
4.789999999997093596e+02 -8.121408341286537791e+01 8.058055712790888891e-02
4.799999999997084501e+02 -8.121588739309662230e+01 8.053289108768456328e-02
4.809999999997075406e+02 -8.121767649093848718e+01 8.048554930921866801e-02
4.819999999997066311e+02 -8.121945086505279221e+01 8.043852864123984814e-02
4.829999999997057216e+02 -8.122121067195456590e+01 8.039182597699695565e-02
4.839999999997048121e+02 -8.122295606604734530e+01 8.034543825340230427e-02
4.849999999997039026e+02 -8.122468719965861794e+01 8.029936245019557439e-02
4.859999999997029931e+02 -8.122640422307374308e+01 8.025359558912835423e-02
4.869999999997020836e+02 -8.122810728456973095e+01 8.020813473316829034e-02
4.879999999997011741e+02 -8.122979653044806980e+01 8.016297698572218133e-02
4.889999999997002647e+02 -8.123147210506724036e+01 8.011811948987787591e-02
4.899999999996993552e+02 -8.123313415087422129e+01 8.007355942766433698e-02
4.909999999996984457e+02 -8.123478280843559673e+01 8.002929401932928899e-02
4.919999999996975362e+02 -8.123641821646789651e+01 7.998532052263335190e-02
4.929999999996966267e+02 -8.123804051186760944e+01 7.994163623216161974e-02
4.939999999996957172e+02 -8.123964982974047189e+01 7.989823847865099027e-02
4.949999999996948077e+02 -8.124124630342980424e+01 7.985512462833295466e-02
4.959999999996938982e+02 -8.124283006454533052e+01 7.981229208229187466e-02
4.969999999996929887e+02 -8.124440124299033528e+01 7.976973827583806742e-02
4.979999999996920792e+02 -8.124595996698886324e+01 7.972746067789508728e-02
4.989999999996911697e+02 -8.124750636311232199e+01 7.968545679040153762e-02
4.999999999996902602e+02 -8.124904055630550204e+01 7.964372414772588615e-02
5.000000000000000000e+02 -8.124904055630597099e+01 7.964372414771299369e-02
