1.000000000000000666e+00 -7.217003830596520686e+01 7.359478430872508359e-02
2.000000000000001332e+00 -6.327731829485858128e+01 7.362512229433243460e-02
2.999999999999980016e+00 -6.991640883647500360e+00 7.372781416088618200e-02
3.999999999999958700e+00 3.630570271884015199e+01 7.886047752013279621e-02
4.999999999999937828e+00 3.023539413464233050e+01 9.224790390941783880e-02
5.999999999999916511e+00 2.566059981146767655e+01 1.107345518583252308e-01
6.999999999999895195e+00 2.288433640620929310e+01 1.303922233260673691e-01
7.999999999999873879e+00 2.144178510648085734e+01 1.480081232151259640e-01
8.999999999999852562e+00 2.085280048587809887e+01 1.620156257663077359e-01
9.999999999999831246e+00 2.076901846216903991e+01 1.722629966649482647e-01
1.099999999999980993e+01 2.096523960812234932e+01 1.793499738107522390e-01
1.199999999999978861e+01 2.130345070489182291e+01 1.840929025345717507e-01
1.299999999999976730e+01 2.170166262073704289e+01 1.872422872605591648e-01
1.399999999999974598e+01 2.211216290078542457e+01 1.893822832399802425e-01
1.499999999999972466e+01 2.250742402895527761e+01 1.909233399052746305e-01
1.599999999999970335e+01 2.287126763463635370e+01 1.921310404357404189e-01
1.699999999999985789e+01 2.319339648024692124e+01 1.931629554495487844e-01
1.800000000000001421e+01 2.346596410230464969e+01 1.941019077201594500e-01
1.900000000000017053e+01 2.368127127857875891e+01 1.949818861852313512e-01
2.000000000000032685e+01 2.382998000593812904e+01 1.958061246179153558e-01
2.100000000000048317e+01 2.389952713983079846e+01 1.965582653493348209e-01
2.200000000000063949e+01 2.387303937262777964e+01 1.972088184315481663e-01
2.300000000000079581e+01 2.373096104225345115e+01 1.977217945944042821e-01
2.400000000000095213e+01 2.346160040294199334e+01 1.980693738689117689e-01
2.500000000000110845e+01 2.308379256291835091e+01 1.982538903165851907e-01
2.600000000000126477e+01 2.265411724785641923e+01 1.983114435315794233e-01
2.700000000000142109e+01 2.223020331026714658e+01 1.982862363826943253e-01
2.800000000000157740e+01 2.183950761564898002e+01 1.982111142005803239e-01
2.900000000000173372e+01 2.148603421277628556e+01 1.981072940503818269e-01
3.000000000000189004e+01 2.116566852052301329e+01 1.979886229828768662e-01
3.100000000000204636e+01 2.087364615678829693e+01 1.978641759145997880e-01
3.200000000000220268e+01 2.060635856977374658e+01 1.977396951164977768e-01
3.300000000000200373e+01 2.036119663476619479e+01 1.976185902158452690e-01
3.400000000000180478e+01 2.013607834050367629e+01 1.975026914908792619e-01
3.500000000000160583e+01 1.992912609187686712e+01 1.973927950052171976e-01
3.600000000000140687e+01 1.973852802133743722e+01 1.972890383966362793e-01
3.700000000000120792e+01 1.956251311622929379e+01 1.971911542368238734e-01
3.800000000000100897e+01 1.939937494401884521e+01 1.970986404828477812e-01
3.900000000000081002e+01 1.924750553166700584e+01 1.970108751831386729e-01
4.000000000000061107e+01 1.910542237149130784e+01 1.969271927804993050e-01
4.100000000000041211e+01 1.897178375712714171e+01 1.968469332989216669e-01
4.200000000000021316e+01 1.884539324729147225e+01 1.967694722432119792e-01
4.300000000000001421e+01 1.872519595173505991e+01 1.966942369538037527e-01
4.399999999999981526e+01 1.861026950079964237e+01 1.966207137253486170e-01
4.499999999999961631e+01 1.849981207109058801e+01 1.965484488994252432e-01
4.599999999999941735e+01 1.839312920501149762e+01 1.964770462648909310e-01
4.699999999999921840e+01 1.828962058907947608e+01 1.964061624051262611e-01
4.799999999999901945e+01 1.818876750768862749e+01 1.963355010982067994e-01
4.899999999999882050e+01 1.809012136588690112e+01 1.962648074814918320e-01
4.999999999999862155e+01 1.799329345550072290e+01 1.961938624111214668e-01
5.099999999999842260e+01 1.789794599823596144e+01 1.961224772542864980e-01
5.199999999999822364e+01 1.780378441467621897e+01 1.960504892252467601e-01
5.299999999999802469e+01 1.771055072161169619e+01 1.959777572961896031e-01
5.399999999999782574e+01 1.761801793872142952e+01 1.959041586665666024e-01
5.499999999999762679e+01 1.752598538000115980e+01 1.958295857487150904e-01
5.599999999999742784e+01 1.743427470911043997e+01 1.957539436156383872e-01
5.699999999999722888e+01 1.734272664677497389e+01 1.956771478534649888e-01
5.799999999999702993e+01 1.725119822979182160e+01 1.955991227627464357e-01
5.899999999999683098e+01 1.715956053334461018e+01 1.955197998570735174e-01
5.999999999999663203e+01 1.706769678023271197e+01 1.954391166130117485e-01
6.099999999999643308e+01 1.697550077169074001e+01 1.953570154312013751e-01
6.199999999999623412e+01 1.688287558445704306e+01 1.952734427741209533e-01
6.299999999999603517e+01 1.678973248754685699e+01 1.951883484512139944e-01
6.399999999999583622e+01 1.669599003981729979e+01 1.951016850266987512e-01
6.499999999999634781e+01 1.660157333595070028e+01 1.950134073294146064e-01
6.599999999999685940e+01 1.650641337403472519e+01 1.949234720475019611e-01
6.699999999999737099e+01 1.641044652259629899e+01 1.948318373936384906e-01
6.799999999999788258e+01 1.631361406886770027e+01 1.947384628290085296e-01
6.899999999999839417e+01 1.621586183333211295e+01 1.946433088362346797e-01
6.999999999999890576e+01 1.611713983830989250e+01 1.945463367331998483e-01
7.099999999999941735e+01 1.601740202059491125e+01 1.944475085211063992e-01
7.199999999999992895e+01 1.591660598000295224e+01 1.943467867612781730e-01
7.300000000000044054e+01 1.581471275722044290e+01 1.942441344761781652e-01
7.400000000000095213e+01 1.571168663559294920e+01 1.941395150709044615e-01
7.500000000000146372e+01 1.560749496251833079e+01 1.940328922720810922e-01
7.600000000000197531e+01 1.550210798694645398e+01 1.939242300815957887e-01
7.700000000000248690e+01 1.539549871016946447e+01 1.938134927430804344e-01
7.800000000000299849e+01 1.528764274764108855e+01 1.937006447193884706e-01
7.900000000000351008e+01 1.517851820001287955e+01 1.935856506796285181e-01
8.000000000000402167e+01 1.506810553193866298e+01 1.934684754945541763e-01
8.100000000000453326e+01 1.495638745749097787e+01 1.933490842393117970e-01
8.200000000000504485e+01 1.484334883126869897e+01 1.932274422027175365e-01
8.300000000000555644e+01 1.472897654446306248e+01 1.931035149023653530e-01
8.400000000000606803e+01 1.461325942529907884e+01 1.929772681049829464e-01
8.500000000000657963e+01 1.449618814338839989e+01 1.928486678515425323e-01
8.600000000000709122e+01 1.437775511762311176e+01 1.927176804867055115e-01
8.700000000000760281e+01 1.425795442731380902e+01 1.925842726922410708e-01
8.800000000000811440e+01 1.413678172633212604e+01 1.924484115241093252e-01
8.900000000000862599e+01 1.401423416006224443e+01 1.923100644529325276e-01
9.000000000000913758e+01 1.389031028499967491e+01 1.921691994076127619e-01
9.100000000000964917e+01 1.376500999086099242e+01 1.920257848218766272e-01
9.200000000001016076e+01 1.363833442508751759e+01 1.918797896835428840e-01
9.300000000001067235e+01 1.351028591963969916e+01 1.917311835863234060e-01
9.400000000001118394e+01 1.338086791998940228e+01 1.915799367839757794e-01
9.500000000001169553e+01 1.325008491622418028e+01 1.914260202466312732e-01
9.600000000001220712e+01 1.311794237618282288e+01 1.912694057191221542e-01
9.700000000001271871e+01 1.298444668054465900e+01 1.911100657811333481e-01
9.800000000001323031e+01 1.284960505979729639e+01 1.909479739089983419e-01
9.900000000001374190e+01 1.271342553300888767e+01 1.907831045389600244e-01
1.000000000000142535e+02 1.257591684833199075e+01 1.906154331317027051e-01
1.010000000000147651e+02 1.243708842516650748e+01 1.904449362379626587e-01
1.020000000000152767e+02 1.229695029790992145e+01 1.902715915650103340e-01
1.030000000000157883e+02 1.215551306122353914e+01 1.900953780437922291e-01
1.040000000000162999e+02 1.201278781674396257e+01 1.899162758965075026e-01
1.050000000000168114e+02 1.186878612117005183e+01 1.897342667043873110e-01
1.060000000000173230e+02 1.172351993565653494e+01 1.895493334754344006e-01
1.070000000000178346e+02 1.157700157644685035e+01 1.893614607118665749e-01
1.080000000000183462e+02 1.142924366667904046e+01 1.891706344770040238e-01
1.090000000000188578e+02 1.128025908930063181e+01 1.889768424613246511e-01
1.100000000000193694e+02 1.113006094103007015e+01 1.887800740474064598e-01
1.110000000000198810e+02 1.097866248730480976e+01 1.885803203734646993e-01
1.120000000000203926e+02 1.082607711815812834e+01 1.883775743951861259e-01
1.130000000000209042e+02 1.067231830496954714e+01 1.881718309455517046e-01
1.140000000000214158e+02 1.051739955803615167e+01 1.879630867923379189e-01
1.150000000000219273e+02 1.036133438491505032e+01 1.877513406929783579e-01
1.160000000000224389e+02 1.020413624948964504e+01 1.875365934464642004e-01
1.170000000000229505e+02 1.004581853171548289e+01 1.873188479419611585e-01
1.180000000000234621e+02 9.886394488003901415e+00 1.870981092038185578e-01
1.190000000000239737e+02 9.725877212204782296e+00 1.868743844326462566e-01
1.200000000000244853e+02 9.564279597151960743e+00 1.866476830421399946e-01
1.210000000000249969e+02 9.401614296737584198e+00 1.864180166913361469e-01
1.220000000000255085e+02 9.237893688484245303e+00 1.861853993119869377e-01
1.230000000000260201e+02 9.073129836585410501e+00 1.859498471307503564e-01
1.240000000000265317e+02 8.907334455387569960e+00 1.857113786859017346e-01
1.250000000000270433e+02 8.740518873288477764e+00 1.854700148382845970e-01
1.260000000000275548e+02 8.572693997028119739e+00 1.852257787762310037e-01
1.270000000000280664e+02 8.403870276350295043e+00 1.849786960141958647e-01
1.280000000000285638e+02 8.234057669013560954e+00 1.847287943848697211e-01
1.290000000000276543e+02 8.063265606131970742e+00 1.844761040245495309e-01
1.300000000000267448e+02 7.891502957824553910e+00 1.842206573515677848e-01
1.310000000000258353e+02 7.718777999157101277e+00 1.839624890376068966e-01
1.320000000000249258e+02 7.545098376354767211e+00 1.837016359717403569e-01
1.330000000000240163e+02 7.370471073267362172e+00 1.834381372170766356e-01
1.340000000000231068e+02 7.194902378067594917e+00 1.831720339598988390e-01
1.350000000000221974e+02 7.018397850162019225e+00 1.829033694512279540e-01
1.360000000000212879e+02 6.840962287293292476e+00 1.826321889407594157e-01
1.370000000000203784e+02 6.662599692811539853e+00 1.823585396031548456e-01
1.380000000000194689e+02 6.483313243090973010e+00 1.820824704566987029e-01
1.390000000000185594e+02 6.303105255066509649e+00 1.818040322743596227e-01
1.400000000000176499e+02 6.121977153863269905e+00 1.815232774873249688e-01
1.410000000000167404e+02 5.939929440490067769e+00 1.812402600811072184e-01
1.420000000000158309e+02 5.756961659565778433e+00 1.809550354843517117e-01
1.430000000000149214e+02 5.573072367045478259e+00 1.806676604505003669e-01
1.440000000000140119e+02 5.388259097910906625e+00 1.803781929324975442e-01
1.450000000000131024e+02 5.202518333787579330e+00 1.800866919507489172e-01
1.460000000000121929e+02 5.015845470448481613e+00 1.797932174545718575e-01
1.470000000000112834e+02 4.828234785162065279e+00 1.794978301774001472e-01
1.480000000000103739e+02 4.639679403839820360e+00 1.792005914860275995e-01
1.490000000000094644e+02 4.450171267936795516e+00 1.789015632241982845e-01
1.500000000000085549e+02 4.259701101055990868e+00 1.786008075508700166e-01
1.510000000000076454e+02 4.068258375205923372e+00 1.782983867734957706e-01
1.520000000000067359e+02 3.875831276658779689e+00 1.779943631766839063e-01
1.530000000000058265e+02 3.682406671355087813e+00 1.776887988466097912e-01
1.540000000000049170e+02 3.487970069799680495e+00 1.773817554915650130e-01
1.550000000000040075e+02 3.292505591392819841e+00 1.770732942590390602e-01
1.560000000000030980e+02 3.095995928139861242e+00 1.767634755497324572e-01
1.570000000000021885e+02 2.898422307682855248e+00 1.764523588289121925e-01
1.580000000000012790e+02 2.699764455597936763e+00 1.761400024355123939e-01
1.590000000000003695e+02 2.500000556903400284e+00 1.758264633893953099e-01
1.599999999999994600e+02 2.299107216725173597e+00 1.755117971971761615e-01
1.609999999999985505e+02 2.097059420068782654e+00 1.751960576570203709e-01
1.619999999999976410e+02 1.893830490650256770e+00 1.748792966628104906e-01
1.629999999999967315e+02 1.689392048742650809e+00 1.745615640080793451e-01
1.639999999999958220e+02 1.483713968000228700e+00 1.742429071900934989e-01
1.649999999999949125e+02 1.276764331228634086e+00 1.739233712144691857e-01
1.659999999999940030e+02 1.068509385077378804e+00 1.736029984006881577e-01
1.669999999999930935e+02 8.589134936400497633e-01 1.732818281888759693e-01
1.679999999999921840e+02 6.479390909585781566e-01 1.729598969481947190e-01
1.689999999999912745e+02 4.355466324406095935e-01 1.726372377871977226e-01
1.699999999999903650e+02 2.216945452137342731e-01 1.723138803664790997e-01
1.709999999999894555e+02 6.339177457308066074e-03 1.719898507139568100e-01
1.719999999999885461e+02 -2.105652532277873246e-01 1.716651710431147948e-01
1.729999999999876366e+02 -4.290667123291487806e-01 1.713398595745342090e-01
1.739999999999867271e+02 -6.492154017038579417e-01 1.710139303610470340e-01
1.749999999999858176e+02 -8.710638134944757027e-01 1.706873931168483294e-01
1.759999999999849081e+02 -1.094666784509550794e+00 1.703602530509170099e-01
1.769999999999839986e+02 -1.320081550862206798e+00 1.700325107051130213e-01
1.779999999999830891e+02 -1.547367802618242916e+00 1.697041617973345795e-01
1.789999999999821796e+02 -1.776587738158333707e+00 1.693751970701560250e-01
1.799999999999812701e+02 -2.007806117906177246e+00 1.690456021453971280e-01
1.809999999999803606e+02 -2.241090317015631772e+00 1.687153573851193078e-01
1.819999999999794511e+02 -2.476510376543995307e+00 1.683844377596004360e-01
1.829999999999785416e+02 -2.714139052565277765e+00 1.680528127229002633e-01
1.839999999999776321e+02 -2.954051862596102751e+00 1.677204460967009481e-01
1.849999999999767226e+02 -3.196327128616535340e+00 1.673872959631929891e-01
1.859999999999758131e+02 -3.441046015868996832e+00 1.670533145678699816e-01
1.869999999999749036e+02 -3.688292566508851067e+00 1.667184482332074724e-01
1.879999999999739941e+02 -3.938153727060783815e+00 1.663826372843174584e-01
1.889999999999730846e+02 -4.190719368504653097e+00 1.660458159878061557e-01
1.899999999999721751e+02 -4.446082297673407346e+00 1.657079125052089152e-01
1.909999999999712657e+02 -4.704338258493625524e+00 1.653688488625353337e-01
1.919999999999703562e+02 -4.965585921437696726e+00 1.650285409376291701e-01
1.929999999999694467e+02 -5.229926859385565230e+00 1.646868984672314740e-01
1.939999999999685372e+02 -5.497465507913183558e+00 1.643438250758321451e-01
1.949999999999676277e+02 -5.768309107850634554e+00 1.639992183285853833e-01
1.959999999999667182e+02 -6.042567627756657345e+00 1.636529698107870856e-01
1.969999999999658087e+02 -6.320353663788937482e+00 1.633049652366098947e-01
1.979999999999648992e+02 -6.601782314279114772e+00 1.629550845900014366e-01
1.989999999999639897e+02 -6.886971026178459354e+00 1.626032023008453231e-01
1.999999999999630802e+02 -7.176039410432250243e+00 1.622491874596704575e-01
2.009999999999621707e+02 -7.469109023283718507e+00 1.618929040743420644e-01
2.019999999999612612e+02 -7.766303110524005682e+00 1.615342113722960937e-01
2.029999999999603517e+02 -8.067746311817828087e+00 1.611729641519426826e-01
2.039999999999594422e+02 -8.373564322476708455e+00 1.608090131868731565e-01
2.049999999999585327e+02 -8.683883510460093547e+00 1.604422056864308055e-01
2.059999999999576232e+02 -8.998830487003111500e+00 1.600723858160236490e-01
2.069999999999567137e+02 -9.318531630147827372e+00 1.596993952802549521e-01
2.079999999999558042e+02 -9.643112561648145231e+00 1.593230739714902033e-01
2.089999999999548947e+02 -9.972697579285876301e+00 1.589432606858377506e-01
2.099999999999539853e+02 -1.030740904863758622e+01 1.585597939076734686e-01
2.109999999999530758e+02 -1.064736676082372391e+01 1.581725126627420708e-01
2.119999999999521663e+02 -1.099268726580054611e+01 1.577812574384988287e-01
2.129999999999512568e+02 -1.134348319434776542e+01 1.573858711686821898e-01
2.139999999999503473e+02 -1.169986258605808516e+01 1.569862002770981424e-01
2.149999999999494378e+02 -1.206192824530131169e+01 1.565820957732529661e-01
2.159999999999485283e+02 -1.242977715221150703e+01 1.561734143897709204e-01
2.169999999999476188e+02 -1.280349996104870769e+01 1.557600197485038418e-01
2.179999999999467093e+02 -1.318318062354818387e+01 1.553417835389214186e-01
2.189999999999457998e+02 -1.356889617971812712e+01 1.549185866888397323e-01
2.199999999999448903e+02 -1.396071676250354088e+01 1.544903205039035166e-01
2.209999999999439808e+02 -1.435870586522016623e+01 1.540568877486643007e-01
2.219999999999430713e+02 -1.476292092101486197e+01 1.536182036387750693e-01
2.229999999999421618e+02 -1.517341424111252479e+01 1.531741967110429037e-01
2.239999999999412523e+02 -1.559023435255589440e+01 1.527248095361149194e-01
2.249999999999403428e+02 -1.601342776588641925e+01 1.522699992377997413e-01
2.259999999999394333e+02 -1.644304118826460481e+01 1.518097377837847872e-01
2.269999999999385238e+02 -1.687912417763697448e+01 1.513440120151670343e-01
2.279999999999376143e+02 -1.732173220880996212e+01 1.508728233870868518e-01
2.289999999999367049e+02 -1.777093009319374772e+01 1.503961874000890320e-01
2.299999999999357954e+02 -1.822679566152195463e+01 1.499141327117402556e-01
2.309999999999348859e+02 -1.868942358455800345e+01 1.494266999304773857e-01
2.319999999999339764e+02 -1.915892917273627916e+01 1.489339401084026626e-01
2.329999999999330669e+02 -1.963545196445923580e+01 1.484359129663162524e-01
2.339999999999321574e+02 -2.011915888747152437e+01 1.479326849019732826e-01
2.349999999999312479e+02 -2.061024676184130300e+01 1.474243268504444870e-01
2.359999999999303384e+02 -2.110894391033131257e+01 1.469109120823632875e-01
2.369999999999294289e+02 -2.161551065608655620e+01 1.463925140404537806e-01
2.379999999999285194e+02 -2.213023852201201436e+01 1.458692043255568893e-01
2.389999999999276099e+02 -2.265344800351401133e+01 1.453410509489433122e-01
2.399999999999267004e+02 -2.318548486741830672e+01 1.448081169665717538e-01
2.409999999999257909e+02 -2.372671503340544774e+01 1.442704596019088181e-01
2.419999999999248814e+02 -2.427751821541269450e+01 1.437281299461507789e-01
2.429999999999239719e+02 -2.483828063029057631e+01 1.431811732979463014e-01
2.439999999999230624e+02 -2.540938720640586013e+01 1.426296301696362567e-01
2.449999999999221529e+02 -2.599121382956894166e+01 1.420735379452539304e-01
2.459999999999212434e+02 -2.658412022920249385e+01 1.415129331298860815e-01
2.469999999999203339e+02 -2.718844411875589984e+01 1.409478540844221472e-01
2.479999999999194245e+02 -2.780449715006360734e+01 1.403783440989569697e-01
2.489999999999185150e+02 -2.843256312128083252e+01 1.398044546271679234e-01
2.499999999999176055e+02 -2.907289870264125042e+01 1.392262484873301731e-01
2.509999999999166960e+02 -2.972573673502966685e+01 1.386438028362767250e-01
2.519999999999157865e+02 -3.039129194177630211e+01 1.380572117413958466e-01
2.529999999999148770e+02 -3.106976870407405045e+01 1.374665882109088466e-01
2.539999999999139675e+02 -3.176137040986610316e+01 1.368720655899224592e-01
2.549999999999130580e+02 -3.246630980974359204e+01 1.362737982830219130e-01
2.559999999999121485e+02 -3.318481980383454299e+01 1.356719618166490060e-01
2.569999999999112674e+02 -3.391716413194736646e+01 1.350667522998933723e-01
2.579999999999103579e+02 -3.466364752845356634e+01 1.344583853758776204e-01
2.589999999999094484e+02 -3.542462501313730883e+01 1.338470947751473905e-01
2.599999999999085389e+02 -3.620051009984414492e+01 1.332331305872778426e-01
2.609999999999076294e+02 -3.699178180018778050e+01 1.326167573591950644e-01
2.619999999999067199e+02 -3.779899036877681340e+01 1.319982521118092111e-01
2.629999999999058105e+02 -3.862276177314873848e+01 1.313779023443681082e-01
2.639999999999049010e+02 -3.946380087330447139e+01 1.307560040723176054e-01
2.649999999999039915e+02 -4.032289326402451479e+01 1.301328599225964888e-01
2.659999999999030820e+02 -4.120090570393202256e+01 1.295087772924401470e-01
2.669999999999021725e+02 -4.209878481508227566e+01 1.288840665652994655e-01
2.679999999999012630e+02 -4.301755371611031364e+01 1.282590393724742650e-01
2.689999999999003535e+02 -4.395830610432879837e+01 1.276340068885694623e-01
2.699999999998994440e+02 -4.492219696636321657e+01 1.270092781537242588e-01
2.709999999998985345e+02 -4.591042885690702491e+01 1.263851584257252858e-01
2.719999999998976250e+02 -4.692423233958098905e+01 1.257619475789430175e-01
2.729999999998967155e+02 -4.796483877494658543e+01 1.251399385836422518e-01
2.739999999998958060e+02 -4.903344317291674770e+01 1.245194161177332337e-01
2.749999999998948965e+02 -5.013115432116870096e+01 1.239006553825796886e-01
2.759999999998939870e+02 -5.125892890834494864e+01 1.232839212139800050e-01
2.769999999998930775e+02 -5.241748598003742643e+01 1.226694675975539967e-01
2.779999999998921680e+02 -5.360719796997742748e+01 1.220575377124587385e-01
2.789999999998912585e+02 -5.482795501476464750e+01 1.214483646356716851e-01
2.799999999998903490e+02 -5.607900069083105166e+01 1.208421728366630282e-01
2.809999999998894396e+02 -5.735874023395378174e+01 1.202391805731632263e-01
2.819999999998885301e+02 -5.866452729804517219e+01 1.196396032554046251e-01
2.829999999998876206e+02 -5.999244283501281672e+01 1.190436577705224347e-01
2.839999999998867111e+02 -6.133708969342774253e+01 1.184515676441505738e-01
2.849999999998858016e+02 -6.269143796571212590e+01 1.178635687616320787e-01
2.859999999998848921e+02 -6.404676625771844556e+01 1.172799151869085010e-01
2.869999999998839826e+02 -6.539274833731154501e+01 1.167008844303908527e-01
2.879999999998830731e+02 -6.671772736553982952e+01 1.161267813748562694e-01
2.889999999998821636e+02 -6.800919668786939098e+01 1.155579400311176480e-01
2.899999999998812541e+02 -6.925446730973885678e+01 1.149947224185378924e-01
2.909999999998803446e+02 -7.044145564577209484e+01 1.144375141724824907e-01
2.919999999998794351e+02 -7.155948572820855702e+01 1.138867169373412869e-01
2.929999999998785256e+02 -7.259998385203212479e+01 1.133427381144525847e-01
2.939999999998776161e+02 -7.355695967605963403e+01 1.128059789691796821e-01
2.949999999998767066e+02 -7.442721237979203863e+01 1.122768223447317831e-01
2.959999999998757971e+02 -7.521025822674219796e+01 1.117556212264094739e-01
2.969999999998748876e+02 -7.590802744286322934e+01 1.112426891716259414e-01
2.979999999998739781e+02 -7.652440947875091126e+01 1.107382932523368335e-01
2.989999999998730686e+02 -7.706473244813618351e+01 1.102426497531335814e-01
2.999999999998721592e+02 -7.753524990036778775e+01 1.097559225188340926e-01
3.009999999998712497e+02 -7.794268546796648423e+01 1.092782236000449797e-01
3.019999999998703402e+02 -7.829386212208162021e+01 1.088096157143713660e-01
3.029999999998694307e+02 -7.859542331667864801e+01 1.083501160076208586e-01
3.039999999998685212e+02 -7.885364025148341227e+01 1.078997006340544906e-01
3.049999999998676117e+02 -7.907429245573463561e+01 1.074583097476809468e-01
3.059999999998667022e+02 -7.926260639835206234e+01 1.070258525840150632e-01
3.069999999998657927e+02 -7.942323720447156177e+01 1.066022123978001557e-01
3.079999999998648832e+02 -7.956028044159327806e+01 1.061872510981055617e-01
3.089999999998639737e+02 -7.967730339354719149e+01 1.057808134843175457e-01
3.099999999998630642e+02 -7.977738770671005852e+01 1.053827310344096491e-01
3.109999999998621547e+02 -7.986317748417839368e+01 1.049928252318701322e-01
3.119999999998612452e+02 -7.993692870911446846e+01 1.046109104418539715e-01
3.129999999998603357e+02 -8.000055728787087617e+01 1.042367963627702926e-01
3.139999999998594262e+02 -8.005568405675450094e+01 1.038702900886712410e-01
3.149999999998585167e+02 -8.010367585318361705e+01 1.035111978222517104e-01
3.159999999998576072e+02 -8.014568227497952080e+01 1.031593262794140431e-01
3.169999999998566977e+02 -8.018266809730994282e+01 1.028144838253038790e-01
3.179999999998557882e+02 -8.021544153284013134e+01 1.024764813793095503e-01
3.189999999998548788e+02 -8.024467864470837242e+01 1.021451331233337451e-01
3.199999999998539693e+02 -8.027094428286569894e+01 1.018202570441078952e-01
3.209999999998530598e+02 -8.029470993345668717e+01 1.015016753367235097e-01
3.219999999998521503e+02 -8.031636886363524752e+01 1.011892146930691017e-01
3.229999999998512408e+02 -8.033624892127822648e+01 1.008827064956092506e-01
3.239999999998503313e+02 -8.035462331782986212e+01 1.005819869339776296e-01
3.249999999998494218e+02 -8.037171968783769671e+01 1.002868970592025316e-01
3.259999999998485123e+02 -8.038772768372840005e+01 9.999728278804678738e-02
3.269999999998476028e+02 -8.040280533088316872e+01 9.971299486790646815e-02
3.279999999998466933e+02 -8.041708433714781279e+01 9.943388881095606424e-02
3.289999999998457838e+02 -8.043067452304160270e+01 9.915982480472382288e-02
3.299999999998448743e+02 -8.044366751424433915e+01 9.889066760500068998e-02
3.309999999998439648e+02 -8.045613981636610390e+01 9.862628641591039691e-02
3.319999999998430553e+02 -8.046815537333769441e+01 9.836655476105592155e-02
3.329999999998421458e+02 -8.047976769473068259e+01 9.811135034890380857e-02
3.339999999998412363e+02 -8.049102162364336266e+01 9.786055493493270308e-02
3.349999999998403268e+02 -8.050195480518077318e+01 9.761405418255321431e-02
3.359999999998394173e+02 -8.051259890574148415e+01 9.737173752437140728e-02
3.369999999998385078e+02 -8.052298062505126097e+01 9.713349802501734798e-02
3.379999999998375984e+02 -8.053312253593324499e+01 9.689923224646840305e-02
3.389999999998366889e+02 -8.054304378097245376e+01 9.666884011656226572e-02
3.399999999998357794e+02 -8.055276065035216959e+01 9.644222480120361041e-02
3.409999999998348699e+02 -8.056228706106159621e+01 9.621929258061533152e-02
3.419999999998339604e+02 -8.057163495426813427e+01 9.599995272986114325e-02
3.429999999998330509e+02 -8.058081462481054302e+01 9.578411740377136552e-02
3.439999999998321414e+02 -8.058983499440331855e+01 9.557170152632284144e-02
3.449999999998312319e+02 -8.059870383817501249e+01 9.536262268446910051e-02
3.459999999998303224e+02 -8.060742797252568437e+01 9.515680102636599191e-02
3.469999999998294129e+02 -8.061601341092942619e+01 9.495415916390705091e-02
3.479999999998285034e+02 -8.062446549317448330e+01 9.475462207945503645e-02
3.489999999998275939e+02 -8.063278899259745458e+01 9.455811703663791201e-02
3.499999999998266844e+02 -8.064098820508762344e+01 9.436457349506606473e-02
3.509999999998257749e+02 -8.064906702298942776e+01 9.417392302881764932e-02
3.519999999998248654e+02 -8.065702899649730284e+01 9.398609924853713882e-02
3.529999999998239559e+02 -8.066487738468980240e+01 9.380103772698741849e-02
3.539999999998230464e+02 -8.067261519798196900e+01 9.361867592790057424e-02
3.549999999998221369e+02 -8.068024523346980459e+01 9.343895313797080660e-02
3.559999999998212274e+02 -8.068777010438621744e+01 9.326181040183947890e-02
3.569999999998203180e+02 -8.069519226467866702e+01 9.308719045992544516e-02
3.579999999998194085e+02 -8.070251402954461639e+01 9.291503768896040849e-02
3.589999999998184990e+02 -8.070973759261687519e+01 9.274529804509198949e-02
3.599999999998175895e+02 -8.071686504037229781e+01 9.257791900942655139e-02
3.609999999998166800e+02 -8.072389836423639053e+01 9.241284953588718709e-02
3.619999999998157705e+02 -8.073083947077863343e+01 9.225004000126947601e-02
3.629999999998148610e+02 -8.073769019032150140e+01 9.208944215738326666e-02
3.639999999998139515e+02 -8.074445228423235221e+01 9.193100908517494452e-02
3.649999999998130420e+02 -8.075112745112154755e+01 9.177469515072940454e-02
3.659999999998121325e+02 -8.075771733213011316e+01 9.162045596305783135e-02
3.669999999998112230e+02 -8.076422351545960510e+01 9.146824833358095652e-02
3.679999999998103135e+02 -8.077064754027014715e+01 9.131803023722374901e-02
3.689999999998094040e+02 -8.077699090005218352e+01 9.116976077504232445e-02
3.699999999998084945e+02 -8.078325504555766656e+01 9.102340013830714782e-02
3.709999999998075850e+02 -8.078944138736193281e+01 9.087890957397182223e-02
3.719999999998066755e+02 -8.079555129811694769e+01 9.073625135146154430e-02
3.729999999998057660e+02 -8.080158611454473316e+01 9.059538873071665277e-02
3.739999999998048565e+02 -8.080754713921089660e+01 9.045628593143373308e-02
3.749999999998039470e+02 -8.081343564211432806e+01 9.031890810344629650e-02
3.759999999998030376e+02 -8.081925286211834702e+01 9.018322129819474064e-02
3.769999999998021281e+02 -8.082500000824981612e+01 9.004919244123273103e-02
3.779999999998012186e+02 -8.083067826088337426e+01 8.991678930572563622e-02
3.789999999998003091e+02 -8.083628877282848180e+01 8.978598048689521993e-02
3.799999999997993996e+02 -8.084183267033112941e+01 8.965673537736922050e-02
3.809999999997984901e+02 -8.084731105400400963e+01 8.952902414339579396e-02
3.819999999997975806e+02 -8.085272499969244109e+01 8.940281770188575339e-02
3.829999999997966711e+02 -8.085807555928468560e+01 8.927808769824685520e-02
3.839999999997957616e+02 -8.086336376147376370e+01 8.915480648497740856e-02
3.849999999997948521e+02 -8.086859061247558600e+01 8.903294710098604015e-02
3.859999999997939426e+02 -8.087375709670919832e+01 8.891248325160917843e-02
3.869999999997930331e+02 -8.087886417744184087e+01 8.879338928929673969e-02
3.879999999997921236e+02 -8.088391279740312712e+01 8.867564019493916205e-02
3.889999999997912141e+02 -8.088890387937115634e+01 8.855921155981044679e-02
3.899999999997903046e+02 -8.089383832673271968e+01 8.844407956810289295e-02
3.909999999997893951e+02 -8.089871702402014364e+01 8.833022098002965561e-02
3.919999999997884856e+02 -8.090354083742613511e+01 8.821761311547436646e-02
3.929999999997875761e+02 -8.090831061529868862e+01 8.810623383816551524e-02
3.939999999997866666e+02 -8.091302718861740573e+01 8.799606154035709282e-02
3.949999999997857572e+02 -8.091769137145210777e+01 8.788707512799538712e-02
3.959999999997848477e+02 -8.092230396140492132e+01 8.777925400635445963e-02
3.969999999997839382e+02 -8.092686574003724331e+01 8.767257806612296922e-02
3.979999999997830287e+02 -8.093137747328225373e+01 8.756702766992552345e-02
3.989999999997821192e+02 -8.093583991184300430e+01 8.746258363926392998e-02
3.999999999997812097e+02 -8.094025379157822897e+01 8.735922724186168109e-02
4.009999999997803002e+02 -8.094461983387486725e+01 8.725694017939912561e-02
4.019999999997793907e+02 -8.094893874600970207e+01 8.715570457562415996e-02
4.029999999997784812e+02 -8.095321122149839255e+01 8.705550296482615635e-02
4.039999999997775717e+02 -8.095743794043488606e+01 8.695631828066040236e-02
4.049999999997766622e+02 -8.096161956981957530e+01 8.685813384531074210e-02
4.059999999997757527e+02 -8.096575676387801934e+01 8.676093335897958059e-02
4.069999999997748432e+02 -8.096985016436961757e+01 8.666470088969298324e-02
4.079999999997739337e+02 -8.097390040088767194e+01 8.656942086341172515e-02
4.089999999997730242e+02 -8.097790809115006994e+01 8.647507805443666040e-02
4.099999999997721147e+02 -8.098187384128146959e+01 8.638165757610025142e-02
4.109999999997712052e+02 -8.098579824608776789e+01 8.628914487173330872e-02
4.119999999997702957e+02 -8.098968188932190060e+01 8.619752570589818419e-02
4.129999999997693862e+02 -8.099352534394296299e+01 8.610678615588164553e-02
4.139999999997684768e+02 -8.099732917236698881e+01 8.601691260343546919e-02
4.149999999997675673e+02 -8.100109392671106434e+01 8.592789172676067178e-02
4.159999999997666578e+02 -8.100482014903090544e+01 8.583971049272459686e-02
4.169999999997657483e+02 -8.100850837155080342e+01 8.575235614930505623e-02
4.179999999997648388e+02 -8.101215911688844074e+01 8.566581621825342108e-02
4.189999999997639293e+02 -8.101577289827260131e+01 8.558007848797097306e-02
4.199999999997630198e+02 -8.101935021975489803e+01 8.549513100658991116e-02
4.209999999997621103e+02 -8.102289157641631334e+01 8.541096207525486483e-02
4.219999999997612008e+02 -8.102639745456755804e+01 8.532756024159660058e-02
4.229999999997602913e+02 -8.102986833194394478e+01 8.524491429339325910e-02
4.239999999997593818e+02 -8.103330467789551506e+01 8.516301325241308617e-02
4.249999999997584723e+02 -8.103670695357185139e+01 8.508184636843270365e-02
4.259999999997575628e+02 -8.104007561210168831e+01 8.500140311342564703e-02
4.269999999997566533e+02 -8.104341109876794746e+01 8.492167317591621523e-02
4.279999999997557438e+02 -8.104671385117838156e+01 8.484264645549356720e-02
4.289999999997548343e+02 -8.104998429943118765e+01 8.476431305748066691e-02
4.299999999997539248e+02 -8.105322286627659878e+01 8.468666328775409369e-02
4.309999999997530153e+02 -8.105642996727470972e+01 8.460968764770977757e-02
4.319999999997521059e+02 -8.105960601094828633e+01 8.453337682936994113e-02
4.329999999997511964e+02 -8.106275139893205051e+01 8.445772171062805589e-02
4.339999999997502869e+02 -8.106586652611868260e+01 8.438271335062630385e-02
4.349999999997493774e+02 -8.106895178080000619e+01 8.430834298526258819e-02
4.359999999997484679e+02 -8.107200754480543026e+01 8.423460202282267995e-02
4.369999999997475584e+02 -8.107503419363654018e+01 8.416148203973437825e-02
4.379999999997466489e+02 -8.107803209659846289e+01 8.408897477643915985e-02
4.389999999997457394e+02 -8.108100161692767927e+01 8.401707213337850089e-02
4.399999999997448299e+02 -8.108394311191682391e+01 8.394576616709149841e-02
4.409999999997439204e+02 -8.108685693303625897e+01 8.387504908641990609e-02
4.419999999997430109e+02 -8.108974342605293373e+01 8.380491324881812754e-02
4.429999999997421014e+02 -8.109260293114579099e+01 8.373535115676437879e-02
4.439999999997411919e+02 -8.109543578301868649e+01 8.366635545427089649e-02
4.449999999997402824e+02 -8.109824231101076464e+01 8.359791892348926445e-02
4.459999999997393729e+02 -8.110102283920366517e+01 8.353003448140899900e-02
4.469999999997384634e+02 -8.110377768652625718e+01 8.346269517664609006e-02
4.479999999997375539e+02 -8.110650716685698569e+01 8.339589418631883355e-02
4.489999999997366444e+02 -8.110921158912390183e+01 8.332962481300901225e-02
4.499999999997357349e+02 -8.111189125740179406e+01 8.326388048180512202e-02
4.509999999997348255e+02 -8.111454647100747195e+01 8.319865473742604767e-02
4.519999999997339160e+02 -8.111717752459264830e+01 8.313394124142223229e-02
4.529999999997330065e+02 -8.111978470823429177e+01 8.306973376945202270e-02
4.539999999997320970e+02 -8.112236830752384265e+01 8.300602620863194170e-02
4.549999999997311875e+02 -8.112492860365289005e+01 8.294281255495782046e-02
4.559999999997302780e+02 -8.112746587349802496e+01 8.288008691079476464e-02
4.569999999997293685e+02 -8.112998038970332004e+01 8.281784348243463600e-02
4.579999999997284590e+02 -8.113247242076062093e+01 8.275607657771827386e-02
4.589999999997275495e+02 -8.113494223108875758e+01 8.269478060372140171e-02
4.599999999997266400e+02 -8.113739008111001283e+01 8.263395006450185987e-02
4.609999999997257305e+02 -8.113981622732552523e+01 8.257357955890642920e-02
4.619999999997248210e+02 -8.114222092238848916e+01 8.251366377843562250e-02
4.629999999997239115e+02 -8.114460441517613276e+01 8.245419750516534696e-02
4.639999999997230020e+02 -8.114696695085984857e+01 8.239517560972191290e-02
4.649999999997220925e+02 -8.114930877097368978e+01 8.233659304931209566e-02
4.659999999997211830e+02 -8.115163011348158761e+01 8.227844486580308814e-02
4.669999999997202735e+02 -8.115393121284277811e+01 8.222072618385348197e-02
4.679999999997193640e+02 -8.115621230007575093e+01 8.216343220909277933e-02
4.689999999997184545e+02 -8.115847360282138823e+01 8.210655822634843615e-02
4.699999999997175451e+02 -8.116071534540381549e+01 8.205009959791853547e-02
4.709999999997166356e+02 -8.116293774889039980e+01 8.199405176188917510e-02
4.719999999997157261e+02 -8.116514103115083856e+01 8.193841023049559802e-02
4.729999999997148166e+02 -8.116732540691413078e+01 8.188317058852515040e-02
4.739999999997139071e+02 -8.116949108782452527e+01 8.182832849176145673e-02
4.749999999997129976e+02 -8.117163828249704238e+01 8.177387966546836862e-02
4.759999999997120881e+02 -8.117376719657080741e+01 8.171981990291243836e-02
4.769999999997111786e+02 -8.117587803276153124e+01 8.166614506392316786e-02
4.779999999997102691e+02 -8.117797099091343682e+01 8.161285107348996426e-02
4.789999999997093596e+02 -8.118004626804918189e+01 8.155993392039422030e-02
4.799999999997084501e+02 -8.118210405841925592e+01 8.150738965587640827e-02
4.809999999997075406e+02 -8.118414455355058124e+01 8.145521439233621708e-02
4.819999999997066311e+02 -8.118616794229333777e+01 8.140340430206559341e-02
4.829999999997057216e+02 -8.118817441086751785e+01 8.135195561601400727e-02
4.839999999997048121e+02 -8.119016414290801720e+01 8.130086462258324931e-02
4.849999999997039026e+02 -8.119213731950902968e+01 8.125012766645352269e-02
4.859999999997029931e+02 -8.119409411926780251e+01 8.119974114743787330e-02
4.869999999997020836e+02 -8.119603471832658670e+01 8.114970151936536091e-02
4.879999999997011741e+02 -8.119795929041497118e+01 8.110000528899137529e-02
4.889999999997002647e+02 -8.119986800689027007e+01 8.105064901493512497e-02
4.899999999996993552e+02 -8.120176103677756885e+01 8.100162930664282779e-02
4.909999999996984457e+02 -8.120363854680897475e+01 8.095294282337672787e-02
4.919999999996975362e+02 -8.120550070146224186e+01 8.090458627322816287e-02
4.929999999996966267e+02 -8.120734766299779039e+01 8.085655641215458433e-02
4.939999999996957172e+02 -8.120917959149613807e+01 8.080885004304075303e-02
4.949999999996948077e+02 -8.121099664489368308e+01 8.076146401478129233e-02
4.959999999996938982e+02 -8.121279897901813172e+01 8.071439522138613987e-02
4.969999999996929887e+02 -8.121458674762361341e+01 8.066764060110739876e-02
4.979999999996920792e+02 -8.121636010242391990e+01 8.062119713558646428e-02
4.989999999996911697e+02 -8.121811919312669659e+01 8.057506184902225865e-02
4.999999999996902602e+02 -8.121986416746526061e+01 8.052923180735822861e-02
5.000000000000000000e+02 -8.121986416746580062e+01 8.052923180734407327e-02
