1.000000000000000666e+00 -7.216144490999160155e+01 7.359458614706396173e-02
2.000000000000001332e+00 -6.325848380655144609e+01 7.362426290753616709e-02
2.999999999999980016e+00 -6.147964180054032113e+00 7.372659405556117318e-02
3.999999999999958700e+00 3.629707457879304400e+01 7.887804464427929096e-02
4.999999999999937828e+00 3.022810314792152653e+01 9.227631788839199545e-02
5.999999999999916511e+00 2.565797718989907850e+01 1.107626900101950501e-01
6.999999999999895195e+00 2.288588601997116001e+01 1.304082809778348839e-01
7.999999999999873879e+00 2.144641141228698800e+01 1.480032534788195964e-01
8.999999999999852562e+00 2.085961763180320716e+01 1.619855246459520615e-01
9.999999999999831246e+00 2.077747480373701094e+01 1.722073758440103297e-01
1.099999999999980993e+01 2.097508164502884753e+01 1.792709130994340483e-01
1.199999999999978861e+01 2.131467631148517228e+01 1.839929278253745748e-01
1.299999999999976730e+01 2.171449845265905054e+01 1.871228436322218969e-01
1.399999999999974598e+01 2.212707220598230506e+01 1.892430202252058935e-01
1.499999999999972466e+01 2.252514859349082599e+01 1.907622984679825384e-01
1.599999999999970335e+01 2.289291258538299445e+01 1.919455568697657766e-01
1.699999999999985789e+01 2.322057537591520671e+01 1.929509582598572248e-01
1.800000000000001421e+01 2.350103507113794521e+01 1.938632883471737844e-01
1.900000000000017053e+01 2.372771435142392349e+01 1.947197424240339203e-01
2.000000000000032685e+01 2.389298660314048917e+01 1.955278491145536757e-01
2.100000000000048317e+01 2.398685553369584156e+01 1.962765499155584015e-01
2.200000000000063949e+01 2.399594634432780182e+01 1.969423101841671908e-01
2.300000000000079581e+01 2.390391877453961911e+01 1.974936781811515996e-01
2.400000000000095213e+01 2.369691872447728898e+01 1.979001909825909566e-01
2.500000000000110845e+01 2.337890146320066620e+01 1.981496197479449273e-01
2.600000000000126477e+01 2.298705704879196432e+01 1.982610694493285031e-01
2.700000000000142109e+01 2.257686099122163270e+01 1.982732047002752074e-01
2.800000000000157740e+01 2.218731747346269856e+01 1.982217215250904885e-01
2.900000000000173372e+01 2.183174418291118002e+01 1.981314761380876532e-01
3.000000000000189004e+01 2.150963757538431054e+01 1.980189125317942112e-01
3.100000000000204636e+01 2.121682803570463705e+01 1.978950105264678794e-01
3.200000000000220268e+01 2.094940211641662131e+01 1.977669921038725520e-01
3.300000000000200373e+01 2.070440455026002624e+01 1.976394053422707575e-01
3.400000000000180478e+01 2.047957362210709675e+01 1.975149308676270865e-01
3.500000000000160583e+01 2.027299465534757772e+01 1.973949879462835177e-01
3.600000000000140687e+01 2.008289164483251810e+01 1.972801680482282882e-01
3.700000000000120792e+01 1.990754808185604219e+01 1.971705330448379478e-01
3.800000000000100897e+01 1.974530116034915395e+01 1.970658172277202080e-01
3.900000000000081002e+01 1.959456451983112757e+01 1.969655640690821108e-01
4.000000000000061107e+01 1.945385448483255075e+01 1.968692186992275772e-01
4.100000000000041211e+01 1.932180928128352448e+01 1.967761896710582270e-01
4.200000000000021316e+01 1.919719874227001455e+01 1.966858889989862857e-01
4.300000000000001421e+01 1.907892559588026060e+01 1.965977567522650959e-01
4.399999999999981526e+01 1.896602056744384868e+01 1.965112747922847514e-01
4.499999999999961631e+01 1.885763353596144043e+01 1.964259730717791141e-01
4.599999999999941735e+01 1.875302257108650750e+01 1.963414310294425147e-01
4.699999999999921840e+01 1.865154218132883912e+01 1.962572759212211360e-01
4.799999999999901945e+01 1.855263166422082222e+01 1.961731793891629549e-01
4.899999999999882050e+01 1.845580410574077135e+01 1.960888531561301995e-01
4.999999999999862155e+01 1.836063632800147616e+01 1.960040444288717876e-01
5.099999999999842260e+01 1.826675991483594430e+01 1.959185313723766086e-01
5.199999999999822364e+01 1.817385333548130077e+01 1.958321188657798084e-01
5.299999999999802469e+01 1.808163512018936103e+01 1.957446346475215926e-01
5.399999999999782574e+01 1.798985800486494568e+01 1.956559258910978705e-01
5.499999999999762679e+01 1.789830394475081121e+01 1.955658562117685018e-01
5.599999999999742784e+01 1.780677989259274341e+01 1.954743030809149573e-01
5.699999999999722888e+01 1.771511423968881616e+01 1.953811556124651072e-01
5.799999999999702993e+01 1.762315382542683295e+01 1.952863126808304373e-01
5.899999999999683098e+01 1.753076143017262467e+01 1.951896813292683941e-01
5.999999999999663203e+01 1.743781367631695645e+01 1.950911754296201506e-01
6.099999999999643308e+01 1.734419927208827872e+01 1.949907145577398915e-01
6.199999999999623412e+01 1.724981754192404537e+01 1.948882230528529158e-01
6.299999999999603517e+01 1.715457719552678739e+01 1.947836292330823726e-01
6.399999999999583622e+01 1.705839529512284614e+01 1.946768647432066401e-01
6.499999999999634781e+01 1.696119638689362574e+01 1.945678640142037286e-01
6.599999999999685940e+01 1.686291176810992809e+01 1.944565638172487121e-01
6.699999999999737099e+01 1.676347886624810357e+01 1.943429028975496298e-01
6.799999999999788258e+01 1.666284071039287440e+01 1.942268216757450650e-01
6.899999999999839417e+01 1.656094547862123179e+01 1.941082620065874009e-01
6.999999999999890576e+01 1.645774610790504866e+01 1.939871669863186265e-01
7.099999999999941735e+01 1.635319995544289284e+01 1.938634808015718969e-01
7.199999999999992895e+01 1.624726850230573305e+01 1.937371486138182164e-01
7.300000000000044054e+01 1.613991709191875046e+01 1.936081164743732874e-01
7.400000000000095213e+01 1.603111469725511284e+01 1.934763312658009105e-01
7.500000000000146372e+01 1.592083371173519346e+01 1.933417406662401861e-01
7.600000000000197531e+01 1.580904975974328330e+01 1.932042931337459302e-01
7.700000000000248690e+01 1.569574152342978302e+01 1.930639379082000617e-01
7.800000000000299849e+01 1.558089058308432939e+01 1.929206250287403834e-01
7.900000000000351008e+01 1.546448126887154828e+01 1.927743053649653981e-01
8.000000000000402167e+01 1.534650052213335769e+01 1.926249306604335410e-01
8.100000000000453326e+01 1.522693776479742667e+01 1.924724535871867870e-01
8.200000000000504485e+01 1.510578477570381040e+01 1.923168278101960449e-01
8.300000000000555644e+01 1.498303557288283017e+01 1.921580080607632746e-01
8.400000000000606803e+01 1.485868630099538024e+01 1.919959502180240141e-01
8.500000000000657963e+01 1.473273512329097024e+01 1.918306113977767124e-01
8.600000000000709122e+01 1.460518211755436191e+01 1.916619500479296023e-01
8.700000000000760281e+01 1.447602917560475255e+01 1.914899260499067501e-01
8.800000000000811440e+01 1.434527990598581404e+01 1.913145008253852863e-01
8.900000000000862599e+01 1.421293953954473110e+01 1.911356374477599096e-01
9.000000000000913758e+01 1.407901483764579353e+01 1.909533007577448871e-01
9.100000000000964917e+01 1.394351400280284103e+01 1.907674574825242164e-01
9.200000000001016076e+01 1.380644659154509490e+01 1.905780763578658332e-01
9.300000000001067235e+01 1.366782342935619532e+01 1.903851282526012600e-01
9.400000000001118394e+01 1.352765652754624703e+01 1.901885862948660411e-01
9.500000000001169553e+01 1.338595900193329058e+01 1.899884259994814584e-01
9.600000000001220712e+01 1.324274499322464038e+01 1.897846253958395402e-01
9.700000000001271871e+01 1.309802958900037773e+01 1.895771651556382442e-01
9.800000000001323031e+01 1.295182874721145083e+01 1.893660287197946601e-01
9.900000000001374190e+01 1.280415922111408200e+01 1.891512024238446166e-01
1.000000000000142535e+02 1.265503848557036726e+01 1.889326756211230085e-01
1.010000000000147651e+02 1.250448466465274144e+01 1.887104408030000069e-01
1.020000000000152767e+02 1.235251646049713337e+01 1.884844937154390443e-01
1.030000000000157883e+02 1.219915308335662729e+01 1.882548334711248716e-01
1.040000000000162999e+02 1.204441418281388110e+01 1.880214626564102320e-01
1.050000000000168114e+02 1.188831978011732993e+01 1.877843874323182893e-01
1.060000000000173230e+02 1.173089020161193119e+01 1.875436176288417245e-01
1.070000000000178346e+02 1.157214601324161762e+01 1.872991668317831593e-01
1.080000000000183462e+02 1.141210795610591155e+01 1.870510524613886727e-01
1.090000000000188578e+02 1.125079688305901016e+01 1.867992958420417182e-01
1.100000000000193694e+02 1.108823369634434997e+01 1.865439222623035131e-01
1.110000000000198810e+02 1.092443928626258121e+01 1.862849610246112009e-01
1.120000000000203926e+02 1.075943447087526472e+01 1.860224454839729535e-01
1.130000000000209042e+02 1.059323993674999542e+01 1.857564130750381237e-01
1.140000000000214158e+02 1.042587618075642197e+01 1.854869053269611878e-01
1.150000000000219273e+02 1.025736345292513363e+01 1.852139678655214672e-01
1.160000000000224389e+02 1.008772170038348115e+01 1.849376504020180945e-01
1.170000000000229505e+02 9.916970512383914027e+00 1.846580067085145938e-01
1.180000000000234621e+02 9.745129066441551302e+00 1.843750945790663953e-01
1.190000000000239737e+02 9.572216075597440366e+00 1.840889757766369372e-01
1.200000000000244853e+02 9.398249736823970579e+00 1.837997159654742585e-01
1.210000000000249969e+02 9.223247680587533637e+00 1.835073846287943455e-01
1.220000000000255085e+02 9.047226921581867032e+00 1.832120549716944047e-01
1.230000000000260201e+02 8.870203810643138453e+00 1.829138038093002794e-01
1.240000000000265317e+02 8.692193987854873072e+00 1.826127114402305851e-01
1.250000000000270433e+02 8.513212336847244543e+00 1.823088615055413753e-01
1.260000000000275548e+02 8.333272940291248432e+00 1.820023408333988624e-01
1.270000000000280664e+02 8.152389036583768345e+00 1.816932392698109022e-01
1.280000000000285638e+02 7.970572977714391882e+00 1.813816494958212233e-01
1.290000000000276543e+02 7.787836188299986695e+00 1.810676668316575921e-01
1.300000000000267448e+02 7.604189125765833168e+00 1.807513890283916347e-01
1.310000000000258353e+02 7.419641241649731711e+00 1.804329160477496918e-01
1.320000000000249258e+02 7.234200943994758326e+00 1.801123498307728166e-01
1.330000000000240163e+02 7.047875560793534611e+00 1.797897940560923835e-01
1.340000000000231068e+02 6.860671304439252438e+00 1.794653538886446242e-01
1.350000000000221974e+02 6.672593237132578459e+00 1.791391357196964462e-01
1.360000000000212879e+02 6.483645237187317889e+00 1.788112468991063519e-01
1.370000000000203784e+02 6.293829966171455403e+00 1.784817954607741397e-01
1.380000000000194689e+02 6.103148836814477285e+00 1.781508898422713705e-01
1.390000000000185594e+02 5.911601981605786094e+00 1.778186385996631813e-01
1.400000000000176499e+02 5.719188222003732669e+00 1.774851501185540359e-01
1.410000000000167404e+02 5.525905038169679706e+00 1.771505323223887818e-01
1.420000000000158309e+02 5.331748539136476950e+00 1.768148923790505422e-01
1.430000000000149214e+02 5.136713433316581146e+00 1.764783364067847304e-01
1.440000000000140119e+02 4.940792999251008233e+00 1.761409691804621813e-01
1.450000000000131024e+02 4.743979056496776536e+00 1.758028938391760221e-01
1.460000000000121929e+02 4.546261936547738358e+00 1.754642115961354276e-01
1.470000000000112834e+02 4.347630453681198937e+00 1.751250214517829917e-01
1.480000000000103739e+02 4.148071875620926718e+00 1.747854199110234763e-01
1.490000000000094644e+02 3.947571893906091312e+00 1.744455007053989093e-01
1.500000000000085549e+02 3.746114593855024211e+00 1.741053545209992615e-01
1.510000000000076454e+02 3.543682424012998045e+00 1.737650687328330668e-01
1.520000000000067359e+02 3.340256164974052311e+00 1.734247271463288109e-01
1.530000000000058265e+02 3.135814897468534923e+00 1.730844097465685516e-01
1.540000000000049170e+02 2.930335969610708524e+00 1.727441924557915343e-01
1.550000000000040075e+02 2.723794963203872488e+00 1.724041468996386217e-01
1.560000000000030980e+02 2.516165659005009214e+00 1.720643401825374119e-01
1.570000000000021885e+02 2.307420000856080566e+00 1.717248346725607222e-01
1.580000000000012790e+02 2.097528058595611089e+00 1.713856877960247271e-01
1.590000000000003695e+02 1.886457989671702862e+00 1.710469518420227042e-01
1.599999999999994600e+02 1.674175999386476210e+00 1.707086737770314167e-01
1.609999999999985505e+02 1.460646299712277330e+00 1.703708950696632418e-01
1.619999999999976410e+02 1.245831066631706507e+00 1.700336515255798098e-01
1.629999999999967315e+02 1.029690395967144623e+00 1.696969731325332631e-01
1.639999999999958220e+02 8.121822576808481742e-01 1.693608839154497891e-01
1.649999999999949125e+02 5.932624486442938938e-01 1.690254018014337722e-01
1.659999999999940030e+02 3.728845438953304336e-01 1.686905384945308339e-01
1.669999999999930935e+02 1.509998464242064964e-01 1.683562993600664082e-01
1.679999999999921840e+02 -7.244266444488152434e-02 1.680226833183517676e-01
1.689999999999912745e+02 -2.974963859815003553e-01 1.676896827475425622e-01
1.699999999999903650e+02 -5.242171461582417757e-01 1.673572833954313499e-01
1.709999999999894555e+02 -7.526632587774649830e-01 1.670254642999648431e-01
1.719999999999885461e+02 -9.828955794104737853e-01 1.666941977182956613e-01
1.729999999999876366e+02 -1.214977561898149094e+00 1.663634490642083297e-01
1.739999999999867271e+02 -1.448975315110523354e+00 1.660331768538002573e-01
1.749999999999858176e+02 -1.684957659605110791e+00 1.657033326593546907e-01
1.759999999999849081e+02 -1.922996183759190902e+00 1.653738610714086954e-01
1.769999999999839986e+02 -2.163165298879406784e+00 1.650446996691010693e-01
1.779999999999830891e+02 -2.405542292711721597e+00 1.647157789989797949e-01
1.789999999999821796e+02 -2.650207380685573710e+00 1.643870225625608528e-01
1.799999999999812701e+02 -2.897243754127267312e+00 1.640583468130531186e-01
1.809999999999803606e+02 -3.146737624568149538e+00 1.637296611618090925e-01
1.819999999999794511e+02 -3.398778263152463008e+00 1.634008679952181353e-01
1.829999999999785416e+02 -3.653458034017389888e+00 1.630718627029323908e-01
1.839999999999776321e+02 -3.910872420372648595e+00 1.627425337185079701e-01
1.849999999999767226e+02 -4.171120041849456506e+00 1.624127625737550595e-01
1.859999999999758131e+02 -4.434302661517834920e+00 1.620824239683077705e-01
1.869999999999749036e+02 -4.700525180788172719e+00 1.617513858561727413e-01
1.879999999999739941e+02 -4.969895620217809729e+00 1.614195095512621358e-01
1.889999999999730846e+02 -5.242525084038724970e+00 1.610866498541861924e-01
1.899999999999721751e+02 -5.518527706006592481e+00 1.607526552028597788e-01
1.909999999999712657e+02 -5.798020573962876512e+00 1.604173678497451683e-01
1.919999999999703562e+02 -6.081123630274139380e+00 1.600806240688589510e-01
1.929999999999694467e+02 -6.367959545116920417e+00 1.597422543959305941e-01
1.939999999999685372e+02 -6.658653559384905662e+00 1.594020839053809091e-01
1.949999999999676277e+02 -6.953333293841834184e+00 1.590599325280314114e-01
1.959999999999667182e+02 -7.252128521039157505e+00 1.587156154136731834e-01
1.969999999999658087e+02 -7.555170896486319343e+00 1.583689433427988846e-01
1.979999999999648992e+02 -7.862593645629650574e+00 1.580197231919095724e-01
1.989999999999639897e+02 -8.174531203400306367e+00 1.576677584568436652e-01
1.999999999999630802e+02 -8.491118803472227583e+00 1.573128498385040486e-01
2.009999999999621707e+02 -8.812492014979198984e+00 1.569547958951656164e-01
2.019999999999612612e+02 -9.138786225332999891e+00 1.565933937651937669e-01
2.029999999999603517e+02 -9.470136069028056269e+00 1.562284399634638887e-01
2.039999999999594422e+02 -9.806674803983540301e+00 1.558597312540118129e-01
2.049999999999585327e+02 -1.014853363913616846e+01 1.554870656004184448e-01
2.059999999999576232e+02 -1.049584101972785000e+01 1.551102431941069615e-01
2.069999999999567137e+02 -1.084872188009585159e+01 1.547290675590650699e-01
2.079999999999558042e+02 -1.120729687781216022e+01 1.543433467294582639e-01
2.089999999999548947e+02 -1.157168162774449627e+01 1.539528944941496169e-01
2.099999999999539853e+02 -1.194198595998467205e+01 1.535575316992568440e-01
2.109999999999530758e+02 -1.231831323150308322e+01 1.531570875965621026e-01
2.119999999999521663e+02 -1.270075972764467664e+01 1.527514012218637307e-01
2.129999999999512568e+02 -1.308941419587496746e+01 1.523403227832639539e-01
2.139999999999503473e+02 -1.348435756008227493e+01 1.519237150350313537e-01
2.149999999999494378e+02 -1.388566286867781230e+01 1.515014546081886182e-01
2.159999999999485283e+02 -1.429339553300956034e+01 1.510734332645637112e-01
2.169999999999476188e+02 -1.470761391340907309e+01 1.506395590369747073e-01
2.179999999999467093e+02 -1.512837030764232971e+01 1.501997572148209559e-01
2.189999999999457998e+02 -1.555571238974796522e+01 1.497539711320179379e-01
2.199999999999448903e+02 -1.598968513541351122e+01 1.493021627133863383e-01
2.209999999999439808e+02 -1.643033325254057075e+01 1.488443127367475027e-01
2.219999999999430713e+02 -1.687770411216711608e+01 1.483804207715354595e-01
2.229999999999421618e+02 -1.733185114555987738e+01 1.479105047611203316e-01
2.239999999999412523e+02 -1.779283763870099477e+01 1.474346002255295662e-01
2.249999999999403428e+02 -1.826074081684079431e+01 1.469527590739813649e-01
2.259999999999394333e+02 -1.873565607121279797e+01 1.464650480325191684e-01
2.269999999999385238e+02 -1.921770114005196461e+01 1.459715467106984521e-01
2.279999999999376143e+02 -1.970702002002909481e+01 1.454723453520667120e-01
2.289999999999367049e+02 -2.020378635602249418e+01 1.449675423351196035e-01
2.299999999999357954e+02 -2.070820604114869212e+01 1.444572415132636123e-01
2.309999999999348859e+02 -2.122051875977370727e+01 1.439415495024825853e-01
2.319999999999339764e+02 -2.174099822832443252e+01 1.434205730421914682e-01
2.329999999999330669e+02 -2.226995093601312448e+01 1.428944165662696109e-01
2.339999999999321574e+02 -2.280771326264763132e+01 1.423631801256398655e-01
2.349999999999312479e+02 -2.335464695381431000e+01 1.418269577993052366e-01
2.359999999999303384e+02 -2.391113306179729392e+01 1.412858367161037021e-01
2.369999999999294289e+02 -2.447756460608502138e+01 1.407398967838626447e-01
2.379999999999285194e+02 -2.505433835758282157e+01 1.401892111862495238e-01
2.389999999999276099e+02 -2.564184628807402078e+01 1.396338476617398072e-01
2.399999999999267004e+02 -2.624046733048821523e+01 1.390738705264161768e-01
2.409999999999257909e+02 -2.685056014487502907e+01 1.385093433469124224e-01
2.419999999999248814e+02 -2.747245756364630509e+01 1.379403321170861174e-01
2.429999999999239719e+02 -2.810646329004552157e+01 1.373669087480191009e-01
2.439999999999230624e+02 -2.875285125184025858e+01 1.367891546516461498e-01
2.449999999999221529e+02 -2.941186778731974272e+01 1.362071641883756401e-01
2.459999999999212434e+02 -3.008373659346944962e+01 1.356210477608947584e-01
2.469999999999203339e+02 -3.076866613232362724e+01 1.350309343692658315e-01
2.479999999999194245e+02 -3.146685900386599144e+01 1.344369734925214555e-01
2.489999999999185150e+02 -3.217852267550438938e+01 1.338393362226852901e-01
2.499999999999176055e+02 -3.290388091795332315e+01 1.332382156403729145e-01
2.509999999999166960e+02 -3.364318532966498765e+01 1.326338264787991772e-01
2.519999999999157865e+02 -3.439672641970300759e+01 1.320264041684944267e-01
2.529999999999148770e+02 -3.516484383897195443e+01 1.314162033842304345e-01
2.539999999999139675e+02 -3.594793547807385892e+01 1.308034962274045032e-01
2.549999999999130580e+02 -3.674646526636745136e+01 1.301885701729796063e-01
2.559999999999121485e+02 -3.756096959632267129e+01 1.295717258935567551e-01
2.569999999999112674e+02 -3.839206235131127443e+01 1.289532750488729951e-01
2.579999999999103579e+02 -3.924043852977779068e+01 1.283335381016610099e-01
2.589999999999094484e+02 -4.010687643384073908e+01 1.277128421945276648e-01
2.599999999999085389e+02 -4.099223835751628542e+01 1.270915191003232914e-01
2.609999999999076294e+02 -4.189746953642708860e+01 1.264699032421036928e-01
2.619999999999067199e+02 -4.282359495657161830e+01 1.258483297705921544e-01
2.629999999999058105e+02 -4.377171361084500489e+01 1.252271326852496813e-01
2.639999999999049010e+02 -4.474298938707066497e+01 1.246066429886279331e-01
2.649999999999039915e+02 -4.573863753050129333e+01 1.239871868736237698e-01
2.659999999999030820e+02 -4.675990527250487361e+01 1.233690839575356524e-01
2.669999999999021725e+02 -4.780804479620333325e+01 1.227526455942600375e-01
2.679999999999012630e+02 -4.888427622593770394e+01 1.221381733155407351e-01
2.689999999999003535e+02 -4.998973780009198720e+01 1.215259574728533160e-01
2.699999999998994440e+02 -5.112541986510147751e+01 1.209162761721416929e-01
2.709999999998985345e+02 -5.229207891057050972e+01 1.203093946128099556e-01
2.719999999998976250e+02 -5.349012772505652435e+01 1.197055649581171832e-01
2.729999999998967155e+02 -5.471949816959735102e+01 1.191050268734882983e-01
2.739999999998958060e+02 -5.597947445495407948e+01 1.185080088679590637e-01
2.749999999998948965e+02 -5.726849771632245023e+01 1.179147305560732939e-01
2.759999999998939870e+02 -5.858394772350336410e+01 1.173254059155034723e-01
2.769999999998930775e+02 -5.992191524598457875e+01 1.167402475411377094e-01
2.779999999998921680e+02 -6.127698892310681344e+01 1.161594717824261935e-01
2.789999999998912585e+02 -6.264209242083411056e+01 1.155833044958523292e-01
2.799999999998903490e+02 -6.400841844068554565e+01 1.150119869580893545e-01
2.809999999998894396e+02 -6.536551104114998623e+01 1.144457812946025749e-01
2.819999999998885301e+02 -6.670154075100111868e+01 1.138849746301990873e-01
2.829999999998876206e+02 -6.800379328844822169e+01 1.133298811237808679e-01
2.839999999998867111e+02 -6.925935248295471069e+01 1.127808411668504152e-01
2.849999999998858016e+02 -7.045590938209151943e+01 1.122382173292442442e-01
2.859999999998848921e+02 -7.158258804044314161e+01 1.117023870930380497e-01
2.869999999998839826e+02 -7.263066114298356979e+01 1.111737329305989841e-01
2.879999999998830731e+02 -7.359404510861078563e+01 1.106526307232751083e-01
2.889999999998821636e+02 -7.446951083817577910e+01 1.101394377649441148e-01
2.899999999998812541e+02 -7.525660661754297109e+01 1.096344815925153759e-01
2.909999999998803446e+02 -7.595734342836736630e+01 1.091380506565857583e-01
2.919999999998794351e+02 -7.657572513832238315e+01 1.086503874752785537e-01
2.929999999998785256e+02 -7.711721262091987228e+01 1.081716845101344943e-01
2.939999999998776161e+02 -7.758819728626468759e+01 1.077020826542020582e-01
2.949999999998767066e+02 -7.799553572501412191e+01 1.072416719791729617e-01
2.959999999998757971e+02 -7.834617238512831250e+01 1.067904942602901780e-01
2.969999999998748876e+02 -7.864685713663124034e+01 1.063485467669347539e-01
2.979999999998739781e+02 -7.890395126193696740e+01 1.059157868432855365e-01
2.989999999998730686e+02 -7.912330835505410676e+01 1.054921368772542972e-01
2.999999999998721592e+02 -7.931021421798497784e+01 1.050774893433694679e-01
3.009999999998712497e+02 -7.946937036298675139e+01 1.046717116908079254e-01
3.019999999998703402e+02 -7.960490775544920439e+01 1.042746509228066887e-01
3.029999999998694307e+02 -7.972042000567414277e+01 1.038861377747813536e-01
3.039999999998685212e+02 -7.981900777329830987e+01 1.035059904453715651e-01
3.049999999998676117e+02 -7.990332840177157436e+01 1.031340178687517595e-01
3.059999999998667022e+02 -7.997564664663202905e+01 1.027700225400152156e-01
3.069999999998657927e+02 -8.003788379548234388e+01 1.024138029205167444e-01
3.079999999998648832e+02 -8.009166354435603807e+01 1.020651554587890530e-01
3.089999999998639737e+02 -8.013835375810610628e+01 1.017238762667898172e-01
3.099999999998630642e+02 -8.017910376681804507e+01 1.013897624921790280e-01
3.109999999998621547e+02 -8.021487719467141631e+01 1.010626134261532472e-01
3.119999999998612452e+02 -8.024648053096258593e+01 1.007422313838850364e-01
3.129999999998603357e+02 -8.027458777374768317e+01 1.004284223914058694e-01
3.139999999998594262e+02 -8.029976153411280393e+01 1.001209967092419884e-01
3.149999999998585167e+02 -8.032247100507403559e+01 9.981976921953820969e-02
3.159999999998576072e+02 -8.034310718903698501e+01 9.952455969995931129e-02
3.169999999998566977e+02 -8.036199575244057769e+01 9.923519300444719193e-02
3.179999999998557882e+02 -8.037940784299354391e+01 9.895149916799378387e-02
3.189999999998548788e+02 -8.039556916862922264e+01 9.867331344998148124e-02
3.199999999998539693e+02 -8.041066760098799193e+01 9.840047632834726665e-02
3.209999999998530598e+02 -8.042485953171970436e+01 9.813283345483038433e-02
3.219999999998521503e+02 -8.043827517816620798e+01 9.787023557984024513e-02
3.229999999998512408e+02 -8.045102300648254356e+01 9.761253845400731655e-02
3.239999999998503313e+02 -8.046319341508946366e+01 9.735960271223054185e-02
3.249999999998494218e+02 -8.047486179940520401e+01 9.711129374497580458e-02
3.259999999998485123e+02 -8.048609109985703469e+01 9.686748156069217852e-02
3.269999999998476028e+02 -8.049693391893865169e+01 9.662804064247140778e-02
3.279999999998466933e+02 -8.050743427924793139e+01 9.639284980145716719e-02
3.289999999998457838e+02 -8.051762908271963681e+01 9.616179202899796663e-02
3.299999999998448743e+02 -8.052754932137003152e+01 9.593475434911538646e-02
3.309999999998439648e+02 -8.053722108153915826e+01 9.571162767251208126e-02
3.319999999998430553e+02 -8.054666637662585060e+01 9.549230665305714905e-02
3.329999999998421458e+02 -8.055590383745079919e+01 9.527668954745786845e-02
3.339999999998412363e+02 -8.056494928448778126e+01 9.506467807863457076e-02
3.349999999998403268e+02 -8.057381620211120321e+01 9.485617730316693585e-02
3.359999999998394173e+02 -8.058251613160081206e+01 9.465109548305616904e-02
3.369999999998385078e+02 -8.059105899680245955e+01 9.444934396194945569e-02
3.379999999998375984e+02 -8.059945337398102083e+01 9.425083704589844180e-02
3.389999999998366889e+02 -8.060770671543417620e+01 9.405549188866148269e-02
3.399999999998357794e+02 -8.061582553480474189e+01 9.386322838151243964e-02
3.409999999998348699e+02 -8.062381556066968358e+01 9.367396904748388764e-02
3.419999999998339604e+02 -8.063168186385914282e+01 9.348763893994579965e-02
3.429999999998330509e+02 -8.063942896302316399e+01 9.330416554539965046e-02
3.439999999998321414e+02 -8.064706091218984341e+01 9.312347869035614290e-02
3.449999999998312319e+02 -8.065458137341296663e+01 9.294551045215389273e-02
3.459999999998303224e+02 -8.066199367707770307e+01 9.277019507357174566e-02
3.469999999998294129e+02 -8.066930087198808508e+01 9.259746888108395801e-02
3.479999999998285034e+02 -8.067650576699683995e+01 9.242727020660784776e-02
3.489999999998275939e+02 -8.068361096563209856e+01 9.225953931259432694e-02
3.499999999998266844e+02 -8.069061889492681416e+01 9.209421832031419730e-02
3.509999999998257749e+02 -8.069753182944840830e+01 9.193125114119737873e-02
3.519999999998248654e+02 -8.070435191135256048e+01 9.177058341108532136e-02
3.529999999998239559e+02 -8.071108116714471237e+01 9.161216242726304138e-02
3.539999999998230464e+02 -8.071772152171364212e+01 9.145593708814092615e-02
3.549999999998221369e+02 -8.072427481010429062e+01 9.130185783546339306e-02
3.559999999998212274e+02 -8.073074278741606236e+01 9.114987659892483107e-02
3.569999999998203180e+02 -8.073712713714694189e+01 9.099994674308026221e-02
3.579999999998194085e+02 -8.074342947824732164e+01 9.085202301644285106e-02
3.589999999998184990e+02 -8.074965137110243063e+01 9.070606150266552481e-02
3.599999999998175895e+02 -8.075579432262466639e+01 9.056201957370871303e-02
3.609999999998166800e+02 -8.076185979060527131e+01 9.041985584490219718e-02
3.619999999998157705e+02 -8.076784918744969843e+01 9.027953013181252984e-02
3.629999999998148610e+02 -8.077376388339840219e+01 9.014100340883240969e-02
3.639999999998139515e+02 -8.077960520931911503e+01 9.000423776941238185e-02
3.649999999998130420e+02 -8.078537445914032844e+01 8.986919638786118603e-02
3.659999999998121325e+02 -8.079107289198381636e+01 8.973584348264138089e-02
3.669999999998112230e+02 -8.079670173404551292e+01 8.960414428109379770e-02
3.679999999998103135e+02 -8.080226218026341201e+01 8.947406498552672172e-02
3.689999999998094040e+02 -8.080775539580731959e+01 8.934557274060837828e-02
3.699999999998084945e+02 -8.081318251741632253e+01 8.921863560200517240e-02
3.709999999998075850e+02 -8.081854465460821757e+01 8.909322250621196093e-02
3.719999999998066755e+02 -8.082384289077874939e+01 8.896930324151997027e-02
3.729999999998057660e+02 -8.082907828420808016e+01 8.884684842007566086e-02
3.739999999998048565e+02 -8.083425186898540460e+01 8.872582945098228535e-02
3.749999999998039470e+02 -8.083936465586504028e+01 8.860621851439964836e-02
3.759999999998030376e+02 -8.084441763306200812e+01 8.848798853659979591e-02
3.769999999998021281e+02 -8.084941176699416587e+01 8.837111316593901367e-02
3.779999999998012186e+02 -8.085434800297937841e+01 8.825556674970745641e-02
3.789999999998003091e+02 -8.085922726589119236e+01 8.814132431181941063e-02
3.799999999997993996e+02 -8.086405046077788938e+01 8.802836153131067543e-02
3.809999999997984901e+02 -8.086881847345063079e+01 8.791665472160933859e-02
3.819999999997975806e+02 -8.087353217104119096e+01 8.780618081054895885e-02
3.829999999997966711e+02 -8.087819240253423914e+01 8.769691732109360927e-02
3.839999999997957616e+02 -8.088279999927534902e+01 8.758884235274684571e-02
3.849999999997948521e+02 -8.088735577545764954e+01 8.748193456361695597e-02
3.859999999997939426e+02 -8.089186052858804032e+01 8.737617315311300981e-02
3.869999999997930331e+02 -8.089631503993538786e+01 8.727153784524634139e-02
3.879999999997921236e+02 -8.090072007496083017e+01 8.716800887251412167e-02
3.889999999997912141e+02 -8.090507638373281907e+01 8.706556696034223330e-02
3.899999999997903046e+02 -8.090938470132674354e+01 8.696419331206603487e-02
3.909999999997893951e+02 -8.091364574821071187e+01 8.686386959442814193e-02
3.919999999997884856e+02 -8.091786023061806077e+01 8.676457792357393506e-02
3.929999999997875761e+02 -8.092202884090697523e+01 8.666630085152479679e-02
3.939999999997866666e+02 -8.092615225790891031e+01 8.656902135311250746e-02
3.949999999997857572e+02 -8.093023114726507572e+01 8.647272281335625921e-02
3.959999999997848477e+02 -8.093426616175248967e+01 8.637738901526620383e-02
3.969999999997839382e+02 -8.093825794159985776e+01 8.628300412805758879e-02
3.979999999997830287e+02 -8.094220711479330532e+01 8.618955269576007716e-02
3.989999999997821192e+02 -8.094611429737298636e+01 8.609701962620874838e-02
3.999999999997812097e+02 -8.094998009372065439e+01 8.600539018040051498e-02
4.009999999997803002e+02 -8.095380509683897685e+01 8.591464996220481154e-02
4.019999999997793907e+02 -8.095758988862155547e+01 8.582478490841442820e-02
4.029999999997784812e+02 -8.096133504011582716e+01 8.573578127912476199e-02
4.039999999997775717e+02 -8.096504111177823404e+01 8.564762564842912096e-02
4.049999999997766622e+02 -8.096870865372169135e+01 8.556030489541885387e-02
4.059999999997757527e+02 -8.097233820595623399e+01 8.547380619547788327e-02
4.069999999997748432e+02 -8.097593029862237302e+01 8.538811701186002634e-02
4.079999999997739337e+02 -8.097948545221815664e+01 8.530322508754044353e-02
4.089999999997730242e+02 -8.098300417781999272e+01 8.521911843732991876e-02
4.099999999997721147e+02 -8.098648697729677792e+01 8.513578534024429656e-02
4.109999999997712052e+02 -8.098993434351858411e+01 8.505321433211876503e-02
4.119999999997702957e+02 -8.099334676055930515e+01 8.497139419845935182e-02
4.129999999997693862e+02 -8.099672470389386092e+01 8.489031396752233505e-02
4.139999999997684768e+02 -8.100006864058958911e+01 8.480996290361456080e-02
4.149999999997675673e+02 -8.100337902949327429e+01 8.473033050060656268e-02
4.159999999997666578e+02 -8.100665632141208050e+01 8.465140647565112808e-02
4.169999999997657483e+02 -8.100990095929098800e+01 8.457318076310001154e-02
4.179999999997648388e+02 -8.101311337838353666e+01 8.449564350861241135e-02
4.189999999997639293e+02 -8.101629400642028145e+01 8.441878506344810407e-02
4.199999999997630198e+02 -8.101944326377092409e+01 8.434259597893939420e-02
4.209999999997621103e+02 -8.102256156360311934e+01 8.426706700113546777e-02
4.219999999997612008e+02 -8.102564931203691856e+01 8.419218906561314053e-02
4.229999999997602913e+02 -8.102870690829533373e+01 8.411795329244878272e-02
4.239999999997593818e+02 -8.103173474485065242e+01 8.404435098134542537e-02
4.249999999997584723e+02 -8.103473320756721421e+01 8.397137360691026009e-02
4.259999999997575628e+02 -8.103770267584056342e+01 8.389901281407738387e-02
4.269999999997566533e+02 -8.104064352273289273e+01 8.382726041367004333e-02
4.279999999997557438e+02 -8.104355611510499102e+01 8.375610837809940867e-02
4.289999999997548343e+02 -8.104644081374533471e+01 8.368554883719353521e-02
4.299999999997539248e+02 -8.104929797349515752e+01 8.361557407415334819e-02
4.309999999997530153e+02 -8.105212794337093385e+01 8.354617652163082164e-02
4.319999999997521059e+02 -8.105493106668366465e+01 8.347734875792517384e-02
4.329999999997511964e+02 -8.105770768115539227e+01 8.340908350329420684e-02
4.339999999997502869e+02 -8.106045811903219089e+01 8.334137361637516950e-02
4.349999999997493774e+02 -8.106318270719522445e+01 8.327421209071352026e-02
4.359999999997484679e+02 -8.106588176726852168e+01 8.320759205139446890e-02
4.369999999997475584e+02 -8.106855561572412228e+01 8.314150675177450767e-02
4.379999999997466489e+02 -8.107120456398536135e+01 8.307594957030996208e-02
4.389999999997457394e+02 -8.107382891852641649e+01 8.301091400747889759e-02
4.399999999997448299e+02 -8.107642898097063267e+01 8.294639368279377312e-02
4.409999999997439204e+02 -8.107900504818583443e+01 8.288238233190065030e-02
4.419999999997430109e+02 -8.108155741237791858e+01 8.281887380376472263e-02
4.429999999997421014e+02 -8.108408636118116419e+01 8.275586205793603045e-02
4.439999999997411919e+02 -8.108659217774788885e+01 8.269334116189569484e-02
4.449999999997402824e+02 -8.108907514083473700e+01 8.263130528847842382e-02
4.459999999997393729e+02 -8.109153552488747607e+01 8.256974871336902888e-02
4.469999999997384634e+02 -8.109397360012394529e+01 8.250866581267116140e-02
4.479999999997375539e+02 -8.109638963261468803e+01 8.244805106054529931e-02
4.489999999997366444e+02 -8.109878388436207786e+01 8.238789902691458222e-02
4.499999999997357349e+02 -8.110115661337749771e+01 8.232820437523472035e-02
4.509999999997348255e+02 -8.110350807375667159e+01 8.226896186032843505e-02
4.519999999997339160e+02 -8.110583851575316316e+01 8.221016632627967113e-02
4.529999999997330065e+02 -8.110814818585087949e+01 8.215181270438758065e-02
4.539999999997320970e+02 -8.111043732683371843e+01 8.209389601117803026e-02
4.549999999997311875e+02 -8.111270617785488923e+01 8.203641134646973143e-02
4.559999999997302780e+02 -8.111495497450400194e+01 8.197935389149492436e-02
4.569999999997293685e+02 -8.111718394887277839e+01 8.192271890707158999e-02
4.579999999997284590e+02 -8.111939332961927107e+01 8.186650173182598300e-02
4.589999999997275495e+02 -8.112158334203060406e+01 8.181069778046456964e-02
4.599999999997266400e+02 -8.112375420808491810e+01 8.175530254209260883e-02
4.609999999997257305e+02 -8.112590614651095677e+01 8.170031157857890469e-02
4.619999999997248210e+02 -8.112803937284704148e+01 8.164572052296463489e-02
4.629999999997239115e+02 -8.113015409949866807e+01 8.159152507791578302e-02
4.639999999997230020e+02 -8.113225053579445500e+01 8.153772101421657981e-02
4.649999999997220925e+02 -8.113432888804170773e+01 8.148430416930366182e-02
4.659999999997211830e+02 -8.113638935957965259e+01 8.143127044583971241e-02
4.669999999997202735e+02 -8.113843215083264226e+01 8.137861581032432290e-02
4.679999999997193640e+02 -8.114045745936164167e+01 8.132633629174240708e-02
4.689999999997184545e+02 -8.114246547991430702e+01 8.127442798024758774e-02
4.699999999997175451e+02 -8.114445640447480912e+01 8.122288702588102705e-02
4.709999999997166356e+02 -8.114643042231217862e+01 8.117170963732309175e-02
4.719999999997157261e+02 -8.114838772002738665e+01 8.112089208067750634e-02
4.729999999997148166e+02 -8.115032848159981427e+01 8.107043067828779981e-02
4.739999999997139071e+02 -8.115225288843279827e+01 8.102032180758357571e-02
4.749999999997129976e+02 -8.115416111939779853e+01 8.097056189995686937e-02
4.759999999997120881e+02 -8.115605335087815320e+01 8.092114743966712098e-02
4.769999999997111786e+02 -8.115792975681145549e+01 8.087207496277441787e-02
4.779999999997102691e+02 -8.115979050873147571e+01 8.082334105609918773e-02
4.789999999997093596e+02 -8.116163577580904587e+01 8.077494235620891194e-02
4.799999999997084501e+02 -8.116346572489187849e+01 8.072687554842980506e-02
4.809999999997075406e+02 -8.116528052054417230e+01 8.067913736588357143e-02
4.819999999997066311e+02 -8.116708032508472570e+01 8.063172458854860059e-02
4.829999999997057216e+02 -8.116886529862472344e+01 8.058463404234304794e-02
4.839999999997048121e+02 -8.117063559910481274e+01 8.053786259823250693e-02
4.849999999997039026e+02 -8.117239138233087203e+01 8.049140717135809531e-02
4.859999999997029931e+02 -8.117413280200979386e+01 8.044526472018689867e-02
4.869999999997020836e+02 -8.117586000978418781e+01 8.039943224568267544e-02
4.879999999997011741e+02 -8.117757315526623074e+01 8.035390679049678186e-02
4.889999999997002647e+02 -8.117927238607116180e+01 8.030868543817883121e-02
4.899999999996993552e+02 -8.118095784785006686e+01 8.026376531240597689e-02
4.909999999996984457e+02 -8.118262968432185289e+01 8.021914357623126379e-02
4.919999999996975362e+02 -8.118428803730468246e+01 8.017481743134925731e-02
4.929999999996966267e+02 -8.118593304674696753e+01 8.013078411737964424e-02
4.939999999996957172e+02 -8.118756485075745388e+01 8.008704091116729262e-02
4.949999999996948077e+02 -8.118918358563486493e+01 8.004358512609896503e-02
4.959999999996938982e+02 -8.119078938589713346e+01 8.000041411143657410e-02
4.969999999996929887e+02 -8.119238238430976651e+01 7.995752525166477387e-02
4.979999999996920792e+02 -8.119396271191385495e+01 7.991491596585488522e-02
4.989999999996911697e+02 -8.119553049805359990e+01 7.987258370704296284e-02
4.999999999996902602e+02 -8.119708587040311443e+01 7.983052596162175385e-02
5.000000000000000000e+02 -8.119708587040359760e+01 7.983052596160876424e-02
