1.000000000000000666e+00 -7.280296417942767562e+01 7.360526447169829511e-02
2.000000000000001332e+00 -6.393958044714540989e+01 7.364902343127707751e-02
2.999999999999980016e+00 -1.792598169175993306e+01 7.375682565301644456e-02
3.999999999999958700e+00 3.898166788808187988e+01 7.912038716823280304e-02
4.999999999999937828e+00 3.162569685085452420e+01 9.362454884509291420e-02
5.999999999999916511e+00 2.609088728544448088e+01 1.136871509834308236e-01
6.999999999999895195e+00 2.270186486219866140e+01 1.347816194476302576e-01
7.999999999999873879e+00 2.089680944445530741e+01 1.532165652870220163e-01
8.999999999999852562e+00 2.011019452347222369e+01 1.673196304096291886e-01
9.999999999999831246e+00 1.993265485820602123e+01 1.771293447123937215e-01
1.099999999999980993e+01 2.009773670966552572e+01 1.835272440672109651e-01
1.199999999999978861e+01 2.044002832532427405e+01 1.875607645253041800e-01
1.299999999999976730e+01 2.085946793428401946e+01 1.901146074839285827e-01
1.399999999999974598e+01 2.129636477767298430e+01 1.918208635230373993e-01
1.499999999999972466e+01 2.171494372925974758e+01 1.930806641543563462e-01
1.599999999999970335e+01 2.209268569097081425e+01 1.941207588103856518e-01
1.699999999999985789e+01 2.241334596831809378e+01 1.950503101007252937e-01
1.800000000000001421e+01 2.266213539570384938e+01 1.959055677643784799e-01
1.900000000000017053e+01 2.282207622980535788e+01 1.966799904707974000e-01
2.000000000000032685e+01 2.287144453610130057e+01 1.973423231541769629e-01
2.100000000000048317e+01 2.278496415589353674e+01 1.978505248524867477e-01
2.200000000000063949e+01 2.254747491241546342e+01 1.981747143208173745e-01
2.300000000000079581e+01 2.218319882597914017e+01 1.983263753285887943e-01
2.400000000000095213e+01 2.175853146622049294e+01 1.983540694672575877e-01
2.500000000000110845e+01 2.133362051580214214e+01 1.983062165623242223e-01
2.600000000000126477e+01 2.093533750505837077e+01 1.982146183607495504e-01
2.700000000000142109e+01 2.056949810786603550e+01 1.980989504153225222e-01
2.800000000000157740e+01 2.023506465586986636e+01 1.979718759089740820e-01
2.900000000000173372e+01 1.992988796189548140e+01 1.978414985076552002e-01
3.000000000000189004e+01 1.965198116266416761e+01 1.977127424880336937e-01
3.100000000000204636e+01 1.939947043080468347e+01 1.975883566312780504e-01
3.200000000000220268e+01 1.917040051745945561e+01 1.974696614835289576e-01
3.300000000000200373e+01 1.896266896256491918e+01 1.973570727701844385e-01
3.400000000000180478e+01 1.877407071265033167e+01 1.972504519479843788e-01
3.500000000000160583e+01 1.860238618164729729e+01 1.971493374493044903e-01
3.600000000000140687e+01 1.844546682543867178e+01 1.970530970149652894e-01
3.700000000000120792e+01 1.830129863915098554e+01 1.969610273831953473e-01
3.800000000000100897e+01 1.816804028793053405e+01 1.968724179594685264e-01
3.900000000000081002e+01 1.804403981080288588e+01 1.967865894721500253e-01
4.000000000000061107e+01 1.792783580827839174e+01 1.967029153491483273e-01
4.100000000000041211e+01 1.781814861775800196e+01 1.966208314468680662e-01
4.200000000000021316e+01 1.771386578791095090e+01 1.965398382437391622e-01
4.300000000000001421e+01 1.761402491141402393e+01 1.964594984441777326e-01
4.399999999999981526e+01 1.751779583150018027e+01 1.963794320373638824e-01
4.499999999999961631e+01 1.742446345648031425e+01 1.962993101745466318e-01
4.599999999999941735e+01 1.733341186974115189e+01 1.962188487320423724e-01
4.699999999999921840e+01 1.724411005944655884e+01 1.961378020781896214e-01
4.799999999999901945e+01 1.715609936220248244e+01 1.960559573266030253e-01
4.899999999999882050e+01 1.706898257734545155e+01 1.959731292049111950e-01
4.999999999999862155e+01 1.698241463257014772e+01 1.958891555732753254e-01
5.099999999999842260e+01 1.689609464542512995e+01 1.958038935716795992e-01
5.199999999999822364e+01 1.680975921371272364e+01 1.957172163456315783e-01
5.299999999999802469e+01 1.672317677094697075e+01 1.956290102869523151e-01
5.399999999999782574e+01 1.663614285417553162e+01 1.955391727232809740e-01
5.499999999999762679e+01 1.654847614648332055e+01 1.954476099924938592e-01
5.599999999999742784e+01 1.646001517279625403e+01 1.953542358437091175e-01
5.699999999999722888e+01 1.637061554368437299e+01 1.952589701132387556e-01
5.799999999999702993e+01 1.628014765689326993e+01 1.951617376307522300e-01
5.899999999999683098e+01 1.618849477990960395e+01 1.950624673174954915e-01
5.999999999999663203e+01 1.609555144885289479e+01 1.949610914443695719e-01
6.099999999999643308e+01 1.600122212939503896e+01 1.948575450229312611e-01
6.199999999999623412e+01 1.590542009434201809e+01 1.947517653069044674e-01
6.299999999999603517e+01 1.580806648010861970e+01 1.946436913856394169e-01
6.399999999999583622e+01 1.570908949073226601e+01 1.945332638541956427e-01
6.499999999999634781e+01 1.560842372346113294e+01 1.944204245474152049e-01
6.599999999999685940e+01 1.550600959445806915e+01 1.943051163276023063e-01
6.699999999999737099e+01 1.540179284691739880e+01 1.941872829172617831e-01
6.799999999999788258e+01 1.529572412701388728e+01 1.940668687698783312e-01
6.899999999999839417e+01 1.518775861568975749e+01 1.939438189729625617e-01
6.999999999999890576e+01 1.507785570642641737e+01 1.938180791786162094e-01
7.099999999999941735e+01 1.496597872091513537e+01 1.936895955577023487e-01
7.199999999999992895e+01 1.485209465599781886e+01 1.935583147743925869e-01
7.300000000000044054e+01 1.473617395644816419e+01 1.934241839784198169e-01
7.400000000000095213e+01 1.461819030914879569e+01 1.932871508128182481e-01
7.500000000000146372e+01 1.449812045502867619e+01 1.931471634353021938e-01
7.600000000000197531e+01 1.437594401578730796e+01 1.930041705517288320e-01
7.700000000000248690e+01 1.425164333297405683e+01 1.928581214603395655e-01
7.800000000000299849e+01 1.412520331743350432e+01 1.927089661056553827e-01
7.900000000000351008e+01 1.399661130748818216e+01 1.925566551410672622e-01
8.000000000000402167e+01 1.386585693452390267e+01 1.924011399992715532e-01
8.100000000000453326e+01 1.373293199488104932e+01 1.922423729698069517e-01
8.200000000000504485e+01 1.359783032714878814e+01 1.920803072830076785e-01
8.300000000000555644e+01 1.346054769411551533e+01 1.919148971997512720e-01
8.400000000000606803e+01 1.332108166875534749e+01 1.917460981064106618e-01
8.500000000000657963e+01 1.317943152373266358e+01 1.915738666144455316e-01
8.600000000000709122e+01 1.303559812398866136e+01 1.913981606640832167e-01
8.700000000000760281e+01 1.288958382204030251e+01 1.912189396315407963e-01
8.800000000000811440e+01 1.274139235567545647e+01 1.910361644392423452e-01
8.900000000000862599e+01 1.259102874777080849e+01 1.908497976684700725e-01
9.000000000000913758e+01 1.243849920799423181e+01 1.906598036738818558e-01
9.100000000000964917e+01 1.228381103618136194e+01 1.904661486993039221e-01
9.200000000001016076e+01 1.212697252719945773e+01 1.902688009941919667e-01
9.300000000001067235e+01 1.196799287713062654e+01 1.900677309301322115e-01
9.400000000001118394e+01 1.180688209062255112e+01 1.898629111167269568e-01
9.500000000001169553e+01 1.164365088926852820e+01 1.896543165161881650e-01
9.600000000001220712e+01 1.147831062089036003e+01 1.894419245559447740e-01
9.700000000001271871e+01 1.131087316960786104e+01 1.892257152385344865e-01
9.800000000001323031e+01 1.114135086658842333e+01 1.890056712480441548e-01
9.900000000001374190e+01 1.096975640137806529e+01 1.887817780523350919e-01
1.000000000000142535e+02 1.079610273372368745e+01 1.885540240002756829e-01
1.010000000000147651e+02 1.062040300580335206e+01 1.883224004131941187e-01
1.020000000000152767e+02 1.044267045478839684e+01 1.880869016697489238e-01
1.030000000000157883e+02 1.026291832566780471e+01 1.878475252834160281e-01
1.040000000000162999e+02 1.008115978427123594e+01 1.876042719717829765e-01
1.050000000000168114e+02 9.897407830433202491e+00 1.873571457168519416e-01
1.060000000000173230e+02 9.711675211245930583e+00 1.871061538155562032e-01
1.070000000000178346e+02 9.523974334353701110e+00 1.868513069197117182e-01
1.080000000000183462e+02 9.334317181245888051e+00 1.865926190646435556e-01
1.090000000000188578e+02 9.142715220509618490e+00 1.863301076857528660e-01
1.100000000000193694e+02 8.949179321006925036e+00 1.860637936223191458e-01
1.110000000000198810e+02 8.753719664943448109e+00 1.857937011078704126e-01
1.120000000000203926e+02 8.556345660798424291e+00 1.855198577464930165e-01
1.130000000000209042e+02 8.357065856086846267e+00 1.852422944745038269e-01
1.140000000000214158e+02 8.155887849925791855e+00 1.849610455069543857e-01
1.150000000000219273e+02 7.952818205376757099e+00 1.846761482684989020e-01
1.160000000000224389e+02 7.747862361535442055e+00 1.843876433082147492e-01
1.170000000000229505e+02 7.541024545339205076e+00 1.840955741980355997e-01
1.180000000000234621e+02 7.332307683060482972e+00 1.837999874145191392e-01
1.190000000000239737e+02 7.121713311452070094e+00 1.835009322037511326e-01
1.200000000000244853e+02 6.909241488507124274e+00 1.831984604292589136e-01
1.210000000000249969e+02 6.694890703793489273e+00 1.828926264028846727e-01
1.220000000000255085e+02 6.478657788318044730e+00 1.825834866986496829e-01
1.230000000000260201e+02 6.260537823873021601e+00 1.822710999497169915e-01
1.240000000000265317e+02 6.040524051812034223e+00 1.819555266286430328e-01
1.250000000000270433e+02 5.818607781199803597e+00 1.816368288111842311e-01
1.260000000000275548e+02 5.594778296275809026e+00 1.813150699240071440e-01
1.270000000000280664e+02 5.369022763168952217e+00 1.809903144767202876e-01
1.280000000000285638e+02 5.141326135797885222e+00 1.806626277787297119e-01
1.290000000000276543e+02 4.911671060890340890e+00 1.803320756414820425e-01
1.300000000000267448e+02 4.680037782052836270e+00 1.799987240667327015e-01
1.310000000000258353e+02 4.446404042828016934e+00 1.796626389215445763e-01
1.320000000000249258e+02 4.210744988673829958e+00 1.793238856007779713e-01
1.330000000000240163e+02 3.973033067809093488e+00 1.789825286778954916e-01
1.340000000000231068e+02 3.733237930876201371e+00 1.786386315449607909e-01
1.350000000000221974e+02 3.491326329383726446e+00 1.782922560427592507e-01
1.360000000000212879e+02 3.247262012906731776e+00 1.779434620820196100e-01
1.370000000000203784e+02 3.001005625042334479e+00 1.775923072567624217e-01
1.380000000000194689e+02 2.752514598142576485e+00 1.772388464508447559e-01
1.390000000000185594e+02 2.501743046877092258e+00 1.768831314388176479e-01
1.400000000000176499e+02 2.248641660714984614e+00 1.765252104822574442e-01
1.410000000000167404e+02 1.993157595459824849e+00 1.761651279227763878e-01
1.420000000000158309e+02 1.735234364024766052e+00 1.758029237729749894e-01
1.430000000000149214e+02 1.474811726697507819e+00 1.754386333066488279e-01
1.440000000000140119e+02 1.211825581218811010e+00 1.750722866496290664e-01
1.450000000000131024e+02 9.462078530845180468e-01 1.747039083727086606e-01
1.460000000000121929e+02 6.778863865817910117e-01 1.743335170881923912e-01
1.470000000000112834e+02 4.067848371867701651e-01 1.739611250517067720e-01
1.480000000000103739e+02 1.328225660858201318e-01 1.735867377710263448e-01
1.490000000000094644e+02 -1.440854622623444214e-01 1.732103536238101538e-01
1.500000000000085549e+02 -4.240287784279841432e-01 1.728319634863051402e-01
1.510000000000076454e+02 -7.071015008744951924e-01 1.724515503752611645e-01
1.520000000000067359e+02 -9.934024218521885219e-01 1.720690891055267902e-01
1.530000000000058265e+02 -1.283035084520606883e+00 1.716845459660441831e-01
1.540000000000049170e+02 -1.576107849195633070e+00 1.712978784172561886e-01
1.550000000000040075e+02 -1.872733946272365113e+00 1.709090348132648873e-01
1.560000000000030980e+02 -2.173031512983944147e+00 1.705179541524605713e-01
1.570000000000021885e+02 -2.477123610714198509e+00 1.701245658607482558e-01
1.580000000000012790e+02 -2.785138219082818889e+00 1.697287896119667183e-01
1.590000000000003695e+02 -3.097208202460113302e+00 1.693305351905969036e-01
1.599999999999994600e+02 -3.413471243938174471e+00 1.689297024024082883e-01
1.609999999999985505e+02 -3.734069741080991101e+00 1.685261810392764403e-01
1.619999999999976410e+02 -4.059150656992438932e+00 1.681198509050298440e-01
1.629999999999967315e+02 -4.388865319374406937e+00 1.677105819098261008e-01
1.639999999999958220e+02 -4.723369159295457642e+00 1.672982342412212553e-01
1.649999999999949125e+02 -5.062821380354913359e+00 1.668826586207455276e-01
1.659999999999940030e+02 -5.407384547813741449e+00 1.664636966554366160e-01
1.669999999999930935e+02 -5.757224086087737724e+00 1.660411812943551058e-01
1.679999999999921840e+02 -6.112507671777660967e+00 1.656149374006148089e-01
1.689999999999912745e+02 -6.473404508192800222e+00 1.651847824498286488e-01
1.699999999999903650e+02 -6.840084466154616294e+00 1.647505273660896941e-01
1.709999999999894555e+02 -7.212717074834036346e+00 1.643119775065884636e-01
1.719999999999885461e+02 -7.591470345589129920e+00 1.638689338056713574e-01
1.729999999999876366e+02 -7.976509411382496140e+00 1.634211940884950365e-01
1.739999999999867271e+02 -8.367994964567637695e+00 1.629685545633317856e-01
1.749999999999858176e+02 -8.766081476892665592e+00 1.625108114999676001e-01
1.759999999999849081e+02 -9.170915187784640210e+00 1.620477630993928109e-01
1.769999999999839986e+02 -9.582631850711145205e+00 1.615792115570181264e-01
1.779999999999830891e+02 -1.000135423306777049e+01 1.611049653178659169e-01
1.789999999999821796e+02 -1.042718937303114757e+01 1.606248415174749700e-01
1.799999999999812701e+02 -1.086022560753798061e+01 1.601386685965410506e-01
1.809999999999803606e+02 -1.130052939930080136e+01 1.596462890705374338e-01
1.819999999999794511e+02 -1.174814200767173133e+01 1.591475624276871004e-01
1.829999999999785416e+02 -1.220307606805270773e+01 1.586423681197413060e-01
1.839999999999776321e+02 -1.266531216685950945e+01 1.581306086001788014e-01
1.849999999999767226e+02 -1.313479552271003215e+01 1.576122123539084596e-01
1.859999999999758131e+02 -1.361143290788169047e+01 1.570871368517337274e-01
1.869999999999749036e+02 -1.409508996496068534e+01 1.565553713522605805e-01
1.879999999999739941e+02 -1.458558908931347098e+01 1.560169394643484697e-01
1.889999999999730846e+02 -1.508270805565044093e+01 1.554719013755490875e-01
1.899999999999721751e+02 -1.558617956376018476e+01 1.549203556472991961e-01
1.909999999999712657e+02 -1.609569186229505533e+01 1.543624404770967962e-01
1.919999999999703562e+02 -1.661089057919030054e+01 1.537983343325669827e-01
1.929999999999694467e+02 -1.713138184328924041e+01 1.532282558731132560e-01
1.939999999999685372e+02 -1.765673672614182621e+01 1.526524630922454218e-01
1.949999999999676277e+02 -1.818649696954771500e+01 1.520712516376251100e-01
1.959999999999667182e+02 -1.872018189838948032e+01 1.514849522956058792e-01
1.969999999999658087e+02 -1.925729635553499719e+01 1.508939276610901381e-01
1.979999999999648992e+02 -1.979733944190265760e+01 1.502985680496661813e-01
1.989999999999639897e+02 -2.033981380508718928e+01 1.496992867445570141e-01
1.999999999999630802e+02 -2.088423519751910717e+01 1.490965147029892357e-01
2.009999999999621707e+02 -2.143014202118943601e+01 1.484906948724130094e-01
2.019999999999612612e+02 -2.197710458955156909e+01 1.478822762843337579e-01
2.029999999999603517e+02 -2.252473386542972733e+01 1.472717081009163598e-01
2.039999999999594422e+02 -2.307268947235390399e+01 1.466594337866083120e-01
2.049999999999585327e+02 -2.362068682074501069e+01 1.460458855644424514e-01
2.059999999999576232e+02 -2.416850323487316032e+01 1.454314792960409164e-01
2.069999999999567137e+02 -2.471598300724265940e+01 1.448166098979399019e-01
2.079999999999558042e+02 -2.526304134084888275e+01 1.442016473773665430e-01
2.089999999999548947e+02 -2.580966716474489431e+01 1.435869335406972092e-01
2.099999999999539853e+02 -2.635592482401277081e+01 1.429727793999004959e-01
2.109999999999530758e+02 -2.690195465220169879e+01 1.423594632781566838e-01
2.119999999999521663e+02 -2.744797243417226440e+01 1.417472295967355522e-01
2.129999999999512568e+02 -2.799426776238354719e+01 1.411362883115754308e-01
2.139999999999503473e+02 -2.854120128278039203e+01 1.405268149597045102e-01
2.149999999999494378e+02 -2.908920082070493862e+01 1.399189512719561379e-01
2.159999999999485283e+02 -2.963875637599355528e+01 1.393128063083302615e-01
2.169999999999476188e+02 -3.019041398301935786e+01 1.387084580745057416e-01
2.179999999999467093e+02 -3.074476844917926144e+01 1.381059555810480455e-01
2.189999999999457998e+02 -3.130245501704730415e+01 1.375053213094044879e-01
2.199999999999448903e+02 -3.186414004303094671e+01 1.369065540496247624e-01
2.209999999999439808e+02 -3.243051084908915271e+01 1.363096320728954813e-01
2.219999999999430713e+02 -3.300226498184636625e+01 1.357145165967846845e-01
2.229999999999421618e+02 -3.358009919942321631e+01 1.351211554923559544e-01
2.239999999999412523e+02 -3.416469859192460490e+01 1.345294871703679729e-01
2.249999999999403428e+02 -3.475672631381585376e+01 1.339394445695535063e-01
2.259999999999394333e+02 -3.535681445123769606e+01 1.333509591550447182e-01
2.269999999999385238e+02 -3.596555655061002454e+01 1.327639648214733736e-01
2.279999999999376143e+02 -3.658350228645230118e+01 1.321784015855076710e-01
2.289999999999367049e+02 -3.721115464309246335e+01 1.315942189489938963e-01
2.299999999999357954e+02 -3.784896983306853002e+01 1.310113788183075723e-01
2.309999999999348859e+02 -3.849735999040346712e+01 1.304298578790216989e-01
2.319999999999339764e+02 -3.915669848273663689e+01 1.298496493472935942e-01
2.329999999999330669e+02 -3.982732750853297432e+01 1.292707640489028920e-01
2.339999999999321574e+02 -4.050956751831598979e+01 1.286932308108697520e-01
2.349999999999312479e+02 -4.120372792734690393e+01 1.281170961853378698e-01
2.359999999999303384e+02 -4.191011842579840874e+01 1.275424235580951138e-01
2.369999999999294289e+02 -4.262906047135623311e+01 1.269692917216071748e-01
2.379999999999285194e+02 -4.336089846981129625e+01 1.263977930105202596e-01
2.389999999999276099e+02 -4.410601026784108569e+01 1.258280311077338010e-01
2.399999999999267004e+02 -4.486481670428932489e+01 1.252601186310049464e-01
2.409999999999257909e+02 -4.563779006357820833e+01 1.246941746046045796e-01
2.419999999999248814e+02 -4.642546135215071246e+01 1.241303219097307370e-01
2.429999999999239719e+02 -4.722842636828134033e+01 1.235686847932623289e-01
2.439999999999230624e+02 -4.804735055388648846e+01 1.230093864990020741e-01
2.449999999999221529e+02 -4.888297260332946337e+01 1.224525470704490443e-01
2.459999999999212434e+02 -4.973610675900037137e+01 1.218982813605819920e-01
2.469999999999203339e+02 -5.060764364689177341e+01 1.213466972729030785e-01
2.479999999999194245e+02 -5.149854939671326548e+01 1.207978942494981334e-01
2.489999999999185150e+02 -5.240986264797996341e+01 1.202519620162230407e-01
2.499999999999176055e+02 -5.334268886201024173e+01 1.197089795922577915e-01
2.509999999999166960e+02 -5.429819113453557122e+01 1.191690145710010001e-01
2.519999999999157865e+02 -5.527757642878047761e+01 1.186321226813773777e-01
2.529999999999148770e+02 -5.628207581962517025e+01 1.180983476428674600e-01
2.539999999999139675e+02 -5.731291695500948435e+01 1.175677213336794452e-01
2.549999999999130580e+02 -5.837128650925555462e+01 1.170402642991820036e-01
2.559999999999121485e+02 -5.945827994972277253e+01 1.165159866365669400e-01
2.569999999999112674e+02 -6.057483551791518295e+01 1.159948893010663701e-01
2.579999999999103579e+02 -6.172164904055111379e+01 1.154769658878194716e-01
2.589999999999094484e+02 -6.289906620532420334e+01 1.149622049499434556e-01
2.599999999999085389e+02 -6.410694951981570000e+01 1.144505929148758733e-01
2.609999999999076294e+02 -6.534451868081802672e+01 1.139421176538417818e-01
2.619999999999067199e+02 -6.661016596311424109e+01 1.134367727383670948e-01
2.629999999999058105e+02 -6.790125296633098628e+01 1.129345623771492585e-01
2.639999999999049010e+02 -6.921390199266430443e+01 1.124355069602188117e-01
2.649999999999039915e+02 -7.054280441610083585e+01 1.119396490406806138e-01
2.659999999999030820e+02 -7.188107870437561076e+01 1.114470594575599355e-01
2.669999999999021725e+02 -7.322021986474123878e+01 1.109578431556500350e-01
2.679999999999012630e+02 -7.455018587859747470e+01 1.104721441128729137e-01
2.689999999999003535e+02 -7.585966002710509315e+01 1.099901486815771379e-01
2.699999999998994440e+02 -7.713650684074133324e+01 1.095120866372644580e-01
2.709999999998985345e+02 -7.836840391537513995e+01 1.090382293520364143e-01
2.719999999998976250e+02 -7.954358897319752941e+01 1.085688847890835806e-01
2.729999999998967155e+02 -8.065162457630434290e+01 1.081043894198488453e-01
2.739999999998958060e+02 -8.168406661280056369e+01 1.076450976165286982e-01
2.749999999998948965e+02 -8.263493590904644748e+01 1.071913694583196131e-01
2.759999999998939870e+02 -8.350093241495146401e+01 1.067435581093372499e-01
2.769999999998930775e+02 -8.428138477834312425e+01 1.063019979284385852e-01
2.779999999998921680e+02 -8.497797698483857687e+01 1.058669942726492008e-01
2.789999999998912585e+02 -8.559432450880235876e+01 1.054388156273622645e-01
2.799999999998903490e+02 -8.613548062015239282e+01 1.050176883301513764e-01
2.809999999998894396e+02 -8.660744317665971437e+01 1.046037938307194937e-01
2.819999999998885301e+02 -8.701671180313081777e+01 1.041972681946513324e-01
2.829999999998876206e+02 -8.736992305473529541e+01 1.037982034259525843e-01
2.839999999998867111e+02 -8.767357242963670672e+01 1.034066501402172433e-01
2.849999999998858016e+02 -8.793381915905494850e+01 1.030226211417589882e-01
2.859999999998848921e+02 -8.815636244103343699e+01 1.026460955177335571e-01
2.869999999998839826e+02 -8.834637492226008249e+01 1.022770229383584417e-01
2.879999999998830731e+02 -8.850847924364262553e+01 1.019153279297139725e-01
2.889999999998821636e+02 -8.864675505011479117e+01 1.015609139554867757e-01
2.899999999998812541e+02 -8.876476610174324833e+01 1.012136672023458694e-01
2.909999999998803446e+02 -8.886559944372891096e+01 1.008734600095046591e-01
2.919999999998794351e+02 -8.895191069537278850e+01 1.005401539172714881e-01
2.929999999998785256e+02 -8.902597127543396027e+01 1.002136023336998305e-01
2.939999999998776161e+02 -8.908971476953720980e+01 9.989365283474072044e-02
2.949999999998767066e+02 -8.914478069408500005e+01 9.958014912340944214e-02
2.959999999998757971e+02 -8.919255467302959062e+01 9.927293267900848261e-02
2.969999999998748876e+02 -8.923420457654880522e+01 9.897184412971168910e-02
2.979999999998739781e+02 -8.927071252781864530e+01 9.867672438184986461e-02
2.989999999998730686e+02 -8.930290291144025616e+01 9.838741553782456850e-02
2.999999999998721592e+02 -8.933146665147229726e+01 9.810376163229489466e-02
3.009999999998712497e+02 -8.935698209689981297e+01 9.782560921355067107e-02
3.019999999998703402e+02 -8.937993287898430594e+01 9.755280779407618508e-02
3.029999999998694307e+02 -8.940072310374227982e+01 9.728521019142620518e-02
3.039999999998685212e+02 -8.941969022471013773e+01 9.702267277778754695e-02
3.049999999998676117e+02 -8.943711591372010616e+01 9.676505565406208487e-02
3.059999999998667022e+02 -8.945323521566990621e+01 9.651222276201014416e-02
3.069999999998657927e+02 -8.946824424048575963e+01 9.626404194594913311e-02
3.079999999998648832e+02 -8.948230661367537664e+01 9.602038497371007120e-02
3.089999999998639737e+02 -8.949555887719027680e+01 9.578112752499033655e-02
3.099999999998630642e+02 -8.950811500536602239e+01 9.554614915390061136e-02
3.109999999998621547e+02 -8.952007017668753974e+01 9.531533323135041313e-02
3.119999999998612452e+02 -8.953150392102686794e+01 9.508856687194040813e-02
3.129999999998603357e+02 -8.954248274365875204e+01 9.486574084919983940e-02
3.139999999998594262e+02 -8.955306231155695684e+01 9.464674950231447004e-02
3.149999999998585167e+02 -8.956328927393974482e+01 9.443149063690256528e-02
3.159999999998576072e+02 -8.957320277751450988e+01 9.421986542191265745e-02
3.169999999998566977e+02 -8.958283572709748910e+01 9.401177828430912209e-02
3.179999999998557882e+02 -8.959221583403044065e+01 9.380713680287595946e-02
3.189999999998548788e+02 -8.960136648785949376e+01 9.360585160219303535e-02
3.199999999998539693e+02 -8.961030748089301312e+01 9.340783624760899684e-02
3.209999999998530598e+02 -8.961905561034967604e+01 9.321300714184720115e-02
3.219999999998521503e+02 -8.962762517869812484e+01 9.302128342373139347e-02
3.229999999998512408e+02 -8.963602840935259053e+01 9.283258686938773707e-02
3.239999999998503313e+02 -8.964427579201540652e+01 9.264684179618497273e-02
3.249999999998494218e+02 -8.965237636956122458e+01 9.246397496958705386e-02
3.259999999998485123e+02 -8.966033797635753899e+01 9.228391551303223583e-02
3.269999999998476028e+02 -8.966816743624912078e+01 9.210659482089801620e-02
3.279999999998466933e+02 -8.967587072704638729e+01 9.193194647457007818e-02
3.289999999998457838e+02 -8.968345311720209168e+01 9.175990616160394076e-02
3.299999999998448743e+02 -8.969091927939820152e+01 9.159041159793830655e-02
3.309999999998439648e+02 -8.969827338496666869e+01 9.142340245310570657e-02
3.319999999998430553e+02 -8.970551918240074940e+01 9.125882027836761112e-02
3.329999999998421458e+02 -8.971266006266220927e+01 9.109660843769284977e-02
3.339999999998412363e+02 -8.971969911352880445e+01 9.093671204149103571e-02
3.349999999998403268e+02 -8.972663916484684421e+01 9.077907788300697278e-02
3.359999999998394173e+02 -8.973348282623530281e+01 9.062365437728009399e-02
3.369999999998385078e+02 -8.974023251852364069e+01 9.047039150257267515e-02
3.379999999998375984e+02 -8.974689049998974610e+01 9.031924074416837478e-02
3.389999999998366889e+02 -8.975345888828043428e+01 9.017015504044580132e-02
3.399999999998357794e+02 -8.975993967874785540e+01 9.002308873113286369e-02
3.409999999998348699e+02 -8.976633475980943899e+01 8.987799750764884077e-02
3.419999999998339604e+02 -8.977264592583537706e+01 8.973483836544657311e-02
3.429999999998330509e+02 -8.977887488798273807e+01 8.959356955826650037e-02
3.439999999998321414e+02 -8.978502328332191951e+01 8.945415055421959694e-02
3.449999999998312319e+02 -8.979109268254369169e+01 8.931654199362054625e-02
3.459999999998303224e+02 -8.979708459648567498e+01 8.918070564849180093e-02
3.469999999998294129e+02 -8.980300048167558202e+01 8.904660438366672481e-02
3.479999999998285034e+02 -8.980884174505592910e+01 8.891420211942091534e-02
3.489999999998275939e+02 -8.981460974802598685e+01 8.878346379556385781e-02
3.499999999998266844e+02 -8.982030580991390423e+01 8.865435533692717085e-02
3.509999999998257749e+02 -8.982593121097337985e+01 8.852684362018865827e-02
3.519999999998248654e+02 -8.983148719498177570e+01 8.840089644197272889e-02
3.529999999998239559e+02 -8.983697497150541267e+01 8.827648248817260290e-02
3.539999999998230464e+02 -8.984239571788415901e+01 8.815357130444058387e-02
3.549999999998221369e+02 -8.984775058098148293e+01 8.803213326779657510e-02
3.559999999998212274e+02 -8.985304067873565259e+01 8.791213955930664292e-02
3.569999999998203180e+02 -8.985826710154417185e+01 8.779356213778581608e-02
3.579999999998194085e+02 -8.986343091350549628e+01 8.767637371448136485e-02
3.589999999998184990e+02 -8.986853315354102278e+01 8.756054772869609204e-02
3.599999999998175895e+02 -8.987357483641386580e+01 8.744605832431098791e-02
3.609999999998166800e+02 -8.987855695365969666e+01 8.733288032717050065e-02
3.619999999998157705e+02 -8.988348047444218025e+01 8.722098922329454829e-02
3.629999999998148610e+02 -8.988834634634294218e+01 8.711036113788248048e-02
3.639999999998139515e+02 -8.989315549609561629e+01 8.700097281507755687e-02
3.649999999998130420e+02 -8.989790883026938673e+01 8.689280159846014817e-02
3.659999999998121325e+02 -8.990260723591079284e+01 8.678582541224047486e-02
3.669999999998112230e+02 -8.990725158114594251e+01 8.668002274312237854e-02
3.679999999998103135e+02 -8.991184271575043851e+01 8.657537262281175816e-02
3.689999999998094040e+02 -8.991638147168781359e+01 8.647185461114367810e-02
3.699999999998084945e+02 -8.992086866362230069e+01 8.636944877980347324e-02
3.709999999998075850e+02 -8.992530508940615164e+01 8.626813569661886949e-02
3.719999999998066755e+02 -8.992969153054582421e+01 8.616789641040056846e-02
3.729999999998057660e+02 -8.993402875264713714e+01 8.606871243630961898e-02
3.739999999998048565e+02 -8.993831750584293161e+01 8.597056574173200794e-02
3.749999999998039470e+02 -8.994255852520272754e+01 8.587343873263957039e-02
3.759999999998030376e+02 -8.994675253112758639e+01 8.577731424042039921e-02
3.769999999998021281e+02 -8.995090022972935628e+01 8.568217550915861735e-02
3.779999999998012186e+02 -8.995500231319722673e+01 8.558800618334895527e-02
3.789999999998003091e+02 -8.995905946015025734e+01 8.549479029602718994e-02
3.799999999997993996e+02 -8.996307233597907782e+01 8.540251225730279006e-02
3.809999999997984901e+02 -8.996704159317509664e+01 8.531115684327765514e-02
3.819999999997975806e+02 -8.997096787164973364e+01 8.522070918533675155e-02
3.829999999997966711e+02 -8.997485179904255403e+01 8.513115475979711466e-02
3.839999999997957616e+02 -8.997869399102054899e+01 8.504247937790175571e-02
3.849999999997948521e+02 -8.998249505156741179e+01 8.495466917614585833e-02
3.859999999997939426e+02 -8.998625557326393221e+01 8.486771060692267776e-02
3.869999999997930331e+02 -8.998997613756083069e+01 8.478159042947860935e-02
3.879999999997921236e+02 -8.999365731504175869e+01 8.469629570116457562e-02
3.889999999997912141e+02 -8.999729966568011719e+01 8.461181376897473905e-02
3.899999999997903046e+02 -9.000090373908744823e+01 8.452813226136035585e-02
3.909999999997893951e+02 -9.000447007475459316e+01 8.444523908031080495e-02
3.919999999997884856e+02 -9.000799920228648432e+01 8.436312239369064825e-02
3.929999999997875761e+02 -9.001149164162950456e+01 8.428177062782431228e-02
3.939999999997866666e+02 -9.001494790329313389e+01 8.420117246031964819e-02
3.949999999997857572e+02 -9.001836848856463291e+01 8.412131681312150222e-02
3.959999999997848477e+02 -9.002175388971828340e+01 8.404219284578717808e-02
3.969999999997839382e+02 -9.002510459021857514e+01 8.396378994897768511e-02
3.979999999997830287e+02 -9.002842106491769414e+01 8.388609773815357273e-02
3.989999999997821192e+02 -9.003170378024803711e+01 8.380910604747174308e-02
3.999999999997812097e+02 -9.003495319440879996e+01 8.373280492387458196e-02
4.009999999997803002e+02 -9.003816975754811835e+01 8.365718462136481626e-02
4.019999999997793907e+02 -9.004135391194019178e+01 8.358223559546029691e-02
4.029999999997784812e+02 -9.004450609215719226e+01 8.350794849782110230e-02
4.039999999997775717e+02 -9.004762672523743561e+01 8.343431417104540948e-02
4.049999999997766622e+02 -9.005071623084810994e+01 8.336132364362520974e-02
4.059999999997757527e+02 -9.005377502144452251e+01 8.328896812505959257e-02
4.069999999997748432e+02 -9.005680350242491272e+01 8.321723900111774319e-02
4.079999999997739337e+02 -9.005980207228120094e+01 8.314612782924783729e-02
4.089999999997730242e+02 -9.006277112274558760e+01 8.307562633412671205e-02
4.099999999997721147e+02 -9.006571103893396923e+01 8.300572640334510921e-02
4.109999999997712052e+02 -9.006862219948502002e+01 8.293642008322439640e-02
4.119999999997702957e+02 -9.007150497669601918e+01 8.286769957476007586e-02
4.129999999997693862e+02 -9.007435973665549511e+01 8.279955722968782017e-02
4.139999999997684768e+02 -9.007718683937198989e+01 8.273198554666814919e-02
4.149999999997675673e+02 -9.007998663889985380e+01 8.266497716758548775e-02
4.159999999997666578e+02 -9.008275948346187079e+01 8.259852487395812071e-02
4.169999999997657483e+02 -9.008550571556901332e+01 8.253262158345495147e-02
4.179999999997648388e+02 -9.008822567213660193e+01 8.246726034651584436e-02
4.189999999997639293e+02 -9.009091968459846100e+01 8.240243434307226167e-02
4.199999999997630198e+02 -9.009358807901745081e+01 8.233813687936381021e-02
4.209999999997621103e+02 -9.009623117619399579e+01 8.227436138484987838e-02
4.219999999997612008e+02 -9.009884929177148649e+01 8.221110140921027154e-02
4.229999999997602913e+02 -9.010144273633906664e+01 8.214835061943408234e-02
4.239999999997593818e+02 -9.010401181553257288e+01 8.208610279699343759e-02
4.249999999997584723e+02 -9.010655683013223438e+01 8.202435183509873551e-02
4.259999999997575628e+02 -9.010907807615855347e+01 8.196309173603322229e-02
4.269999999997566533e+02 -9.011157584496602624e+01 8.190231660856446549e-02
4.279999999997557438e+02 -9.011405042333385040e+01 8.184202066543024012e-02
4.289999999997548343e+02 -9.011650209355535424e+01 8.178219822089545510e-02
4.299999999997539248e+02 -9.011893113352506646e+01 8.172284368837944013e-02
4.309999999997530153e+02 -9.012133781682328504e+01 8.166395157815008188e-02
4.319999999997521059e+02 -9.012372241279959439e+01 8.160551649508310246e-02
4.329999999997511964e+02 -9.012608518665354040e+01 8.154753313648456514e-02
4.339999999997502869e+02 -9.012842639951355750e+01 8.148999628997441458e-02
4.349999999997493774e+02 -9.013074630851507152e+01 8.143290083142892821e-02
4.359999999997484679e+02 -9.013304516687529144e+01 8.137624172298064951e-02
4.369999999997475584e+02 -9.013532322396761742e+01 8.132001401107352700e-02
4.379999999997466489e+02 -9.013758072539359034e+01 8.126421282457195472e-02
4.389999999997457394e+02 -9.013981791305333502e+01 8.120883337292179871e-02
4.399999999997448299e+02 -9.014203502521466760e+01 8.115387094436152249e-02
4.409999999997439204e+02 -9.014423229658049763e+01 8.109932090418255080e-02
4.419999999997430109e+02 -9.014640995835461013e+01 8.104517869303648481e-02
4.429999999997421014e+02 -9.014856823830614019e+01 8.099143982528825281e-02
4.439999999997411919e+02 -9.015070736083265501e+01 8.093809988741407224e-02
4.449999999997402824e+02 -9.015282754702160162e+01 8.088515453644164188e-02
4.459999999997393729e+02 -9.015492901471070297e+01 8.083259949843268899e-02
4.469999999997384634e+02 -9.015701197854701832e+01 8.078043056700562330e-02
4.479999999997375539e+02 -9.015907665004401395e+01 8.072864360189760391e-02
4.489999999997366444e+02 -9.016112323763852032e+01 8.067723452756404845e-02
4.499999999997357349e+02 -9.016315194674601230e+01 8.062619933181600085e-02
4.509999999997348255e+02 -9.016516297981381456e+01 8.057553406449155520e-02
4.519999999997339160e+02 -9.016715653637488970e+01 8.052523483616390310e-02
4.529999999997330065e+02 -9.016913281309885519e+01 8.047529781688113337e-02
4.539999999997320970e+02 -9.017109200384280143e+01 8.042571923493979646e-02
4.549999999997311875e+02 -9.017303429970081652e+01 8.037649537568963831e-02
4.559999999997302780e+02 -9.017495988905243109e+01 8.032762258036889313e-02
4.569999999997293685e+02 -9.017686895761018206e+01 8.027909724496927468e-02
4.579999999997284590e+02 -9.017876168846581209e+01 8.023091581913029124e-02
4.589999999997275495e+02 -9.018063826213594325e+01 8.018307480506077500e-02
4.599999999997266400e+02 -9.018249885660667076e+01 8.013557075648818084e-02
4.609999999997257305e+02 -9.018434364737699127e+01 8.008840027763408642e-02
4.619999999997248210e+02 -9.018617280750167708e+01 8.004156002221519961e-02
4.629999999997239115e+02 -9.018798650763297076e+01 7.999504669246916555e-02
4.639999999997230020e+02 -9.018978491606166870e+01 7.994885703820453493e-02
4.649999999997220925e+02 -9.019156819875725262e+01 7.990298785587431063e-02
4.659999999997211830e+02 -9.019333651940708307e+01 7.985743598767200413e-02
4.669999999997202735e+02 -9.019509003945498193e+01 7.981219832064984088e-02
4.679999999997193640e+02 -9.019682891813906167e+01 7.976727178585824030e-02
4.689999999997184545e+02 -9.019855331252875885e+01 7.972265335750648718e-02
4.699999999997175451e+02 -9.020026337756064549e+01 7.967834005214320670e-02
4.709999999997166356e+02 -9.020195926607448200e+01 7.963432892785697603e-02
4.719999999997157261e+02 -9.020364112884777796e+01 7.959061708349536579e-02
4.729999999997148166e+02 -9.020530911462995505e+01 7.954720165790325759e-02
4.739999999997139071e+02 -9.020696337017541566e+01 7.950407982917857830e-02
4.749999999997129976e+02 -9.020860404027715163e+01 7.946124881394585338e-02
4.759999999997120881e+02 -9.021023126779812173e+01 7.941870586664681597e-02
4.769999999997111786e+02 -9.021184519370302723e+01 7.937644827884761389e-02
4.779999999997102691e+02 -9.021344595708933412e+01 7.933447337856162906e-02
4.789999999997093596e+02 -9.021503369521722959e+01 7.929277852958868666e-02
4.799999999997084501e+02 -9.021660854353974912e+01 7.925136113086864165e-02
4.809999999997075406e+02 -9.021817063573142548e+01 7.921021861585061941e-02
4.819999999997066311e+02 -9.021972010371736417e+01 7.916934845187602321e-02
4.829999999997057216e+02 -9.022125707770081249e+01 7.912874813957572473e-02
4.839999999997048121e+02 -9.022278168619105543e+01 7.908841521228109073e-02
4.849999999997039026e+02 -9.022429405602998997e+01 7.904834723544762465e-02
4.859999999997029931e+02 -9.022579431241896941e+01 7.900854180609240274e-02
4.869999999997020836e+02 -9.022728257894429760e+01 7.896899655224323689e-02
4.879999999997011741e+02 -9.022875897760302166e+01 7.892970913240043851e-02
4.889999999997002647e+02 -9.023022362882799996e+01 7.889067723501023977e-02
4.899999999996993552e+02 -9.023167665151188999e+01 7.885189857795024682e-02
4.909999999996984457e+02 -9.023311816303181843e+01 7.881337090802567613e-02
4.919999999996975362e+02 -9.023454827927257327e+01 7.877509200047644322e-02
4.929999999996966267e+02 -9.023596711464999487e+01 7.873705965849549238e-02
4.939999999996957172e+02 -9.023737478213352858e+01 7.869927171275706290e-02
4.949999999996948077e+02 -9.023877139326889107e+01 7.866172602095497512e-02
4.959999999996938982e+02 -9.024015705819954292e+01 7.862442046735154677e-02
4.969999999996929887e+02 -9.024153188568841699e+01 7.858735296233494705e-02
4.979999999996920792e+02 -9.024289598313899319e+01 7.855052144198676478e-02
4.989999999996911697e+02 -9.024424945661614572e+01 7.851392386765863873e-02
4.999999999996902602e+02 -9.024559241086626571e+01 7.847755822555699257e-02
5.000000000000000000e+02 -9.024559241086667782e+01 7.847755822554576544e-02
