1.000000000000000666e+00 -7.217004138497809151e+01 7.359457688506947093e-02
2.000000000000001332e+00 -6.327733266899824827e+01 7.362421182316926382e-02
2.999999999999980016e+00 -6.992421282198595378e+00 7.372563967836352761e-02
3.999999999999958700e+00 3.630571807859352162e+01 7.885637322851948849e-02
4.999999999999937828e+00 3.023541428428685407e+01 9.224134480486982646e-02
5.999999999999916511e+00 2.566062606565201420e+01 1.107240514999547343e-01
6.999999999999895195e+00 2.288438159830809226e+01 1.303745329076463344e-01
7.999999999999873879e+00 2.144187935656011135e+01 1.479787623144436237e-01
8.999999999999852562e+00 2.085300290129272938e+01 1.619705570285752683e-01
9.999999999999831246e+00 2.076943279361867667e+01 1.721999918930800233e-01
1.099999999999980993e+01 2.096603361506136309e+01 1.792686728859763379e-01
1.199999999999978861e+01 2.130488056897594618e+01 1.839937779100001281e-01
1.299999999999976730e+01 2.170410544983040069e+01 1.871253674254698962e-01
1.399999999999974598e+01 2.211616238829621750e+01 1.892463732345010252e-01
1.499999999999972466e+01 2.251375718625015310e+01 1.907660435941863075e-01
1.599999999999970335e+01 2.288104507255776809e+01 1.919495022295149567e-01
1.699999999999985789e+01 2.320821629029716604e+01 1.929550329424790933e-01
1.800000000000001421e+01 2.348815177234489937e+01 1.938674601081081805e-01
1.900000000000017053e+01 2.371425672155004349e+01 1.947239690087697872e-01
2.000000000000032685e+01 2.387888302806294050e+01 1.955320513895227597e-01
2.100000000000048317e+01 2.397200551525533641e+01 1.962805960822524565e-01
2.200000000000063949e+01 2.398021225288174918e+01 1.969460069638334088e-01
2.300000000000079581e+01 2.388712882140647409e+01 1.974967823872428863e-01
2.400000000000095213e+01 2.367891611496490967e+01 1.979024792944095168e-01
2.500000000000110845e+01 2.335966822461220360e+01 1.981510209700672320e-01
2.600000000000126477e+01 2.296678048128906369e+01 1.982617184075262107e-01
2.700000000000142109e+01 2.255576375132065792e+01 1.982733203898791874e-01
2.800000000000157740e+01 2.216548745907522289e+01 1.982214880004408986e-01
2.900000000000173372e+01 2.180915988701407571e+01 1.981310237409846520e-01
3.000000000000189004e+01 2.148624760879399531e+01 1.980183330780325157e-01
3.100000000000204636e+01 2.119259153900744863e+01 1.978943688801474976e-01
3.200000000000220268e+01 2.092429708342703876e+01 1.977663330306095313e-01
3.300000000000200373e+01 2.067842405026172869e+01 1.976387585632013444e-01
3.400000000000180478e+01 2.045272004218491801e+01 1.975143151622205107e-01
3.500000000000160583e+01 2.024527525311155784e+01 1.973944143469106294e-01
3.600000000000140687e+01 2.005431583399402129e+01 1.972796421936767741e-01
3.700000000000120792e+01 1.987812600915911432e+01 1.971700568692962841e-01
3.800000000000100897e+01 1.971504305588826611e+01 1.970653901724208901e-01
3.900000000000081002e+01 1.956348044729953628e+01 1.969651839590323972e-01
4.000000000000061107e+01 1.942195427075779790e+01 1.968688823795675669e-01
4.100000000000041211e+01 1.928910250879525279e+01 1.967758934647959312e-01
4.200000000000021316e+01 1.916369475735766059e+01 1.966856290290073250e-01
4.300000000000001421e+01 1.904463350669060517e+01 1.965975291599258434e-01
4.399999999999981526e+01 1.893094923242935934e+01 1.965110758782267208e-01
4.499999999999961631e+01 1.882179154282928479e+01 1.964257993795890667e-01
4.599999999999941735e+01 1.871641821023909813e+01 1.963412793885453422e-01
4.699999999999921840e+01 1.861418341733680037e+01 1.962571434617189636e-01
4.799999999999901945e+01 1.851452610806384058e+01 1.961730635381996046e-01
4.899999999999882050e+01 1.841695898965221545e+01 1.960887516227854954e-01
4.999999999999862155e+01 1.832105848397744552e+01 1.960039551825544513e-01
5.099999999999842260e+01 1.822645575728114764e+01 1.959184526181238228e-01
5.199999999999822364e+01 1.813282884805278883e+01 1.958320490187193674e-01
5.299999999999802469e+01 1.803989584663404244e+01 1.957445723079162259e-01
5.399999999999782574e+01 1.794740904349117017e+01 1.956558698208108182e-01
5.499999999999762679e+01 1.785514994609659922e+01 1.955658053125904350e-01
5.599999999999742784e+01 1.776292505982835124e+01 1.954742563749279072e-01
5.699999999999722888e+01 1.767056233129988385e+01 1.953811122244523135e-01
5.799999999999702993e+01 1.757790815975265630e+01 1.952862718226401895e-01
5.899999999999683098e+01 1.748482489141406049e+01 1.951896422859818736e-01
5.999999999999663203e+01 1.739118872167157903e+01 1.950911375473480813e-01
6.099999999999643308e+01 1.729688793971511274e+01 1.949906772328640348e-01
6.199999999999623412e+01 1.720182145948261976e+01 1.948881857225316649e-01
6.299999999999603517e+01 1.710589758907386226e+01 1.947835913668520824e-01
6.399999999999583622e+01 1.700903299818613235e+01 1.946768258355227599e-01
6.499999999999634781e+01 1.691115184957224926e+01 1.945678235777803522e-01
6.599999999999685940e+01 1.681218506607884322e+01 1.944565213770726719e-01
6.699999999999737099e+01 1.671206970956715310e+01 1.943428579854575566e-01
6.799999999999788258e+01 1.661074845204071693e+01 1.942267738254664089e-01
6.899999999999839417e+01 1.650816912269162628e+01 1.941082107491676201e-01
6.999999999999890576e+01 1.640428431741688087e+01 1.939871118458484089e-01
7.099999999999941735e+01 1.629905105972733992e+01 1.938634212911560240e-01
7.199999999999992895e+01 1.619243050394359429e+01 1.937370842317273634e-01
7.300000000000044054e+01 1.608438767320905072e+01 1.936080467003274408e-01
7.400000000000095213e+01 1.597489122620277335e+01 1.934762555573402154e-01
7.500000000000146372e+01 1.586391324755038035e+01 1.933416584551422845e-01
7.600000000000197531e+01 1.575142905785000558e+01 1.932042038224554281e-01
7.700000000000248690e+01 1.563741703998379329e+01 1.930638408662365690e-01
7.800000000000299849e+01 1.552185847900342885e+01 1.929205195890575097e-01
7.900000000000351008e+01 1.540473741338323421e+01 1.927741908202313947e-01
8.000000000000402167e+01 1.528604049584591706e+01 1.926248062592109678e-01
8.100000000000453326e+01 1.516575686230174824e+01 1.924723185299861694e-01
8.200000000000504485e+01 1.504387800771362116e+01 1.923166812453826480e-01
8.300000000000555644e+01 1.492039766792129996e+01 1.921578490802945682e-01
8.400000000000606803e+01 1.479531170663618056e+01 1.919957778529988723e-01
8.500000000000657963e+01 1.466861800696155349e+01 1.918304246137751690e-01
8.600000000000709122e+01 1.454031636690893237e+01 1.916617477401257597e-01
8.700000000000760281e+01 1.441040839847384092e+01 1.914897070379339705e-01
8.800000000000811440e+01 1.427889742990894106e+01 1.913142638479356228e-01
8.900000000000862599e+01 1.414578841089161365e+01 1.911353811568997918e-01
9.000000000000913758e+01 1.401108782033118771e+01 1.909530237129263286e-01
9.100000000000964917e+01 1.387480357659891084e+01 1.907671581442753339e-01
9.200000000001016076e+01 1.373694494999467608e+01 1.905777530811397502e-01
9.300000000001067235e+01 1.359752247728913765e+01 1.903847792797653260e-01
9.400000000001118394e+01 1.345654787820021525e+01 1.901882097483116596e-01
9.500000000001169553e+01 1.331403397367943775e+01 1.899880198738364834e-01
9.600000000001220712e+01 1.316999460589772220e+01 1.897841875497620623e-01
9.700000000001271871e+01 1.302444455983162008e+01 1.895766933031725887e-01
9.800000000001323031e+01 1.287739948636171761e+01 1.893655204212703058e-01
9.900000000001374190e+01 1.272887582680385066e+01 1.891506550762971084e-01
1.000000000000142535e+02 1.257889073880195774e+01 1.889320864482173512e-01
1.010000000000147651e+02 1.242746202351924190e+01 1.887098068444364174e-01
1.020000000000152767e+02 1.227460805407153899e+01 1.884838118158180253e-01
1.030000000000157883e+02 1.212034770515352733e+01 1.882541002682547593e-01
1.040000000000162999e+02 1.196470028381511774e+01 1.880206745690343462e-01
1.050000000000168114e+02 1.180768546135199237e+01 1.877835406472401492e-01
1.060000000000173230e+02 1.164932320627990414e+01 1.875427080874302321e-01
1.070000000000178346e+02 1.148963371836892122e+01 1.872981902158336043e-01
1.080000000000183462e+02 1.132863736371909269e+01 1.870500041783216549e-01
1.090000000000188578e+02 1.116635461086436720e+01 1.867981710094169245e-01
1.100000000000193694e+02 1.100280596789720811e+01 1.865427156916298068e-01
1.110000000000198810e+02 1.083801192061025986e+01 1.862836672044287378e-01
1.120000000000203926e+02 1.067199287165629684e+01 1.860210585621899504e-01
1.130000000000209042e+02 1.050476908073119908e+01 1.857549268405001008e-01
1.140000000000214158e+02 1.033636060578806060e+01 1.854853131902306218e-01
1.150000000000219273e+02 1.016678724529299771e+01 1.852122628388481740e-01
1.160000000000224389e+02 9.996068481535749228e+00 1.849358250784795266e-01
1.170000000000229505e+02 9.824223425009174449e+00 1.846560532403020982e-01
1.180000000000234621e+02 9.651270759872943472e+00 1.843730046548991697e-01
1.190000000000239737e+02 9.477228690516660947e+00 1.840867405982784533e-01
1.200000000000244853e+02 9.302114889237298456e+00 1.837973262233309202e-01
1.210000000000249969e+02 9.125946445044565536e+00 1.835048304765707905e-01
1.220000000000255085e+02 8.948739813606138682e+00 1.832093260000838275e-01
1.230000000000260201e+02 8.770510768342225205e+00 1.829108890186827985e-01
1.240000000000265317e+02 8.591274352675823067e+00 1.826095992123543399e-01
1.250000000000270433e+02 8.411044833441605917e+00 1.823055395741583484e-01
1.260000000000275548e+02 8.229835655452092169e+00 1.819987962538280046e-01
1.270000000000280664e+02 8.047659397215262800e+00 1.816894583873953362e-01
1.280000000000285638e+02 7.864527727792670397e+00 1.813776179132483846e-01
1.290000000000276543e+02 7.680451364782075352e+00 1.810633693751070861e-01
1.300000000000267448e+02 7.495440033401269631e+00 1.807468097124735329e-01
1.310000000000258353e+02 7.309502426647609852e+00 1.804280380391915795e-01
1.320000000000249258e+02 7.122646166496604536e+00 1.801071554108139849e-01
1.330000000000240163e+02 6.934877766100359331e+00 1.797842645815373730e-01
1.340000000000231068e+02 6.746202592938796094e+00 1.794594697515254356e-01
1.350000000000221974e+02 6.556624832870438624e+00 1.791328763054909623e-01
1.360000000000212879e+02 6.366147455023322799e+00 1.788045905434519078e-01
1.370000000000203784e+02 6.174772177460305933e+00 1.784747194046147900e-01
1.380000000000194689e+02 5.982499433547077139e+00 1.781433701853706031e-01
1.390000000000185594e+02 5.789328338945447072e+00 1.778106502524099131e-01
1.400000000000176499e+02 5.595256659148888367e+00 1.774766667519821761e-01
1.410000000000167404e+02 5.400280777472197258e+00 1.771415263163287901e-01
1.420000000000158309e+02 5.204395663402459959e+00 1.768053347683229692e-01
1.430000000000149214e+02 5.007594841213973247e+00 1.764681968253406230e-01
1.440000000000140119e+02 4.809870358746071162e+00 1.761302158033696830e-01
1.450000000000131024e+02 4.611212756239393862e+00 1.757914933223463649e-01
1.460000000000121929e+02 4.411611035123319979e+00 1.754521290136759337e-01
1.470000000000112834e+02 4.211052626645045649e+00 1.751122202308586229e-01
1.480000000000103739e+02 4.009523360229406030e+00 1.747718617641015326e-01
1.490000000000094644e+02 3.807007431457284152e+00 1.744311455597492289e-01
1.500000000000085549e+02 3.603487369550710806e+00 1.740901604453126972e-01
1.510000000000076454e+02 3.398944004252887563e+00 1.737489918608196293e-01
1.520000000000067359e+02 3.193356431993114253e+00 1.734077215971517039e-01
1.530000000000058265e+02 2.986701981228615743e+00 1.730664275419656062e-01
1.540000000000049170e+02 2.778956176858477178e+00 1.727251834337354131e-01
1.550000000000040075e+02 2.570092703609091256e+00 1.723840586243826356e-01
1.560000000000030980e+02 2.360083368295680994e+00 1.720431178508946835e-01
1.570000000000021885e+02 2.148898060870815030e+00 1.717024210162662323e-01
1.580000000000012790e+02 1.936504714178510556e+00 1.713620229800302541e-01
1.590000000000003695e+02 1.722869262341425456e+00 1.710219733585810753e-01
1.599999999999994600e+02 1.507955597719148333e+00 1.706823163354324047e-01
1.609999999999985505e+02 1.291725526387778489e+00 1.703430904814932367e-01
1.619999999999976410e+02 1.074138722104905019e+00 1.700043285853898578e-01
1.629999999999967315e+02 8.551526787400695051e-01 1.696660574938149146e-01
1.639999999999958220e+02 6.347226611691236808e-01 1.693282979618393469e-01
1.649999999999949125e+02 4.128016546515355101e-01 1.689910645130895950e-01
1.659999999999940030e+02 1.893403127332784763e-01 1.686543653096564954e-01
1.669999999999930935e+02 -3.571309625537794769e-02 1.683182020315884819e-01
1.679999999999921840e+02 -2.624127440081824858e-01 1.679825697658016703e-01
1.689999999999912745e+02 -4.908152982230403194e-01 1.676474569042421536e-01
1.699999999999903650e+02 -7.209799795837421588e-01 1.673128450511363052e-01
1.709999999999894555e+02 -9.529686195276012572e-01 1.669787089391882029e-01
1.719999999999885461e+02 -1.186845718536448713e+00 1.666450163546083496e-01
1.729999999999876366e+02 -1.422678504633646090e+00 1.663117280709003332e-01
1.739999999999867271e+02 -1.660536991709005594e+00 1.659787977913876889e-01
1.749999999999858176e+02 -1.900494037225560096e+00 1.656461721005300092e-01
1.759999999999849081e+02 -2.142625398786117685e+00 1.653137904241585854e-01
1.769999999999839986e+02 -2.387009788952827893e+00 1.649815849988650607e-01
1.779999999999830891e+02 -2.633728927619012783e+00 1.646494808508805197e-01
1.789999999999821796e+02 -2.882867591127816542e+00 1.643173957849224653e-01
1.799999999999812701e+02 -3.134513657216898341e+00 1.639852403836270511e-01
1.809999999999803606e+02 -3.388758144740809719e+00 1.636529180183482202e-01
1.819999999999794511e+02 -3.645695246982853632e+00 1.633203248722920331e-01
1.829999999999785416e+02 -3.905422357214939133e+00 1.629873499771476719e-01
1.839999999999776321e+02 -4.168040084997517880e+00 1.626538752645960706e-01
1.849999999999767226e+02 -4.433652261531448424e+00 1.623197756343124076e-01
1.859999999999758131e+02 -4.702365932180275543e+00 1.619849190403260253e-01
1.869999999999749036e+02 -4.974291334076003324e+00 1.616491665978672110e-01
1.879999999999739941e+02 -5.249541856505057780e+00 1.613123727131083041e-01
1.889999999999730846e+02 -5.528233981547674425e+00 1.609743852384929175e-01
1.899999999999721751e+02 -5.810487202217340830e+00 1.606350456566398577e-01
1.909999999999712657e+02 -6.096423915120031012e+00 1.602941892961051995e-01
1.919999999999703562e+02 -6.386169284441782779e+00 1.599516455825700512e-01
1.929999999999694467e+02 -6.679851073879485845e+00 1.596072383293025976e-01
1.939999999999685372e+02 -6.977599442975161104e+00 1.592607860709905898e-01
1.949999999999676277e+02 -7.279546704214795660e+00 1.589121024452601616e-01
1.959999999999667182e+02 -7.585827037234102121e+00 1.585609966263641923e-01
1.969999999999658087e+02 -7.896576156566340821e+00 1.582072738156207470e-01
1.979999999999648992e+02 -8.211930929609069452e+00 1.578507357931989430e-01
1.989999999999639897e+02 -8.532028941923991638e+00 1.574911815357448730e-01
1.999999999999630802e+02 -8.857008007670819083e+00 1.571284079041077031e-01
2.009999999999621707e+02 -9.187005623976109092e+00 1.567622104050132303e-01
2.019999999999612612e+02 -9.522158369421882540e+00 1.563923840299211165e-01
2.029999999999603517e+02 -9.862601248684217836e+00 1.560187241734451169e-01
2.039999999999594422e+02 -1.020846698773709704e+01 1.556410276325746467e-01
2.049999999999585327e+02 -1.055988528703952944e+01 1.552590936864745585e-01
2.059999999999576232e+02 -1.091698204380605297e+01 1.548727252548024180e-01
2.069999999999567137e+02 -1.127987855886456181e+01 1.544817301302539303e-01
2.079999999999558042e+02 -1.164869074873107024e+01 1.540859222783736715e-01
2.089999999999548947e+02 -1.202352838932376144e+01 1.536851231945466911e-01
2.099999999999539853e+02 -1.240449442406194436e+01 1.532791633045169077e-01
2.109999999999530758e+02 -1.279168437571615335e+01 1.528678833907859691e-01
2.119999999999521663e+02 -1.318518590793291878e+01 1.524511360228919254e-01
2.129999999999512568e+02 -1.358507858835672621e+01 1.520287869649732948e-01
2.139999999999503473e+02 -1.399143391007080872e+01 1.516007165293507541e-01
2.149999999999494378e+02 -1.440431563089756217e+01 1.511668208403215696e-01
2.159999999999485283e+02 -1.482378049004940479e+01 1.507270129682972415e-01
2.169999999999476188e+02 -1.524987935775521564e+01 1.502812238911451770e-01
2.179999999999467093e+02 -1.568265886487035665e+01 1.498294032375884766e-01
2.189999999999457998e+02 -1.612216354530071527e+01 1.493715197672234318e-01
2.199999999999448903e+02 -1.656843850375129534e+01 1.489075615436336875e-01
2.209999999999439808e+02 -1.702153259464068924e+01 1.484375357616780355e-01
2.219999999999430713e+02 -1.748150206528636730e+01 1.479614681976799406e-01
2.229999999999421618e+02 -1.794841457855360289e+01 1.474794022622421263e-01
2.239999999999412523e+02 -1.842235348865816036e+01 1.469913976497699837e-01
2.249999999999403428e+02 -1.890342220104414750e+01 1.464975285963685259e-01
2.259999999999394333e+02 -1.939174840629338803e+01 1.459978817780633320e-01
2.269999999999385238e+02 -1.988748794262829023e+01 1.454925539035111792e-01
2.279999999999376143e+02 -2.039082801610841500e+01 1.449816490783434886e-01
2.289999999999367049e+02 -2.090198949686681118e+01 1.444652760406023584e-01
2.299999999999357954e+02 -2.142122801859925474e+01 1.439435453866538261e-01
2.309999999999348859e+02 -2.194883364161980310e+01 1.434165669226101503e-01
2.319999999999339764e+02 -2.248512890081573445e+01 1.428844472856637959e-01
2.329999999999330669e+02 -2.303046515065114974e+01 1.423472879809357383e-01
2.339999999999321574e+02 -2.358521723893969479e+01 1.418051839707670236e-01
2.349999999999312479e+02 -2.414977668428419832e+01 1.412582229336625250e-01
2.359999999999303384e+02 -2.472454368856769946e+01 1.407064852788791620e-01
2.369999999999294289e+02 -2.530991847004500173e+01 1.401500449605587451e-01
2.379999999999285194e+02 -2.590629253350089911e+01 1.395889710842949105e-01
2.389999999999276099e+02 -2.651404058026443167e+01 1.390233302425715189e-01
2.399999999999267004e+02 -2.713351378013201654e+01 1.384531894585416811e-01
2.409999999999257909e+02 -2.776503506775921437e+01 1.378786195661856340e-01
2.419999999999248814e+02 -2.840889698495796623e+01 1.372996988154179254e-01
2.429999999999239719e+02 -2.906536238109303127e+01 1.367165164689597423e-01
2.439999999999230624e+02 -2.973466803305913686e+01 1.361291761576950421e-01
2.449999999999221529e+02 -3.041703099007466804e+01 1.355377987838392306e-01
2.459999999999212434e+02 -3.111265722403517486e+01 1.349425248042797620e-01
2.469999999999203339e+02 -3.182175200389878711e+01 1.343435157843571592e-01
2.479999999999194245e+02 -3.254453132972584939e+01 1.337409551773438010e-01
2.489999999999185150e+02 -3.328123376003212286e+01 1.331350483482953984e-01
2.499999999999176055e+02 -3.403213203233093509e+01 1.325260219149489438e-01
2.509999999999166960e+02 -3.479754398906663226e+01 1.319141225172137943e-01
2.519999999999157865e+02 -3.557784245403612289e+01 1.312996151478273976e-01
2.529999999999148770e+02 -3.637346383414735840e+01 1.306827811801897776e-01
2.539999999999139675e+02 -3.718491532948545597e+01 1.300639162180576291e-01
2.549999999999130580e+02 -3.801278070912805163e+01 1.294433278700348744e-01
2.559999999999121485e+02 -3.885772464487227040e+01 1.288213335246077285e-01
2.569999999999112674e+02 -3.972049558816493686e+01 1.281982581734894266e-01
2.579999999999103579e+02 -4.060192713637197670e+01 1.275744323060171714e-01
2.589999999999094484e+02 -4.150293777242001170e+01 1.269501898776032589e-01
2.599999999999085389e+02 -4.242452856533780903e+01 1.263258663428005468e-01
2.609999999999076294e+02 -4.336777849368530013e+01 1.257017967393571356e-01
2.619999999999067199e+02 -4.433383671143134563e+01 1.250783138105359682e-01
2.629999999999058105e+02 -4.532391078759822278e+01 1.244557461605905607e-01
2.639999999999049010e+02 -4.633924963923836771e+01 1.238344164512238249e-01
2.649999999999039915e+02 -4.738111947291956483e+01 1.232146396635069585e-01
2.659999999999030820e+02 -4.845077057853073654e+01 1.225967214690163176e-01
2.669999999999021725e+02 -4.954939229230146935e+01 1.219809567747822537e-01
2.679999999999012630e+02 -5.067805289973566829e+01 1.213676285279288170e-01
2.689999999999003535e+02 -5.183762076177530531e+01 1.207570068862875157e-01
2.699999999998994440e+02 -5.302866266346250512e+01 1.201493488790271735e-01
2.709999999998985345e+02 -5.425131554562084801e+01 1.195448986938475872e-01
2.719999999998976250e+02 -5.550512875716864158e+01 1.189438887307272541e-01
2.729999999998967155e+02 -5.678887627270670180e+01 1.183465415511516378e-01
2.739999999998958060e+02 -5.810034258051378231e+01 1.177530728190056691e-01
2.749999999998948965e+02 -5.943609275613718523e+01 1.171636952664486947e-01
2.759999999998939870e+02 -6.079124685858288757e+01 1.165786236170505419e-01
2.769999999998930775e+02 -6.215929062805927430e+01 1.159980802549648443e-01
2.779999999998921680e+02 -6.353196641252819177e+01 1.154223012478239191e-01
2.789999999998912585e+02 -6.489929615928073758e+01 1.148515421328570041e-01
2.799999999998903490e+02 -6.624978628452115004e+01 1.142860827014247349e-01
2.809999999998894396e+02 -6.757084647955322509e+01 1.137262299261120185e-01
2.819999999998885301e+02 -6.884941886632873320e+01 1.131723182304202741e-01
2.829999999998876206e+02 -7.007276564846534939e+01 1.126247065452492396e-01
2.839999999998867111e+02 -7.122931624911589665e+01 1.120837720178855523e-01
2.849999999998858016e+02 -7.230944684977349368e+01 1.115499007605261911e-01
2.859999999998848921e+02 -7.330606984637110202e+01 1.110234765183763794e-01
2.869999999998839826e+02 -7.421494920299673481e+01 1.105048684691300048e-01
2.879999999998830731e+02 -7.503471703449187657e+01 1.099944194517973040e-01
2.889999999998821636e+02 -7.576662623235537808e+01 1.094924357594209974e-01
2.899999999998812541e+02 -7.641411535409456235e+01 1.089991792875803223e-01
2.909999999998803446e+02 -7.698227719304145467e+01 1.085148624167152492e-01
2.919999999998794351e+02 -7.747731428974351786e+01 1.080396456229277130e-01
2.929999999998785256e+02 -7.790604253394634782e+01 1.075736375248176890e-01
2.939999999998776161e+02 -7.827547812218078604e+01 1.071168969056505021e-01
2.949999999998767066e+02 -7.859252066255848490e+01 1.066694361897032317e-01
2.959999999998757971e+02 -7.886372936550257862e+01 1.062312258705201268e-01
2.969999999998748876e+02 -7.909518018086659197e+01 1.058021994551803652e-01
2.979999999998739781e+02 -7.929238801092587607e+01 1.053822585757896169e-01
2.989999999998730686e+02 -7.946027791809201801e+01 1.049712780086420327e-01
2.999999999998721592e+02 -7.960319097309944425e+01 1.045691104220313056e-01
3.009999999998712497e+02 -7.972491292802683915e+01 1.041755907406026055e-01
3.019999999998703402e+02 -7.982871655708869696e+01 1.037905400663453881e-01
3.029999999998694307e+02 -7.991741092085402443e+01 1.034137691349125421e-01
3.039999999998685212e+02 -7.999339282341831847e+01 1.030450813129507731e-01
3.049999999998676117e+02 -8.005869731821739776e+01 1.026842751598624343e-01
3.059999999998667022e+02 -8.011504531173969212e+01 1.023311465880709231e-01
3.069999999998657927e+02 -8.016388717722489332e+01 1.019854906613249512e-01
3.079999999998648832e+02 -8.020644189015267500e+01 1.016471030723846425e-01
3.089999999998639737e+02 -8.024373159650313880e+01 1.013157813407851437e-01
3.099999999998630642e+02 -8.027661177649559932e+01 1.009913257691728572e-01
3.109999999998621547e+02 -8.030579731328093374e+01 1.006735401936095647e-01
3.119999999998612452e+02 -8.033188485051614691e+01 1.003622325597092746e-01
3.129999999998603357e+02 -8.035537184914505815e+01 1.000572153528248437e-01
3.139999999998594262e+02 -8.037667274953707874e+01 9.975830590693875177e-02
3.149999999998585167e+02 -8.039613262270604821e+01 9.946532661356995153e-02
3.159999999998576072e+02 -8.041403866203509665e+01 9.917810504894690460e-02
3.169999999998566977e+02 -8.043062983035594016e+01 9.889647403495048505e-02
3.179999999998557882e+02 -8.044610493992222189e+01 9.862027164690587155e-02
3.189999999998548788e+02 -8.046062940694827148e+01 9.834934117918496532e-02
3.199999999998539693e+02 -8.047434088916014616e+01 9.808353107775229229e-02
3.209999999998530598e+02 -8.048735398481119319e+01 9.782269484722000419e-02
3.219999999998521503e+02 -8.049976414503360900e+01 9.756669093864445141e-02
3.229999999998512408e+02 -8.051165092815746505e+01 9.731538262316842547e-02
3.239999999998503313e+02 -8.052308070452470190e+01 9.706863785566648140e-02
3.249999999998494218e+02 -8.053410890307441150e+01 9.682632913175502620e-02
3.259999999998485123e+02 -8.054478187626797592e+01 9.658833334087073286e-02
3.269999999998476028e+02 -8.055513844744713481e+01 9.635453161756989127e-02
3.279999999998466933e+02 -8.056521119417779175e+01 9.612480919274946078e-02
3.289999999998457838e+02 -8.057502751226233784e+01 9.589905524611820609e-02
3.299999999998448743e+02 -8.058461049765227813e+01 9.567716276094113959e-02
3.309999999998439648e+02 -8.059397967725402623e+01 9.545902838182995787e-02
3.319999999998430553e+02 -8.060315161440294673e+01 9.524455227615220843e-02
3.329999999998421458e+02 -8.061214041042666167e+01 9.503363799946681900e-02
3.339999999998412363e+02 -8.062095812008544726e+01 9.482619236526348971e-02
3.349999999998403268e+02 -8.062961509565640483e+01 9.462212531917732483e-02
3.359999999998394173e+02 -8.063812027190947163e+01 9.442134981776893754e-02
3.369999999998385078e+02 -8.064648140213421357e+01 9.422378171189327301e-02
3.379999999998375984e+02 -8.065470525363680565e+01 9.402933963463022682e-02
3.389999999998366889e+02 -8.066279776968589488e+01 9.383794489371219405e-02
3.399999999998357794e+02 -8.067076420368671563e+01 9.364952136835284768e-02
3.409999999998348699e+02 -8.067860923037139287e+01 9.346399541036136405e-02
3.419999999998339604e+02 -8.068633703796976420e+01 9.328129574940960400e-02
3.429999999998330509e+02 -8.069395140464115457e+01 9.310135340231096013e-02
3.439999999998321414e+02 -8.070145576188441794e+01 9.292410158616130900e-02
3.449999999998312319e+02 -8.070885324717296783e+01 9.274947563519091165e-02
3.459999999998303224e+02 -8.071614674767441500e+01 9.257741292117456500e-02
3.469999999998294129e+02 -8.072333893659458681e+01 9.240785277724707092e-02
3.479999999998285034e+02 -8.073043230341632182e+01 9.224073642497579439e-02
3.489999999998275939e+02 -8.073742917908737127e+01 9.207600690454388614e-02
3.499999999998266844e+02 -8.074433175702731091e+01 9.191360900790260247e-02
3.509999999998257749e+02 -8.075114211067288750e+01 9.175348921475463826e-02
3.519999999998248654e+02 -8.075786220815783167e+01 9.159559563123854942e-02
3.529999999998239559e+02 -8.076449392461826449e+01 9.143987793118636687e-02
3.539999999998230464e+02 -8.077103905253149208e+01 9.128628729983344348e-02
3.549999999998221369e+02 -8.077749931042414744e+01 9.113477637986584778e-02
3.559999999998212274e+02 -8.078387635022799884e+01 9.098529921969378265e-02
3.569999999998203180e+02 -8.079017176351348439e+01 9.083781122384751439e-02
3.579999999998194085e+02 -8.079638708679101455e+01 9.069226910539510134e-02
3.589999999998184990e+02 -8.080252380603758411e+01 9.054863084028748343e-02
3.599999999998175895e+02 -8.080858336057838187e+01 9.040685562354087990e-02
3.609999999998166800e+02 -8.081456714643125849e+01 9.026690382717166006e-02
3.619999999998157705e+02 -8.082047651920331077e+01 9.012873695980236355e-02
3.629999999998148610e+02 -8.082631279661282520e+01 8.999231762786123745e-02
3.639999999998139515e+02 -8.083207726069777266e+01 8.985760949830447208e-02
3.649999999998130420e+02 -8.083777115976147343e+01 8.972457726279027546e-02
3.659999999998121325e+02 -8.084339571009701331e+01 8.959318660324035177e-02
3.669999999998112230e+02 -8.084895209752568235e+01 8.946340415872612584e-02
3.679999999998103135e+02 -8.085444147877731780e+01 8.933519749362189843e-02
3.689999999998094040e+02 -8.085986498273733503e+01 8.920853506696763136e-02
3.699999999998084945e+02 -8.086522371157981581e+01 8.908338620298959787e-02
3.709999999998075850e+02 -8.087051874180320965e+01 8.895972106272802271e-02
3.719999999998066755e+02 -8.087575112518288734e+01 8.883751061672423566e-02
3.729999999998057660e+02 -8.088092188965083551e+01 8.871672661872199994e-02
3.739999999998048565e+02 -8.088603204011373293e+01 8.859734158033971685e-02
3.749999999998039470e+02 -8.089108255921574653e+01 8.847932874667276126e-02
3.759999999998030376e+02 -8.089607440805416161e+01 8.836266207278686835e-02
3.769999999998021281e+02 -8.090100852685252164e+01 8.824731620106607277e-02
3.779999999998012186e+02 -8.090588583559660663e+01 8.813326643937896554e-02
3.789999999998003091e+02 -8.091070723463673176e+01 8.802048874003069734e-02
3.799999999997993996e+02 -8.091547360526061539e+01 8.790895967946837919e-02
3.809999999997984901e+02 -8.092018581023877744e+01 8.779865643870948810e-02
3.819999999997975806e+02 -8.092484469434556615e+01 8.768955678446388458e-02
3.829999999997966711e+02 -8.092945108485743333e+01 8.758163905092261614e-02
3.839999999997957616e+02 -8.093400579203114376e+01 8.747488212218630654e-02
3.849999999997948521e+02 -8.093850960956244478e+01 8.736926541530856682e-02
3.859999999997939426e+02 -8.094296331502712860e+01 8.726476886392985077e-02
3.869999999997930331e+02 -8.094736767030596525e+01 8.716137290247896741e-02
3.879999999997921236e+02 -8.095172342199396098e+01 8.705905845092082318e-02
3.889999999997912141e+02 -8.095603130179522111e+01 8.695780690002830049e-02
3.899999999997903046e+02 -8.096029202690411353e+01 8.685760009715937091e-02
3.909999999997893951e+02 -8.096450630037368512e+01 8.675842033251973673e-02
3.919999999997884856e+02 -8.096867481147174317e+01 8.666025032589236288e-02
3.929999999997875761e+02 -8.097279823602535487e+01 8.656307321381712105e-02
3.939999999997866666e+02 -8.097687723675467453e+01 8.646687253720254651e-02
3.949999999997857572e+02 -8.098091246359558681e+01 8.637163222935516360e-02
3.959999999997848477e+02 -8.098490455401260135e+01 8.627733660440933816e-02
3.969999999997839382e+02 -8.098885413330241079e+01 8.618397034614364016e-02
3.979999999997830287e+02 -8.099276181488775705e+01 8.609151849717000538e-02
3.989999999997821192e+02 -8.099662820060255797e+01 8.599996644848087457e-02
3.999999999997812097e+02 -8.100045388096869203e+01 8.590929992934233372e-02
4.009999999997803002e+02 -8.100423943546462624e+01 8.581950499752021011e-02
4.019999999997793907e+02 -8.100798543278565944e+01 8.573056802982695346e-02
4.029999999997784812e+02 -8.101169243109723084e+01 8.564247571297832484e-02
4.039999999997775717e+02 -8.101536097828071092e+01 8.555521503474845801e-02
4.049999999997766622e+02 -8.101899161217187384e+01 8.546877327541242686e-02
4.059999999997757527e+02 -8.102258486079310273e+01 8.538313799946647964e-02
4.069999999997748432e+02 -8.102614124257829076e+01 8.529829704761580922e-02
4.079999999997739337e+02 -8.102966126659232771e+01 8.521423852902068607e-02
4.089999999997730242e+02 -8.103314543274372284e+01 8.513095081379176698e-02
4.099999999997721147e+02 -8.103659423199162859e+01 8.504842252572569761e-02
4.109999999997712052e+02 -8.104000814654717999e+01 8.496664253527252963e-02
4.119999999997702957e+02 -8.104338765006917811e+01 8.488559995272727809e-02
4.129999999997693862e+02 -8.104673320785471446e+01 8.480528412163755581e-02
4.139999999997684768e+02 -8.105004527702406847e+01 8.472568461241974935e-02
4.149999999997675673e+02 -8.105332430670124211e+01 8.464679121617658952e-02
4.159999999997666578e+02 -8.105657073818943559e+01 8.456859393870921893e-02
4.169999999997657483e+02 -8.105978500514132179e+01 8.449108299471738692e-02
4.179999999997648388e+02 -8.106296753372583908e+01 8.441424880218025006e-02
4.189999999997639293e+02 -8.106611874278961238e+01 8.433808197691301800e-02
4.199999999997630198e+02 -8.106923904401459424e+01 8.426257332729272798e-02
4.209999999997621103e+02 -8.107232884207149937e+01 8.418771384914684741e-02
4.219999999997612008e+02 -8.107538853476926022e+01 8.411349472080061063e-02
4.229999999997602913e+02 -8.107841851320074511e+01 8.403990729827640060e-02
4.239999999997593818e+02 -8.108141916188409937e+01 8.396694311064074878e-02
4.249999999997584723e+02 -8.108439085890147169e+01 8.389459385549360992e-02
4.259999999997575628e+02 -8.108733397603339199e+01 8.382285139459545731e-02
4.269999999997566533e+02 -8.109024887888980970e+01 8.375170774962756304e-02
4.279999999997557438e+02 -8.109313592703863094e+01 8.368115509808034258e-02
4.289999999997548343e+02 -8.109599547412969400e+01 8.361118576926708512e-02
4.299999999997539248e+02 -8.109882786801669852e+01 8.354179224045649166e-02
4.309999999997530153e+02 -8.110163345087575237e+01 8.347296713312284122e-02
4.319999999997521059e+02 -8.110441255932079230e+01 8.340470320930715165e-02
4.329999999997511964e+02 -8.110716552451664541e+01 8.333699336808826630e-02
4.339999999997502869e+02 -8.110989267228863753e+01 8.326983064215813524e-02
4.349999999997493774e+02 -8.111259432323025464e+01 8.320320819449891769e-02
4.359999999997484679e+02 -8.111527079280730845e+01 8.313711931515865849e-02
4.369999999997475584e+02 -8.111792239146056716e+01 8.307155741812197181e-02
4.379999999997466489e+02 -8.112054942470494723e+01 8.300651603827204073e-02
4.389999999997457394e+02 -8.112315219322744042e+01 8.294198882844251719e-02
4.399999999997448299e+02 -8.112573099298134593e+01 8.287796955655479803e-02
4.409999999997439204e+02 -8.112828611527923783e+01 8.281445210283912284e-02
4.419999999997430109e+02 -8.113081784688375819e+01 8.275143045713577450e-02
4.429999999997421014e+02 -8.113332647009545440e+01 8.268889871627463362e-02
4.439999999997411919e+02 -8.113581226283926640e+01 8.262685108152979796e-02
4.449999999997402824e+02 -8.113827549874899603e+01 8.256528185614771254e-02
4.459999999997393729e+02 -8.114071644724917576e+01 8.250418544294575718e-02
4.469999999997384634e+02 -8.114313537363572948e+01 8.244355634197933491e-02
4.479999999997375539e+02 -8.114553253915448749e+01 8.238338914827512960e-02
4.489999999997366444e+02 -8.114790820107782565e+01 8.232367854962853448e-02
4.499999999997357349e+02 -8.115026261277965602e+01 8.226441932446319771e-02
4.509999999997348255e+02 -8.115259602380866966e+01 8.220560633975078357e-02
4.519999999997339160e+02 -8.115490867996003033e+01 8.214723454898888166e-02
4.529999999997330065e+02 -8.115720082334512142e+01 8.208929899023546806e-02
4.539999999997320970e+02 -8.115947269246005646e+01 8.203179478419750370e-02
4.549999999997311875e+02 -8.116172452225286804e+01 8.197471713237314273e-02
4.559999999997302780e+02 -8.116395654418811034e+01 8.191806131524460854e-02
4.569999999997293685e+02 -8.116616898631158961e+01 8.186182269052093285e-02
4.579999999997284590e+02 -8.116836207331256503e+01 8.180599669142878116e-02
4.589999999997275495e+02 -8.117053602658450018e+01 8.175057882505008811e-02
4.599999999997266400e+02 -8.117269106428545911e+01 8.169556467070443473e-02
4.609999999997257305e+02 -8.117482740139593034e+01 8.164094987837532125e-02
4.619999999997248210e+02 -8.117694524977682136e+01 8.158673016717915560e-02
4.629999999997239115e+02 -8.117904481822462515e+01 8.153290132387465416e-02
4.639999999997230020e+02 -8.118112631252674305e+01 8.147945920141307086e-02
4.649999999997220925e+02 -8.118318993551463336e+01 8.142639971752589634e-02
4.659999999997211830e+02 -8.118523588711660466e+01 8.137371885335102639e-02
4.669999999997202735e+02 -8.118726436440884697e+01 8.132141265209448522e-02
4.679999999997193640e+02 -8.118927556166580928e+01 8.126947721772788402e-02
4.689999999997184545e+02 -8.119126967040921272e+01 8.121790871371922793e-02
4.699999999997175451e+02 -8.119324687945616859e+01 8.116670336179780676e-02
4.709999999997166356e+02 -8.119520737496652885e+01 8.111585744075056059e-02
4.719999999997157261e+02 -8.119715134048847460e+01 8.106536728524960100e-02
4.729999999997148166e+02 -8.119907895700434608e+01 8.101522928470995810e-02
4.739999999997139071e+02 -8.120099040297422732e+01 8.096543988217703991e-02
4.749999999997129976e+02 -8.120288585437960194e+01 8.091599557324177794e-02
4.759999999997120881e+02 -8.120476548476561618e+01 8.086689290498376426e-02
4.769999999997111786e+02 -8.120662946528284465e+01 8.081812847494140861e-02
4.779999999997102691e+02 -8.120847796472754965e+01 8.076969893010722823e-02
4.789999999997093596e+02 -8.121031114958164210e+01 8.072160096594939438e-02
4.799999999997084501e+02 -8.121212918405228720e+01 8.067383132545677404e-02
4.809999999997075406e+02 -8.121393223010930740e+01 8.062638679820856302e-02
4.819999999997066311e+02 -8.121572044752323905e+01 8.057926421946615125e-02
4.829999999997057216e+02 -8.121749399390176904e+01 8.053246046928771995e-02
4.839999999997048121e+02 -8.121925302472602937e+01 8.048597247166512647e-02
4.849999999997039026e+02 -8.122099769338552733e+01 8.043979719368089809e-02
4.859999999997029931e+02 -8.122272815121269218e+01 8.039393164468623676e-02
4.869999999997020836e+02 -8.122444454751727960e+01 8.034837287549904949e-02
4.879999999997011741e+02 -8.122614702961894295e+01 8.030311797762107462e-02
4.889999999997002647e+02 -8.122783574288030195e+01 8.025816408247381240e-02
4.899999999996993552e+02 -8.122951083073844813e+01 8.021350836065263556e-02
4.909999999996984457e+02 -8.123117243473666349e+01 8.016914802119896877e-02
4.919999999996975362e+02 -8.123282069455461851e+01 8.012508031088916294e-02
4.929999999996966267e+02 -8.123445574803893976e+01 8.008130251354091123e-02
4.939999999996957172e+02 -8.123607773123262632e+01 8.003781194933476395e-02
4.949999999996948077e+02 -8.123768677840352836e+01 7.999460597415265772e-02
4.959999999996938982e+02 -8.123928302207355046e+01 7.995168197893079420e-02
4.969999999996929887e+02 -8.124086659304570901e+01 7.990903738902854769e-02
4.979999999996920792e+02 -8.124243762043195716e+01 7.986666966361082032e-02
4.989999999996911697e+02 -8.124399623167977325e+01 7.982457629504521868e-02
4.999999999996902602e+02 -8.124554255259852198e+01 7.978275480831287236e-02
5.000000000000000000e+02 -8.124554255259900515e+01 7.978275480829995214e-02
