1.000000000000000666e+00 -7.217003860905245460e+01 7.359457351288423155e-02
2.000000000000001332e+00 -6.327732270603995346e+01 7.362419977098970392e-02
2.999999999999980016e+00 -6.991655425858921191e+00 7.372561575544490931e-02
3.999999999999958700e+00 3.630579321596867004e+01 7.885631212978572169e-02
4.999999999999937828e+00 3.023546984865255638e+01 9.224121253107367413e-02
5.999999999999916511e+00 2.566067122566628811e+01 1.107238546214779906e-01
6.999999999999895195e+00 2.288442235149960879e+01 1.303742995613124400e-01
7.999999999999873879e+00 2.144191928992704987e+01 1.479785235419311951e-01
8.999999999999852562e+00 2.085304413230285547e+01 1.619703356366909708e-01
9.999999999999831246e+00 2.076947657289504789e+01 1.721997996316986801e-01
1.099999999999980993e+01 2.096608069909454386e+01 1.792685123903036970e-01
1.199999999999978861e+01 2.130493144915953252e+01 1.839936460459241363e-01
1.299999999999976730e+01 2.170416049136592562e+01 1.871252583011914494e-01
1.399999999999974598e+01 2.211622191346631539e+01 1.892462803437093555e-01
1.499999999999972466e+01 2.251382152578696960e+01 1.907659611124386534e-01
1.599999999999970335e+01 2.288111460234003758e+01 1.919494256579927782e-01
1.699999999999985789e+01 2.320829146658809350e+01 1.929549593084254056e-01
1.800000000000001421e+01 2.348823317668416166e+01 1.938673879024416513e-01
1.900000000000017053e+01 2.371434512579306642e+01 1.947238980092055594e-01
2.000000000000032685e+01 2.387897948902651990e+01 1.955319824874907908e-01
2.100000000000048317e+01 2.397211149917665907e+01 1.962805311876686942e-01
2.200000000000063949e+01 2.398032974391125549e+01 1.969459489545495878e-01
2.300000000000079581e+01 2.388726020423653296e+01 1.974967348120368615e-01
2.400000000000095213e+01 2.367906327126443600e+01 1.979024452207806262e-01
2.500000000000110845e+01 2.335983048702849274e+01 1.981510009965757879e-01
2.600000000000126477e+01 2.296695371406113395e+01 1.982617100482151895e-01
2.700000000000142109e+01 2.255594328322657915e+01 1.982733200821864272e-01
2.800000000000157740e+01 2.216567091087728869e+01 1.982214928688613709e-01
2.900000000000173372e+01 2.180934685611820356e+01 1.981310317954951550e-01
3.000000000000189004e+01 2.148643845926422102e+01 1.980183429423752473e-01
3.100000000000204636e+01 2.119278674841014265e+01 1.978943795999983379e-01
3.200000000000220268e+01 2.092449706016935096e+01 1.977663439609301521e-01
3.300000000000200373e+01 2.067862913435680028e+01 1.976387692861566181e-01
3.400000000000180478e+01 2.045293054387640197e+01 1.975143254219095534e-01
3.500000000000160583e+01 2.024549148173284152e+01 1.973944239995836791e-01
3.600000000000140687e+01 2.005453811014899657e+01 1.972796511717689327e-01
3.700000000000120792e+01 1.987835466532818529e+01 1.971700651561290596e-01
3.800000000000100897e+01 1.971527843152095016e+01 1.970653977844389615e-01
3.900000000000081002e+01 1.956372288246108226e+01 1.969651909332400808e-01
4.000000000000061107e+01 1.942220410040608058e+01 1.968688887646253549e-01
4.100000000000041211e+01 1.928936005846266610e+01 1.967758993147735724e-01
4.200000000000021316e+01 1.916396034032546325e+01 1.966856343991078004e-01
4.300000000000001421e+01 1.904490742244551171e+01 1.965975341036734214e-01
4.399999999999981526e+01 1.893123176610569658e+01 1.965110804457309013e-01
4.499999999999961631e+01 1.882208296535104708e+01 1.964258036165775489e-01
4.599999999999941735e+01 1.871671877892377722e+01 1.963412833359329257e-01
4.699999999999921840e+01 1.861449337677823124e+01 1.962571471555324687e-01
4.799999999999901945e+01 1.851484569116113832e+01 1.961730670097265594e-01
4.899999999999882050e+01 1.841728841869246835e+01 1.960887548988552997e-01
4.999999999999862155e+01 1.832139797171080531e+01 1.960039582858847940e-01
5.099999999999842260e+01 1.822680550794980903e+01 1.959184555676910522e-01
5.199999999999822364e+01 1.813318905835149408e+01 1.958320518301226443e-01
5.299999999999802469e+01 1.804026670659078846e+01 1.957445749937224699e-01
5.399999999999782574e+01 1.794779073726445162e+01 1.956558723908680686e-01
5.499999999999762679e+01 1.785554265269022167e+01 1.955658077743079037e-01
5.599999999999742784e+01 1.776332895372766885e+01 1.954742587335202564e-01
5.699999999999722888e+01 1.767097758303519583e+01 1.953811144831514857e-01
5.799999999999702993e+01 1.757833493639647671e+01 1.952862739828749861e-01
5.899999999999683098e+01 1.748526335701856027e+01 1.951896443475291398e-01
5.999999999999663203e+01 1.739163903765317798e+01 1.950911395084580224e-01
6.099999999999643308e+01 1.729735026519230701e+01 1.949906790903631615e-01
6.199999999999623412e+01 1.720229595157297453e+01 1.948881874719058938e-01
6.299999999999603517e+01 1.710638440315544884e+01 1.947835930023123774e-01
6.399999999999583622e+01 1.700953228812825202e+01 1.946768273500555091e-01
6.499999999999634781e+01 1.691166376793976767e+01 1.945678249631852541e-01
6.599999999999685940e+01 1.681270976431397912e+01 1.944565226239895195e-01
6.699999999999737099e+01 1.671260733815203636e+01 1.943428590833825576e-01
6.799999999999788258e+01 1.661129916064371059e+01 1.942267747627619001e-01
6.899999999999839417e+01 1.650873306030017673e+01 1.941082115130631502e-01
6.999999999999890576e+01 1.640486163245901707e+01 1.939871124224376575e-01
7.099999999999941735e+01 1.629964190018392500e+01 1.938634216653877251e-01
7.199999999999992895e+01 1.619303501745316609e+01 1.937370843873928994e-01
7.300000000000044054e+01 1.608500600716672935e+01 1.936080466200453265e-01
7.400000000000095213e+01 1.597552352785451646e+01 1.934762552225376409e-01
7.500000000000146372e+01 1.586455966408398233e+01 1.933416578460355750e-01
7.600000000000197531e+01 1.575208973648368804e+01 1.932042029180287834e-01
7.700000000000248690e+01 1.563809212805347215e+01 1.930638396442215798e-01
7.800000000000299849e+01 1.552254812404939166e+01 1.929205180259106200e-01
7.900000000000351008e+01 1.540544176323693470e+01 1.927741888911145007e-01
8.000000000000402167e+01 1.528675969871769524e+01 1.926248039379717392e-01
8.100000000000453326e+01 1.516649106686980630e+01 1.924723157891410075e-01
8.200000000000504485e+01 1.504462736321499960e+01 1.923166780561017530e-01
8.300000000000555644e+01 1.492116232424524291e+01 1.921578454123905044e-01
8.400000000000606803e+01 1.479609181442031129e+01 1.919957736749187682e-01
8.500000000000657963e+01 1.466941371769125979e+01 1.918304198925966375e-01
8.600000000000709122e+01 1.454112783302033840e+01 1.916617424415587301e-01
8.700000000000760281e+01 1.441123577346074569e+01 1.914897011263277660e-01
8.800000000000811440e+01 1.427974086843393309e+01 1.913142572862923663e-01
8.900000000000862599e+01 1.414664806890178461e+01 1.911353739068949453e-01
9.000000000000913758e+01 1.401196385517858189e+01 1.909530157349376422e-01
9.100000000000964917e+01 1.387569614716612421e+01 1.907671493974194554e-01
9.200000000001016076e+01 1.373785421682571517e+01 1.905777435233188544e-01
9.300000000001067235e+01 1.359844860272587574e+01 1.903847688677231809e-01
9.400000000001118394e+01 1.345749102652460216e+01 1.901881984377020440e-01
9.500000000001169553e+01 1.331499431126177058e+01 1.899880076193015133e-01
9.600000000001220712e+01 1.317097230135102670e+01 1.897841743050244778e-01
9.700000000001271871e+01 1.302543978417251580e+01 1.895766790211411423e-01
9.800000000001323031e+01 1.287841241317787144e+01 1.893655050541588059e-01
9.900000000001374190e+01 1.272990663242817533e+01 1.891506385757598663e-01
1.000000000000142535e+02 1.257993960249378063e+01 1.889320687654993114e-01
1.010000000000147651e+02 1.242852912765265749e+01 1.887097879305398851e-01
1.020000000000152767e+02 1.227569358433098223e+01 1.884837916216886844e-01
1.030000000000157883e+02 1.212145185073682008e+01 1.882540787449844544e-01
1.040000000000162999e+02 1.196582323764420153e+01 1.880206516680827944e-01
1.050000000000168114e+02 1.180882742029135635e+01 1.877835163206779956e-01
1.060000000000173230e+02 1.165048437136299242e+01 1.875426822882010625e-01
1.070000000000178346e+02 1.149081429503261376e+01 1.872981628980389113e-01
1.080000000000183462e+02 1.132983756204639114e+01 1.870499752975259555e-01
1.090000000000188578e+02 1.116757464583557180e+01 1.867981405229768022e-01
1.100000000000193694e+02 1.100404605964954641e+01 1.865426835590446863e-01
1.110000000000198810e+02 1.083927229470630316e+01 1.862836333877161688e-01
1.120000000000203926e+02 1.067327375936129208e+01 1.860210230262847875e-01
1.130000000000209042e+02 1.050607071929944425e+01 1.857548895536772215e-01
1.140000000000214158e+02 1.033768323875856510e+01 1.854852741245533176e-01
1.150000000000219273e+02 1.016813112279465514e+01 1.852122219706410500e-01
1.160000000000224389e+02 9.997433860602223277e+00 1.849357823888261865e-01
1.170000000000229505e+02 9.825610569903707514e+00 1.846560087155688090e-01
1.180000000000234621e+02 9.652679942423386450e+00 1.843729582872834505e-01
1.190000000000239737e+02 9.478660190461022594e+00 1.840866923863838100e-01
1.200000000000244853e+02 9.303568994580080798e+00 1.837972761727657001e-01
1.210000000000249969e+02 9.127423452424194394e+00 1.835047786005735149e-01
1.220000000000255085e+02 8.950240028673958292e+00 1.832092723201731166e-01
1.230000000000260201e+02 8.772034506153330469e+00 1.829108335653327755e-01
1.240000000000265317e+02 8.592821938092241041e+00 1.826095420256942936e-01
1.250000000000270433e+02 8.412616601548267070e+00 1.823054807046976256e-01
1.260000000000275548e+02 8.231431951986037276e+00 1.819987357632046887e-01
1.270000000000280664e+02 8.049280579008696535e+00 1.816893963491489072e-01
1.280000000000285638e+02 7.866174163230400751e+00 1.813775544136170537e-01
1.290000000000276543e+02 7.682123434274022777e+00 1.810633045138476394e-01
1.300000000000267448e+02 7.497138129870585921e+00 1.807467436037045183e-01
1.310000000000258353e+02 7.311226956035276281e+00 1.804279708122600578e-01
1.320000000000249258e+02 7.124397548283154080e+00 1.801070872111846799e-01
1.330000000000240163e+02 6.936656433845600489e+00 1.797841955717040252e-01
1.340000000000231068e+02 6.748008994840355435e+00 1.794594001119451387e-01
1.350000000000221974e+02 6.558459432342040429e+00 1.791328062355404538e-01
1.360000000000212879e+02 6.368010731293789917e+00 1.788045202624068686e-01
1.370000000000203784e+02 6.176664626194241947e+00 1.784746491526512935e-01
1.380000000000194689e+02 5.984421567488335647e+00 1.781433002245892405e-01
1.390000000000185594e+02 5.791280688584466319e+00 1.778105808678829836e-01
1.400000000000176499e+02 5.597239773415041419e+00 1.774765982528250796e-01
1.410000000000167404e+02 5.402295224452401179e+00 1.771414590367941244e-01
1.420000000000158309e+02 5.206442031087240352e+00 1.768052690689206619e-01
1.430000000000149214e+02 5.009673738272307553e+00 1.764681330939825432e-01
1.440000000000140119e+02 4.811982415330375851e+00 1.761301544565412325e-01
1.450000000000131024e+02 4.613358624821936260e+00 1.757914348063064625e-01
1.460000000000121929e+02 4.413791391365543326e+00 1.754520738056844775e-01
1.470000000000112834e+02 4.213268170301249782e+00 1.751121688404355947e-01
1.480000000000103739e+02 4.011774816086145279e+00 1.747718147343167716e-01
1.490000000000094644e+02 3.809295550310094480e+00 1.744311034685470108e-01
1.500000000000085549e+02 3.605812929219528229e+00 1.740901239068703699e-01
1.510000000000076454e+02 3.401307810637739681e+00 1.737489615269453835e-01
1.520000000000067359e+02 3.195759320171531748e+00 1.734076981587203692e-01
1.530000000000058265e+02 2.989144816596203569e+00 1.730664117303970240e-01
1.540000000000049170e+02 2.781439856314091852e+00 1.727251760225171906e-01
1.550000000000040075e+02 2.572618156786002253e+00 1.723840604306377811e-01
1.560000000000030980e+02 2.362651558840012544e+00 1.720431297369999779e-01
1.570000000000021885e+02 2.151509987768491783e+00 1.717024438915205065e-01
1.580000000000012790e+02 1.939161413131799794e+00 1.713620578023762886e-01
1.590000000000003695e+02 1.725571807196042862e+00 1.710220211363846499e-01
1.599999999999994600e+02 1.510705101942719342e+00 1.706823781293185793e-01
1.609999999999985505e+02 1.294523144600240094e+00 1.703431674062431955e-01
1.619999999999976410e+02 1.076985651661164223e+00 1.700044218118994532e-01
1.629999999999967315e+02 8.580501613649924586e-01 1.696661682511174385e-01
1.639999999999958220e+02 6.376719846444925954e-01 1.693284275391934990e-01
1.649999999999949125e+02 4.158041545543028072e-01 1.689912142621318725e-01
1.659999999999940030e+02 1.923973742239039608e-01 1.686545366466202789e-01
1.669999999999930935e+02 -3.260003659630096584e-02 1.683183964395881249e-01
1.679999999999921840e+02 -2.592421962970452021e-01 1.679827887971814537e-01
1.689999999999912745e+02 -4.875857173479163920e-01 1.676477021829851366e-01
1.699999999999903650e+02 -7.176897632398474558e-01 1.673131182753340440e-01
1.709999999999894555e+02 -9.496161062188362978e-01 1.669790118835634551e-01
1.719999999999885461e+02 -1.183429185548927620e+00 1.666453508730862121e-01
1.729999999999876366e+02 -1.419196165988457548e+00 1.663120960992203745e-01
1.739999999999867271e+02 -1.656986996102894460e+00 1.659792013497471685e-01
1.749999999999858176e+02 -1.896874465969780044e+00 1.656466132962467475e-01
1.759999999999849081e+02 -2.138934263755494669e+00 1.653142714543407443e-01
1.769999999999839986e+02 -2.383245030559212996e+00 1.649821081530684075e-01
1.779999999999830891e+02 -2.629888412825425181e+00 1.646500485137374903e-01
1.789999999999821796e+02 -2.878949111522249638e+00 1.643180104387170770e-01
1.799999999999812701e+02 -3.130514927167549200e+00 1.639859046107903229e-01
1.809999999999803606e+02 -3.384676799657688306e+00 1.636536345038438478e-01
1.819999999999794511e+02 -3.641528841714137155e+00 1.633210964058563475e-01
1.829999999999785416e+02 -3.901168364610409611e+00 1.629881794553437735e-01
1.839999999999776321e+02 -4.163695894675531584e+00 1.626547656926385088e-01
1.849999999999767226e+02 -4.429215178890490989e+00 1.623207301276090586e-01
1.859999999999758131e+02 -4.697833177701193463e+00 1.619859408256814071e-01
1.869999999999749036e+02 -4.969660042966197899e+00 1.616502590142834261e-01
1.879999999999739941e+02 -5.244809078742205699e+00 1.613135392121118339e-01
1.889999999999730846e+02 -5.523396682383545198e+00 1.609756293839134655e-01
1.899999999999721751e+02 -5.805542263214220178e+00 1.606363711237498715e-01
1.909999999999712657e+02 -6.091368135792324168e+00 1.602955998700316131e-01
1.919999999999703562e+02 -6.380999384584232992e+00 1.599531451558776074e-01
1.929999999999694467e+02 -6.674563696668465163e+00 1.596088308986413906e-01
1.939999999999685372e+02 -6.972191158934073485e+00 1.592624757326939200e-01
1.949999999999676277e+02 -7.274014016138039551e+00 1.589138933897721595e-01
1.959999999999667182e+02 -7.580166386165658743e+00 1.585628931313735890e-01
1.969999999999658087e+02 -7.890783928927847413e+00 1.582092802377733087e-01
1.979999999999648992e+02 -8.206003465567725641e+00 1.578528565582578980e-01
1.989999999999639897e+02 -8.525962545081105404e+00 1.574934211270741513e-01
1.999999999999630802e+02 -8.850798956136534557e+00 1.571307708493548116e-01
2.009999999999621707e+02 -9.180650182872476250e+00 1.567647012608789081e-01
2.019999999999612612e+02 -9.515652804824203059e+00 1.563950073649159611e-01
2.029999999999603517e+02 -9.855941842965870947e+00 1.560214845485558000e-01
2.039999999999594422e+02 -1.020165005622623688e+01 1.556439295797887312e-01
2.049999999999585327e+02 -1.055290719582243675e+01 1.552621416851469316e-01
2.059999999999576232e+02 -1.090983922842219656e+01 1.548759237058942029e-01
2.069999999999567137e+02 -1.127256754352999835e+01 1.544850833285276726e-01
2.079999999999558042e+02 -1.164120816560041938e+01 1.540894343826936241e-01
2.089999999999548947e+02 -1.201587099715737672e+01 1.536887981965134875e-01
2.099999999999539853e+02 -1.239665912550815108e+01 1.532830049957532026e-01
2.109999999999530758e+02 -1.278366823225362481e+01 1.528718953292862170e-01
2.119999999999521663e+02 -1.317698615135504880e+01 1.524553214989630701e-01
2.129999999999512568e+02 -1.357669262753051953e+01 1.520331489674057457e-01
2.139999999999503473e+02 -1.398285933158305205e+01 1.516052577125720224e-01
2.149999999999494378e+02 -1.439555019213120879e+01 1.511715434934044477e-01
2.159999999999485283e+02 -1.481482210323502002e+01 1.507319189867916687e-01
2.169999999999476188e+02 -1.524072606363917792e+01 1.502863147527842280e-01
2.179999999999467093e+02 -1.567330879485768769e+01 1.498346799829708142e-01
2.189999999999457998e+02 -1.611261487128452430e+01 1.493769829865788101e-01
2.199999999999448903e+02 -1.655868937534807017e+01 1.489132113707332117e-01
2.209999999999439808e+02 -1.701158106421528160e+01 1.484433718758314813e-01
2.219999999999430713e+02 -1.747134600196402587e+01 1.479674898345794409e-01
2.229999999999421618e+02 -1.793805157335701495e+01 1.474856082341337304e-01
2.239999999999412523e+02 -1.841178075393333557e+01 1.469977863750860370e-01
2.249999999999403428e+02 -1.889263646839091848e+01 1.465040981385198338e-01
2.259999999999394333e+02 -1.938074582821457170e+01 1.460046298925978259e-01
2.269999999999385238e+02 -1.987626400396175796e+01 1.454994780923068165e-01
2.279999999999376143e+02 -2.037937746189250987e+01 1.449887466489515331e-01
2.289999999999367049e+02 -2.089030628349216201e+01 1.444725441683243072e-01
2.299999999999357954e+02 -2.140930529479067346e+01 1.439509811764730085e-01
2.309999999999348859e+02 -2.193666376485574787e+01 1.434241674677408929e-01
2.319999999999339764e+02 -2.247270349314200644e+01 1.428922097192935337e-01
2.329999999999330669e+02 -2.301777519544346617e+01 1.423552095177479659e-01
2.339999999999321574e+02 -2.357225321706631860e+01 1.418132619350984669e-01
2.349999999999312479e+02 -2.413652874447484109e+01 1.412664547716836194e-01
2.359999999999303384e+02 -2.471100184289306867e+01 1.407148685530056620e-01
2.369999999999294289e+02 -2.529607280179090978e+01 1.401585773253745393e-01
2.379999999999285194e+02 -2.589213340156319987e+01 1.395976502445339940e-01
2.389999999999276099e+02 -2.649955880275653186e+01 1.390321538950809455e-01
2.399999999999267004e+02 -2.711870077979246929e+01 1.384621552214856666e-01
2.409999999999257909e+02 -2.774988296390828069e+01 1.378877248999061667e-01
2.419999999999248814e+02 -2.839339862076254661e+01 1.373089409401847538e-01
2.429999999999239719e+02 -2.904951128040633890e+01 1.367258922851894154e-01
2.439999999999230624e+02 -2.971845828734794637e+01 1.361386821740271647e-01
2.449999999999221529e+02 -3.040045708200306507e+01 1.355474310577281516e-01
2.459999999999212434e+02 -3.109571379928148360e+01 1.349522788985750288e-01
2.469999999999203339e+02 -3.180443360608552084e+01 1.343533867418731376e-01
2.479999999999194245e+02 -3.252683211467801527e+01 1.337509375138525303e-01
2.489999999999185150e+02 -3.326314720503084033e+01 1.331451360629277991e-01
2.499999999999176055e+02 -3.401365065401478205e+01 1.325362085158225123e-01
2.509999999999166960e+02 -3.477865908072714518e+01 1.319244010593494665e-01
2.519999999999157865e+02 -3.555854384987289052e+01 1.313099782800869197e-01
2.529999999999148770e+02 -3.635373970512255681e+01 1.306932211980451342e-01
2.539999999999139675e+02 -3.716475201313958365e+01 1.300744251193932666e-01
2.549999999999130580e+02 -3.799216257432767918e+01 1.294538974117821484e-01
2.559999999999121485e+02 -3.883663399206420763e+01 1.288319552786884314e-01
2.569999999999112674e+02 -3.969891258634033449e+01 1.282089235811981198e-01
2.579999999999103579e+02 -4.057982979873277429e+01 1.275851327305266292e-01
2.589999999999094484e+02 -4.148030197737175939e+01 1.269609166546893098e-01
2.599999999999085389e+02 -4.240132813367019793e+01 1.263366108300741364e-01
2.609999999999076294e+02 -4.334398533264429432e+01 1.257125503643354847e-01
2.619999999999067199e+02 -4.430942104777183488e+01 1.250890681177840302e-01
2.629999999999058105e+02 -4.529884151753161348e+01 1.244664928578974455e-01
2.639999999999049010e+02 -4.631349483264785505e+01 1.238451474544028930e-01
2.649999999999039915e+02 -4.735464708038356463e+01 1.232253471389486571e-01
2.659999999999030820e+02 -4.842354940254980278e+01 1.226073978726100883e-01
2.669999999999021725e+02 -4.952139329812387558e+01 1.219915948852787341e-01
2.679999999999012630e+02 -5.064925095498513485e+01 1.213782214722717301e-01
2.689999999999003535e+02 -5.180799690501736876e+01 1.207675481539420420e-01
2.699999999998994440e+02 -5.299820700516870176e+01 1.201598323219199849e-01
2.709999999998985345e+02 -5.422003089306000589e+01 1.195553185082978698e-01
2.719999999998976250e+02 -5.547303501633273015e+01 1.189542394178002283e-01
2.729999999998967155e+02 -5.675601560063388007e+01 1.183568178523714542e-01
2.739999999998958060e+02 -5.806678512375448520e+01 1.177632696255250244e-01
2.749999999998948965e+02 -5.940194260260837211e+01 1.171738075018157604e-01
2.759999999998939870e+02 -6.075664755161416508e+01 1.165886460968158095e-01
2.769999999998930775e+02 -6.212442927372653401e+01 1.160080075305684327e-01
2.779999999998921680e+02 -6.349707513200455367e+01 1.154321274472015768e-01
2.789999999998912585e+02 -6.486464952819886776e+01 1.148612608152507486e-01
2.799999999998903490e+02 -6.621569362258291847e+01 1.142956867476713212e-01
2.809999999998894396e+02 -6.753763852785540678e+01 1.137357114865423235e-01
2.819999999998885301e+02 -6.881742949489358807e+01 1.131816687489411721e-01
2.829999999998876206e+02 -7.004231052937667812e+01 1.126339168696473547e-01
2.839999999998867111e+02 -7.120067147926002349e+01 1.120928325939587744e-01
2.849999999998858016e+02 -7.228283086505152255e+01 1.115588018940498888e-01
2.859999999998848921e+02 -7.328163141522257717e+01 1.110322086777079387e-01
2.869999999998839826e+02 -7.419276297384924135e+01 1.105134225954627764e-01
2.879999999998830731e+02 -7.501478650574890139e+01 1.100027872449510363e-01
2.889999999998821636e+02 -7.574889265624925372e+01 1.095006099137104116e-01
2.899999999998812541e+02 -7.639847033795402353e+01 1.090071536622997800e-01
2.909999999998803446e+02 -7.696857668684688747e+01 1.085226321362910279e-01
2.919999999998794351e+02 -7.746539207009884365e+01 1.080472071105682830e-01
2.929999999998785256e+02 -7.789572194106459335e+01 1.075809884794037552e-01
2.939999999998776161e+02 -7.826658144549971041e+01 1.071240362345299846e-01
2.949999999998767066e+02 -7.858487606848480311e+01 1.066763639105469674e-01
2.959999999998757971e+02 -7.885717557880116146e+01 1.062379429942568870e-01
2.969999999998748876e+02 -7.908956929049561779e+01 1.058087078600359471e-01
2.979999999998739781e+02 -7.928758681656952945e+01 1.053885608801832241e-01
2.989999999998730686e+02 -7.945616821035542898e+01 1.049773774485220357e-01
2.999999999998721592e+02 -7.959966908324946644e+01 1.045750107363534326e-01
3.009999999998712497e+02 -7.972188881530310312e+01 1.041812960671405913e-01
3.019999999998703402e+02 -7.982611263613159736e+01 1.037960548488749551e-01
3.029999999998694307e+02 -7.991516077502295445e+01 1.034190980419768813e-01
3.039999999998685212e+02 -7.999143990380400737e+01 1.030502291678528359e-01
3.049999999998676117e+02 -8.005699369277461130e+01 1.026892468811688164e-01
3.059999999998667022e+02 -8.011355050285611412e+01 1.023359471397076170e-01
3.069999999998657927e+02 -8.016256710751301284e+01 1.019901250112544844e-01
3.079999999998648832e+02 -8.020526794361708767e+01 1.016515761588360767e-01
3.089999999998639737e+02 -8.024267979401730599e+01 1.013200980450459227e-01
3.099999999998630642e+02 -8.027566205950233780e+01 1.009954908940148000e-01
3.109999999998621547e+02 -8.030493292684901974e+01 1.006775584465063322e-01
3.119999999998612452e+02 -8.033109181562784329e+01 1.003661085400907177e-01
3.129999999998603357e+02 -8.035463851381926759e+01 1.000609535427039870e-01
3.139999999998594262e+02 -8.037598940874113396e+01 9.976191066433412469e-02
3.149999999998585167e+02 -8.039549119770829577e+01 9.946880216822583110e-02
3.159999999998576072e+02 -8.041343243072905977e+01 9.918145549992625487e-02
3.169999999998566977e+02 -8.043005320102520272e+01 9.889970334974118593e-02
3.179999999998557882e+02 -8.044555326184625699e+01 9.862338366173660498e-02
3.189999999998548788e+02 -8.046009881212674486e+01 9.835233960029805822e-02
3.199999999998539693e+02 -8.047382816023454666e+01 9.808641948342189387e-02
3.209999999998530598e+02 -8.048685644498391412e+01 9.782547669034159787e-02
3.219999999998521503e+02 -8.049927956641388960e+01 9.756936954975178877e-02
3.229999999998512408e+02 -8.051117745551664484e+01 9.731796121376076747e-02
3.239999999998503313e+02 -8.052261679191640553e+01 9.707111952175051517e-02
3.249999999998494218e+02 -8.053365326118171197e+01 9.682871685752469926e-02
3.259999999998485123e+02 -8.054433342868571799e+01 9.659063000246231878e-02
3.269999999998476028e+02 -8.055469629439895130e+01 9.635673998684385344e-02
3.279999999998466933e+02 -8.056477458241523948e+01 9.612693194105979833e-02
3.289999999998457838e+02 -8.057459581010114391e+01 9.590109494803954193e-02
3.299999999998448743e+02 -8.058418317427403110e+01 9.567912189792969480e-02
3.309999999998439648e+02 -8.059355628554943962e+01 9.546090934580166165e-02
3.319999999998430553e+02 -8.060273177675280465e+01 9.524635737296473226e-02
3.329999999998421458e+02 -8.061172380691931494e+01 9.503536945229663913e-02
3.339999999998412363e+02 -8.062054447875459573e+01 9.482785231787183022e-02
3.349999999998403268e+02 -8.062920418439317416e+01 9.462371583906172001e-02
3.359999999998394173e+02 -8.063771189176235055e+01 9.442287289919851223e-02
3.369999999998385078e+02 -8.064607538175857826e+01 9.422523927882725525e-02
3.379999999998375984e+02 -8.065430144469650031e+01 9.403073354352116386e-02
3.389999999998366889e+02 -8.066239604304360000e+01 9.383927693619566190e-02
3.399999999998357794e+02 -8.067036444624709191e+01 9.365079327382579144e-02
3.409999999998348699e+02 -8.067821134246527492e+01 9.346520884845260779e-02
3.419999999998339604e+02 -8.068594093118566946e+01 9.328245233234555567e-02
3.429999999998330509e+02 -8.069355700002738274e+01 9.310245468717991135e-02
3.439999999998321414e+02 -8.070106298845769288e+01 9.292514907708110394e-02
3.449999999998312319e+02 -8.070846204068124052e+01 9.275047078538253831e-02
3.459999999998303224e+02 -8.071575704956967456e+01 9.257835713494608210e-02
3.469999999998294129e+02 -8.072295069317939920e+01 9.240874741189170072e-02
3.479999999998285034e+02 -8.073004546513433866e+01 9.224158279258812265e-02
3.489999999998275939e+02 -8.073704369993325258e+01 9.207680627375737503e-02
3.499999999998266844e+02 -8.074394759405501532e+01 9.191436260555198301e-02
3.509999999998257749e+02 -8.075075922358593061e+01 9.175419822746695708e-02
3.519999999998248654e+02 -8.075748055896656297e+01 9.159626120695607554e-02
3.529999999998239559e+02 -8.076411347735380275e+01 9.144050118062424515e-02
3.539999999998230464e+02 -8.077065977300584620e+01 9.128686929787560578e-02
3.549999999998221369e+02 -8.077712116602869230e+01 9.113531816690155496e-02
3.559999999998212274e+02 -8.078349930976391136e+01 9.098580180289814190e-02
3.569999999998203180e+02 -8.078979579704879654e+01 9.083827557840784550e-02
3.579999999998194085e+02 -8.079601216553939480e+01 9.069269617568651021e-02
3.589999999998184990e+02 -8.080214990225532290e+01 9.054902154099959966e-02
3.599999999998175895e+02 -8.080821044747666804e+01 9.040721084075796499e-02
3.609999999998166800e+02 -8.081419519810137331e+01 9.026722441940863984e-02
3.619999999998157705e+02 -8.082010551055152803e+01 9.012902375899801977e-02
3.629999999998148610e+02 -8.082594270330486097e+01 8.999257144033168121e-02
3.639999999998139515e+02 -8.083170805911005630e+01 8.985783110565770393e-02
3.649999999998130420e+02 -8.083740282693899815e+01 8.972476742280419137e-02
3.659999999998121325e+02 -8.084302822371583375e+01 8.959334605070536084e-02
3.669999999998112230e+02 -8.084858543586004487e+01 8.946353360625497464e-02
3.679999999998103135e+02 -8.085407562067007348e+01 8.933529763242673005e-02
3.689999999998094040e+02 -8.085949990757406169e+01 8.920860656760669360e-02
3.699999999998084945e+02 -8.086485939926488697e+01 8.908342971608505800e-02
3.709999999998075850e+02 -8.087015517273856346e+01 8.895973721965534653e-02
3.719999999998066755e+02 -8.087538828024817406e+01 8.883750003027543474e-02
3.729999999998057660e+02 -8.088055975018561128e+01 8.871668988374294129e-02
3.739999999998048565e+02 -8.088567058790094677e+01 8.859727927434289663e-02
3.749999999998039470e+02 -8.089072177646630735e+01 8.847924143042683320e-02
3.759999999998030376e+02 -8.089571427739259946e+01 8.836255029088402324e-02
3.769999999998021281e+02 -8.090064903130370055e+01 8.824718048246756041e-02
3.779999999998012186e+02 -8.090552695857294907e+01 8.813310729794025800e-02
3.789999999998003091e+02 -8.091034895992666520e+01 8.802030667500708450e-02
3.799999999997993996e+02 -8.091511591701704731e+01 8.790875517600146849e-02
3.809999999997984901e+02 -8.091982869296853664e+01 8.779842996829571866e-02
3.819999999997975806e+02 -8.092448813289912835e+01 8.768930880540574957e-02
3.829999999997966711e+02 -8.092909506441937140e+01 8.758137000876321798e-02
3.839999999997957616e+02 -8.093365029811090494e+01 8.747459245012806361e-02
3.849999999997948521e+02 -8.093815462798517046e+01 8.736895553461643260e-02
3.859999999997939426e+02 -8.094260883192535516e+01 8.726443918431996127e-02
3.869999999997930331e+02 -8.094701367211149545e+01 8.716102382249311942e-02
3.879999999997921236e+02 -8.095136989542983486e+01 8.705869035828757430e-02
3.889999999997912141e+02 -8.095567823386799944e+01 8.695742017201080198e-02
3.899999999997903046e+02 -8.095993940489684348e+01 8.685719510089119633e-02
3.909999999997893951e+02 -8.096415411183851063e+01 8.675799742532795678e-02
3.919999999997884856e+02 -8.096832304422321158e+01 8.665980985561000383e-02
3.929999999997875761e+02 -8.097244687813385156e+01 8.656261551908382701e-02
3.939999999997866666e+02 -8.097652627653985746e+01 8.646639794775495824e-02
3.949999999997857572e+02 -8.098056188962027591e+01 8.637114106630693067e-02
3.959999999997848477e+02 -8.098455435507686673e+01 8.627682918052123617e-02
3.969999999997839382e+02 -8.098850429843767529e+01 8.618344696608448707e-02
3.979999999997830287e+02 -8.099241233335098400e+01 8.609097945776832128e-02
3.989999999997821192e+02 -8.099627906187112103e+01 8.599941203896752095e-02
3.999999999997812097e+02 -8.100010507473483301e+01 8.590873043158527012e-02
4.009999999997803002e+02 -8.100389095163036757e+01 8.581892068625042447e-02
4.019999999997793907e+02 -8.100763726145767407e+01 8.572996917285752305e-02
4.029999999997784812e+02 -8.101134456258235161e+01 8.564186257141534475e-02
4.039999999997775717e+02 -8.101501340308074361e+01 8.555458786319460052e-02
4.049999999997766622e+02 -8.101864432097947599e+01 8.546813232216397827e-02
4.059999999997757527e+02 -8.102223784448692356e+01 8.538248350670339659e-02
4.069999999997748432e+02 -8.102579449221904895e+01 8.529762925158554387e-02
4.079999999997739337e+02 -8.102931477341820710e+01 8.521355766021546096e-02
4.089999999997730242e+02 -8.103279918816656391e+01 8.513025709712039590e-02
4.099999999997721147e+02 -8.103624822759293522e+01 8.504771618067898109e-02
4.109999999997712052e+02 -8.103966237407422568e+01 8.496592377608352953e-02
4.119999999997702957e+02 -8.104304210143122589e+01 8.488486898852615203e-02
4.129999999997693862e+02 -8.104638787511929365e+01 8.480454115660115977e-02
4.139999999997684768e+02 -8.104970015241363512e+01 8.472492984591621645e-02
4.149999999997675673e+02 -8.105297938258959789e+01 8.464602484290530138e-02
4.159999999997666578e+02 -8.105622600709810399e+01 8.456781614883619735e-02
4.169999999997657483e+02 -8.105944045973669176e+01 8.449029397400553698e-02
4.179999999997648388e+02 -8.106262316681569757e+01 8.441344873211627242e-02
4.189999999997639293e+02 -8.106577454732025956e+01 8.433727103482976939e-02
4.199999999997630198e+02 -8.106889501306763179e+01 8.426175168648727953e-02
4.209999999997621103e+02 -8.107198496886113048e+01 8.418688167899508745e-02
4.219999999997612008e+02 -8.107504481263910634e+01 8.411265218686805878e-02
4.229999999997602913e+02 -8.107807493562103218e+01 8.403905456242538596e-02
4.239999999997593818e+02 -8.108107572244934147e+01 8.396608033113396596e-02
4.249999999997584723e+02 -8.108404755132744413e+01 8.389372118709460813e-02
4.259999999997575628e+02 -8.108699079415463018e+01 8.382196898866570156e-02
4.269999999997566533e+02 -8.108990581665740649e+01 8.375081575422045621e-02
4.279999999997557438e+02 -8.109279297851720969e+01 8.368025365803249960e-02
4.289999999997548343e+02 -8.109565263349534803e+01 8.361027502628598507e-02
4.299999999997539248e+02 -8.109848512955467470e+01 8.354087233320631189e-02
4.309999999997530153e+02 -8.110129080897817744e+01 8.347203819730660002e-02
4.319999999997521059e+02 -8.110407000848434222e+01 8.340376537774719934e-02
4.329999999997511964e+02 -8.110682305934048486e+01 8.333604677080334866e-02
4.339999999997502869e+02 -8.110955028747231665e+01 8.326887540643876373e-02
4.349999999997493774e+02 -8.111225201357132164e+01 8.320224444498011684e-02
4.359999999997484679e+02 -8.111492855319974637e+01 8.313614717389038178e-02
4.369999999997475584e+02 -8.111758021689252018e+01 8.307057700463707506e-02
4.379999999997466489e+02 -8.112020731025722853e+01 8.300552746965285389e-02
4.389999999997457394e+02 -8.112281013407098840e+01 8.294099221938477928e-02
4.399999999997448299e+02 -8.112538898437603052e+01 8.287696501942985738e-02
4.409999999997439204e+02 -8.112794415257184255e+01 8.281343974775420835e-02
4.419999999997430109e+02 -8.113047592550617537e+01 8.275041039199217130e-02
4.429999999997421014e+02 -8.113298458556300830e+01 8.268787104682441547e-02
4.439999999997411919e+02 -8.113547041074915001e+01 8.262581591143085269e-02
4.449999999997402824e+02 -8.113793367477843788e+01 8.256423928701693560e-02
4.459999999997393729e+02 -8.114037464715423198e+01 8.250313557441055212e-02
4.469999999997384634e+02 -8.114279359324945062e+01 8.244249927172786485e-02
4.479999999997375539e+02 -8.114519077438551165e+01 8.238232497210463967e-02
4.489999999997366444e+02 -8.114756644790878681e+01 8.232260736149263347e-02
4.499999999997357349e+02 -8.114992086726586251e+01 8.226334121651757147e-02
4.509999999997348255e+02 -8.115225428207678249e+01 8.220452140239770111e-02
4.519999999997339160e+02 -8.115456693820642897e+01 8.214614287092003586e-02
4.529999999997330065e+02 -8.115685907783469588e+01 8.208820065847381720e-02
4.539999999997320970e+02 -8.115913093952524093e+01 8.203068988413789175e-02
4.549999999997311875e+02 -8.116138275829160875e+01 8.197360574782158738e-02
4.559999999997302780e+02 -8.116361476566328292e+01 8.191694352845647897e-02
4.569999999997293685e+02 -8.116582718974940747e+01 8.186069858223826712e-02
4.579999999997284590e+02 -8.116802025530144249e+01 8.180486634091641007e-02
4.589999999997275495e+02 -8.117019418377390139e+01 8.174944231013032969e-02
4.599999999997266400e+02 -8.117234919338488908e+01 8.169442206779106708e-02
4.609999999997257305e+02 -8.117448549917379808e+01 8.163980126250700020e-02
4.619999999997248210e+02 -8.117660331305906141e+01 8.158557561205109776e-02
4.629999999997239115e+02 -8.117870284389378810e+01 8.153174090187019496e-02
4.639999999997230020e+02 -8.118078429752101499e+01 8.147829298363359896e-02
4.649999999997220925e+02 -8.118284787682677006e+01 8.142522777382062149e-02
4.659999999997211830e+02 -8.118489378179299365e+01 8.137254125234523461e-02
4.669999999997202735e+02 -8.118692220954829963e+01 8.132022946121764129e-02
4.679999999997193640e+02 -8.118893335441875081e+01 8.126828850324040177e-02
4.689999999997184545e+02 -8.119092740797675845e+01 8.121671454073907392e-02
4.699999999997175451e+02 -8.119290455908915760e+01 8.116550379432599382e-02
4.709999999997166356e+02 -8.119486499396464296e+01 8.111465254169593353e-02
4.719999999997157261e+02 -8.119680889619938569e+01 8.106415711645298394e-02
4.729999999997148166e+02 -8.119873644682270708e+01 8.101401390696792715e-02
4.739999999997139071e+02 -8.120064782434090489e+01 8.096421935526440516e-02
4.749999999997129976e+02 -8.120254320478098009e+01 8.091476995593414878e-02
4.759999999997120881e+02 -8.120442276173280050e+01 8.086566225507915706e-02
4.769999999997111786e+02 -8.120628666639045434e+01 8.081689284928129935e-02
4.779999999997102691e+02 -8.120813508759330546e+01 8.076845838459716098e-02
4.789999999997093596e+02 -8.120996819186571258e+01 8.072035555557879882e-02
4.799999999997084501e+02 -8.121178614345606661e+01 8.067258110431867191e-02
4.809999999997075406e+02 -8.121358910437520251e+01 8.062513181951812269e-02
4.819999999997066311e+02 -8.121537723443357493e+01 8.057800453557940890e-02
4.829999999997057216e+02 -8.121715069127832010e+01 8.053119613171967617e-02
4.839999999997048121e+02 -8.121890963042912404e+01 8.048470353110671882e-02
4.849999999997039026e+02 -8.122065420531357915e+01 8.043852370001650098e-02
4.859999999997029931e+02 -8.122238456730158873e+01 8.039265364701020378e-02
4.869999999997020836e+02 -8.122410086573933086e+01 8.034709042213170060e-02
4.879999999997011741e+02 -8.122580324798262552e+01 8.030183111612464175e-02
4.889999999997002647e+02 -8.122749185942952010e+01 8.025687285966755236e-02
4.899999999996993552e+02 -8.122916684355193695e+01 8.021221282262806784e-02
4.909999999996984457e+02 -8.123082834192727830e+01 8.016784821333436395e-02
4.919999999996975362e+02 -8.123247649426897965e+01 8.012377627786386458e-02
4.929999999996966267e+02 -8.123411143845665094e+01 8.007999429934892222e-02
4.939999999996957172e+02 -8.123573331056581992e+01 8.003649959729858265e-02
4.949999999996948077e+02 -8.123734224489649591e+01 7.999328952693626760e-02
4.959999999996938982e+02 -8.123893837400150630e+01 7.995036147855276443e-02
4.969999999996929887e+02 -8.124052182871503192e+01 7.990771287687428726e-02
4.979999999996920792e+02 -8.124209273817943711e+01 7.986534118044505415e-02
4.989999999996911697e+02 -8.124365122987188670e+01 7.982324388102395030e-02
4.999999999996902602e+02 -8.124519742963104818e+01 7.978141850299486082e-02
5.000000000000000000e+02 -8.124519742963153135e+01 7.978141850298194060e-02
