1.000000000000000666e+00 -7.216991289666988507e+01 7.359473037263815354e-02
2.000000000000001332e+00 -6.326897069556778774e+01 7.362469569375071354e-02
3.000000000000002220e+00 -4.167219488739180022e-01 7.373743642538350962e-02
4.000000000000002665e+00 3.562060926288695839e+01 7.926141865801654418e-02
4.999999999999892530e+00 2.978305590119017410e+01 9.310080888798551169e-02
5.999999999999782396e+00 2.540295485918065665e+01 1.118673398988034168e-01
6.999999999999672262e+00 2.275169663091392991e+01 1.315533387124339648e-01
7.999999999999562128e+00 2.138122378716526129e+01 1.490148078299688705e-01
8.999999999999452882e+00 2.083090233463824958e+01 1.627922013475512630e-01
9.999999999999342748e+00 2.076637790510057258e+01 1.728106058338970408e-01
1.099999999999923261e+01 2.097119396495833499e+01 1.797058683469612561e-01
1.199999999999912248e+01 2.131248375291972508e+01 1.843026345670735477e-01
1.299999999999901235e+01 2.171121211454000033e+01 1.873457164792505514e-01
1.399999999999890221e+01 2.212136378400690262e+01 1.894085311018578743e-01
1.499999999999879208e+01 2.251644098147799156e+01 1.908905409361977557e-01
1.599999999999868194e+01 2.288100642709662580e+01 1.920483627680608929e-01
1.699999999999901590e+01 2.320548586938390301e+01 1.930334798705744259e-01
1.799999999999934985e+01 2.348298072713146567e+01 1.939256000236969368e-01
1.899999999999968381e+01 2.370725925525194810e+01 1.947583183641200255e-01
2.000000000000001776e+01 2.387141203294973835e+01 1.955369571861830247e-01
2.100000000000035172e+01 2.396695330097983501e+01 1.962498048351596913e-01
2.200000000000068567e+01 2.398358901600475335e+01 1.968748809366825392e-01
2.300000000000101963e+01 2.391074029391086953e+01 1.973855739940236775e-01
2.400000000000135358e+01 2.374308911500041575e+01 1.977593893285718163e-01
2.500000000000168754e+01 2.349086773435145403e+01 1.979904305401797016e-01
2.600000000000202149e+01 2.318577042216019990e+01 1.980958405467538319e-01
2.700000000000235545e+01 2.286852869243181274e+01 1.981064753494693187e-01
2.800000000000268940e+01 2.256848942647790679e+01 1.980521170262618813e-01
2.900000000000302336e+01 2.229756950043330832e+01 1.979551909488464212e-01
3.000000000000335731e+01 2.205657582313297027e+01 1.978314109719851166e-01
3.100000000000369127e+01 2.184202371631915085e+01 1.976917068136893885e-01
3.200000000000402167e+01 2.164965808791180990e+01 1.975436214498002829e-01
3.300000000000346745e+01 2.147568249180869060e+01 1.973922392388904601e-01
3.400000000000291323e+01 2.131698677937308517e+01 1.972408609897441933e-01
3.500000000000235900e+01 2.117105103237036445e+01 1.970915186582601064e-01
3.600000000000180478e+01 2.103579578228134395e+01 1.969453624722847240e-01
3.700000000000125056e+01 2.090946186420105235e+01 1.968029425591608650e-01
3.800000000000069633e+01 2.079053149481161356e+01 1.966644082032528162e-01
3.900000000000014211e+01 2.067768064195022149e+01 1.965296467117303714e-01
3.999999999999958789e+01 2.056975037809389661e+01 1.963983797434116774e-01
4.099999999999903366e+01 2.046572812721813861e+01 1.962702301159754414e-01
4.199999999999847944e+01 2.036473338814164791e+01 1.961447680432736040e-01
4.299999999999792522e+01 2.026600519696633285e+01 1.960215428542621263e-01
4.399999999999737099e+01 2.016889020050614434e+01 1.959001043334299974e-01
4.499999999999681677e+01 2.007283104743968138e+01 1.957800165919147961e-01
4.599999999999626255e+01 1.997735516794321242e+01 1.956608665716120243e-01
4.699999999999570832e+01 1.988206412385377320e+01 1.955422687320961528e-01
4.799999999999515410e+01 1.978662370386224723e+01 1.954238670729897265e-01
4.899999999999459988e+01 1.969075488576299904e+01 1.953053353479323462e-01
4.999999999999404565e+01 1.959422572724351497e+01 1.951863761003465036e-01
5.099999999999349143e+01 1.949684419406395364e+01 1.950667189780437016e-01
5.199999999999293721e+01 1.939845189487330401e+01 1.949461186516948941e-01
5.299999999999238298e+01 1.929891866533468558e+01 1.948243525626751627e-01
5.399999999999182876e+01 1.919813792863650903e+01 1.947012186518810584e-01
5.499999999999127454e+01 1.909602275226830415e+01 1.945765331671970300e-01
5.599999999999072031e+01 1.899250251972349446e+01 1.944501286086702807e-01
5.699999999999016609e+01 1.888752013855934209e+01 1.943218518434171593e-01
5.799999999998961187e+01 1.878102971145978373e+01 1.941915624038231258e-01
5.899999999998905764e+01 1.867299460348437279e+01 1.940591309704008671e-01
5.999999999998850342e+01 1.856338584576818462e+01 1.939244380329491202e-01
6.099999999998794920e+01 1.845218082303806284e+01 1.937873727190982942e-01
6.199999999998739497e+01 1.833936219910332710e+01 1.936478317769182167e-01
6.299999999998684075e+01 1.822491704077387453e+01 1.935057186973352383e-01
6.399999999998628653e+01 1.810883610635835694e+01 1.933609429620922748e-01
6.499999999998750866e+01 1.799111326996963811e+01 1.932134194035725339e-01
6.599999999998873079e+01 1.787174505732486551e+01 1.930630676637267729e-01
6.699999999998995293e+01 1.775073027259896108e+01 1.929098117404182966e-01
6.799999999999117506e+01 1.762806969923566669e+01 1.927535796106447652e-01
6.899999999999239719e+01 1.750376586047569560e+01 1.925943029212109914e-01
6.999999999999361933e+01 1.737782282779377141e+01 1.924319167384872242e-01
7.099999999999484146e+01 1.725024606749523670e+01 1.922663593498734336e-01
7.199999999999606359e+01 1.712104231745487581e+01 1.920975721104648259e-01
7.299999999999728573e+01 1.699021948743608235e+01 1.919254993292079658e-01
7.399999999999850786e+01 1.685778657764273092e+01 1.917500881895292109e-01
7.499999999999972999e+01 1.672375361116866088e+01 1.915712887000249887e-01
7.600000000000095213e+01 1.658813157684997819e+01 1.913890536713214741e-01
7.700000000000217426e+01 1.645093237971927991e+01 1.912033387156725217e-01
7.800000000000339639e+01 1.631216879683418952e+01 1.910141022662399657e-01
7.900000000000461853e+01 1.617185443672335410e+01 1.908213056133367391e-01
8.000000000000584066e+01 1.603000370107828232e+01 1.906249129551902122e-01
8.100000000000706279e+01 1.588663174763361319e+01 1.904248914610129351e-01
8.200000000000828493e+01 1.574175445343362156e+01 1.902212113443755570e-01
8.300000000000950706e+01 1.559538837789017585e+01 1.900138459450326500e-01
8.400000000001072920e+01 1.544755072520323047e+01 1.898027718174979672e-01
8.500000000001195133e+01 1.529825930584792815e+01 1.895879688247793238e-01
8.600000000001317346e+01 1.514753249693952419e+01 1.893694202357809331e-01
8.700000000001439560e+01 1.499538920137023368e+01 1.891471128249633815e-01
8.800000000001561773e+01 1.484184880567861953e+01 1.889210369729202033e-01
8.900000000001683986e+01 1.468693113666288674e+01 1.886911867665929665e-01
9.000000000001806200e+01 1.453065641678868580e+01 1.884575600978926069e-01
9.100000000001928413e+01 1.437304521847184624e+01 1.882201587595511427e-01
9.200000000002050626e+01 1.421411841733767289e+01 1.879789885370572455e-01
9.300000000002172840e+01 1.405389714457484018e+01 1.877340592955865084e-01
9.400000000002295053e+01 1.389240273851177854e+01 1.874853850608610706e-01
9.500000000002417266e+01 1.372965669555084212e+01 1.872329840929258804e-01
9.600000000002539480e+01 1.356568062059834112e+01 1.869768789518629626e-01
9.700000000002661693e+01 1.340049617713051155e+01 1.867170965545107697e-01
9.800000000002783906e+01 1.323412503703358034e+01 1.864536682213076835e-01
9.900000000002906120e+01 1.306658883035433938e+01 1.861866297124153968e-01
1.000000000000302833e+02 1.289790909509346939e+01 1.859160212523488231e-01
1.010000000000315055e+02 1.272810722716929632e+01 1.856418875423841985e-01
1.020000000000327276e+02 1.255720443067392011e+01 1.853642777600835456e-01
1.030000000000339497e+02 1.238522166853762663e+01 1.850832455453434167e-01
1.040000000000351719e+02 1.221217961371070082e+01 1.847988489724404215e-01
1.050000000000363940e+02 1.203809860096416529e+01 1.845111505076268144e-01
1.060000000000376161e+02 1.186299857940417901e+01 1.842202169519078780e-01
1.070000000000388383e+02 1.168689906578582871e+01 1.839261193687081741e-01
1.080000000000400604e+02 1.150981909870525755e+01 1.836289329962326189e-01
1.090000000000412825e+02 1.133177719373896863e+01 1.833287371444022040e-01
1.100000000000425047e+02 1.115279129959220938e+01 1.830256150763457101e-01
1.110000000000437268e+02 1.097287875530841816e+01 1.827196538745146925e-01
1.120000000000449489e+02 1.079205624858327184e+01 1.824109442915837209e-01
1.130000000000461711e+02 1.061033977521808147e+01 1.820995805863867278e-01
1.140000000000473932e+02 1.042774459973788659e+01 1.817856603452355779e-01
1.150000000000486153e+02 1.024428521719072549e+01 1.814692842890575919e-01
1.160000000000498375e+02 1.005997531613566665e+01 1.811505560668710546e-01
1.170000000000510596e+02 9.874827742818105492e+00 1.808295820362053052e-01
1.180000000000522817e+02 9.688854466521991782e+00 1.805064710311539700e-01
1.190000000000535039e+02 9.502066546079843690e+00 1.801813341188204520e-01
1.200000000000547260e+02 9.314474097513246065e+00 1.798542843449885964e-01
1.210000000000559481e+02 9.126086262767618251e+00 1.795254364699154781e-01
1.220000000000571703e+02 8.936911179497336377e+00 1.791949066951981084e-01
1.230000000000583924e+02 8.746955951849441746e+00 1.788628123827170902e-01
1.240000000000596145e+02 8.556226622186544617e+00 1.785292717667039952e-01
1.250000000000608367e+02 8.364728143682500061e+00 1.781944036600084380e-01
1.260000000000620588e+02 8.172464353717369789e+00 1.778583271556739287e-01
1.270000000000632809e+02 7.979437947992186864e+00 1.775211613249429443e-01
1.280000000000644889e+02 7.785650455277601800e+00 1.771830249128221735e-01
1.290000000000621583e+02 7.591102212705822971e+00 1.768440360323381144e-01
1.300000000000598277e+02 7.395792341505909029e+00 1.765043118586029636e-01
1.310000000000574971e+02 7.199718723088098571e+00 1.761639683238016563e-01
1.320000000000551665e+02 7.002877975364768304e+00 1.758231198141682328e-01
1.330000000000528360e+02 6.805265429202088434e+00 1.754818788700054366e-01
1.340000000000505054e+02 6.606875104889139649e+00 1.751403558897446089e-01
1.350000000000481748e+02 6.407699688508817104e+00 1.747986588390030016e-01
1.360000000000458442e+02 6.207730508092399901e+00 1.744568929655429812e-01
1.370000000000435136e+02 6.006957509437889087e+00 1.741151605209668440e-01
1.380000000000411831e+02 5.805369231470258740e+00 1.737735604899257880e-01
1.390000000000388525e+02 5.602952781021074635e+00 1.734321883275457832e-01
1.400000000000365219e+02 5.399693806903878013e+00 1.730911357056998667e-01
1.410000000000341913e+02 5.195576473161851006e+00 1.727504902686806121e-01
1.420000000000318607e+02 4.990583431363992517e+00 1.724103353987440634e-01
1.430000000000295302e+02 4.784695791827375366e+00 1.720707499919195416e-01
1.440000000000271996e+02 4.577893093643555567e+00 1.717318082443941574e-01
1.450000000000248690e+02 4.370153273389177251e+00 1.713935794497012111e-01
1.460000000000225384e+02 4.161452632402867557e+00 1.710561278068618019e-01
1.470000000000202078e+02 3.951765802513080406e+00 1.707195122395455955e-01
1.480000000000178773e+02 3.741065710104937381e+00 1.703837862262433667e-01
1.490000000000155467e+02 3.529323538417852735e+00 1.700489976413677995e-01
1.500000000000132161e+02 3.316508687970460389e+00 1.697151886071270321e-01
1.510000000000108855e+02 3.102588735014510934e+00 1.693823953559542295e-01
1.520000000000085549e+02 2.887529387925775293e+00 1.690506481032038044e-01
1.530000000000062244e+02 2.671294441447201073e+00 1.687199709297814432e-01
1.540000000000038938e+02 2.453845728707646945e+00 1.683903816743095583e-01
1.550000000000015632e+02 2.235143070949404454e+00 1.680618918344010670e-01
1.559999999999992326e+02 2.015144224908345549e+00 1.677345064765627114e-01
1.569999999999969020e+02 1.793804827803417767e+00 1.674082241542252936e-01
1.579999999999945715e+02 1.571078339906544663e+00 1.670830368333748039e-01
1.589999999999922409e+02 1.346915984680489009e+00 1.667589298252412922e-01
1.599999999999899103e+02 1.121266686491408038e+00 1.664358817254990852e-01
1.609999999999875797e+02 8.940770059243708934e-01 1.661138643594321784e-01
1.619999999999852491e+02 6.652910727550486181e-01 1.657928427325293941e-01
1.629999999999829186e+02 4.348505166591110083e-01 1.654727749860041008e-01
1.639999999999805880e+02 2.026943957733222668e-01 1.651536123567546033e-01
1.649999999999782574e+02 -3.124087674090982730e-02 1.648352991413322977e-01
1.659999999999759268e+02 -2.670216079385547836e-01 1.645177726635424220e-01
1.669999999999735962e+02 -5.047169018959191122e-01 1.642009632453619306e-01
1.679999999999712657e+02 -7.443987377845898701e-01 1.638847941809475628e-01
1.689999999999689351e+02 -9.861420488578990229e-01 1.635691817135986881e-01
1.699999999999666045e+02 -1.230024801923777389e+00 1.632540350156510001e-01
1.709999999999642739e+02 -1.476128076799208433e+00 1.629392561714016474e-01
1.719999999999619433e+02 -1.724536145152837152e+00 1.626247401633078848e-01
1.729999999999596128e+02 -1.975336548042341489e+00 1.623103748618646425e-01
1.739999999999572822e+02 -2.228620171341248568e+00 1.619960410197417711e-01
1.749999999999549516e+02 -2.484481318124357241e+00 1.616816122709624215e-01
1.759999999999526210e+02 -2.743017776940752661e+00 1.613669551361223975e-01
1.769999999999502904e+02 -3.004330884747760333e+00 1.610519290348935428e-01
1.779999999999479599e+02 -3.268525583105819088e+00 1.607363863073142385e-01
1.789999999999456293e+02 -3.535710466043783029e+00 1.604201722456624901e-01
1.799999999999432987e+02 -3.805997817793950855e+00 1.601031251390142573e-01
1.809999999999409681e+02 -4.079503638366766438e+00 1.597850763329229096e-01
1.819999999999386375e+02 -4.356347654686166138e+00 1.594658503070162381e-01
1.829999999999363069e+02 -4.636653314738193643e+00 1.591452647736816828e-01
1.839999999999339764e+02 -4.920547761899486616e+00 1.588231308014095011e-01
1.849999999999316458e+02 -5.208161786310880004e+00 1.584992529667758332e-01
1.859999999999293152e+02 -5.499629749849086480e+00 1.581734295394737200e-01
1.869999999999269846e+02 -5.795089480933760306e+00 1.578454527052193523e-01
1.879999999999246540e+02 -6.094682135092279296e+00 1.575151088317997827e-01
1.889999999999223235e+02 -6.398552016913190421e+00 1.571821787839211282e-01
1.899999999999199929e+02 -6.706846358758140170e+00 1.568464382929045942e-01
1.909999999999176623e+02 -7.019715051401495209e+00 1.565076583876099936e-01
1.919999999999153317e+02 -7.337310321655608369e+00 1.561656058932311686e-01
1.929999999999130011e+02 -7.659786352056153547e+00 1.558200440047773916e-01
1.939999999999106706e+02 -7.987298837877419011e+00 1.554707329421111395e-01
1.949999999999083400e+02 -8.320004477181925040e+00 1.551174306933032487e-01
1.959999999999060094e+02 -8.658060390357743330e+00 1.547598938527537105e-01
1.969999999999036788e+02 -9.001623466748595703e+00 1.543978785599783299e-01
1.979999999999013482e+02 -9.350849637638297907e+00 1.540311415441078802e-01
1.989999999998990177e+02 -9.705893077125319124e+00 1.536594412779350438e-01
1.999999999998966871e+02 -1.006690533543666710e+01 1.532825392437159595e-01
2.009999999998943565e+02 -1.043403441310241675e+01 1.529002013108280711e-01
2.019999999998920259e+02 -1.080742378924948532e+01 1.525121992227217727e-01
2.029999999998896953e+02 -1.118721142315485118e+01 1.521183121873519173e-01
2.039999999998873648e+02 -1.157352875514451895e+01 1.517183285613596389e-01
2.049999999998850342e+02 -1.196649974087753066e+01 1.513120476136897985e-01
2.059999999998827036e+02 -1.236623996183487151e+01 1.508992813490748763e-01
2.069999999998803730e+02 -1.277285586410692808e+01 1.504798563659265065e-01
2.079999999998780424e+02 -1.318644418681522446e+01 1.500536157167761953e-01
2.089999999998757119e+02 -1.360709164996572795e+01 1.496204207326636559e-01
2.099999999998733813e+02 -1.403487497823289587e+01 1.491801527660593651e-01
2.109999999998710507e+02 -1.446986134090954934e+01 1.487327148004078115e-01
2.119999999998687201e+02 -1.491210928765309518e+01 1.482780328686644500e-01
2.129999999998663895e+02 -1.536167025324168733e+01 1.478160572188826904e-01
2.139999999998640590e+02 -1.581859069090934611e+01 1.473467631626615149e-01
2.149999999998617284e+02 -1.628291487175548014e+01 1.468701515428492144e-01
2.159999999998593978e+02 -1.675468835645296295e+01 1.463862487610674834e-01
2.169999999998570672e+02 -1.723396210489549318e+01 1.458951063140498938e-01
2.179999999998547366e+02 -1.772079714027739428e+01 1.453967998010256557e-01
2.189999999998524061e+02 -1.821526962819321938e+01 1.448914273826687471e-01
2.199999999998500755e+02 -1.871747617165364375e+01 1.443791076954109853e-01
2.209999999998477449e+02 -1.922753906365809584e+01 1.438599772526175380e-01
2.219999999998454143e+02 -1.974561118554435524e+01 1.433341873951981815e-01
2.229999999998430837e+02 -2.027188019822553144e+01 1.428019008870983764e-01
2.239999999998407532e+02 -2.080657165187353286e+01 1.422632882836290247e-01
2.249999999998384226e+02 -2.134995064521073971e+01 1.417185242302272108e-01
2.259999999998360920e+02 -2.190232170555138325e+01 1.411677838730545365e-01
2.269999999998337614e+02 -2.246402664093227841e+01 1.406112395778138513e-01
2.279999999998314308e+02 -2.303544023909203631e+01 1.400490581563179071e-01
2.289999999998291003e+02 -2.361696385309700119e+01 1.394813987891096174e-01
2.299999999998267697e+02 -2.420901711192207983e+01 1.389084118050261663e-01
2.309999999998244391e+02 -2.481202821021479821e+01 1.383302384344471114e-01
2.319999999998221085e+02 -2.542642343972293517e+01 1.377470115932274974e-01
2.329999999998197779e+02 -2.605261679540718589e+01 1.371588576822583838e-01
2.339999999998174474e+02 -2.669100058713701173e+01 1.365658993088336715e-01
2.349999999998151168e+02 -2.734193798630824546e+01 1.359682587582972668e-01
2.359999999998127862e+02 -2.800575831960277995e+01 1.353660619770058193e-01
2.369999999998104556e+02 -2.868275569458130647e+01 1.347594427797856320e-01
2.379999999998081250e+02 -2.937319123106572150e+01 1.341485469745138381e-01
2.389999999998057945e+02 -3.007729882428701274e+01 1.335335361074923566e-01
2.399999999998034639e+02 -3.079529403538328225e+01 1.329145905755063639e-01
2.409999999998011333e+02 -3.152738544274874499e+01 1.322919119182705272e-01
2.419999999997988027e+02 -3.227378762867216722e+01 1.316657241885901553e-01
2.429999999997964721e+02 -3.303473493144472428e+01 1.310362743847541256e-01
2.439999999997941416e+02 -3.381049515250334281e+01 1.304038320083789615e-01
2.449999999997918110e+02 -3.460138254300387217e+01 1.297686878714693071e-01
2.459999999997894804e+02 -3.540776956829054711e+01 1.291311523132764594e-01
2.469999999997871498e+02 -3.623009712659726489e+01 1.284915529996468742e-01
2.479999999997848192e+02 -3.706888305156259378e+01 1.278502324679237911e-01
2.489999999997824887e+02 -3.792472883795866778e+01 1.272075455549370460e-01
2.499999999997801581e+02 -3.879832458691164732e+01 1.265638568111079332e-01
2.509999999997778275e+02 -3.969045216821820077e+01 1.259195379669991455e-01
2.519999999997754969e+02 -4.060198655275349466e+01 1.252749654852602923e-01
2.529999999997731663e+02 -4.153389519236480254e+01 1.246305182044541715e-01
2.539999999997708358e+02 -4.248723499598607845e+01 1.239865750642940578e-01
2.549999999997685052e+02 -4.346314648687783944e+01 1.233435128956371224e-01
2.559999999997661746e+02 -4.446284434410036823e+01 1.227017042596074553e-01
2.569999999997709210e+02 -4.548760317775473538e+01 1.220615153296828875e-01
2.579999999997756959e+02 -4.653873700792150458e+01 1.214233038266323839e-01
2.589999999997804707e+02 -4.761757043150620206e+01 1.207874170365370869e-01
2.599999999997852456e+02 -4.872539889975226401e+01 1.201541899654394452e-01
2.609999999997900204e+02 -4.986343491221069968e+01 1.195239437086321882e-01
2.619999999997947953e+02 -5.103273631458073112e+01 1.188969841369545977e-01
2.629999999997995701e+02 -5.223411238080667118e+01 1.182736010248386788e-01
2.639999999998043450e+02 -5.346800316749509108e+01 1.176540677629703269e-01
2.649999999998091198e+02 -5.473432808449990716e+01 1.170386418089445490e-01
2.659999999998138946e+02 -5.603230122710820638e+01 1.164275660273786372e-01
2.669999999998186695e+02 -5.736021442724302943e+01 1.158210710498329410e-01
2.679999999998234443e+02 -5.871519495515605058e+01 1.152193787360207000e-01
2.689999999998282192e+02 -6.009295393953238573e+01 1.146227067317302784e-01
2.699999999998329940e+02 -6.148755384380075384e+01 1.140312739880457171e-01
2.709999999998377689e+02 -6.289123734851440872e+01 1.134453069299787009e-01
2.719999999998425437e+02 -6.429437219379713042e+01 1.128650457533284662e-01
2.729999999998473186e+02 -6.568557093040696770e+01 1.122907501201094588e-01
2.739999999998520934e+02 -6.705203381947499963e+01 1.117227033721011620e-01
2.749999999998568683e+02 -6.838013205644915615e+01 1.111612143603306485e-01
2.759999999998616431e+02 -6.965619869683014542e+01 1.106066161570666423e-01
2.769999999998664180e+02 -7.086743793159500626e+01 1.100592612932219799e-01
2.779999999998711928e+02 -7.200281962934163005e+01 1.095195136935246533e-01
2.789999999998759677e+02 -7.305381483099107243e+01 1.089877380410722574e-01
2.799999999998807425e+02 -7.401485730786836825e+01 1.084642877397161143e-01
2.809999999998855174e+02 -7.488347732730547079e+01 1.079494928374398616e-01
2.819999999998902922e+02 -7.566012420744652900e+01 1.074436491882185540e-01
2.829999999998950670e+02 -7.634775029498635490e+01 1.069470098161633409e-01
2.839999999998998419e+02 -7.695125644615676208e+01 1.064597790150541012e-01
2.849999999999046167e+02 -7.747689731899281185e+01 1.059821092877830245e-01
2.859999999999093916e+02 -7.793172312819484659e+01 1.055141008902968913e-01
2.869999999999141664e+02 -7.832310526915527760e+01 1.050558035313192279e-01
2.879999999999189413e+02 -7.865836608305758659e+01 1.046072196884931804e-01
2.889999999999237161e+02 -7.894451299440738978e+01 1.041683090052763494e-01
2.899999999999284910e+02 -7.918806522834177031e+01 1.037389932955238570e-01
2.909999999999332658e+02 -7.939495591659819240e+01 1.033191617729993239e-01
2.919999999999380407e+02 -7.957049149678580591e+01 1.029086762187206849e-01
2.929999999999428155e+02 -7.971935195232265414e+01 1.025073758867286050e-01
2.939999999999475904e+02 -7.984561821054640518e+01 1.021150820222994776e-01
2.949999999999523652e+02 -7.995281602854386449e+01 1.017316019241402830e-01
2.959999999999571401e+02 -8.004396847430619744e+01 1.013567325246816919e-01
2.969999999999619149e+02 -8.012165144866706612e+01 1.009902634924081111e-01
2.979999999999666898e+02 -8.018804854293898643e+01 1.006319798797551124e-01
2.989999999999714646e+02 -8.024500292212401575e+01 1.002816643518969486e-01
2.999999999999762395e+02 -8.029406493315224225e+01 9.993909903781485193e-02
3.009999999999810143e+02 -8.033653483959810160e+01 9.960406704709903747e-02
3.019999999999857891e+02 -8.037350055162453089e+01 9.927635369530686538e-02
3.029999999999905640e+02 -8.040587051462495083e+01 9.895574747837616869e-02
3.039999999999953388e+02 -8.043440209206077895e+01 9.864204083329745909e-02
3.050000000000001137e+02 -8.045972586561194362e+01 9.833503071848524735e-02
3.060000000000048885e+02 -8.048236630743457454e+01 9.803451904340527989e-02
3.070000000000096634e+02 -8.050275927552105770e+01 9.774031297323490519e-02
3.080000000000144382e+02 -8.052126675824332835e+01 9.745222513078281856e-02
3.090000000000192131e+02 -8.053818925790436367e+01 9.717007371466108989e-02
3.100000000000239879e+02 -8.055377616197972657e+01 9.689368254980479378e-02
3.110000000000287628e+02 -8.056823440879804821e+01 9.662288108388326913e-02
3.120000000000335376e+02 -8.058173571416128311e+01 9.635750434092614503e-02
3.130000000000383125e+02 -8.059442258821121641e+01 9.609739284157588213e-02
3.140000000000430873e+02 -8.060641333835991418e+01 9.584239249774093028e-02
3.150000000000478622e+02 -8.061780622449627742e+01 9.559235448803907187e-02
3.160000000000526370e+02 -8.062868290687930539e+01 9.534713511924966522e-02
3.170000000000574119e+02 -8.063911130486641810e+01 9.510659567801349468e-02
3.180000000000621867e+02 -8.064914796558208820e+01 9.487060227619820152e-02
3.190000000000669615e+02 -8.065884002543830888e+01 9.463902569266999243e-02
3.200000000000717364e+02 -8.066822683372822667e+01 9.441174121364714900e-02
3.210000000000765112e+02 -8.067734129597612025e+01 9.418862847334834310e-02
3.220000000000812861e+02 -8.068621098504873146e+01 9.396957129626777594e-02
3.230000000000860609e+02 -8.069485905992144126e+01 9.375445754209826843e-02
3.240000000000908358e+02 -8.070330502522456584e+01 9.354317895407236738e-02
3.250000000000956106e+02 -8.071156535904694351e+01 9.333563101128126982e-02
3.260000000001003855e+02 -8.071965403177540566e+01 9.313171278537371589e-02
3.270000000001051603e+02 -8.072758293483701664e+01 9.293132680189838957e-02
3.280000000001099352e+02 -8.073536223496765274e+01 9.273437890645143400e-02
3.290000000001147100e+02 -8.074300066693567146e+01 9.254077813570565914e-02
3.300000000001194849e+02 -8.075050577541692576e+01 9.235043659333436183e-02
3.310000000001242597e+02 -8.075788411486303175e+01 9.216326933079073414e-02
3.320000000001290346e+02 -8.076514141467686159e+01 9.197919423286649021e-02
3.330000000001338094e+02 -8.077228271573741836e+01 9.179813190792321387e-02
3.340000000001385843e+02 -8.077931248326582647e+01 9.162000558267040240e-02
3.350000000001433591e+02 -8.078623470015907060e+01 9.144474100134712680e-02
3.360000000001481339e+02 -8.079305294419660299e+01 9.127226632915663718e-02
3.370000000001529088e+02 -8.079977045193248841e+01 9.110251205979486011e-02
3.380000000001576836e+02 -8.080639017159791138e+01 9.093541092691447003e-02
3.390000000001624585e+02 -8.081291480692874529e+01 9.077089781935916701e-02
3.400000000001672333e+02 -8.081934685350319114e+01 9.060890970001238276e-02
3.410000000001720082e+02 -8.082568862889372951e+01 9.044938552810039001e-02
3.420000000001767830e+02 -8.083194229771362416e+01 9.029226618479786748e-02
3.430000000001815579e+02 -8.083810989244494749e+01 9.013749440198609575e-02
3.440000000001863327e+02 -8.084419333078484726e+01 8.998501469402013508e-02
3.450000000001911076e+02 -8.085019443011272244e+01 8.983477329236695674e-02
3.460000000001958824e+02 -8.085611491958107422e+01 8.968671808298084303e-02
3.470000000002006573e+02 -8.086195645023987311e+01 8.954079854628936574e-02
3.480000000002054321e+02 -8.086772060353558800e+01 8.939696569966859574e-02
3.490000000002102070e+02 -8.087340889846538516e+01 8.925517204229015122e-02
3.500000000002149818e+02 -8.087902279761756574e+01 8.911537150223194925e-02
3.510000000002197567e+02 -8.088456371228998876e+01 8.897751938574577357e-02
3.520000000002245315e+02 -8.089003300684372277e+01 8.884157232858293229e-02
3.530000000002293064e+02 -8.089543200242152921e+01 8.870748824928097187e-02
3.540000000002340812e+02 -8.090076198013947817e+01 8.857522630432464184e-02
3.550000000002388560e+02 -8.090602418383996053e+01 8.844474684509219531e-02
3.560000000002436309e+02 -8.091121982247854305e+01 8.831601137650813005e-02
3.570000000002484057e+02 -8.091635007220686759e+01 8.818898251732323890e-02
3.580000000002531806e+02 -8.092141607819897331e+01 8.806362396195110964e-02
3.590000000002579554e+02 -8.092641895626570658e+01 8.793990044378904858e-02
3.600000000002627303e+02 -8.093135979428812732e+01 8.781777769995958993e-02
3.610000000002675051e+02 -8.093623965349978278e+01 8.769722243740850354e-02
3.620000000002722800e+02 -8.094105956964156690e+01 8.757820230030104180e-02
3.630000000002770548e+02 -8.094582055400792342e+01 8.746068583865862500e-02
3.640000000002818297e+02 -8.095052359439959844e+01 8.734464247818343741e-02
3.650000000002866045e+02 -8.095516965599894377e+01 8.723004249121976694e-02
3.660000000002913794e+02 -8.095975968217636876e+01 8.711685696880282215e-02
3.670000000002961542e+02 -8.096429459523777439e+01 8.700505779374970161e-02
3.680000000003009291e+02 -8.096877529712159571e+01 8.689461761474905066e-02
3.690000000003057039e+02 -8.097320267005140693e+01 8.678550982140634251e-02
3.700000000003104788e+02 -8.097757757714882132e+01 8.667770852020593997e-02
3.710000000003152536e+02 -8.098190086301252677e+01 8.657118851135237048e-02
3.720000000003200284e+02 -8.098617335426565944e+01 8.646592526645442700e-02
3.730000000003248033e+02 -8.099039586007660319e+01 8.636189490701687288e-02
3.740000000003295781e+02 -8.099456917265462152e+01 8.625907418370934443e-02
3.750000000003343530e+02 -8.099869406772295122e+01 8.615744045637829807e-02
3.760000000003391278e+02 -8.100277130497131850e+01 8.605697167477439902e-02
3.770000000003439027e+02 -8.100680162849033650e+01 8.595764635996658298e-02
3.780000000003486775e+02 -8.101078576718757063e+01 8.585944358641448004e-02
3.790000000003534524e+02 -8.101472443518890998e+01 8.576234296467412366e-02
3.800000000003582272e+02 -8.101861833222393727e+01 8.566632462471251985e-02
3.810000000003630021e+02 -8.102246814399808272e+01 8.557136919980706802e-02
3.820000000003677769e+02 -8.102627454255103601e+01 8.547745781100650475e-02
3.830000000003725518e+02 -8.103003818660376112e+01 8.538457205213254020e-02
3.840000000003773266e+02 -8.103375972189337517e+01 8.529269397530128693e-02
3.850000000003821015e+02 -8.103743978149678640e+01 8.520180607694513575e-02
3.860000000003868763e+02 -8.104107898614445560e+01 8.511189128431438655e-02
3.870000000003916512e+02 -8.104467794452401108e+01 8.502293294244285538e-02
3.880000000003964260e+02 -8.104823725357438491e+01 8.493491480155786200e-02
3.890000000004012009e+02 -8.105175749877049896e+01 8.484782100491962409e-02
3.900000000004059757e+02 -8.105523925439987920e+01 8.476163607707311309e-02
3.910000000004107505e+02 -8.105868308383098508e+01 8.467634491249700912e-02
3.920000000004155254e+02 -8.106208953977261444e+01 8.459193276463532196e-02
3.930000000004203002e+02 -8.106545916452685674e+01 8.450838523529788371e-02
3.940000000004250751e+02 -8.106879249023410239e+01 8.442568826441558538e-02
3.950000000004298499e+02 -8.107209003911060563e+01 8.434382812013799247e-02
3.960000000004346248e+02 -8.107535232367978040e+01 8.426279138925991952e-02
3.970000000004393996e+02 -8.107857984699698761e+01 8.418256496796615307e-02
3.980000000004441745e+02 -8.108177310286727391e+01 8.410313605288183281e-02
3.990000000004489493e+02 -8.108493257605755389e+01 8.402449213241823534e-02
4.000000000004537242e+02 -8.108805874250276702e+01 8.394662097840319137e-02
4.010000000004584990e+02 -8.109115206950630750e+01 8.386951063798518680e-02
4.020000000004632739e+02 -8.109421301593476983e+01 8.379314942580198822e-02
4.030000000004680487e+02 -8.109724203240752161e+01 8.371752591640516106e-02
4.040000000004728236e+02 -8.110023956148096147e+01 8.364262893692979428e-02
4.050000000004775984e+02 -8.110320603782797377e+01 8.356844756000147978e-02
4.060000000004823733e+02 -8.110614188841257999e+01 8.349497109687264995e-02
4.070000000004871481e+02 -8.110904753265937472e+01 8.342218909077951661e-02
4.080000000004919229e+02 -8.111192338261888324e+01 8.335009131051243636e-02
4.090000000004966978e+02 -8.111476984312929517e+01 8.327866774419150075e-02
4.100000000005014726e+02 -8.111758731197183181e+01 8.320790859324075917e-02
4.110000000005062475e+02 -8.112037618002435124e+01 8.313780426655426048e-02
4.120000000005110223e+02 -8.112313683140968124e+01 8.306834537484669712e-02
4.130000000005157972e+02 -8.112586964363975994e+01 8.299952272518283658e-02
4.140000000005205720e+02 -8.112857498775751708e+01 8.293132731567909310e-02
4.150000000005253469e+02 -8.113125322847331233e+01 8.286375033037175764e-02
4.160000000005301217e+02 -8.113390472429919953e+01 8.279678313424546077e-02
4.170000000005348966e+02 -8.113652982767963806e+01 8.273041726841723342e-02
4.180000000005396714e+02 -8.113912888511785582e+01 8.266464444547087786e-02
4.190000000005444463e+02 -8.114170223730035048e+01 8.259945654493490441e-02
4.200000000005492211e+02 -8.114425021921725545e+01 8.253484560890152200e-02
4.210000000005539960e+02 -8.114677316028021892e+01 8.247080383778003509e-02
4.220000000005587708e+02 -8.114927138443732701e+01 8.240732358618062248e-02
4.230000000005635457e+02 -8.115174521028497168e+01 8.234439735892540302e-02
4.240000000005683205e+02 -8.115419495117693316e+01 8.228201780717955827e-02
4.250000000005730953e+02 -8.115662091533098987e+01 8.222017772470159580e-02
4.260000000005778702e+02 -8.115902340593294184e+01 8.215887004420732720e-02
4.270000000005826450e+02 -8.116140272123786303e+01 8.209808783384273112e-02
4.280000000005874199e+02 -8.116375915466878155e+01 8.203782429376474394e-02
4.290000000005921947e+02 -8.116609299491375396e+01 8.197807275282320560e-02
4.300000000005969696e+02 -8.116840452601974221e+01 8.191882666534359980e-02
4.310000000006017444e+02 -8.117069402748437312e+01 8.186007960800470440e-02
4.320000000006065193e+02 -8.117296177434602100e+01 8.180182527681005566e-02
4.330000000006112941e+02 -8.117520803727136069e+01 8.174405748414839690e-02
4.340000000006160690e+02 -8.117743308264100222e+01 8.168677015594176527e-02
4.350000000006208438e+02 -8.117963717263293688e+01 8.162995732887672051e-02
4.360000000006256187e+02 -8.118182056530372392e+01 8.157361314771766070e-02
4.370000000006303935e+02 -8.118398351466912288e+01 8.151773186269820060e-02
4.380000000006351684e+02 -8.118612627078150012e+01 8.146230782698880846e-02
4.390000000006399432e+02 -8.118824907980517480e+01 8.140733549423753712e-02
4.400000000006447181e+02 -8.119035218409177901e+01 8.135280941618261430e-02
4.410000000006494929e+02 -8.119243582225220734e+01 8.129872424033320055e-02
4.420000000006542678e+02 -8.119450022922788435e+01 8.124507470771746842e-02
4.430000000006590426e+02 -8.119654563635961608e+01 8.119185565069393651e-02
4.440000000006638174e+02 -8.119857227145594436e+01 8.113906199082682180e-02
4.450000000006685923e+02 -8.120058035885882930e+01 8.108668873682030320e-02
4.460000000006733671e+02 -8.120257011950873505e+01 8.103473098251226525e-02
4.470000000006781420e+02 -8.120454177100754123e+01 8.098318390492381669e-02
4.480000000006829168e+02 -8.120649552768084334e+01 8.093204276236416750e-02
4.490000000006876917e+02 -8.120843160063836308e+01 8.088130289258851913e-02
4.500000000006924665e+02 -8.121035019783266762e+01 8.083095971100671961e-02
4.510000000006972414e+02 -8.121225152411783199e+01 8.078100870894217023e-02
4.520000000007020162e+02 -8.121413578130491828e+01 8.073144545193881860e-02
4.530000000007067911e+02 -8.121600316821854904e+01 8.068226557811453148e-02
4.540000000007115659e+02 -8.121785388074995637e+01 8.063346479655979226e-02
4.550000000007163408e+02 -8.121968811191075588e+01 8.058503888578036345e-02
4.560000000007211156e+02 -8.122150605188461725e+01 8.053698369218198483e-02
4.570000000007258905e+02 -8.122330788807757074e+01 8.048929512859608060e-02
4.580000000007306653e+02 -8.122509380516804356e+01 8.044196917284576753e-02
4.590000000007354402e+02 -8.122686398515538997e+01 8.039500186634974954e-02
4.600000000007402150e+02 -8.122861860740714235e+01 8.034838931276412632e-02
4.610000000007449898e+02 -8.123035784870552334e+01 8.030212767665999285e-02
4.620000000007497647e+02 -8.123208188329375901e+01 8.025621318223664924e-02
4.630000000007545395e+02 -8.123379088291973460e+01 8.021064211206804795e-02
4.640000000007593144e+02 -8.123548501688014767e+01 8.016541080588293622e-02
4.650000000007640892e+02 -8.123716445206306958e+01 8.012051565937647335e-02
4.660000000007688641e+02 -8.123882935298988173e+01 8.007595312305328117e-02
4.670000000007736389e+02 -8.124047988185604652e+01 8.003171970110002642e-02
4.680000000007784138e+02 -8.124211619857175037e+01 7.998781195028792368e-02
4.690000000007831886e+02 -8.124373846080059991e+01 7.994422647890257749e-02
4.700000000007879635e+02 -8.124534682399891494e+01 7.990095994570191318e-02
4.710000000007927383e+02 -8.124694144145216512e+01 7.985800905890023949e-02
4.720000000007975132e+02 -8.124852246431342451e+01 7.981537057517855416e-02
4.730000000008022880e+02 -8.125009004163885606e+01 7.977304129871977401e-02
4.740000000008070629e+02 -8.125164432042278406e+01 7.973101808026786252e-02
4.750000000008118377e+02 -8.125318544563315015e+01 7.968929781621122976e-02
4.760000000008166126e+02 -8.125471356024533520e+01 7.964787744768821176e-02
4.770000000008213874e+02 -8.125622880527537006e+01 7.960675395971532342e-02
4.780000000008261622e+02 -8.125773131981297581e+01 7.956592438033688319e-02
4.790000000008309371e+02 -8.125922124105342448e+01 7.952538577979553769e-02
4.800000000008357119e+02 -8.126069870432860398e+01 7.948513526972315890e-02
4.810000000008404868e+02 -8.126216384313880781e+01 7.944517000235121196e-02
4.820000000008452616e+02 -8.126361678918185305e+01 7.940548716974077381e-02
4.830000000008500365e+02 -8.126505767238353428e+01 7.936608400303064859e-02
4.840000000008548113e+02 -8.126648662092624420e+01 7.932695777170409301e-02
4.850000000008595862e+02 -8.126790376127746640e+01 7.928810578287211197e-02
4.860000000008643610e+02 -8.126930921821772813e+01 7.924952538057523921e-02
4.870000000008691359e+02 -8.127070311486816934e+01 7.921121394510047264e-02
4.880000000008739107e+02 -8.127208557271680434e+01 7.917316889231502952e-02
4.890000000008786856e+02 -8.127345671164576402e+01 7.913538767301618593e-02
4.900000000008834604e+02 -8.127481664995644906e+01 7.909786777229461940e-02
4.910000000008882353e+02 -8.127616550439496734e+01 7.906060670891484898e-02
4.920000000008930101e+02 -8.127750339017724457e+01 7.902360203470815136e-02
4.930000000008977850e+02 -8.127883042101321109e+01 7.898685133398013203e-02
4.940000000009025598e+02 -8.128014670913066197e+01 7.895035222293216026e-02
4.950000000009073347e+02 -8.128145236529896067e+01 7.891410234909548849e-02
4.960000000009121095e+02 -8.128274749885191852e+01 7.887809939077834731e-02
4.970000000009168843e+02 -8.128403221771040421e+01 7.884234105652612734e-02
4.980000000009216592e+02 -8.128530662840479692e+01 7.880682508459223301e-02
4.990000000009264340e+02 -8.128657083609606104e+01 7.877154924242245337e-02
5.000000000000000000e+02 -8.128782494459673558e+01 7.873651132618245119e-02
0.000000000000000000e+00 0.000000000000000000e+00 0.000000000000000000e+00
