1.000000000000000666e+00 -7.217015680236175967e+01 7.359412760421295274e-02
2.000000000000001332e+00 -6.327790998613307494e+01 7.362208394445712845e-02
2.999999999999980016e+00 -7.034277947497001193e+00 7.371345963862142858e-02
3.999999999999958700e+00 3.613229772849425814e+01 7.749611593307854929e-02
4.999999999999937828e+00 2.960189599461287813e+01 8.739003141316781242e-02
5.999999999999916511e+00 2.440985505809627654e+01 1.016779590045123471e-01
6.999999999999895195e+00 2.099151836339542854e+01 1.179617845157498457e-01
7.999999999999873879e+00 1.897300557495418971e+01 1.338597366296784552e-01
8.999999999999852562e+00 1.791325473450469374e+01 1.477798208239474442e-01
9.999999999999831246e+00 1.746830579044388898e+01 1.590683108951209679e-01
1.099999999999980993e+01 1.740086373386271390e+01 1.677472597955068367e-01
1.199999999999978861e+01 1.755547592473514129e+01 1.741846441279142066e-01
1.299999999999976730e+01 1.783294073750806774e+01 1.788569078586155492e-01
1.399999999999974598e+01 1.817103123234614515e+01 1.822200068998933165e-01
1.499999999999972466e+01 1.853129741545688347e+01 1.846558826358373762e-01
1.599999999999970335e+01 1.889034725497258549e+01 1.864605033860551320e-01
1.699999999999985789e+01 1.923418002475490240e+01 1.878510553293042118e-01
1.800000000000001421e+01 1.955454589330331672e+01 1.889799586744146942e-01
1.900000000000017053e+01 1.984663295822818085e+01 1.899497306404165642e-01
2.000000000000032685e+01 2.010761143923920713e+01 1.908261636905440872e-01
2.100000000000048317e+01 2.033572001015746267e+01 1.916489971407381032e-01
2.200000000000063949e+01 2.052968511668407459e+01 1.924400406683432763e-01
2.300000000000079581e+01 2.068833662724255262e+01 1.932090243702566379e-01
2.400000000000095213e+01 2.081033338046336567e+01 1.939575479122672697e-01
2.500000000000110845e+01 2.089394930868652622e+01 1.946815078067165028e-01
2.600000000000126477e+01 2.093690485525737799e+01 1.953723687438633505e-01
2.700000000000142109e+01 2.093627383331322278e+01 1.960176722410536254e-01
2.800000000000157740e+01 2.088857618090929691e+01 1.966013240208392687e-01
2.900000000000173372e+01 2.079031075449266552e+01 1.971045589353041805e-01
3.000000000000189004e+01 2.063935904821357070e+01 1.975089223058189847e-01
3.100000000000204636e+01 2.043756503688601711e+01 1.978021459629103473e-01
3.200000000000220268e+01 2.019351260324514286e+01 1.979847124754635368e-01
3.300000000000200373e+01 1.992233975935844370e+01 1.980711155605505702e-01
3.400000000000180478e+01 1.964072517573867671e+01 1.980833187229019132e-01
3.500000000000160583e+01 1.936113580370465570e+01 1.980426841842095331e-01
3.600000000000140687e+01 1.909017396771829311e+01 1.979662685428075219e-01
3.700000000000120792e+01 1.883028352339141875e+01 1.978667112412315354e-01
3.800000000000100897e+01 1.858190397196861454e+01 1.977531347304533893e-01
3.900000000000081002e+01 1.834478795476519863e+01 1.976319845469762526e-01
4.000000000000061107e+01 1.811854076369801803e+01 1.975076865459728936e-01
4.100000000000041211e+01 1.790274680818620112e+01 1.973831698784360433e-01
4.200000000000021316e+01 1.769695049085648009e+01 1.972602810530956208e-01
4.300000000000001421e+01 1.750062058587897695e+01 1.971401002536508629e-01
4.399999999999981526e+01 1.731313866720937256e+01 1.970231743208017416e-01
4.499999999999961631e+01 1.713381202980230356e+01 1.969096845869191814e-01
4.599999999999941735e+01 1.696190004164322929e+01 1.967995668834266187e-01
4.699999999999921840e+01 1.679664360802470569e+01 1.966925974031082935e-01
4.799999999999901945e+01 1.663729141193329042e+01 1.965884541781229844e-01
4.899999999999882050e+01 1.648312018142230428e+01 1.964867608800050236e-01
4.999999999999862155e+01 1.633344854134441348e+01 1.963871175925185064e-01
5.099999999999842260e+01 1.618764518724968227e+01 1.962891218976281493e-01
5.199999999999822364e+01 1.604513255991824394e+01 1.961923827660660979e-01
5.299999999999802469e+01 1.590538723213768257e+01 1.960965291587591641e-01
5.399999999999782574e+01 1.576793806527046726e+01 1.960012148108346564e-01
5.499999999999762679e+01 1.563236297810573916e+01 1.959061203294420184e-01
5.599999999999742784e+01 1.549828495811902052e+01 1.958109534634805693e-01
5.699999999999722888e+01 1.536536776258130743e+01 1.957154481841560378e-01
5.799999999999702993e+01 1.523331161151143398e+01 1.956193630417309426e-01
5.899999999999683098e+01 1.510184906453854659e+01 1.955224791290124942e-01
5.999999999999663203e+01 1.497074119395859704e+01 1.954245978796212702e-01
6.099999999999643308e+01 1.483977411042064176e+01 1.953255388528635228e-01
6.199999999999623412e+01 1.470875586001029944e+01 1.952251376015973761e-01
6.299999999999603517e+01 1.457751368718358975e+01 1.951232436801100534e-01
6.399999999999583622e+01 1.444589164322768404e+01 1.950197188217389632e-01
6.499999999999634781e+01 1.431374851177922025e+01 1.949144352976120986e-01
6.599999999999685940e+01 1.418095601926611060e+01 1.948072744559838088e-01
6.699999999999737099e+01 1.404739729740023080e+01 1.946981254343032597e-01
6.799999999999788258e+01 1.391296556593889022e+01 1.945868840319874560e-01
6.899999999999839417e+01 1.377756300608540663e+01 1.944734517298470633e-01
6.999999999999890576e+01 1.364109979760018199e+01 1.943577348414956274e-01
7.099999999999941735e+01 1.350349329559968048e+01 1.942396437823475652e-01
7.199999999999992895e+01 1.336466732591559392e+01 1.941190924426116349e-01
7.300000000000044054e+01 1.322455158063783820e+01 1.939959976517756091e-01
7.400000000000095213e+01 1.308308109800062446e+01 1.938702787232934044e-01
7.500000000000146372e+01 1.294019581305543731e+01 1.937418570694143527e-01
7.600000000000197531e+01 1.279584016760091458e+01 1.936106558772875408e-01
7.700000000000248690e+01 1.264996276961267263e+01 1.934765998385807595e-01
7.800000000000299849e+01 1.250251609395241559e+01 1.933396149258652663e-01
7.900000000000351008e+01 1.235345621745665667e+01 1.931996282099185391e-01
8.000000000000402167e+01 1.220274258263219203e+01 1.930565677128996960e-01
8.100000000000453326e+01 1.205033778514221687e+01 1.929103622930468109e-01
8.200000000000504485e+01 1.189620738107488407e+01 1.927609415571575058e-01
8.300000000000555644e+01 1.174031971066471236e+01 1.926082357976274251e-01
8.400000000000606803e+01 1.158264573570633793e+01 1.924521759512795860e-01
8.500000000000657963e+01 1.142315888837396542e+01 1.922926935775880197e-01
8.600000000000709122e+01 1.126183492955467180e+01 1.921297208542285806e-01
8.700000000000760281e+01 1.109865181513043098e+01 1.919631905881564460e-01
8.800000000000811440e+01 1.093358956891395373e+01 1.917930362406402578e-01
8.900000000000862599e+01 1.076663016116624405e+01 1.916191919648683739e-01
9.000000000000913758e+01 1.059775739180649090e+01 1.914415926548992120e-01
9.100000000000964917e+01 1.042695677757531136e+01 1.912601740048551213e-01
9.200000000001016076e+01 1.025421544253506845e+01 1.910748725773548928e-01
9.300000000001067235e+01 1.007952201139115544e+01 1.908856258802706096e-01
9.400000000001118394e+01 9.902866505200250913e+00 1.906923724509441143e-01
9.500000000001169553e+01 9.724240239097966310e+00 1.904950519470517967e-01
9.600000000001220712e+01 9.543635721733142674e+00 1.902936052433397418e-01
9.700000000001271871e+01 9.361046556140111718e+00 1.900879745334651261e-01
9.800000000001323031e+01 9.176467341817375001e+00 1.898781034361977926e-01
9.900000000001374190e+01 8.989893577810711633e+00 1.896639371052374901e-01
1.000000000000142535e+02 8.801321566624375592e+00 1.894454223418962358e-01
1.010000000000147651e+02 8.610748318805027779e+00 1.892225077098909636e-01
1.020000000000152767e+02 8.418171458061248558e+00 1.889951436514740735e-01
1.030000000000157883e+02 8.223589126797371307e+00 1.887632826041175382e-01
1.040000000000162999e+02 8.026999891954629263e+00 1.885268791169463221e-01
1.050000000000168114e+02 7.828402651065174744e+00 1.882858899660976582e-01
1.060000000000173230e+02 7.627796538436946605e+00 1.880402742681662465e-01
1.070000000000178346e+02 7.425180831398417780e+00 1.877899935908716733e-01
1.080000000000183462e+02 7.220554856543506261e+00 1.875350120600740023e-01
1.090000000000188578e+02 7.013917895927564317e+00 1.872752964622437788e-01
1.100000000000193694e+02 6.805269093176327999e+00 1.870108163414845592e-01
1.110000000000198810e+02 6.594607359480297859e+00 1.867415440901937229e-01
1.120000000000203926e+02 6.381931279457986328e+00 1.864674550324511293e-01
1.130000000000209042e+02 6.167239016882305691e+00 1.861885274992194361e-01
1.140000000000214158e+02 5.950528220275608682e+00 1.859047428944514690e-01
1.150000000000219273e+02 5.731795928390176265e+00 1.856160857512122175e-01
1.160000000000224389e+02 5.511038475602294540e+00 1.853225437769435158e-01
1.170000000000229505e+02 5.288251397259941200e+00 1.850241078870264733e-01
1.180000000000234621e+02 5.063429335035924517e+00 1.847207722258302487e-01
1.190000000000239737e+02 4.836565942350514291e+00 1.844125341744817792e-01
1.200000000000244853e+02 4.607653789940112432e+00 1.840993943446357917e-01
1.210000000000249969e+02 4.376684271661335224e+00 1.837813565575899533e-01
1.220000000000255085e+02 4.143647510633202913e+00 1.834584278081515252e-01
1.230000000000260201e+02 3.908532265833796870e+00 1.831306182127405702e-01
1.240000000000265317e+02 3.671325839282233439e+00 1.827979409412992529e-01
1.250000000000270433e+02 3.432013983951854641e+00 1.824604121326654227e-01
1.260000000000275548e+02 3.190580812576657266e+00 1.821180507931768056e-01
1.270000000000280664e+02 2.947008707529819471e+00 1.817708786783719110e-01
1.280000000000285638e+02 2.701278231971756760e+00 1.814189201577783295e-01
1.290000000000276543e+02 2.453368042485048139e+00 1.810622020629000517e-01
1.300000000000267448e+02 2.203254803433054576e+00 1.807007535186449521e-01
1.310000000000258353e+02 1.950913103307678087e+00 1.803346057585799023e-01
1.320000000000249258e+02 1.696315373350427480e+00 1.799637919245348217e-01
1.330000000000240163e+02 1.439431808764468856e+00 1.795883468512391723e-01
1.340000000000231068e+02 1.180230292864368202e+00 1.792083068368217347e-01
1.350000000000221974e+02 9.186763245449961479e-01 1.788237094001724203e-01
1.360000000000212879e+02 6.547329494890992141e-01 1.784345930263282753e-01
1.370000000000203784e+02 3.883606955751933709e-01 1.780409969012163030e-01
1.380000000000194689e+02 1.195175129937901953e-01 1.776429606372582348e-01
1.390000000000185594e+02 -1.518412803684608958e-01 1.772405239915191000e-01
1.400000000000176499e+02 -4.257630476605192560e-01 1.768337265782614631e-01
1.410000000000167404e+02 -7.022978752360727883e-01 1.764226075779398439e-01
1.420000000000158309e+02 -9.814986075124547682e-01 1.760072054448566514e-01
1.430000000000149214e+02 -1.263420873696888602e+00 1.755875576158739126e-01
1.440000000000140119e+02 -1.548123105474941141e+00 1.751637002227544315e-01
1.450000000000131024e+02 -1.835666544666241906e+00 1.747356678108774874e-01
1.460000000000121929e+02 -2.126115239754990505e+00 1.743034930672420213e-01
1.470000000000112834e+02 -2.419536030097060308e+00 1.738672065608353468e-01
1.480000000000103739e+02 -2.715998516491930026e+00 1.734268364985908362e-01
1.490000000000094644e+02 -3.015575016686022014e+00 1.729824085003062450e-01
1.500000000000085549e+02 -3.318340504245024025e+00 1.725339453960139657e-01
1.510000000000076454e+02 -3.624372529097204865e+00 1.720814670494066334e-01
1.520000000000067359e+02 -3.933751117909011441e+00 1.716249902110033032e-01
1.530000000000058265e+02 -4.246558652311043680e+00 1.711645284048040339e-01
1.540000000000049170e+02 -4.562879722849710440e+00 1.707000918522014188e-01
1.550000000000040075e+02 -4.882800956402999937e+00 1.702316874369117217e-01
1.560000000000030980e+02 -5.206410814674698351e+00 1.697593187146268501e-01
1.570000000000021885e+02 -5.533799361278643580e+00 1.692829859709817086e-01
1.580000000000012790e+02 -5.865057994859010471e+00 1.688026863312630799e-01
1.590000000000003695e+02 -6.200279145674636005e+00 1.683184139250493705e-01
1.599999999999994600e+02 -6.539555933136426802e+00 1.678301601086576444e-01
1.609999999999985505e+02 -6.882981781945986199e+00 1.673379137478716028e-01
1.619999999999976410e+02 -7.230649994781619405e+00 1.668416615629337574e-01
1.629999999999967315e+02 -7.582653279956504733e+00 1.663413885371784473e-01
1.639999999999958220e+02 -7.939083233184895505e+00 1.658370783899701661e-01
1.649999999999949125e+02 -8.300029773597998428e+00 1.653287141137700644e-01
1.659999999999940030e+02 -8.665580535519834982e+00 1.648162785741801584e-01
1.669999999999930935e+02 -9.035820219320990887e+00 1.642997551707012227e-01
1.679999999999921840e+02 -9.410829906991402538e+00 1.637791285546800479e-01
1.689999999999912745e+02 -9.790686350985701836e+00 1.632543853995057914e-01
1.699999999999903650e+02 -1.017546124845360644e+01 1.627255152165479613e-01
1.709999999999894555e+02 -1.056522051720682320e+01 1.621925112086074205e-01
1.719999999999885461e+02 -1.096002359467886578e+01 1.616553711507821567e-01
1.729999999999876366e+02 -1.135992278663139565e+01 1.611140982866468285e-01
1.739999999999867271e+02 -1.176496269828859020e+01 1.605687022255385399e-01
1.749999999999858176e+02 -1.217517978667296674e+01 1.600191998245522607e-01
1.759999999999849081e+02 -1.259060207877916682e+01 1.594656160366556275e-01
1.769999999999839986e+02 -1.301124910533107482e+01 1.589079847041869054e-01
1.779999999999830891e+02 -1.343713210356136045e+01 1.583463492750216417e-01
1.789999999999821796e+02 -1.386825454396147705e+01 1.577807634170100282e-01
1.799999999999812701e+02 -1.430461303443443910e+01 1.572112915050502546e-01
1.809999999999803606e+02 -1.474619864990074980e+01 1.566380089545904852e-01
1.819999999999794511e+02 -1.519299872540537955e+01 1.560610023756232589e-01
1.829999999999785416e+02 -1.564499913559103561e+01 1.554803695226251170e-01
1.839999999999776321e+02 -1.610218706278612544e+01 1.548962190185720067e-01
1.849999999999767226e+02 -1.656455423006467598e+01 1.543086698353768604e-01
1.859999999999758131e+02 -1.703210054512965854e+01 1.537178505189465694e-01
1.869999999999749036e+02 -1.750483806695676137e+01 1.531238981546285405e-01
1.879999999999739941e+02 -1.798279517157615714e+01 1.525269570780355965e-01
1.889999999999730846e+02 -1.846602075843960833e+01 1.519271773469293707e-01
1.899999999999721751e+02 -1.895458830721990751e+01 1.513247130016411035e-01
1.909999999999712657e+02 -1.944859956962555003e+01 1.507197201539379749e-01
1.919999999999703562e+02 -1.994818766504099727e+01 1.501123549566545368e-01
1.929999999999694467e+02 -2.045351934566530971e+01 1.495027715180321515e-01
1.939999999999685372e+02 -2.096479620924134579e+01 1.488911198347143139e-01
1.949999999999676277e+02 -2.148225466791324578e+01 1.482775438248181143e-01
1.959999999999667182e+02 -2.200616453191394939e+01 1.476621795465751508e-01
1.969999999999658087e+02 -2.253682613717645111e+01 1.470451536878704668e-01
1.979999999999648992e+02 -2.307456603536831352e+01 1.464265824069320709e-01
1.989999999999639897e+02 -2.361973136975424126e+01 1.458065705939368406e-01
1.999999999999630802e+02 -2.417268317431955182e+01 1.451852116072565313e-01
2.009999999999621707e+02 -2.473378894722981869e+01 1.445625875166767216e-01
2.019999999999612612e+02 -2.530341495067684221e+01 1.439387698599864651e-01
2.029999999999603517e+02 -2.588191876300646399e+01 1.433138208901940103e-01
2.039999999999594422e+02 -2.646964264264541811e+01 1.426877952603047561e-01
2.049999999999585327e+02 -2.706690824471461454e+01 1.420607420636517682e-01
2.059999999999576232e+02 -2.767401315677289020e+01 1.414327071230826183e-01
2.069999999999567137e+02 -2.829122959262958759e+01 1.408037354047729228e-01
2.079999999999558042e+02 -2.891880541574994368e+01 1.401738734244091511e-01
2.089999999999548947e+02 -2.955696747679288805e+01 1.395431715164142106e-01
2.099999999999539853e+02 -3.020592706787741477e+01 1.389116858508303021e-01
2.109999999999530758e+02 -3.086588714312182802e+01 1.382794801060222012e-01
2.119999999999521663e+02 -3.153705084908537515e+01 1.376466267357494555e-01
2.129999999999512568e+02 -3.221963085928378945e+01 1.370132078026978228e-01
2.139999999999503473e+02 -3.291385901324948549e+01 1.363793153832653371e-01
2.149999999999494378e+02 -3.361999581331140519e+01 1.357450515766924215e-01
2.159999999999485283e+02 -3.433833941639354492e+01 1.351105281728535168e-01
2.169999999999476188e+02 -3.506923385671375826e+01 1.344758660458053867e-01
2.179999999999467093e+02 -3.581307633256648160e+01 1.338411943444905439e-01
2.189999999999457998e+02 -3.657032347399731975e+01 1.332066495488575808e-01
2.199999999999448903e+02 -3.734149656992058652e+01 1.325723744509328117e-01
2.209999999999439808e+02 -3.812718576879594679e+01 1.319385171082246011e-01
2.219999999999430713e+02 -3.892805327506543733e+01 1.313052298034050325e-01
2.229999999999421618e+02 -3.974483554457078327e+01 1.306726680313249900e-01
2.239999999999412523e+02 -4.057834444612038283e+01 1.300409895234708180e-01
2.249999999999403428e+02 -4.142946730868095528e+01 1.294103533116262583e-01
2.259999999999394333e+02 -4.229916551685933968e+01 1.287809188278240258e-01
2.269999999999385238e+02 -4.318847143503467834e+01 1.281528450369600614e-01
2.279999999999376143e+02 -4.409848315368309812e+01 1.275262895994671297e-01
2.289999999999367049e+02 -4.503035634716898272e+01 1.269014080660985089e-01
2.299999999999357954e+02 -4.598529231220836522e+01 1.262783531142216420e-01
2.309999999999348859e+02 -4.696452096215920591e+01 1.256572738444911852e-01
2.319999999999339764e+02 -4.796927720405836482e+01 1.250383151680241056e-01
2.329999999999330669e+02 -4.900076872431872488e+01 1.244216173268757469e-01
2.339999999999321574e+02 -5.006013276981499871e+01 1.238073156042718698e-01
2.349999999999312479e+02 -5.114837907085573931e+01 1.231955402950788980e-01
2.359999999999303384e+02 -5.226631568552890172e+01 1.225864170204461895e-01
2.369999999999294289e+02 -5.341445438251729882e+01 1.219800674819280922e-01
2.379999999999285194e+02 -5.459289243397814317e+01 1.213766107573626268e-01
2.389999999999276099e+02 -5.580116867646814427e+01 1.207761652398741253e-01
2.399999999999267004e+02 -5.703809383967725211e+01 1.201788513077230031e-01
2.409999999999257909e+02 -5.830155893525849820e+01 1.195847947801293026e-01
2.419999999999248814e+02 -5.958833138849421118e+01 1.189941311556051151e-01
2.429999999999239719e+02 -6.089385673189273263e+01 1.184070105384415622e-01
2.439999999999230624e+02 -6.221209350337820609e+01 1.178236030331447082e-01
2.449999999999221529e+02 -6.353541873461968947e+01 1.172441042311904297e-01
2.459999999999212434e+02 -6.485464774224671203e+01 1.166687402479834601e-01
2.469999999999203339e+02 -6.615921020101536953e+01 1.160977716254397163e-01
2.479999999999194245e+02 -6.743751013780334347e+01 1.155314953467112271e-01
2.489999999999185150e+02 -6.867746874798406509e+01 1.149702442666902802e-01
2.499999999999176055e+02 -6.986720962752295350e+01 1.144143834791470776e-01
2.509999999999166960e+02 -7.099580651836275536e+01 1.138643035106881030e-01
2.519999999999157865e+02 -7.205398805623971725e+01 1.133204106906642999e-01
2.529999999999148770e+02 -7.303469378015195446e+01 1.127831154889470250e-01
2.539999999999139675e+02 -7.393340333608726667e+01 1.122528199262490395e-01
2.549999999999130580e+02 -7.474820776731354499e+01 1.117299052660678388e-01
2.559999999999121485e+02 -7.547964220140032410e+01 1.112147210798015151e-01
2.569999999999112674e+02 -7.613033772492370588e+01 1.107075764882622659e-01
2.579999999999103579e+02 -7.670456830164050643e+01 1.102087340128642678e-01
2.589999999999094484e+02 -7.720776653647624244e+01 1.097184061091627111e-01
2.599999999999085389e+02 -7.764606637704370939e+01 1.092367541691673105e-01
2.609999999999076294e+02 -7.802590971912796647e+01 1.087638895956675594e-01
2.619999999999067199e+02 -7.835373393027478528e+01 1.082998764691080890e-01
2.629999999999058105e+02 -7.863574209515429914e+01 1.078447353240076650e-01
2.639999999999049010e+02 -7.887774819380700819e+01 1.073984475999645583e-01
2.649999999999039915e+02 -7.908508468613939613e+01 1.069609604067618125e-01
2.659999999999030820e+02 -7.926255870454330932e+01 1.065321913250989044e-01
2.669999999999021725e+02 -7.941444388534513621e+01 1.061120330420719376e-01
2.679999999999012630e+02 -7.954449673935783949e+01 1.057003576874372824e-01
2.689999999999003535e+02 -7.965598866750505636e+01 1.052970207906776534e-01
2.699999999998994440e+02 -7.975174686017578551e+01 1.049018648201245629e-01
2.709999999998985345e+02 -7.983419917792650722e+01 1.045147222953315275e-01
2.719999999998976250e+02 -7.990541962644765306e+01 1.041354184844835440e-01
2.729999999998967155e+02 -7.996717221400867004e+01 1.037637737118613790e-01
2.739999999998958060e+02 -8.002095185444161984e+01 1.033996053080586258e-01
2.749999999998948965e+02 -8.006802160577367999e+01 1.030427292392951943e-01
2.759999999998939870e+02 -8.010944596702614717e+01 1.026929614529989848e-01
2.769999999998930775e+02 -8.014612024095670506e+01 1.023501189757862057e-01
2.779999999998921680e+02 -8.017879614814120259e+01 1.020140207977599245e-01
2.789999999998912585e+02 -8.020810397906711842e+01 1.016844885741795823e-01
2.799999999998903490e+02 -8.023457161973732354e+01 1.013613471723895515e-01
2.809999999998894396e+02 -8.025864080035147197e+01 1.010444250886808198e-01
2.819999999998885301e+02 -8.028068090870054618e+01 1.007335547566474421e-01
2.829999999998876206e+02 -8.030100068894141430e+01 1.004285727656916150e-01
2.839999999998867111e+02 -8.031985811854819701e+01 1.001293200056772859e-01
2.849999999998858016e+02 -8.033746872553349760e+01 9.983564175135206664e-02
2.859999999998848921e+02 -8.035401257710518053e+01 9.954738769805449028e-02
2.869999999998839826e+02 -8.036964014135045886e+01 9.926441195838893450e-02
2.879999999998830731e+02 -8.038447719620312171e+01 9.898657302796110002e-02
2.889999999998821636e+02 -8.039862893527191545e+01 9.871373372690167569e-02
2.899999999998812541e+02 -8.041218339820373728e+01 9.844576112274583402e-02
2.909999999998803446e+02 -8.042521433407111431e+01 9.818252643924678391e-02
2.919999999998794351e+02 -8.043778358962568120e+01 9.792390495487356128e-02
2.929999999998785256e+02 -8.044994309993363402e+01 9.766977589404243765e-02
2.939999999998776161e+02 -8.046173654665156505e+01 9.742002231355233188e-02
2.949999999998767066e+02 -8.047320073876819890e+01 9.717453098620416896e-02
2.959999999998757971e+02 -8.048436676179009908e+01 9.693319228318725278e-02
2.969999999998748876e+02 -8.049526093387484593e+01 9.669590005647961395e-02
2.979999999998739781e+02 -8.050590560111429284e+01 9.646255152223863483e-02
2.989999999998730686e+02 -8.051631979887194746e+01 9.623304714593289289e-02
2.999999999998721592e+02 -8.052651980163287249e+01 9.600729052978428102e-02
3.009999999998712497e+02 -8.053651958009704970e+01 9.578518830294137365e-02
3.019999999998703402e+02 -8.054633118112704437e+01 9.556665001468434006e-02
3.029999999998694307e+02 -8.055596504355794707e+01 9.535158803086631052e-02
3.039999999998685212e+02 -8.056543026069469704e+01 9.513991743371823240e-02
3.049999999998676117e+02 -8.057473479850872877e+01 9.493155592508445428e-02
3.059999999998667022e+02 -8.058388567702967009e+01 9.472642373310635744e-02
3.069999999998657927e+02 -8.059288912116473114e+01 9.452444352233700664e-02
3.079999999998648832e+02 -8.060175068612807081e+01 9.432554030723837302e-02
3.089999999998639737e+02 -8.061047536178448070e+01 9.412964136899250323e-02
3.099999999998630642e+02 -8.061906765948687337e+01 9.393667617554241067e-02
3.109999999998621547e+02 -8.062753168437771478e+01 9.374657630476657122e-02
3.119999999998612452e+02 -8.063587119562305361e+01 9.355927537068339794e-02
3.129999999998603357e+02 -8.064408965662730111e+01 9.337470895257671266e-02
3.139999999998594262e+02 -8.065219027693036935e+01 9.319281452693327361e-02
3.149999999998585167e+02 -8.066017604719820611e+01 9.301353140207868631e-02
3.159999999998576072e+02 -8.066804976847905095e+01 9.283680065540275694e-02
3.169999999998566977e+02 -8.067581407669695182e+01 9.266256507306332157e-02
3.179999999998557882e+02 -8.068347146318929219e+01 9.249076909206487007e-02
3.189999999998548788e+02 -8.069102429195756088e+01 9.232135874460487002e-02
3.199999999998539693e+02 -8.069847481418672430e+01 9.215428160459132600e-02
3.209999999998530598e+02 -8.070582518049315013e+01 9.198948673623305594e-02
3.219999999998521503e+02 -8.071307745128319766e+01 9.182692464461141013e-02
3.229999999998512408e+02 -8.072023360554001670e+01 9.166654722814428224e-02
3.239999999998503313e+02 -8.072729554830019083e+01 9.150830773285907604e-02
3.249999999998494218e+02 -8.073426511703891606e+01 9.135216070839323466e-02
3.259999999998485123e+02 -8.074114408714528679e+01 9.119806196564531064e-02
3.269999999998476028e+02 -8.074793417663589423e+01 9.104596853600567530e-02
3.279999999998466933e+02 -8.075463705023356908e+01 9.089583863209521608e-02
3.289999999998457838e+02 -8.076125432291290451e+01 9.074763160994683830e-02
3.299999999998448743e+02 -8.076778756299933093e+01 9.060130793256801485e-02
3.309999999998439648e+02 -8.077423829489238472e+01 9.045682913482459842e-02
3.319999999998430553e+02 -8.078060800147346754e+01 9.031415778958901130e-02
3.329999999998421458e+02 -8.078689812624624267e+01 9.017325747509963296e-02
3.339999999998412363e+02 -8.079311007525114974e+01 9.003409274348081470e-02
3.349999999998403268e+02 -8.079924521878795929e+01 8.989662909037499094e-02
3.359999999998394173e+02 -8.080530489297574093e+01 8.976083292564071558e-02
3.369999999998385078e+02 -8.081129040117151874e+01 8.962667154507397704e-02
3.379999999998375984e+02 -8.081720301527079187e+01 8.949411310311065904e-02
3.389999999998366889e+02 -8.082304397690310793e+01 8.936312658647072027e-02
3.399999999998357794e+02 -8.082881449853927336e+01 8.923368178870709488e-02
3.409999999998348699e+02 -8.083451576451940923e+01 8.910574928562353669e-02
3.419999999998339604e+02 -8.084014893201396035e+01 8.897930041152748992e-02
3.429999999998330509e+02 -8.084571513192331338e+01 8.885430723628491567e-02
3.439999999998321414e+02 -8.085121546972585804e+01 8.873074254314781972e-02
3.449999999998312319e+02 -8.085665102627729084e+01 8.860857980732365913e-02
3.459999999998303224e+02 -8.086202285856852257e+01 8.848779317525895527e-02
3.469999999998294129e+02 -8.086733200044511705e+01 8.836835744461087050e-02
3.479999999998285034e+02 -8.087257946329226854e+01 8.825024804488060259e-02
3.489999999998275939e+02 -8.087776623668855791e+01 8.813344101868429703e-02
3.499999999998266844e+02 -8.088289328903081810e+01 8.801791300363832893e-02
3.509999999998257749e+02 -8.088796156813280902e+01 8.790364121483633386e-02
3.519999999998248654e+02 -8.089297200179939296e+01 8.779060342789664351e-02
3.529999999998239559e+02 -8.089792549837746094e+01 8.767877796255976741e-02
3.539999999998230464e+02 -8.090282294728666557e+01 8.756814366681629769e-02
3.549999999998221369e+02 -8.090766521953023016e+01 8.745867990154580773e-02
3.559999999998212274e+02 -8.091245316818637434e+01 8.735036652565006388e-02
3.569999999998203180e+02 -8.091718762888319816e+01 8.724318388166177329e-02
3.579999999998194085e+02 -8.092186942025649898e+01 8.713711278181310305e-02
3.589999999998184990e+02 -8.092649934439242543e+01 8.703213449454801076e-02
3.599999999998175895e+02 -8.093107818725454194e+01 8.692823073146209445e-02
3.609999999998166800e+02 -8.093560671909754944e+01 8.682538363465723552e-02
3.619999999998157705e+02 -8.094008569486710769e+01 8.672357576449431227e-02
3.629999999998148610e+02 -8.094451585458648424e+01 8.662279008773277056e-02
3.639999999998139515e+02 -8.094889792373190573e+01 8.652300996604218863e-02
3.649999999998130420e+02 -8.095323261359511946e+01 8.642421914487428969e-02
3.659999999998121325e+02 -8.095752062163511198e+01 8.632640174268298161e-02
3.669999999998112230e+02 -8.096176263181889965e+01 8.622954224048040572e-02
3.679999999998103135e+02 -8.096595931495218679e+01 8.613362547171819761e-02
3.689999999998094040e+02 -8.097011132899952202e+01 8.603863661248281614e-02
3.699999999998084945e+02 -8.097421931939527440e+01 8.594456117199524015e-02
3.709999999998075850e+02 -8.097828391934518777e+01 8.585138498340340318e-02
3.719999999998066755e+02 -8.098230575011889698e+01 8.575909419485917839e-02
3.729999999998057660e+02 -8.098628542133404551e+01 8.566767526087035178e-02
3.739999999998048565e+02 -8.099022353123216078e+01 8.557711493391742530e-02
3.749999999998039470e+02 -8.099412066694615930e+01 8.548740025632799167e-02
3.759999999998030376e+02 -8.099797740476077479e+01 8.539851855239907752e-02
3.769999999998021281e+02 -8.100179431036492872e+01 8.531045742076058536e-02
3.779999999998012186e+02 -8.100557193909722287e+01 8.522320472697056393e-02
3.789999999998003091e+02 -8.100931083618426953e+01 8.513674859633613146e-02
3.799999999997993996e+02 -8.101301153697276902e+01 8.505107740695150298e-02
3.809999999997984901e+02 -8.101667456715468063e+01 8.496617978294736251e-02
3.819999999997975806e+02 -8.102030044298636824e+01 8.488204458794353091e-02
3.829999999997966711e+02 -8.102388967150137944e+01 8.479866091869948941e-02
3.839999999997957616e+02 -8.102744275071771085e+01 8.471601809895532020e-02
3.849999999997948521e+02 -8.103096016983931804e+01 8.463410567345779068e-02
3.859999999997939426e+02 -8.103444240945205479e+01 8.455291340216525287e-02
3.869999999997930331e+02 -8.103788994171422644e+01 8.447243125462582103e-02
3.879999999997921236e+02 -8.104130323054241103e+01 8.439264940452290142e-02
3.889999999997912141e+02 -8.104468273179180926e+01 8.431355822438321712e-02
3.899999999997903046e+02 -8.104802889343191907e+01 8.423514828044184610e-02
3.909999999997893951e+02 -8.105134215571790435e+01 8.415741032765960972e-02
3.919999999997884856e+02 -8.105462295135707507e+01 8.408033530488701057e-02
3.929999999997875761e+02 -8.105787170567082001e+01 8.400391433017172227e-02
3.939999999997866666e+02 -8.106108883675317145e+01 8.392813869620380229e-02
3.949999999997857572e+02 -8.106427475562411189e+01 8.385299986589372923e-02
3.959999999997848477e+02 -8.106742986637955539e+01 8.377848946808150177e-02
3.969999999997839382e+02 -8.107055456633761992e+01 8.370459929336981908e-02
3.979999999997830287e+02 -8.107364924618060797e+01 8.363132129007941340e-02
3.989999999997821192e+02 -8.107671429009381825e+01 8.355864756032137242e-02
3.999999999997812097e+02 -8.107975007590067662e+01 8.348657035618435585e-02
4.009999999997803002e+02 -8.108275697519428604e+01 8.341508207603087754e-02
4.019999999997793907e+02 -8.108573535346607741e+01 8.334417526090154293e-02
4.029999999997784812e+02 -8.108868557023086510e+01 8.327384259102225961e-02
4.039999999997775717e+02 -8.109160797914884711e+01 8.320407688241178434e-02
4.049999999997766622e+02 -8.109450292814476313e+01 8.313487108358658118e-02
4.059999999997757527e+02 -8.109737075952394036e+01 8.306621827235946554e-02
4.069999999997748432e+02 -8.110021181008561086e+01 8.299811165273020264e-02
4.079999999997739337e+02 -8.110302641123338674e+01 8.293054455186342488e-02
4.089999999997730242e+02 -8.110581488908290737e+01 8.286351041715291077e-02
4.099999999997721147e+02 -8.110857756456711343e+01 8.279700281336831169e-02
4.109999999997712052e+02 -8.111131475353920450e+01 8.273101541988295282e-02
4.119999999997702957e+02 -8.111402676687220037e+01 8.266554202797875284e-02
4.129999999997693862e+02 -8.111671391055720903e+01 8.260057653822693025e-02
4.139999999997684768e+02 -8.111937648579876736e+01 8.253611295794210934e-02
4.149999999997675673e+02 -8.112201478910805008e+01 8.247214539870692529e-02
4.159999999997666578e+02 -8.112462911239360608e+01 8.240866807396571292e-02
4.169999999997657483e+02 -8.112721974305074468e+01 8.234567529668436470e-02
4.179999999997648388e+02 -8.112978696404786660e+01 8.228316147707523398e-02
4.189999999997639293e+02 -8.113233105401138801e+01 8.222112112038459930e-02
4.199999999997630198e+02 -8.113485228730863241e+01 8.215954882474017784e-02
4.209999999997621103e+02 -8.113735093412847732e+01 8.209843927905831340e-02
4.219999999997612008e+02 -8.113982726056070760e+01 8.203778726100728613e-02
4.229999999997602913e+02 -8.114228152867295307e+01 8.197758763502727142e-02
4.239999999997593818e+02 -8.114471399658629025e+01 8.191783535040221553e-02
4.249999999997584723e+02 -8.114712491854908194e+01 8.185852543938512693e-02
4.259999999997575628e+02 -8.114951454500879890e+01 8.179965301537303612e-02
4.269999999997566533e+02 -8.115188312268277571e+01 8.174121327113104130e-02
4.279999999997557438e+02 -8.115423089462687756e+01 8.168320147706382983e-02
4.289999999997548343e+02 -8.115655810030283135e+01 8.162561297953326023e-02
4.299999999997539248e+02 -8.115886497564453350e+01 8.156844319922035291e-02
4.309999999997530153e+02 -8.116115175312162933e+01 8.151168762953077407e-02
4.319999999997521059e+02 -8.116341866180331976e+01 8.145534183504198056e-02
4.329999999997511964e+02 -8.116566592741951069e+01 8.139940144999158189e-02
4.339999999997502869e+02 -8.116789377242098169e+01 8.134386217680478204e-02
4.349999999997493774e+02 -8.117010241603864529e+01 8.128871978466073456e-02
4.359999999997484679e+02 -8.117229207434094462e+01 8.123397010809500773e-02
4.369999999997475584e+02 -8.117446296029019948e+01 8.117960904563953362e-02
4.379999999997466489e+02 -8.117661528379851177e+01 8.112563255849664090e-02
4.389999999997457394e+02 -8.117874925178068679e+01 8.107203666924740759e-02
4.399999999997448299e+02 -8.118086506820797865e+01 8.101881746059289013e-02
4.409999999997439204e+02 -8.118296293415930620e+01 8.096597107412796535e-02
4.419999999997430109e+02 -8.118504304787222736e+01 8.091349370914523165e-02
4.429999999997421014e+02 -8.118710560479246396e+01 8.086138162147005204e-02
4.439999999997411919e+02 -8.118915079762219023e+01 8.080963112232426859e-02
4.449999999997402824e+02 -8.119117881636792333e+01 8.075823857721887988e-02
4.459999999997393729e+02 -8.119318984838677977e+01 8.070720040487419644e-02
4.469999999997384634e+02 -8.119518407843199270e+01 8.065651307616655830e-02
4.479999999997375539e+02 -8.119716168869793194e+01 8.060617311310144806e-02
4.489999999997366444e+02 -8.119912285886333336e+01 8.055617708781175057e-02
4.499999999997357349e+02 -8.120106776613441468e+01 8.050652162158083991e-02
4.509999999997348255e+02 -8.120299658528665532e+01 8.045720338388903659e-02
4.519999999997339160e+02 -8.120490948870592263e+01 8.040821909148400393e-02
4.529999999997330065e+02 -8.120680664642877389e+01 8.035956550747296034e-02
4.539999999997320970e+02 -8.120868822618190563e+01 8.031123944043730423e-02
4.549999999997311875e+02 -8.121055439342030979e+01 8.026323774356851348e-02
4.559999999997302780e+02 -8.121240531136599827e+01 8.021555731382409848e-02
4.569999999997293685e+02 -8.121424114104438274e+01 8.016819509110459374e-02
4.579999999997284590e+02 -8.121606204132085338e+01 8.012114805744950663e-02
4.589999999997275495e+02 -8.121786816893647654e+01 8.007441323625229257e-02
4.599999999997266400e+02 -8.121965967854296764e+01 8.002798769149396807e-02
4.609999999997257305e+02 -8.122143672273676884e+01 7.998186852699451510e-02
4.619999999997248210e+02 -8.122319945209284242e+01 7.993605288568191025e-02
4.629999999997239115e+02 -8.122494801519734153e+01 7.989053794887807092e-02
4.639999999997230020e+02 -8.122668255867989728e+01 7.984532093560119115e-02
4.649999999997220925e+02 -8.122840322724547946e+01 7.980039910188423125e-02
4.659999999997211830e+02 -8.123011016370536197e+01 7.975576974010911702e-02
4.669999999997202735e+02 -8.123180350900740621e+01 7.971143017835589928e-02
4.679999999997193640e+02 -8.123348340226593223e+01 7.966737777976680424e-02
4.689999999997184545e+02 -8.123514998079110683e+01 7.962360994192474450e-02
4.699999999997175451e+02 -8.123680338011777735e+01 7.958012409624563854e-02
4.709999999997166356e+02 -8.123844373403314023e+01 7.953691770738460787e-02
4.719999999997157261e+02 -8.124007117460487848e+01 7.949398827265501122e-02
4.729999999997148166e+02 -8.124168583220817652e+01 7.945133332146071814e-02
4.739999999997139071e+02 -8.124328783555201028e+01 7.940895041474106686e-02
4.749999999997129976e+02 -8.124487731170555094e+01 7.936683714442735460e-02
4.759999999997120881e+02 -8.124645438612374448e+01 7.932499113291197057e-02
4.769999999997111786e+02 -8.124801918267236545e+01 7.928341003252876995e-02
4.779999999997102691e+02 -8.124957182365277220e+01 7.924209152504456399e-02
4.789999999997093596e+02 -8.125111242982586646e+01 7.920103332116203154e-02
4.799999999997084501e+02 -8.125264112043601017e+01 7.916023316003299726e-02
4.809999999997075406e+02 -8.125415801323465814e+01 7.911968880878200716e-02
4.819999999997066311e+02 -8.125566322450259804e+01 7.907939806204067335e-02
4.829999999997057216e+02 -8.125715686907308566e+01 7.903935874149102536e-02
4.839999999997048121e+02 -8.125863906035340278e+01 7.899956869541926996e-02
4.849999999997039026e+02 -8.126010991034686981e+01 7.896002579827836321e-02
4.859999999997029931e+02 -8.126156952967389202e+01 7.892072795026025545e-02
4.869999999997020836e+02 -8.126301802759286375e+01 7.888167307687658780e-02
4.879999999997011741e+02 -8.126445551202080253e+01 7.884285912854847866e-02
4.889999999997002647e+02 -8.126588208955344328e+01 7.880428408020412334e-02
4.899999999996993552e+02 -8.126729786548490608e+01 7.876594593088571961e-02
4.909999999996984457e+02 -8.126870294382732141e+01 7.872784270336322110e-02
4.919999999996975362e+02 -8.127009742732974473e+01 7.868997244375704192e-02
4.929999999996966267e+02 -8.127148141749700017e+01 7.865233322116761683e-02
4.939999999996957172e+02 -8.127285501460801243e+01 7.861492312731280241e-02
4.949999999996948077e+02 -8.127421831773391148e+01 7.857774027617253632e-02
4.959999999996938982e+02 -8.127557142475590979e+01 7.854078280364050479e-02
4.969999999996929887e+02 -8.127691443238248326e+01 7.850404886718286013e-02
4.979999999996920792e+02 -8.127824743616699266e+01 7.846753664550347451e-02
4.989999999996911697e+02 -8.127957053052401193e+01 7.843124433821629937e-02
4.999999999996902602e+02 -8.128088380874622487e+01 7.839517016552333128e-02
5.000000000000000000e+02 -8.128088380874663699e+01 7.839517016551218742e-02
