1.000000000000000666e+00 -7.217004106722959023e+01 7.359459829169547052e-02
2.000000000000001332e+00 -6.327733117955961006e+01 7.362430619806879795e-02
2.999999999999980016e+00 -6.992340221715574344e+00 7.372586667531587368e-02
3.999999999999958700e+00 3.630571633209677174e+01 7.885696165031462479e-02
4.999999999999937828e+00 3.023541003835833152e+01 9.224387325327947085e-02
5.999999999999916511e+00 2.566061175009645368e+01 1.107326681291968401e-01
6.999999999999895195e+00 2.288433729976204845e+01 1.303951033073139365e-01
7.999999999999873879e+00 2.144176556632478992e+01 1.480161834894792583e-01
8.999999999999852562e+00 2.085275281886170262e+01 1.620265173169506412e-01
9.999999999999831246e+00 2.076894441155014448e+01 1.722728528943159032e-01
1.099999999999980993e+01 2.096516033404678581e+01 1.793550678888936878e-01
1.199999999999978861e+01 2.130341814004497536e+01 1.840905602101322591e-01
1.299999999999976730e+01 2.170177230415740510e+01 1.872309173067628896e-01
1.399999999999974598e+01 2.211256936670053719e+01 1.893609845999239261e-01
1.499999999999972466e+01 2.250836069849075827e+01 1.908915658740629184e-01
1.599999999999970335e+01 2.287307402845368642e+01 1.920885583857974699e-01
1.699999999999985789e+01 2.319655658158870182e+01 1.931100981468134858e-01
1.800000000000001421e+01 2.347116074969311939e+01 1.940399737914989542e-01
1.900000000000017053e+01 2.368946144947734922e+01 1.949135165557371319e-01
2.000000000000032685e+01 2.384248995831824303e+01 1.957355164782653978e-01
2.100000000000048317e+01 2.391813652927427825e+01 1.964911111645482877e-01
2.200000000000063949e+01 2.389991051746703121e+01 1.971517566711507297e-01
2.300000000000079581e+01 2.376795261875039955e+01 1.976808698307225554e-01
2.400000000000095213e+01 2.350821735800075629e+01 1.980472207815003605e-01
2.500000000000110845e+01 2.313493362964089428e+01 1.982478218615348897e-01
2.600000000000126477e+01 2.270248214572063361e+01 1.983158587018829244e-01
2.700000000000142109e+01 2.227152726739884869e+01 1.982963031833614720e-01
2.800000000000157740e+01 2.187319507921315420e+01 1.982235531224647296e-01
2.900000000000173372e+01 2.151310568823760505e+01 1.981198048826726954e-01
3.000000000000189004e+01 2.118749880746410952e+01 1.979994801655004799e-01
3.100000000000204636e+01 2.089159485908088953e+01 1.978720408491360938e-01
3.200000000000220268e+01 2.062171700975327937e+01 1.977435051214383177e-01
3.300000000000200373e+01 2.037518949375907340e+01 1.976174789621369388e-01
3.400000000000180478e+01 2.014985775058845263e+01 1.974959326574756702e-01
3.500000000000160583e+01 1.994375740555814147e+01 1.973797643546714164e-01
3.600000000000140687e+01 1.975497560468851432e+01 1.972691885271629919e-01
3.700000000000120792e+01 1.958163097231581062e+01 1.971639970668421504e-01
3.800000000000100897e+01 1.942190313728706030e+01 1.970637341713884216e-01
3.900000000000081002e+01 1.927407145824073709e+01 1.969678136218213915e-01
4.000000000000061107e+01 1.913654539800231547e+01 1.968755967218413505e-01
4.100000000000041211e+01 1.900788188487640440e+01 1.967864426949433032e-01
4.200000000000021316e+01 1.888679079121230231e+01 1.966997396098624507e-01
4.300000000000001421e+01 1.877213155049758697e+01 1.966149216710416370e-01
4.399999999999981526e+01 1.866290403032455458e+01 1.965314772061716175e-01
4.499999999999961631e+01 1.855823621358115716e+01 1.964489505567987571e-01
4.599999999999941735e+01 1.845737054395688759e+01 1.963669401950269566e-01
4.699999999999921840e+01 1.835965017491512086e+01 1.962850946981412048e-01
4.799999999999901945e+01 1.826450588341715076e+01 1.962031076854492961e-01
4.899999999999882050e+01 1.817144406752812813e+01 1.961207124323577911e-01
4.999999999999862155e+01 1.808003601592041321e+01 1.960376765994270853e-01
5.099999999999842260e+01 1.798990848936675491e+01 1.959537973236282760e-01
5.199999999999822364e+01 1.790073556533858223e+01 1.958688967928947922e-01
5.299999999999802469e+01 1.781223164789227553e+01 1.957828183450023019e-01
5.399999999999782574e+01 1.772414552228118012e+01 1.956954230836105424e-01
5.499999999999762679e+01 1.763625532743015967e+01 1.956065869774193389e-01
5.599999999999742784e+01 1.754836432291219239e+01 1.955161983953204730e-01
5.699999999999722888e+01 1.746029733597414690e+01 1.954241560259519783e-01
5.799999999999702993e+01 1.737189778564166076e+01 1.953303671306722000e-01
5.899999999999683098e+01 1.728302519322964059e+01 1.952347460823882774e-01
5.999999999999663203e+01 1.719355310064814191e+01 1.951372131474206351e-01
6.099999999999643308e+01 1.710336732914534252e+01 1.950376934727853784e-01
6.199999999999623412e+01 1.701236452128707910e+01 1.949361162464035568e-01
6.299999999999603517e+01 1.692045091793985279e+01 1.948324140025102513e-01
6.399999999999583622e+01 1.682754132981498074e+01 1.947265220488231807e-01
6.499999999999634781e+01 1.673355826981667960e+01 1.946183779957788851e-01
6.599999999999685940e+01 1.663843121812487169e+01 1.945079213713797328e-01
6.699999999999737099e+01 1.654209599674325659e+01 1.943950933079456322e-01
6.799999999999788258e+01 1.644449423427667512e+01 1.942798362893864150e-01
6.899999999999839417e+01 1.634557290506917937e+01 1.941620939495573850e-01
6.999999999999890576e+01 1.624528392964035106e+01 1.940418109138783986e-01
7.099999999999941735e+01 1.614358382568388706e+01 1.939189326777480127e-01
7.199999999999992895e+01 1.604043340082026248e+01 1.937934055163952896e-01
7.300000000000044054e+01 1.593579747988420081e+01 1.936651764217348359e-01
7.400000000000095213e+01 1.582964466083885036e+01 1.935341930625466556e-01
7.500000000000146372e+01 1.572194709448482719e+01 1.934004037649283136e-01
7.600000000000197531e+01 1.561268028401655350e+01 1.932637575104788619e-01
7.700000000000248690e+01 1.550182290120206829e+01 1.931242039500910834e-01
7.800000000000299849e+01 1.538935661655397169e+01 1.929816934315742305e-01
7.900000000000351008e+01 1.527526594134257110e+01 1.928361770396056774e-01
8.000000000000402167e+01 1.515953807969548350e+01 1.926876066467388127e-01
8.100000000000453326e+01 1.504216278934784334e+01 1.925359349743727688e-01
8.200000000000504485e+01 1.492313224986705045e+01 1.923811156627408536e-01
8.300000000000555644e+01 1.480244093738628486e+01 1.922231033490837404e-01
8.400000000000606803e+01 1.468008550505109255e+01 1.920618537532693404e-01
8.500000000000657963e+01 1.455606466852086278e+01 1.918973237701874501e-01
8.600000000000709122e+01 1.443037909597770430e+01 1.917294715682982265e-01
8.700000000000760281e+01 1.430303130218421437e+01 1.915582566937519826e-01
8.800000000000811440e+01 1.417402554620402277e+01 1.913836401795213360e-01
8.900000000000862599e+01 1.404336773245616676e+01 1.912055846589992003e-01
9.000000000000913758e+01 1.391106531482143716e+01 1.910240544835261067e-01
9.100000000000964917e+01 1.377712720355648379e+01 1.908390158433032335e-01
9.200000000001016076e+01 1.364156367480215160e+01 1.906504368911439984e-01
9.300000000001067235e+01 1.350438628249743722e+01 1.904582878685051051e-01
9.400000000001118394e+01 1.336560777253175658e+01 1.902625412332206722e-01
9.500000000001169553e+01 1.322524199898514041e+01 1.900631717883476401e-01
9.600000000001220712e+01 1.308330384232123578e+01 1.898601568115089733e-01
9.700000000001271871e+01 1.293980912941067096e+01 1.896534761841011663e-01
9.800000000001323031e+01 1.279477455527406882e+01 1.894431125197130195e-01
9.900000000001374190e+01 1.264821760644407433e+01 1.892290512910782541e-01
1.000000000000142535e+02 1.250015648585564065e+01 1.890112809548702977e-01
1.010000000000147651e+02 1.235061003918249867e+01 1.887897930736251173e-01
1.020000000000152767e+02 1.219959768254655508e+01 1.885645824340634602e-01
1.030000000000157883e+02 1.204713933153484540e+01 1.883356471610723726e-01
1.040000000000162999e+02 1.189325533146686986e+01 1.881029888265932926e-01
1.050000000000168114e+02 1.173796638886248367e+01 1.878666125526608777e-01
1.060000000000173230e+02 1.158129350406819214e+01 1.876265271078311203e-01
1.070000000000178346e+02 1.142325790500652793e+01 1.873827449962421898e-01
1.080000000000183462e+02 1.126388098202023436e+01 1.871352825385585172e-01
1.090000000000188578e+02 1.110318422378942671e+01 1.868841599440587420e-01
1.100000000000193694e+02 1.094118915430579619e+01 1.866294013731480406e-01
1.110000000000198810e+02 1.077791727089402940e+01 1.863710349895961460e-01
1.120000000000203926e+02 1.061338998327526895e+01 1.861090930018348688e-01
1.130000000000209042e+02 1.044762855367259924e+01 1.858436116926768522e-01
1.140000000000214158e+02 1.028065403796244581e+01 1.855746314368651728e-01
1.150000000000219273e+02 1.011248722787903098e+01 1.853021967059015895e-01
1.160000000000224389e+02 9.943148594282380515e+00 1.850263560596579759e-01
1.170000000000229505e+02 9.772658231502031612e+00 1.847471621243276518e-01
1.180000000000234621e+02 9.601035802770416794e+00 1.844646715563373618e-01
1.190000000000239737e+02 9.428300486760427646e+00 1.841789449919037092e-01
1.200000000000244853e+02 9.254470925241820467e+00 1.838900469819907124e-01
1.210000000000249969e+02 9.079565171870520146e+00 1.835980459124954556e-01
1.220000000000255085e+02 8.903600642123345565e+00 1.833030139095676025e-01
1.230000000000260201e+02 8.726594064388777383e+00 1.830050267300453726e-01
1.240000000000265317e+02 8.548561432221768897e+00 1.827041636370754230e-01
1.250000000000270433e+02 8.369517957767122596e+00 1.824005072610598022e-01
1.260000000000275548e+02 8.189478026352292162e+00 1.820941434461618158e-01
1.270000000000280664e+02 8.008455152245890218e+00 1.817851610826807518e-01
1.280000000000285638e+02 7.826461935573596485e+00 1.814736519256871794e-01
1.290000000000276543e+02 7.643510020377878078e+00 1.811597104003924708e-01
1.300000000000267448e+02 7.459610053800945551e+00 1.808434333947948336e-01
1.310000000000258353e+02 7.274771646368328959e+00 1.805249200402306853e-01
1.320000000000249258e+02 7.089003333339041646e+00 1.802042714805158763e-01
1.330000000000240163e+02 6.902312537086062960e+00 1.798815906304321866e-01
1.340000000000231068e+02 6.714705530462810934e+00 1.795569819243765797e-01
1.350000000000221974e+02 6.526187401105180363e+00 1.792305510560359416e-01
1.360000000000212879e+02 6.336762016612372150e+00 1.789024047100047088e-01
1.370000000000203784e+02 6.146431990543435475e+00 1.785726502862988452e-01
1.380000000000194689e+02 5.955198649160331925e+00 1.782413956187527682e-01
1.390000000000185594e+02 5.763061998842553102e+00 1.779087486883123570e-01
1.400000000000176499e+02 5.570020694092495894e+00 1.775748173322537482e-01
1.410000000000167404e+02 5.376072006045782281e+00 1.772397089503671697e-01
1.420000000000158309e+02 5.181211791395550215e+00 1.769035302091508111e-01
1.430000000000149214e+02 4.985434461635415815e+00 1.765663867450475710e-01
1.440000000000140119e+02 4.788732952521804975e+00 1.762283828677481956e-01
1.450000000000131024e+02 4.591098693652635454e+00 1.758896212645655877e-01
1.460000000000121929e+02 4.392521578056701514e+00 1.755502027068511772e-01
1.470000000000112834e+02 4.192989931685468186e+00 1.752102257593950718e-01
1.480000000000103739e+02 3.992490482697343968e+00 1.748697864937071578e-01
1.490000000000094644e+02 3.791008330423565997e+00 1.745289782060337469e-01
1.500000000000085549e+02 3.588526913904189541e+00 1.741878911409071307e-01
1.510000000000076454e+02 3.385027979883342919e+00 1.738466122209763876e-01
1.520000000000067359e+02 3.180491550153955238e+00 1.735052247837989281e-01
1.530000000000058265e+02 2.974895888144242662e+00 1.731638083262186101e-01
1.540000000000049170e+02 2.768217464641163250e+00 1.728224382568835371e-01
1.550000000000040075e+02 2.560430922549949084e+00 1.724811856573917057e-01
1.560000000000030980e+02 2.351509040593848354e+00 1.721401170524882451e-01
1.570000000000021885e+02 2.141422695864156900e+00 1.717992941896634151e-01
1.580000000000012790e+02 1.930140825138016991e+00 1.714587738284397145e-01
1.590000000000003695e+02 1.717630384889963668e+00 1.711186075395676187e-01
1.599999999999994600e+02 1.503856309933384816e+00 1.707788415142874050e-01
1.609999999999985505e+02 1.288781470639555060e+00 1.704395163837544303e-01
1.619999999999976410e+02 1.072366628695413437e+00 1.701006670486698291e-01
1.629999999999967315e+02 8.545703913765690940e-01 1.697623225191070284e-01
1.639999999999958220e+02 6.353491643295244851e-01 1.694245057644790109e-01
1.649999999999949125e+02 4.146571028768944456e-01 1.690872335735532361e-01
1.659999999999940030e+02 1.924460618820406088e-01 1.687505164243854883e-01
1.669999999999930935e+02 -3.133445576549918898e-02 1.684143583640248520e-01
1.679999999999921840e+02 -2.567373519502236801e-01 1.680787568978198143e-01
1.689999999999912745e+02 -4.838179873008179310e-01 1.677437028881524073e-01
1.699999999999903650e+02 -7.126342361607153064e-01 1.674091804624299740e-01
1.709999999999894555e+02 -9.432465423658062953e-01 1.670751669301764608e-01
1.719999999999885461e+02 -1.175717975579542607e+00 1.667416327090880113e-01
1.729999999999876366e+02 -1.410114287887286322e+00 1.664085412599592140e-01
1.739999999999867271e+02 -1.646503970293520025e+00 1.660758490304306279e-01
1.749999999999858176e+02 -1.884958308700671159e+00 1.657435054075713787e-01
1.759999999999849081e+02 -2.125551438875980637e+00 1.654114526793896145e-01
1.769999999999839986e+02 -2.368360399832415641e+00 1.650796260054515352e-01
1.779999999999830891e+02 -2.613465184959947063e+00 1.647479533968967402e-01
1.789999999999821796e+02 -2.860948790144291376e+00 1.644163557062590375e-01
1.799999999999812701e+02 -3.110897258000167476e+00 1.640847466276413869e-01
1.809999999999803606e+02 -3.363399717225152408e+00 1.637530327079445569e-01
1.819999999999794511e+02 -3.618548415946811314e+00 1.634211133700284035e-01
1.829999999999785416e+02 -3.876438747790217576e+00 1.630888809488616753e-01
1.839999999999776321e+02 -4.137169269234380664e+00 1.627562207419346874e-01
1.849999999999767226e+02 -4.400841706654293972e+00 1.624230110754224521e-01
1.859999999999758131e+02 -4.667560951261049418e+00 1.620891233878275217e-01
1.869999999999749036e+02 -4.937435039955943239e+00 1.617544223330853181e-01
1.879999999999739941e+02 -5.210575119911180941e+00 1.614187659053712698e-01
1.889999999999730846e+02 -5.487095394453787023e+00 1.610820055881586332e-01
1.899999999999721751e+02 -5.767113047663877445e+00 1.607439865302846271e-01
1.909999999999712657e+02 -6.050748144810181195e+00 1.604045477521504615e-01
1.919999999999703562e+02 -6.338123505585174122e+00 1.600635223854160460e-01
1.929999999999694467e+02 -6.629364546897740240e+00 1.597207379498228885e-01
1.939999999999685372e+02 -6.924599091821645125e+00 1.593760166710372350e-01
1.949999999999676277e+02 -7.223957141190618714e+00 1.590291758436194469e-01
1.959999999999667182e+02 -7.527570604294322010e+00 1.586800282434047416e-01
1.969999999999658087e+02 -7.835572985192509776e+00 1.583283825936905587e-01
1.979999999999648992e+02 -8.148099021362963157e+00 1.579740440896653941e-01
1.989999999999639897e+02 -8.465284271773684921e+00 1.576168149854473566e-01
1.999999999999630802e+02 -8.787264652072128257e+00 1.572564952479101885e-01
2.009999999999621707e+02 -9.114175915472140233e+00 1.568928832811244956e-01
2.019999999999612612e+02 -9.446153079159108401e+00 1.565257767247135445e-01
2.029999999999603517e+02 -9.783329797698346653e+00 1.561549733286601016e-01
2.039999999999594422e+02 -1.012583768709567345e+01 1.557802719060830399e-01
2.049999999999585327e+02 -1.047380560589762943e+01 1.554014733641835844e-01
2.059999999999576232e+02 -1.082735890309547422e+01 1.550183818118955892e-01
2.069999999999567137e+02 -1.118661864665839722e+01 1.546308057407380920e-01
2.079999999999558042e+02 -1.155170085127918966e+01 1.542385592729140498e-01
2.089999999999548947e+02 -1.192271572933296397e+01 1.538414634678196002e-01
2.099999999999539853e+02 -1.229976699502033277e+01 1.534393476748134311e-01
2.109999999999530758e+02 -1.268295125799382639e+01 1.530320509163597409e-01
2.119999999999521663e+02 -1.307235754914324311e+01 1.526194232815635266e-01
2.129999999999512568e+02 -1.346806702720717297e+01 1.522013273057422345e-01
2.139999999999503473e+02 -1.387015291991149191e+01 1.517776393071758045e-01
2.149999999999494378e+02 -1.427868075670559023e+01 1.513482506477451806e-01
2.159999999999485283e+02 -1.469370895105227248e+01 1.509130688800695841e-01
2.169999999999476188e+02 -1.511528978773390541e+01 1.504720187403233433e-01
2.179999999999467093e+02 -1.554347086386335874e+01 1.500250429435478206e-01
2.189999999999457998e+02 -1.597829702041105904e+01 1.495721027374075918e-01
2.199999999999448903e+02 -1.641981278344323059e+01 1.491131781714505333e-01
2.209999999999439808e+02 -1.686806531058493874e+01 1.486482680424643377e-01
2.219999999999430713e+02 -1.732310780857714505e+01 1.481773894828916360e-01
2.229999999999421618e+02 -1.778500335283597522e+01 1.477005771687598668e-01
2.239999999999412523e+02 -1.825382900092186489e+01 1.472178821363274992e-01
2.249999999999403428e+02 -1.872968005075738063e+01 1.467293702125725685e-01
2.259999999999394333e+02 -1.921267425397012119e+01 1.462351200833674481e-01
2.269999999999385238e+02 -1.970295575824244239e+01 1.457352210440678864e-01
2.279999999999376143e+02 -2.020069852398599508e+01 1.452297704992900618e-01
2.289999999999367049e+02 -2.070610894445478678e+01 1.447188713005962690e-01
2.299999999999357954e+02 -2.121942739923920129e+01 1.442026290310997605e-01
2.309999999999348859e+02 -2.174092849351363199e+01 1.436811493628679381e-01
2.319999999999339764e+02 -2.227091978339165479e+01 1.431545356245791656e-01
2.329999999999330669e+02 -2.280973886387400640e+01 1.426228867212807616e-01
2.339999999999321574e+02 -2.335774880041862644e+01 1.420862955436061059e-01
2.349999999999312479e+02 -2.391533201494768335e+01 1.415448479890496214e-01
2.359999999999303384e+02 -2.448288288442103067e+01 1.409986226921527419e-01
2.369999999999294289e+02 -2.506079946199158215e+01 1.404476915238422330e-01
2.379999999999285194e+02 -2.564947486958300971e+01 1.398921208740119271e-01
2.389999999999276099e+02 -2.624928901491887601e+01 1.393319736784673357e-01
2.399999999999267004e+02 -2.686060133504913594e+01 1.387673120957143846e-01
2.409999999999257909e+02 -2.748374524522303730e+01 1.381982006862079448e-01
2.419999999999248814e+02 -2.811902486966953063e+01 1.376247099026879639e-01
2.429999999999239719e+02 -2.876671445552738149e+01 1.370469196710926429e-01
2.439999999999230624e+02 -2.942706064286010559e+01 1.364649228319338714e-01
2.449999999999221529e+02 -3.010028751366383659e+01 1.358788282243008627e-01
2.459999999999212434e+02 -3.078660410719179907e+01 1.352887632280841967e-01
2.469999999999203339e+02 -3.148621390095777883e+01 1.346948756305846040e-01
2.479999999999194245e+02 -3.219932563943518744e+01 1.340973347447407260e-01
2.489999999999185150e+02 -3.292616485427939921e+01 1.334963317695898599e-01
2.499999999999176055e+02 -3.366698545470759996e+01 1.328920794411785067e-01
2.509999999999166960e+02 -3.442208085690939612e+01 1.322848110673484345e-01
2.519999999999157865e+02 -3.519179424340392615e+01 1.316747790686094155e-01
2.529999999999148770e+02 -3.597652767294201226e+01 1.310622531585823591e-01
2.539999999999139675e+02 -3.677674987837001197e+01 1.304475182928892807e-01
2.549999999999130580e+02 -3.759300267915288174e+01 1.298308724984881257e-01
2.559999999999121485e+02 -3.842590598842073035e+01 1.292126246709252857e-01
2.569999999999112674e+02 -3.927616140781186971e+01 1.285930923995523278e-01
2.579999999999103579e+02 -4.014455437681481698e+01 1.279725998545192533e-01
2.589999999999094484e+02 -4.103195481053698757e+01 1.273514757473442616e-01
2.599999999999085389e+02 -4.193931597157380509e+01 1.267300513607332313e-01
2.609999999999076294e+02 -4.286767117786738623e+01 1.261086586355004979e-01
2.619999999999067199e+02 -4.381812791472545143e+01 1.254876283008413695e-01
2.629999999999058105e+02 -4.479185851733803503e+01 1.248672880381358902e-01
2.639999999999049010e+02 -4.579008634438302039e+01 1.242479606787060681e-01
2.649999999999039915e+02 -4.681406600469215817e+01 1.236299624505028116e-01
2.659999999999030820e+02 -4.786505577059806882e+01 1.230136013063839323e-01
2.669999999999021725e+02 -4.894427981987143284e+01 1.223991753864378945e-01
2.679999999999012630e+02 -5.005287741379872557e+01 1.217869716876690128e-01
2.689999999999003535e+02 -5.119183559339934675e+01 1.211772650351363584e-01
2.699999999998994440e+02 -5.236190156135837270e+01 1.205703174678855877e-01
2.709999999998985345e+02 -5.356347079438408798e+01 1.199663781686605563e-01
2.719999999998976250e+02 -5.479644738952523397e+01 1.193656840754065696e-01
2.729999999998967155e+02 -5.606007461470642994e+01 1.187684613105281922e-01
2.739999999998958060e+02 -5.735273666934952530e+01 1.181749275446209863e-01
2.749999999998948965e+02 -5.867173789147614116e+01 1.175852953672016366e-01
2.759999999998939870e+02 -6.001307356588899466e+01 1.169997766593458277e-01
2.769999999998930775e+02 -6.137121706409909905e+01 1.164185878452187323e-01
2.779999999998921680e+02 -6.273896013767087254e+01 1.158419557401299399e-01
2.789999999998912585e+02 -6.410735389262389106e+01 1.152701235225743054e-01
2.799999999998903490e+02 -6.546580237851375728e+01 1.147033561652647526e-01
2.809999999998894396e+02 -6.680235274608413931e+01 1.141419445144107453e-01
2.819999999998885301e+02 -6.810420088383527570e+01 1.135862071704269033e-01
2.829999999998876206e+02 -6.935838991110098561e+01 1.130364894541986964e-01
2.839999999998867111e+02 -7.055262970306340264e+01 1.124931590633996142e-01
2.849999999998858016e+02 -7.167612481607234542e+01 1.119565984951297610e-01
2.859999999998848921e+02 -7.272028279166801212e+01 1.114271948330997075e-01
2.869999999998839826e+02 -7.367919387213720483e+01 1.109053279345969534e-01
2.879999999998830731e+02 -7.454982179509421769e+01 1.103913582872016047e-01
2.889999999998821636e+02 -7.533190651077025279e+01 1.098856157851306886e-01
2.899999999998812541e+02 -7.602763278145484094e+01 1.093883904291430981e-01
2.909999999998803446e+02 -7.664114926064785038e+01 1.088999255721721793e-01
2.919999999998794351e+02 -7.717802747428454779e+01 1.084204139242425508e-01
2.929999999998785256e+02 -7.764473524855098674e+01 1.079499961832126181e-01
2.939999999998776161e+02 -7.804817472273059309e+01 1.074887619199848543e-01
2.949999999998767066e+02 -7.839531026639504319e+01 1.070367522252917286e-01
2.959999999998757971e+02 -7.869289186807834824e+01 1.065939636002905117e-01
2.969999999998748876e+02 -7.894726667184919222e+01 1.061603526141455950e-01
2.979999999998739781e+02 -7.916426467481548457e+01 1.057358409284105266e-01
2.989999999998730686e+02 -7.934914249424581101e+01 1.053203203769511875e-01
2.999999999998721592e+02 -7.950656981756068831e+01 1.049136578761681454e-01
3.009999999998712497e+02 -7.964064527303992236e+01 1.045157000152090870e-01
3.019999999998703402e+02 -7.975493107242360225e+01 1.041262772365486866e-01
3.029999999998694307e+02 -7.985249833650304652e+01 1.037452075636820792e-01
3.039999999998685212e+02 -7.993597725449521363e+01 1.033722998662650328e-01
3.049999999998676117e+02 -8.000760805272068410e+01 1.030073566760291992e-01
3.059999999998667022e+02 -8.006929015932715288e+01 1.026501765814718109e-01
3.069999999998657927e+02 -8.012262799751135844e+01 1.023005562377305028e-01
3.079999999998648832e+02 -8.016897258479387745e+01 1.019582920319389296e-01
3.089999999998639737e+02 -8.020945862594194864e+01 1.016231814451171167e-01
3.099999999998630642e+02 -8.024503712050177739e+01 1.012950241503363658e-01
3.109999999998621547e+02 -8.027650371092127557e+01 1.009736228843189226e-01
3.119999999998612452e+02 -8.030452311197818460e+01 1.006587841263561767e-01
3.129999999998603357e+02 -8.032965001552088324e+01 1.003503186148501508e-01
3.139999999998594262e+02 -8.035234687758541838e+01 1.000480417281807977e-01
3.149999999998585167e+02 -8.037299898292211253e+01 9.975177375313606931e-02
3.159999999998576072e+02 -8.039192715539758183e+01 9.946134006092179070e-02
3.169999999998566977e+02 -8.040939844875353515e+01 9.917657120784426072e-02
3.179999999998557882e+02 -8.042563511549222710e+01 9.889730297515138269e-02
3.189999999998548788e+02 -8.044082211514462699e+01 9.862337636022526499e-02
3.199999999998539693e+02 -8.045511338860501382e+01 9.835463752932405157e-02
3.209999999998530598e+02 -8.046863709352588501e+01 9.809093774035443358e-02
3.219999999998521503e+02 -8.048149996736263745e+01 9.783213324268787148e-02
3.229999999998512408e+02 -8.049379095961148778e+01 9.757808515978658170e-02
3.239999999998503313e+02 -8.050558425297940346e+01 9.732865935935258728e-02
3.249999999998494218e+02 -8.051694177441137867e+01 9.708372631483232207e-02
3.259999999998485123e+02 -8.052791528079534089e+01 9.684316096136706686e-02
3.269999999998476028e+02 -8.053854809045924412e+01 9.660684254866895582e-02
3.279999999998466933e+02 -8.054887651996131126e+01 9.637465449279129792e-02
3.289999999998457838e+02 -8.055893107587540669e+01 9.614648422834297381e-02
3.299999999998448743e+02 -8.056873744303223361e+01 9.592222306235179130e-02
3.309999999998439648e+02 -8.057831730375944801e+01 9.570176603069886767e-02
3.319999999998430553e+02 -8.058768901687201947e+01 9.548501175781745620e-02
3.329999999998421458e+02 -8.059686818032466249e+01 9.527186232016171541e-02
3.339999999998412363e+02 -8.060586809739726277e+01 9.506222311380169154e-02
3.349999999998403268e+02 -8.061470016291733032e+01 9.485600272637992325e-02
3.359999999998394173e+02 -8.062337418321816074e+01 9.465311281356889039e-02
3.369999999998385078e+02 -8.063189864119979688e+01 9.445346798009292277e-02
3.379999999998375984e+02 -8.064028091591875125e+01 9.425698566531859335e-02
3.389999999998366889e+02 -8.064852746452164922e+01 9.406358603337142132e-02
3.399999999998357794e+02 -8.065664397299988764e+01 9.387319186770216872e-02
3.409999999998348699e+02 -8.066463548113232207e+01 9.368572847000009030e-02
3.419999999998339604e+02 -8.067250648606065511e+01 9.350112356332945796e-02
3.429999999998330509e+02 -8.068026102817947276e+01 9.331930719935510599e-02
3.439999999998321414e+02 -8.068790276238838999e+01 9.314021166951198805e-02
3.449999999998312319e+02 -8.069543501723036627e+01 9.296377141996908788e-02
3.459999999998303224e+02 -8.070286084400459004e+01 9.278992297023537505e-02
3.469999999998294129e+02 -8.071018305758147449e+01 9.261860483525595489e-02
3.479999999998285034e+02 -8.071740427035052790e+01 9.244975745084792196e-02
3.489999999998275939e+02 -8.072452692048437939e+01 9.228332310232686964e-02
3.499999999998266844e+02 -8.073155329549761916e+01 9.211924585618146144e-02
3.509999999998257749e+02 -8.073848555190946286e+01 9.195747149465521852e-02
3.519999999998248654e+02 -8.074532573168107774e+01 9.179794745310063120e-02
3.529999999998239559e+02 -8.075207577598058606e+01 9.164062275997732210e-02
3.539999999998230464e+02 -8.075873753673377564e+01 9.148544797936791761e-02
3.549999999998221369e+02 -8.076531278633967759e+01 9.133237515589499866e-02
3.559999999998212274e+02 -8.077180322586463035e+01 9.118135776192429209e-02
3.569999999998203180e+02 -8.077821049197282832e+01 9.103235064694691070e-02
3.579999999998194085e+02 -8.078453616280853566e+01 9.088530998903694702e-02
3.589999999998184990e+02 -8.079078176300677683e+01 9.074019324828849764e-02
3.599999999998175895e+02 -8.079694876797957193e+01 9.059695912213705515e-02
3.609999999998166800e+02 -8.080303860759849499e+01 9.045556750247939204e-02
3.619999999998157705e+02 -8.080905266937385534e+01 9.031597943450682398e-02
3.629999999998148610e+02 -8.081499230121424660e+01 9.017815707717394269e-02
3.639999999998139515e+02 -8.082085881383483184e+01 9.004206366522640725e-02
3.649999999998130420e+02 -8.082665348287045504e+01 8.990766347271769710e-02
3.659999999998121325e+02 -8.083237755074260633e+01 8.977492177794675621e-02
3.669999999998112230e+02 -8.083803222831787139e+01 8.964380482975255193e-02
3.679999999998103135e+02 -8.084361869639081988e+01 8.951427981510502729e-02
3.689999999998094040e+02 -8.084913810701789316e+01 8.938631482793525651e-02
3.699999999998084945e+02 -8.085459158472556851e+01 8.925987883914875132e-02
3.709999999998075850e+02 -8.085998022761016557e+01 8.913494166777230499e-02
3.719999999998066755e+02 -8.086530510834562335e+01 8.901147395318328992e-02
3.729999999998057660e+02 -8.087056727511226484e+01 8.888944712837554274e-02
3.739999999998048565e+02 -8.087576775245597105e+01 8.876883339421780261e-02
3.749999999998039470e+02 -8.088090754208899114e+01 8.864960569466179274e-02
3.759999999998030376e+02 -8.088598762363736228e+01 8.853173769286060146e-02
3.769999999998021281e+02 -8.089100895534360802e+01 8.841520374815844963e-02
3.779999999998012186e+02 -8.089597247472838148e+01 8.829997889391710819e-02
3.789999999998003091e+02 -8.090087909921628295e+01 8.818603881614250906e-02
3.799999999997993996e+02 -8.090572972672954677e+01 8.807335983288051839e-02
3.809999999997984901e+02 -8.091052523625263859e+01 8.796191887434934298e-02
3.819999999997975806e+02 -8.091526648837100311e+01 8.785169346378003674e-02
3.829999999997966711e+02 -8.091995432578521275e+01 8.774266169893539524e-02
3.839999999997957616e+02 -8.092458957380412699e+01 8.763480223428067595e-02
3.849999999997948521e+02 -8.092917304081737484e+01 8.752809426378123370e-02
3.859999999997939426e+02 -8.093370551874949115e+01 8.742251750430071744e-02
3.869999999997930331e+02 -8.093818778349638876e+01 8.731805217957813725e-02
3.879999999997921236e+02 -8.094262059534645459e+01 8.721467900475962653e-02
3.889999999997912141e+02 -8.094700469938571530e+01 8.711237917146424925e-02
3.899999999997903046e+02 -8.095134082588921842e+01 8.701113433336422898e-02
3.909999999997893951e+02 -8.095562969069914061e+01 8.691092659225785333e-02
3.919999999997884856e+02 -8.095987199558973657e+01 8.681173848461808118e-02
3.929999999997875761e+02 -8.096406842862069198e+01 8.671355296859833972e-02
3.939999999997866666e+02 -8.096821966447885188e+01 8.661635341147792821e-02
3.949999999997857572e+02 -8.097232636480923418e+01 8.652012357753097183e-02
3.959999999997848477e+02 -8.097638917853544172e+01 8.642484761630350731e-02
3.969999999997839382e+02 -8.098040874216985685e+01 8.633051005128232480e-02
3.979999999997830287e+02 -8.098438568011515315e+01 8.623709576894283968e-02
3.989999999997821192e+02 -8.098832060495603002e+01 8.614459000816016010e-02
3.999999999997812097e+02 -8.099221411774180979e+01 8.605297834997209516e-02
4.009999999997803002e+02 -8.099606680826198613e+01 8.596224670767961540e-02
4.019999999997793907e+02 -8.099987925531196709e+01 8.587238131727328860e-02
4.029999999997784812e+02 -8.100365202695266476e+01 8.578336872817401981e-02
4.039999999997775717e+02 -8.100738568076100421e+01 8.569519579427616052e-02
4.049999999997766622e+02 -8.101108076407446390e+01 8.560784966528325879e-02
4.059999999997757527e+02 -8.101473781422809850e+01 8.552131777832445991e-02
4.069999999997748432e+02 -8.101835735878476896e+01 8.543558784984335575e-02
4.079999999997739337e+02 -8.102193991575886400e+01 8.535064786774779200e-02
4.089999999997730242e+02 -8.102548599383412409e+01 8.526648608381302841e-02
4.099999999997721147e+02 -8.102899609257507052e+01 8.518309100632859288e-02
4.109999999997712052e+02 -8.103247070263266494e+01 8.510045139297985062e-02
4.119999999997702957e+02 -8.103591030594394340e+01 8.501855624395660005e-02
4.129999999997693862e+02 -8.103931537592708878e+01 8.493739479528156222e-02
4.139999999997684768e+02 -8.104268637767029304e+01 8.485695651234956283e-02
4.149999999997675673e+02 -8.104602376811583042e+01 8.477723108367080096e-02
4.159999999997666578e+02 -8.104932799623946948e+01 8.469820841481139062e-02
4.169999999997657483e+02 -8.105259950322444240e+01 8.461987862252462467e-02
4.179999999997648388e+02 -8.105583872263140677e+01 8.454223202906509249e-02
4.189999999997639293e+02 -8.105904608056358995e+01 8.446525915668114115e-02
4.199999999997630198e+02 -8.106222199582738597e+01 8.438895072227799166e-02
4.209999999997621103e+02 -8.106536688008917224e+01 8.431329763224713891e-02
4.219999999997612008e+02 -8.106848113802797684e+01 8.423829097745491601e-02
4.229999999997602913e+02 -8.107156516748368347e+01 8.416392202838623993e-02
4.239999999997593818e+02 -8.107461935960208166e+01 8.409018223043732143e-02
4.249999999997584723e+02 -8.107764409897551161e+01 8.401706319935256517e-02
4.259999999997575628e+02 -8.108063976378053894e+01 8.394455671680138564e-02
4.269999999997566533e+02 -8.108360672591176410e+01 8.387265472608883277e-02
4.279999999997557438e+02 -8.108654535111227801e+01 8.380134932799741809e-02
4.289999999997548343e+02 -8.108945599910092028e+01 8.373063277675413252e-02
4.299999999997539248e+02 -8.109233902369601310e+01 8.366049747611969956e-02
4.309999999997530153e+02 -8.109519477293673617e+01 8.359093597559491551e-02
4.319999999997521059e+02 -8.109802358920063625e+01 8.352194096674117607e-02
4.329999999997511964e+02 -8.110082580931872087e+01 8.345350527961062359e-02
4.339999999997502869e+02 -8.110360176468769566e+01 8.338562187928279246e-02
4.349999999997493774e+02 -8.110635178137911794e+01 8.331828386250442198e-02
4.359999999997484679e+02 -8.110907618024639021e+01 8.325148445442813461e-02
4.369999999997475584e+02 -8.111177527702864154e+01 8.318521700544802278e-02
4.379999999997466489e+02 -8.111444938245243463e+01 8.311947498812741197e-02
4.389999999997457394e+02 -8.111709880233112813e+01 8.305425199421766214e-02
4.399999999997448299e+02 -8.111972383766111250e+01 8.298954173176319171e-02
4.409999999997439204e+02 -8.112232478471695174e+01 8.292533802229155870e-02
4.419999999997430109e+02 -8.112490193514307180e+01 8.286163479808425492e-02
4.429999999997421014e+02 -8.112745557604401370e+01 8.279842609952725585e-02
4.439999999997411919e+02 -8.112998599007232770e+01 8.273570607253710740e-02
4.449999999997402824e+02 -8.113249345551433578e+01 8.267346896606167506e-02
4.459999999997393729e+02 -8.113497824637428835e+01 8.261170912965182245e-02
4.469999999997384634e+02 -8.113744063245590610e+01 8.255042101110279806e-02
4.479999999997375539e+02 -8.113988087944252925e+01 8.248959915416237410e-02
4.489999999997366444e+02 -8.114229924897537671e+01 8.242923819630383619e-02
4.499999999997357349e+02 -8.114469599872963101e+01 8.236933286656195063e-02
4.509999999997348255e+02 -8.114707138248931528e+01 8.230987798342961903e-02
4.519999999997339160e+02 -8.114942565022018073e+01 8.225086845281399939e-02
4.529999999997330065e+02 -8.115175904814098828e+01 8.219229926604858238e-02
4.539999999997320970e+02 -8.115407181879285758e+01 8.213416549796147270e-02
4.549999999997311875e+02 -8.115636420110793381e+01 8.207646230499689166e-02
4.559999999997302780e+02 -8.115863643047541132e+01 8.201918492338834688e-02
4.569999999997293685e+02 -8.116088873880705989e+01 8.196232866738226153e-02
4.579999999997284590e+02 -8.116312135460044885e+01 8.190588892750989836e-02
4.589999999997275495e+02 -8.116533450300164532e+01 8.184986116890710650e-02
4.599999999997266400e+02 -8.116752840586548245e+01 8.179424092967871318e-02
4.609999999997257305e+02 -8.116970328181599825e+01 8.173902381930826799e-02
4.619999999997248210e+02 -8.117185934630361999e+01 8.168420551710967037e-02
4.629999999997239115e+02 -8.117399681166291714e+01 8.162978177072113817e-02
4.639999999997230020e+02 -8.117611588716788162e+01 8.157574839463892225e-02
4.649999999997220925e+02 -8.117821677908676747e+01 8.152210126879060048e-02
4.659999999997211830e+02 -8.118029969073539576e+01 8.146883633714577244e-02
4.669999999997202735e+02 -8.118236482252900998e+01 8.141594960636337752e-02
4.679999999997193640e+02 -8.118441237203379046e+01 8.136343714447535902e-02
4.689999999997184545e+02 -8.118644253401699018e+01 8.131129507960370428e-02
4.699999999997175451e+02 -8.118845550049536541e+01 8.125951959871216546e-02
4.709999999997166356e+02 -8.119045146078354946e+01 8.120810694638933014e-02
4.719999999997157261e+02 -8.119243060154082059e+01 8.115705342366394404e-02
4.729999999997148166e+02 -8.119439310681701727e+01 8.110635538685036228e-02
4.739999999997139071e+02 -8.119633915809764346e+01 8.105600924642372695e-02
4.749999999997129976e+02 -8.119826893434779436e+01 8.100601146592399660e-02
4.759999999997120881e+02 -8.120018261205538579e+01 8.095635856088759241e-02
4.769999999997111786e+02 -8.120208036527328943e+01 8.090704709780650872e-02
4.779999999997102691e+02 -8.120396236566112691e+01 8.085807369311336090e-02
4.789999999997093596e+02 -8.120582878252507442e+01 8.080943501219164937e-02
4.799999999997084501e+02 -8.120767978285836364e+01 8.076112776841144758e-02
4.809999999997075406e+02 -8.120951553137966528e+01 8.071314872218880720e-02
4.819999999997066311e+02 -8.121133619057142994e+01 8.066549468006811718e-02
4.829999999997057216e+02 -8.121314192071730531e+01 8.061816249382738886e-02
4.839999999997048121e+02 -8.121493287993851595e+01 8.057114905960570395e-02
4.849999999997039026e+02 -8.121670922423007255e+01 8.052445131705170123e-02
4.859999999997029931e+02 -8.121847110749534693e+01 8.047806624849272727e-02
4.869999999997020836e+02 -8.122021868158142865e+01 8.043199087812444303e-02
4.879999999997011741e+02 -8.122195209631209423e+01 8.038622227121984543e-02
4.889999999997002647e+02 -8.122367149952154364e+01 8.034075753335681580e-02
4.899999999996993552e+02 -8.122537703708624690e+01 8.029559380966495852e-02
4.909999999996984457e+02 -8.122706885295728796e+01 8.025072828408968961e-02
4.919999999996975362e+02 -8.122874708919148645e+01 8.020615817867400577e-02
4.929999999996966267e+02 -8.123041188598169526e+01 8.016188075285696213e-02
4.939999999996957172e+02 -8.123206338168722596e+01 8.011789330278941412e-02
4.949999999996948077e+02 -8.123370171286292418e+01 8.007419316066428927e-02
4.959999999996938982e+02 -8.123532701428841563e+01 8.003077769406373443e-02
4.969999999996929887e+02 -8.123693941899611559e+01 7.998764430532087633e-02
4.979999999996920792e+02 -8.123853905829913913e+01 7.994479043089608439e-02
4.989999999996911697e+02 -8.124012606181860008e+01 7.990221354076774973e-02
4.999999999996902602e+02 -8.124170055751002906e+01 7.985991113783695583e-02
5.000000000000000000e+02 -8.124170055751051223e+01 7.985991113782389683e-02
