1.000000000000000666e+00 -7.216993297985715117e+01 7.359470565415028587e-02
1.999999999999979350e+00 -6.327036160518002106e+01 7.362461774164243133e-02
2.999999999999958256e+00 -1.494467592127727951e+00 7.373507055759861983e-02
3.999999999999936939e+00 3.573859305135238174e+01 7.919258334363701857e-02
4.999999999999915623e+00 2.986023184341023295e+01 9.295537699058530057e-02
5.999999999999894307e+00 2.544663244422470427e+01 1.116747949659041422e-01
6.999999999999872990e+00 2.277403898242639357e+01 1.313557443671635738e-01
7.999999999999851674e+00 2.139134278033725067e+01 1.488418791038937095e-01
9.000000000000007105e+00 2.083451751275468311e+01 1.626555803914677412e-01
1.000000000000016342e+01 2.076680545176838422e+01 1.727094432937054114e-01
1.100000000000031974e+01 2.097026524074546927e+01 1.796337206196345904e-01
1.200000000000047606e+01 2.131116818903912247e+01 1.842519200899620513e-01
1.300000000000063238e+01 2.170999772074654999e+01 1.873098052233435618e-01
1.400000000000078870e+01 2.212047853817558973e+01 1.893824326442577477e-01
1.500000000000094502e+01 2.251597632255608517e+01 1.908709367492716913e-01
1.600000000000110134e+01 2.288098093658185661e+01 1.920333855462923733e-01
1.700000000000090239e+01 2.320587056481836896e+01 1.930224218950884474e-01
1.800000000000070344e+01 2.348369516392764922e+01 1.939186218066829559e-01
1.900000000000050449e+01 2.370813652431381158e+01 1.947561766274549244e-01
2.000000000000030553e+01 2.387211711288830074e+01 1.955407386889844723e-01
2.100000000000010658e+01 2.396681976372513745e+01 1.962606171962062163e-01
2.199999999999990763e+01 2.398131944166348006e+01 1.968934176020856741e-01
2.299999999999970868e+01 2.390395232933068925e+01 1.974115212035407463e-01
2.399999999999950973e+01 2.372797594909665975e+01 1.977909796316985602e-01
2.499999999999931077e+01 2.346284879709921611e+01 1.980249236118482581e-01
2.599999999999911182e+01 2.314153592400754178e+01 1.981310123371012866e-01
2.699999999999891287e+01 2.280736351923293626e+01 1.981415387123401095e-01
2.799999999999871392e+01 2.249132735974074748e+01 1.980873660555340643e-01
2.899999999999851497e+01 2.220559215679583787e+01 1.979913856462922617e-01
2.999999999999831601e+01 2.195069502135734751e+01 1.978694571442236039e-01
3.099999999999811706e+01 2.172294158169182055e+01 1.977325233922360981e-01
3.199999999999791811e+01 2.151803712687192771e+01 1.975880704954287026e-01
3.299999999999842970e+01 2.133225307790672431e+01 1.974410849178394045e-01
3.399999999999894129e+01 2.116257818378886313e+01 1.972947518027603764e-01
3.499999999999945288e+01 2.100657498170113158e+01 1.971509869205550214e-01
3.599999999999996447e+01 2.086221119055761264e+01 1.970108334413276652e-01
3.700000000000047606e+01 2.072773861048921873e+01 1.968747473092136158e-01
3.800000000000098765e+01 2.060162131119895434e+01 1.967427970715707464e-01
3.900000000000149925e+01 2.048249706030405903e+01 1.966148021009892499e-01
4.000000000000201084e+01 2.036915675898019984e+01 1.964904279810244792e-01
4.100000000000252243e+01 2.026053183671172775e+01 1.963692523332455919e-01
4.200000000000303402e+01 2.015568419481056139e+01 1.962508100445614079e-01
4.300000000000354561e+01 2.005379632726034700e+01 1.961346239154548865e-01
4.400000000000405720e+01 1.995416091760627708e+01 1.960202248708798889e-01
4.500000000000456879e+01 1.985616998722573712e+01 1.959071646780880527e-01
4.600000000000508038e+01 1.975930394537774859e+01 1.957950233225503323e-01
4.700000000000559197e+01 1.966312091971704845e+01 1.956834126373463434e-01
4.800000000000610356e+01 1.956724667275551255e+01 1.955719773718261889e-01
4.900000000000661515e+01 1.947136530959740597e+01 1.954603945741485715e-01
5.000000000000712674e+01 1.937521088894479249e+01 1.953483719233018723e-01
5.100000000000763833e+01 1.927855997508564556e+01 1.952356454633446536e-01
5.200000000000814993e+01 1.918122511519016271e+01 1.951219770543540788e-01
5.300000000000866152e+01 1.908304919120982035e+01 1.950071517517778796e-01
5.400000000000917311e+01 1.898390057512146356e+01 1.948909752508990179e-01
5.500000000000968470e+01 1.888366900633783274e+01 1.947732714795588904e-01
5.600000000001019629e+01 1.878226210755106607e+01 1.946538803849000854e-01
5.700000000001070788e+01 1.867960245753146964e+01 1.945326559344858486e-01
5.800000000001121947e+01 1.857562514457648817e+01 1.944094643354623564e-01
5.900000000001173106e+01 1.847027573104890408e+01 1.942841824649332028e-01
6.000000000001224265e+01 1.836350856684170196e+01 1.941566964985481369e-01
6.100000000001275424e+01 1.825528539705910447e+01 1.940269007210981833e-01
6.200000000001326583e+01 1.814557421633628564e+01 1.938946965016487833e-01
6.300000000001377742e+01 1.803434832882364702e+01 1.937599914157479841e-01
6.400000000001428191e+01 1.792158557882916270e+01 1.936226984980074506e-01
6.500000000001337241e+01 1.780726772241283840e+01 1.934827356095526751e-01
6.600000000001246292e+01 1.769137991487011874e+01 1.933400249062338927e-01
6.700000000001155342e+01 1.757391029306999641e+01 1.931944923949567572e-01
6.800000000001064393e+01 1.745484963507061593e+01 1.930460675669129211e-01
6.900000000000973444e+01 1.733419108239167628e+01 1.928946830978407745e-01
7.000000000000882494e+01 1.721192991282829254e+01 1.927402746066795014e-01
7.100000000000791545e+01 1.708806335380610264e+01 1.925827804650769581e-01
7.200000000000700595e+01 1.696259042805655426e+01 1.924221416512081062e-01
7.300000000000609646e+01 1.683551182487825670e+01 1.922583016422010349e-01
7.400000000000518696e+01 1.670682979149264114e+01 1.920912063402293868e-01
7.500000000000427747e+01 1.657654804003343685e+01 1.919208040279583305e-01
7.600000000000336797e+01 1.644467166656428248e+01 1.917470453495890848e-01
7.700000000000245848e+01 1.631120707922495328e+01 1.915698833142125967e-01
7.800000000000154898e+01 1.617616193318761475e+01 1.913892733185780792e-01
7.900000000000063949e+01 1.603954507058213963e+01 1.912051731867169257e-01
7.999999999999972999e+01 1.590136646393908748e+01 1.910175432241421611e-01
8.099999999999882050e+01 1.576163716201768494e+01 1.908263462845802283e-01
8.199999999999791100e+01 1.562036923714421910e+01 1.906315478473829261e-01
8.299999999999700151e+01 1.547757573339606552e+01 1.904331161039290454e-01
8.399999999999609201e+01 1.533327061513437251e+01 1.902310220514605854e-01
8.499999999999518252e+01 1.518746871552454181e+01 1.900252395929042104e-01
8.599999999999427303e+01 1.504018568479113327e+01 1.898157456413190336e-01
8.699999999999336353e+01 1.489143793803980031e+01 1.896025202276851174e-01
8.799999999999245404e+01 1.474124260254671448e+01 1.893855466108039509e-01
8.899999999999154454e+01 1.458961746446867203e+01 1.891648113881340965e-01
8.999999999999063505e+01 1.443658091496842921e+01 1.889403046064237479e-01
9.099999999998972555e+01 1.428215189578146926e+01 1.887120198710361407e-01
9.199999999998881606e+01 1.412634984427443996e+01 1.884799544528949211e-01
9.299999999998790656e+01 1.396919463806326434e+01 1.882441093920023401e-01
9.399999999998699707e+01 1.381070653927229408e+01 1.880044895965077567e-01
9.499999999998608757e+01 1.365090613852468415e+01 1.877611039363326073e-01
9.599999999998517808e+01 1.348981429876080895e+01 1.875139653303826148e-01
9.699999999998426858e+01 1.332745209898489058e+01 1.872630908264018013e-01
9.799999999998335909e+01 1.316384077804200459e+01 1.870085016725621663e-01
9.899999999998244959e+01 1.299900167852803179e+01 1.867502233799090139e-01
9.999999999998154010e+01 1.283295619093407502e+01 1.864882857748232647e-01
1.009999999999806306e+02 1.266572569812523064e+01 1.862227230407033640e-01
1.019999999999797211e+02 1.249733152025059901e+01 1.859535737481153028e-01
1.029999999999788116e+02 1.232779486017842885e+01 1.856808808727117288e-01
1.039999999999779021e+02 1.215713674954622547e+01 1.854046918002744126e-01
1.049999999999769926e+02 1.198537799551121452e+01 1.851250583183002563e-01
1.059999999999760831e+02 1.181253912828191055e+01 1.848420365936098708e-01
1.069999999999751736e+02 1.163864034950591986e+01 1.845556871355364670e-01
1.079999999999742641e+02 1.146370148158415248e+01 1.842660747443173042e-01
1.089999999999733546e+02 1.128774191797474913e+01 1.839732684443985411e-01
1.099999999999724452e+02 1.111078057454476031e+01 1.836773414024408524e-01
1.109999999999715357e+02 1.093283584202019831e+01 1.833783708298965531e-01
1.119999999999706262e+02 1.075392553957867570e+01 1.830764378701227046e-01
1.129999999999697167e+02 1.057406686962163533e+01 1.827716274700768861e-01
1.139999999999688072e+02 1.039327637375584246e+01 1.824640282367381572e-01
1.149999999999678977e+02 1.021156989000618687e+01 1.821537322784804458e-01
1.159999999999669882e+02 1.002896251127431704e+01 1.818408350317227695e-01
1.169999999999660787e+02 9.845468545049733677e+00 1.815254350732609101e-01
1.179999999999651692e+02 9.661101474371871944e+00 1.812076339187791707e-01
1.189999999999642597e+02 9.475873920034182163e+00 1.808875358081206697e-01
1.199999999999633502e+02 9.289797604012711929e+00 1.805652474779740058e-01
1.209999999999624407e+02 9.102883314094315281e+00 1.802408779227129554e-01
1.219999999999615312e+02 8.915140869671217771e+00 1.799145381441928371e-01
1.229999999999606217e+02 8.726579088661388539e+00 1.795863408913772885e-01
1.239999999999597122e+02 8.537205755506290572e+00 1.792564003907179959e-01
1.249999999999588027e+02 8.347027590190419843e+00 1.789248320682710058e-01
1.259999999999578932e+02 8.156050218219732528e+00 1.785917522645726341e-01
1.269999999999569837e+02 7.964278141489296914e+00 1.782572779433333476e-01
1.279999999999560742e+02 7.771714709964069101e+00 1.779215263950354176e-01
1.289999999999551790e+02 7.578362094090126178e+00 1.775846149365436222e-01
1.299999999999542695e+02 7.384221257848350817e+00 1.772466606078434148e-01
1.309999999999533600e+02 7.189291932356530523e+00 1.769077798670261048e-01
1.319999999999524505e+02 6.993572589921286387e+00 1.765680882846342448e-01
1.329999999999515410e+02 6.797060418436242202e+00 1.762277002384649016e-01
1.339999999999506315e+02 6.599751296018943059e+00 1.758867286099036198e-01
1.349999999999497220e+02 6.401639765774932656e+00 1.755452844828352121e-01
1.359999999999488125e+02 6.202719010574524461e+00 1.752034768461334380e-01
1.369999999999479030e+02 6.002980827724565316e+00 1.748614123006911880e-01
1.379999999999469935e+02 5.802415603415454370e+00 1.745191947718956749e-01
1.389999999999460840e+02 5.601012286821620556e+00 1.741769252284016412e-01
1.399999999999451745e+02 5.398758363732270027e+00 1.738347014079817399e-01
1.409999999999442650e+02 5.195639829588357017e+00 1.734926175511786461e-01
1.419999999999433555e+02 4.991641161801196880e+00 1.731507641433984446e-01
1.429999999999424460e+02 4.786745291228423405e+00 1.728092276660213311e-01
1.439999999999415365e+02 4.580933572683235866e+00 1.724680903570164348e-01
1.449999999999406270e+02 4.374185754354313893e+00 1.721274299814813669e-01
1.459999999999397176e+02 4.166479946015320124e+00 1.717873196124343194e-01
1.469999999999388081e+02 3.957792585905060445e+00 1.714478274221184484e-01
1.479999999999378986e+02 3.748098406162376328e+00 1.711090164839874084e-01
1.489999999999369891e+02 3.537370396703396036e+00 1.707709445854751484e-01
1.499999999999360796e+02 3.325579767432814027e+00 1.704336640515679568e-01
1.509999999999351701e+02 3.112695908686095247e+00 1.700972215791269337e-01
1.519999999999342606e+02 2.898686349805384754e+00 1.697616580818423482e-01
1.529999999999333511e+02 2.683516715758638593e+00 1.694270085456340003e-01
1.539999999999324416e+02 2.467150681719628924e+00 1.690933018942518129e-01
1.549999999999315321e+02 2.249549925535498929e+00 1.687605608647765321e-01
1.559999999999306226e+02 2.030674078019144790e+00 1.684288018926735353e-01
1.569999999999297131e+02 1.810480671015800125e+00 1.680980350060062856e-01
1.579999999999288036e+02 1.588925083207010758e+00 1.677682637283878786e-01
1.589999999999278941e+02 1.365960483631057487e+00 1.674394849902153815e-01
1.599999999999269846e+02 1.141537772916955129e+00 1.671116890477164219e-01
1.609999999999260751e+02 9.156055222497965218e-01 1.667848594093260250e-01
1.619999999999251656e+02 6.881099101089120929e-01 1.664589727689122778e-01
1.629999999999242561e+02 4.589946568469517874e-01 1.661339989453749222e-01
1.639999999999233466e+02 2.282009572087413951e-01 1.658099008281616049e-01
1.649999999999224372e+02 -4.332589076464289299e-03 1.654866343282779539e-01
1.659999999999215277e+02 -2.386700484563708535e-01 1.651641483344057915e-01
1.669999999999206182e+02 -4.748782262523882358e-01 1.648423846737998022e-01
1.679999999999197087e+02 -7.130267406233160576e-01 1.645212780777005057e-01
1.689999999999187992e+02 -9.531880974693487385e-01 1.642007561510726299e-01
1.699999999999178897e+02 -1.195437765885059012e+00 1.638807393465875339e-01
1.709999999999169802e+02 -1.439854253696512210e+00 1.635611409428632812e-01
1.719999999999160707e+02 -1.686519182535098027e+00 1.632418670271103822e-01
1.729999999999151612e+02 -1.935517361807465919e+00 1.629228164824690350e-01
1.739999999999142517e+02 -2.186936860817043637e+00 1.626038809804905283e-01
1.749999999999133422e+02 -2.440869078175679441e+00 1.622849449793862531e-01
1.759999999999124327e+02 -2.697408807513740125e+00 1.619658857288772680e-01
1.769999999999115232e+02 -2.956654298352386689e+00 1.616465732826894708e-01
1.779999999999106137e+02 -3.218707310840676072e+00 1.613268705199852049e-01
1.789999999999097042e+02 -3.483673162883126118e+00 1.610066331772862791e-01
1.799999999999087947e+02 -3.751660767987902378e+00 1.606857098927270688e-01
1.809999999999078852e+02 -4.022782661952557959e+00 1.603639422647865076e-01
1.819999999999069757e+02 -4.297155016272402150e+00 1.600411649279769588e-01
1.829999999999060663e+02 -4.574897635906205018e+00 1.597172056483202318e-01
1.839999999999051568e+02 -4.856133938766879155e+00 1.593918854418073516e-01
1.849999999999042473e+02 -5.140990914022355973e+00 1.590650187194285470e-01
1.859999999999033378e+02 -5.429599055997589296e+00 1.587364134627517465e-01
1.869999999999024283e+02 -5.722092270170823447e+00 1.584058714344361296e-01
1.879999999999015188e+02 -6.018607747455919643e+00 1.580731884284620192e-01
1.889999999999006093e+02 -6.319285802680827402e+00 1.577381545652596084e-01
1.899999999998996998e+02 -6.624269672914240736e+00 1.574005546372780340e-01
1.909999999998987903e+02 -6.933705271084832589e+00 1.570601685108688750e-01
1.919999999998978808e+02 -7.247740890204551256e+00 1.567167715906364056e-01
1.929999999998969713e+02 -7.566526853484897508e+00 1.563701353525980553e-01
1.939999999998960618e+02 -7.890215105765122416e+00 1.560200279525915945e-01
1.949999999998951523e+02 -8.218958742009126794e+00 1.556662149163201281e-01
1.959999999998942428e+02 -8.552911469239147024e+00 1.553084599172073199e-01
1.969999999998933333e+02 -8.892226999238015850e+00 1.549465256478050335e-01
1.979999999998924238e+02 -9.237058370758756354e+00 1.545801747898004896e-01
1.989999999998915143e+02 -9.587557201935155149e+00 1.542091710866637377e-01
1.999999999998906048e+02 -9.943872876198669886e+00 1.538332805216002241e-01
2.009999999998896953e+02 -1.030615166839118757e+01 1.534522726016667449e-01
2.019999999998887859e+02 -1.067453582202375273e+01 1.530659217466152355e-01
2.029999999998878764e+02 -1.104916259385228017e+01 1.526740087781922051e-01
2.039999999998869669e+02 -1.143016328816622895e+01 1.522763225021850075e-01
2.049999999998860574e+02 -1.181766231038631787e+01 1.518726613714502793e-01
2.059999999998851479e+02 -1.221177627762433637e+01 1.514628352134725076e-01
2.069999999998842384e+02 -1.261261323251354582e+01 1.510466670006865020e-01
2.079999999998833289e+02 -1.302027201545474178e+01 1.506239946359723414e-01
2.089999999998824194e+02 -1.343484185882220139e+01 1.501946727194951314e-01
2.099999999998815099e+02 -1.385640227380587675e+01 1.497585742566487910e-01
2.109999999998806004e+02 -1.428502330538640841e+01 1.493155922605751418e-01
2.119999999998796909e+02 -1.472076623221912151e+01 1.488656411969837001e-01
2.129999999998787814e+02 -1.516368478459627767e+01 1.484086582142874478e-01
2.139999999998778719e+02 -1.561382694379988934e+01 1.479446040990246847e-01
2.149999999998769624e+02 -1.607123736882541820e+01 1.474734638958136723e-01
2.159999999998760529e+02 -1.653596047073362385e+01 1.469952471334111943e-01
2.169999999998751434e+02 -1.700804412037338409e+01 1.465099876044777261e-01
2.179999999998742339e+02 -1.748754393222623449e+01 1.460177426569771175e-01
2.189999999998733244e+02 -1.797452801687699164e+01 1.455185919701241226e-01
2.199999999998724149e+02 -1.846908203936220261e+01 1.450126358075252420e-01
2.209999999998715055e+02 -1.897131436378044711e+01 1.444999927643408622e-01
2.219999999998705960e+02 -1.948136101057357905e+01 1.439807970531912784e-01
2.229999999998696865e+02 -1.999939010736759926e+01 1.434551954038905119e-01
2.239999999998687770e+02 -2.052560548363041448e+01 1.429233436832008375e-01
2.249999999998678675e+02 -2.106024905063059904e+01 1.423854033704542721e-01
2.259999999998669580e+02 -2.160360162828077790e+01 1.418415380505491652e-01
2.269999999998660485e+02 -2.215598193569046614e+01 1.412919101046889447e-01
2.279999999998651390e+02 -2.271774355705825243e+01 1.407366777884583864e-01
2.289999999998642295e+02 -2.328926982998398287e+01 1.401759928838040847e-01
2.299999999998633200e+02 -2.387096677538973211e+01 1.396099990940573576e-01
2.309999999998624105e+02 -2.446325438622619686e+01 1.390388313181098456e-01
2.319999999998615010e+02 -2.506655679750051036e+01 1.384626158913138949e-01
2.329999999998605915e+02 -2.568129204659497589e+01 1.378814718185469301e-01
2.339999999998596820e+02 -2.630786227035011748e+01 1.372955129530746277e-01
2.349999999998587725e+02 -2.694664524260920757e+01 1.367048509995759942e-01
2.359999999998578630e+02 -2.759798811139298280e+01 1.361095991488397716e-01
2.369999999998569535e+02 -2.826220404044454071e+01 1.355098760940989244e-01
2.379999999998560440e+02 -2.893957220857468471e+01 1.349058101430914147e-01
2.389999999998551345e+02 -2.963034130508893327e+01 1.342975431319058943e-01
2.399999999998542251e+02 -3.033473632823018917e+01 1.336852338689369646e-01
2.409999999998533156e+02 -3.105296819764197025e+01 1.330690608875897407e-01
2.419999999998524061e+02 -3.178524547467749883e+01 1.324492243578734296e-01
2.429999999998514966e+02 -3.253178737132147802e+01 1.318259470893849428e-01
2.439999999998505871e+02 -3.329283722273780910e+01 1.311994746396786538e-01
2.449999999998496776e+02 -3.406867568311675853e+01 1.305700746118565736e-01
2.459999999998487681e+02 -3.485963304947040342e+01 1.299380352755038492e-01
2.469999999998478586e+02 -3.566610028861610004e+01 1.293036636720740207e-01
2.479999999998469491e+02 -3.648853850706356639e+01 1.286672833699241958e-01
2.489999999998460396e+02 -3.732748673787568805e+01 1.280292320192711053e-01
2.499999999998451301e+02 -3.818356800792277284e+01 1.273898588293891632e-01
2.509999999998442206e+02 -3.905749368657719600e+01 1.267495220560173330e-01
2.519999999998433111e+02 -3.995006610163981264e+01 1.261085865523027816e-01
2.529999999998424016e+02 -4.086217936288829833e+01 1.254674214064177562e-01
2.539999999998414921e+02 -4.179481819791917019e+01 1.248263976660188013e-01
2.549999999998405826e+02 -4.274905432432138497e+01 1.241858861367334949e-01
2.559999999998396731e+02 -4.372603991959785219e+01 1.235462552381592222e-01
2.569999999998387921e+02 -4.472699728438713151e+01 1.229078689040398742e-01
2.579999999998378826e+02 -4.575320349435495615e+01 1.222710845245033040e-01
2.589999999998369731e+02 -4.680596842938207658e+01 1.216362509450723411e-01
2.599999999998360636e+02 -4.788660407603798319e+01 1.210037065578313809e-01
2.609999999998351541e+02 -4.899638243511654423e+01 1.203737775431738682e-01
2.619999999998342446e+02 -5.013647875613192895e+01 1.197467763445664440e-01
2.629999999998333351e+02 -5.130789622903653679e+01 1.191230004822701055e-01
2.639999999998324256e+02 -5.251136781690856026e+01 1.185027318331546564e-01
2.649999999998315161e+02 -5.374723083541994839e+01 1.178862365202040102e-01
2.659999999998306066e+02 -5.501527053371466280e+01 1.172737655634537302e-01
2.669999999998296971e+02 -5.631453082910397256e+01 1.166655564387751587e-01
2.679999999998287876e+02 -5.764309417080995246e+01 1.160618356650696265e-01
2.689999999998278781e+02 -5.899783898184702480e+01 1.154628224852932844e-01
2.699999999998269686e+02 -6.037419275363701132e+01 1.148687336131341968e-01
2.709999999998260591e+02 -6.176591140175863615e+01 1.142797888785233029e-01
2.719999999998251496e+02 -6.316492919792253957e+01 1.136962174228010602e-01
2.729999999998242401e+02 -6.456133451611299279e+01 1.131182638845488614e-01
2.739999999998233307e+02 -6.594352851836289631e+01 1.125461938175482263e-01
2.749999999998224212e+02 -6.729860972573325739e+01 1.119802974529432449e-01
2.759999999998215117e+02 -6.861299301014614116e+01 1.114208909290367450e-01
2.769999999998206022e+02 -6.987322028048619416e+01 1.108683143189586190e-01
2.779999999998196927e+02 -7.106686540906892446e+01 1.103229261934799005e-01
2.789999999998187832e+02 -7.218339787911193639e+01 1.097850949959200961e-01
2.799999999998178737e+02 -7.321486591006291178e+01 1.092551880478419002e-01
2.809999999998169642e+02 -7.415629544300709597e+01 1.087335593995677613e-01
2.819999999998160547e+02 -7.500576459656741690e+01 1.082205378825396996e-01
2.829999999998151452e+02 -7.576418119057507283e+01 1.077164165900597326e-01
2.839999999998142357e+02 -7.643484151613127153e+01 1.072214446738265214e-01
2.849999999998133262e+02 -7.702287014266246956e+01 1.067358219101093852e-01
2.859999999998124167e+02 -7.753463468964677929e+01 1.062596960753512260e-01
2.869999999998115072e+02 -7.797720622578000871e+01 1.057931628539944963e-01
2.879999999998105977e+02 -7.835790713440785282e+01 1.053362678110388306e-01
2.889999999998096882e+02 -7.868396263802947033e+01 1.048890098892223260e-01
2.899999999998087787e+02 -7.896225382629788214e+01 1.044513459057576366e-01
2.909999999998078692e+02 -7.919915940040709756e+01 1.040231955915208173e-01
2.919999999998069597e+02 -7.940046887863066161e+01 1.036044468069466790e-01
2.929999999998060503e+02 -7.957134961360932834e+01 1.031949606630424982e-01
2.939999999998051408e+02 -7.971635182237534423e+01 1.027945763609473401e-01
2.949999999998042313e+02 -7.983943862370507816e+01 1.024031156339418186e-01
2.959999999998033218e+02 -7.994403101803560219e+01 1.020203867305984891e-01
2.969999999998024123e+02 -8.003306041457737763e+01 1.016461879180512173e-01
2.979999999998015028e+02 -8.010902353485876404e+01 1.012803105123809694e-01
2.989999999998005933e+02 -8.017403626973221265e+01 1.009225414613630634e-01
2.999999999997996838e+02 -8.022988437793576111e+01 1.005726655156527621e-01
3.009999999997987743e+02 -8.027806985853288779e+01 1.002304670299066919e-01
3.019999999997978648e+02 -8.031985248287520562e+01 9.989573143697985658e-02
3.029999999997969553e+02 -8.035628640416739188e+01 9.956824643746536863e-02
3.039999999997960458e+02 -8.038825203338147674e+01 9.924780294439271289e-02
3.049999999997951363e+02 -8.041648352634955188e+01 9.893419581956265640e-02
3.059999999997942268e+02 -8.044159230442302544e+01 9.862722443424470908e-02
3.069999999997933173e+02 -8.046408705681990625e+01 9.832669308312098899e-02
3.079999999997924078e+02 -8.048439066584170121e+01 9.803241127663701870e-02
3.089999999997914983e+02 -8.050285446992177185e+01 9.774419393344105367e-02
3.099999999997905888e+02 -8.051977024305944042e+01 9.746186149142573030e-02
3.109999999997896794e+02 -8.053538022858208478e+01 9.718523995305314300e-02
3.119999999997887699e+02 -8.054988552414185676e+01 9.691416087815535318e-02
3.129999999997878604e+02 -8.056345307567046632e+01 9.664846133523601057e-02
3.139999999997869509e+02 -8.057622150191346577e+01 9.638798382043323176e-02
3.149999999997860414e+02 -8.058830593873250336e+01 9.613257615171065529e-02
3.159999999997851319e+02 -8.059980206373019485e+01 9.588209134449271476e-02
3.169999999997842224e+02 -8.061078943682137776e+01 9.563638747382140204e-02
3.179999999997833129e+02 -8.062133427087425730e+01 9.539532752715570996e-02
3.189999999997824034e+02 -8.063149172816115140e+01 9.515877925113723490e-02
3.199999999997814939e+02 -8.064130782273109332e+01 9.492661499498540600e-02
3.209999999997805844e+02 -8.065082099559901962e+01 9.469871155263495655e-02
3.219999999997796749e+02 -8.066006341851448269e+01 9.447495000527875164e-02
3.229999999997787654e+02 -8.066906207272525364e+01 9.425521556560796654e-02
3.239999999997778559e+02 -8.067783964132446783e+01 9.403939742473889363e-02
3.249999999997769464e+02 -8.068641524723035729e+01 9.382738860256956137e-02
3.259999999997760369e+02 -8.069480506339365888e+01 9.361908580211047992e-02
3.269999999997751274e+02 -8.070302281728525884e+01 9.341438926817112465e-02
3.279999999997742179e+02 -8.071108020793893445e+01 9.321320265065845267e-02
3.289999999997733084e+02 -8.071898725068699321e+01 9.301543287263690230e-02
3.299999999997723990e+02 -8.072675256211806527e+01 9.282099000322260873e-02
3.309999999997714895e+02 -8.073438359562784683e+01 9.262978713531851149e-02
3.319999999997705800e+02 -8.074188683614246997e+01 9.244174026814959422e-02
3.329999999997696705e+02 -8.074926796110680982e+01 9.225676819451857080e-02
3.339999999997687610e+02 -8.075653197360365709e+01 9.207479239267502003e-02
3.349999999997678515e+02 -8.076368331245369347e+01 9.189573692267236082e-02
3.359999999997669420e+02 -8.077072594330047650e+01 9.171952832706957437e-02
3.369999999997660325e+02 -8.077766343399106574e+01 9.154609553582659931e-02
3.379999999997651230e+02 -8.078449901698841984e+01 9.137536977523780246e-02
3.389999999997642135e+02 -8.079123564107150912e+01 9.120728448074283401e-02
3.399999999997633040e+02 -8.079787601419101861e+01 9.104177521345609148e-02
3.409999999997623945e+02 -8.080442263901869637e+01 9.087877958025580849e-02
3.419999999997614850e+02 -8.081087784246277295e+01 9.071823715727669879e-02
3.429999999997605755e+02 -8.081724380019991827e+01 9.056008941665651124e-02
3.439999999997596660e+02 -8.082352255708877919e+01 9.040427965638629659e-02
3.449999999997587565e+02 -8.082971604418138156e+01 9.025075293312516400e-02
3.459999999997578470e+02 -8.083582609292322729e+01 9.009945599784109638e-02
3.469999999997569375e+02 -8.084185444702828249e+01 8.995033723414663784e-02
3.479999999997560280e+02 -8.084780277243079638e+01 8.980334659920498341e-02
3.489999999997551186e+02 -8.085367266564850297e+01 8.965843556708540107e-02
3.499999999997542091e+02 -8.085946566082687070e+01 8.951555707445442434e-02
3.509999999997532996e+02 -8.086518323569475797e+01 8.937466546849370808e-02
3.519999999997523901e+02 -8.087082681661505035e+01 8.923571645694061694e-02
3.529999999997514806e+02 -8.087639778288567527e+01 8.909866706015388826e-02
3.539999999997505711e+02 -8.088189747041838018e+01 8.896347556510947330e-02
3.549999999997496616e+02 -8.088732717489914137e+01 8.883010148123976490e-02
3.559999999997487521e+02 -8.089268815451849548e+01 8.869850549802939244e-02
3.569999999997478426e+02 -8.089798163234199535e+01 8.856864944429000686e-02
3.579999999997469331e+02 -8.090320879838124313e+01 8.844049624903560503e-02
3.589999999997460236e+02 -8.090837081141292231e+01 8.831400990388928174e-02
3.599999999997451141e+02 -8.091346880058826230e+01 8.818915542694998055e-02
3.609999999997442046e+02 -8.091850386686462571e+01 8.806589882805652969e-02
3.619999999997432951e+02 -8.092347708428809483e+01 8.794420707538649906e-02
3.629999999997423856e+02 -8.092838950114946783e+01 8.782404806333082847e-02
3.639999999997414761e+02 -8.093324214103299141e+01 8.770539058159024237e-02
3.649999999997405666e+02 -8.093803600377383134e+01 8.758820428543911962e-02
3.659999999997396571e+02 -8.094277206633641697e+01 8.747245966710678888e-02
3.669999999997387476e+02 -8.094745128362598052e+01 8.735812802823032797e-02
3.679999999997378382e+02 -8.095207458924183186e+01 8.724518145333132191e-02
3.689999999997369287e+02 -8.095664289617900522e+01 8.713359278427451615e-02
3.699999999997360192e+02 -8.096115709748681866e+01 8.702333559566757804e-02
3.709999999997351097e+02 -8.096561806688731622e+01 8.691438417116238713e-02
3.719999999997342002e+02 -8.097002665935967514e+01 8.680671348062057868e-02
3.729999999997332907e+02 -8.097438371169400284e+01 8.670029915810885390e-02
3.739999999997323812e+02 -8.097869004301693963e+01 8.659511748068930703e-02
3.749999999997314717e+02 -8.098294645529323077e+01 8.649114534797278098e-02
3.759999999997305622e+02 -8.098715373380389337e+01 8.638836026240481747e-02
3.769999999997296527e+02 -8.099131264760463011e+01 8.628674031025504454e-02
3.779999999997287432e+02 -8.099542394996434780e+01 8.618626414328205143e-02
3.789999999997278337e+02 -8.099948837878797292e+01 8.608691096104582885e-02
3.799999999997269242e+02 -8.100350665702077890e+01 8.598866049384455701e-02
3.809999999997260147e+02 -8.100747949303998041e+01 8.589149298624992879e-02
3.819999999997251052e+02 -8.101140758103038308e+01 8.579538918121690227e-02
3.829999999997241957e+02 -8.101529160134887775e+01 8.570033030474813462e-02
3.839999999997232862e+02 -8.101913222087419797e+01 8.560629805108981027e-02
3.849999999997223767e+02 -8.102293009334661633e+01 8.551327456843910158e-02
3.859999999997214672e+02 -8.102668585969607307e+01 8.542124244514379128e-02
3.869999999997205578e+02 -8.103040014835929128e+01 8.533018469637533576e-02
3.879999999997196483e+02 -8.103407357558791091e+01 8.524008475125763318e-02
3.889999999997187388e+02 -8.103770674574560928e+01 8.515092644043477377e-02
3.899999999997178293e+02 -8.104130025159679462e+01 8.506269398405981452e-02
3.909999999997169198e+02 -8.104485467458698622e+01 8.497537198019146365e-02
3.919999999997160103e+02 -8.104837058511341752e+01 8.488894539358080027e-02
3.929999999997151008e+02 -8.105184854278931539e+01 8.480339954483553933e-02
3.939999999997141913e+02 -8.105528909669888549e+01 8.471872009994715902e-02
3.949999999997132818e+02 -8.105869278564527747e+01 8.463489306016813707e-02
3.959999999997123723e+02 -8.106206013839191371e+01 8.455190475222584823e-02
3.969999999997114628e+02 -8.106539167389614420e+01 8.446974181886095223e-02
3.979999999997105533e+02 -8.106868790153687598e+01 8.438839120967943364e-02
3.989999999997096438e+02 -8.107194932133494092e+01 8.430784017230549821e-02
3.999999999997087343e+02 -8.107517642416837589e+01 8.422807624382640246e-02
4.009999999997078248e+02 -8.107836969198049815e+01 8.414908724251636551e-02
4.019999999997069153e+02 -8.108152959798292159e+01 8.407086125983141700e-02
4.029999999997060058e+02 -8.108465660685276077e+01 8.399338665266588289e-02
4.039999999997050963e+02 -8.108775117492454854e+01 8.391665203585854660e-02
4.049999999997041868e+02 -8.109081375037688133e+01 8.384064627494301758e-02
4.059999999997032774e+02 -8.109384477341367869e+01 8.376535847913113564e-02
4.069999999997023679e+02 -8.109684467644110839e+01 8.369077799452259714e-02
4.079999999997014584e+02 -8.109981388423889825e+01 8.361689439753228204e-02
4.089999999997005489e+02 -8.110275281412843640e+01 8.354369748852777389e-02
4.099999999996996394e+02 -8.110566187613517286e+01 8.347117728566992578e-02
4.109999999996987299e+02 -8.110854147314680063e+01 8.339932401894918634e-02
4.119999999996978204e+02 -8.111139200106835290e+01 8.332812812441083017e-02
4.129999999996969109e+02 -8.111421384897197129e+01 8.325758023856272283e-02
4.139999999996960014e+02 -8.111700739924350501e+01 8.318767119295981949e-02
4.149999999996950919e+02 -8.111977302772525888e+01 8.311839200895757007e-02
4.159999999996941824e+02 -8.112251110385481923e+01 8.304973389263091421e-02
4.169999999996932729e+02 -8.112522199080025587e+01 8.298168822985110826e-02
4.179999999996923634e+02 -8.112790604559229735e+01 8.291424658151611005e-02
4.189999999996914539e+02 -8.113056361925278281e+01 8.284740067892859550e-02
4.199999999996905444e+02 -8.113319505691984546e+01 8.278114241931770756e-02
4.209999999996896349e+02 -8.113580069797063743e+01 8.271546386149775110e-02
4.219999999996887254e+02 -8.113838087613954997e+01 8.265035722166161336e-02
4.229999999996878159e+02 -8.114093591963499819e+01 8.258581486930187399e-02
4.239999999996869064e+02 -8.114346615125242579e+01 8.252182932325778653e-02
4.249999999996859970e+02 -8.114597188848485132e+01 8.245839324788149793e-02
4.259999999996850875e+02 -8.114845344363030222e+01 8.239549944932121617e-02
4.269999999996841780e+02 -8.115091112389733041e+01 8.233314087191642705e-02
4.279999999996832685e+02 -8.115334523150731627e+01 8.227131059470271790e-02
4.289999999996823590e+02 -8.115575606379456985e+01 8.221000182802051803e-02
4.299999999996814495e+02 -8.115814391330349054e+01 8.214920791022631286e-02
4.309999999996805400e+02 -8.116050906788470343e+01 8.208892230450143268e-02
4.319999999996796305e+02 -8.116285181078742994e+01 8.202913859575647337e-02
4.329999999996787210e+02 -8.116517242075039462e+01 8.196985048762682469e-02
4.339999999996778115e+02 -8.116747117209024509e+01 8.191105179955769644e-02
4.349999999996769020e+02 -8.116974833478863616e+01 8.185273646397443759e-02
4.359999999996759925e+02 -8.117200417457601702e+01 8.179489852353648283e-02
4.369999999996750830e+02 -8.117423895301473635e+01 8.173753212847126304e-02
4.379999999996741735e+02 -8.117645292757919151e+01 8.168063153398591458e-02
4.389999999996732640e+02 -8.117864635173479826e+01 8.162419109775422010e-02
4.399999999996723545e+02 -8.118081947501474360e+01 8.156820527747642158e-02
4.409999999996714450e+02 -8.118297254309486277e+01 8.151266862850914396e-02
4.419999999996705355e+02 -8.118510579786764936e+01 8.145757580156394451e-02
4.429999999996696260e+02 -8.118721947751338064e+01 8.140292154047125417e-02
4.439999999996687166e+02 -8.118931381657048973e+01 8.134870068000825405e-02
4.449999999996678071e+02 -8.119138904600393403e+01 8.129490814378852181e-02
4.459999999996668976e+02 -8.119344539327214250e+01 8.124153894221181060e-02
4.469999999996659881e+02 -8.119548308239266987e+01 8.118858817047119869e-02
4.479999999996650786e+02 -8.119750233400550599e+01 8.113605100661641645e-02
4.489999999996641691e+02 -8.119950336543669778e+01 8.108392270967165749e-02
4.499999999996632596e+02 -8.120148639075848962e+01 8.103219861780508460e-02
4.509999999996623501e+02 -8.120345162084973367e+01 8.098087414655029403e-02
4.519999999996614406e+02 -8.120539926345421122e+01 8.092994478707664363e-02
4.529999999996605311e+02 -8.120732952323778875e+01 8.087940610450643220e-02
4.539999999996596216e+02 -8.120924260184432342e+01 8.082925373627970755e-02
4.549999999996587121e+02 -8.121113869795053120e+01 8.077948339056260918e-02
4.559999999996578026e+02 -8.121301800731956178e+01 8.073009084469967567e-02
4.569999999996568931e+02 -8.121488072285302451e+01 8.068107194370829904e-02
4.579999999996559836e+02 -8.121672703464273013e+01 8.063242259881295282e-02
4.589999999996550741e+02 -8.121855713002065613e+01 8.058413878602010971e-02
4.599999999996541646e+02 -8.122037119360804525e+01 8.053621654473040736e-02
4.609999999996532551e+02 -8.122216940736340973e+01 8.048865197638822855e-02
4.619999999996523457e+02 -8.122395195062955509e+01 8.044144124316693345e-02
4.629999999996514362e+02 -8.122571900017980795e+01 8.039458056668968844e-02
4.639999999996505267e+02 -8.122747073026276610e+01 8.034806622678246357e-02
4.649999999996496172e+02 -8.122920731264665051e+01 8.030189456026165518e-02
4.659999999996487077e+02 -8.123092891666254900e+01 8.025606195975161505e-02
4.669999999996477982e+02 -8.123263570924643773e+01 8.021056487253425127e-02
4.679999999996468887e+02 -8.123432785498101794e+01 8.016539979942752248e-02
4.689999999996459792e+02 -8.123600551613576215e+01 8.012056329369356134e-02
4.699999999996450697e+02 -8.123766885270735827e+01 8.007605195997415104e-02
4.709999999996441602e+02 -8.123931802245800782e+01 8.003186245325419335e-02
4.719999999996432507e+02 -8.124095318095372420e+01 7.998799147785083663e-02
4.729999999996423412e+02 -8.124257448160177830e+01 7.994443578642865256e-02
4.739999999996414317e+02 -8.124418207568737671e+01 7.990119217903936255e-02
4.749999999996405222e+02 -8.124577611240904673e+01 7.985825750218600305e-02
4.759999999996396127e+02 -8.124735673891450460e+01 7.981562864790997525e-02
4.769999999996387032e+02 -8.124892410033457679e+01 7.977330255290165928e-02
4.779999999996377937e+02 -8.125047833981706447e+01 7.973127619763220597e-02
4.789999999996368842e+02 -8.125201959855975531e+01 7.968954660550683911e-02
4.799999999996359747e+02 -8.125354801584273901e+01 7.964811084203939073e-02
4.809999999996350653e+02 -8.125506372906066588e+01 7.960696601404682049e-02
4.819999999996341558e+02 -8.125656687375321496e+01 7.956610926886323321e-02
4.829999999996332463e+02 -8.125805758363620157e+01 7.952553779357282582e-02
4.839999999996323368e+02 -8.125953599063106481e+01 7.948524881426143052e-02
4.849999999996314273e+02 -8.126100222489442615e+01 7.944523959528602963e-02
4.859999999996305178e+02 -8.126245641484713644e+01 7.940550743856146509e-02
4.869999999996296083e+02 -8.126389868720197285e+01 7.936604968286496697e-02
4.879999999996286988e+02 -8.126532916699147790e+01 7.932686370315528146e-02
4.889999999996277893e+02 -8.126674797759538649e+01 7.928794690991006200e-02
4.899999999996268798e+02 -8.126815524076684483e+01 7.924929674847690231e-02
4.909999999996259703e+02 -8.126955107665895639e+01 7.921091069844099497e-02
4.919999999996250608e+02 -8.127093560384996351e+01 7.917278627300584903e-02
4.929999999996241513e+02 -8.127230893936844325e+01 7.913492101838970338e-02
4.939999999996232418e+02 -8.127367119871853163e+01 7.909731251323559587e-02
4.949999999996223323e+02 -8.127502249590318684e+01 7.905995836803368648e-02
4.959999999996214228e+02 -8.127636294344867451e+01 7.902285622455823555e-02
4.969999999996205133e+02 -8.127769265242737617e+01 7.898600375531678042e-02
4.979999999996196038e+02 -8.127901173248099553e+01 7.894939866301130260e-02
4.989999999996186943e+02 -8.128032029184278429e+01 7.891303868001178778e-02
4.999999999996177849e+02 -8.128161843735954051e+01 7.887692156784210928e-02
5.000000000000000000e+02 -8.128161843736003789e+01 7.887692156782834252e-02
