1.000000000000000666e+00 -7.218099287348051973e+01 7.358853209649544869e-02
2.000000000000001332e+00 -6.330157137849878524e+01 7.361071301283357571e-02
2.999999999999980016e+00 -8.082242939518131664e+00 7.370320697669945076e-02
3.999999999999958700e+00 3.631729292831407463e+01 7.880232811474616184e-02
4.999999999999937828e+00 3.024367403490077422e+01 9.216884785962591031e-02
5.999999999999916511e+00 2.566201990850050407e+01 1.106489879359994211e-01
6.999999999999895195e+00 2.288003851763554053e+01 1.303101250448352733e-01
7.999999999999873879e+00 2.143349271446654569e+01 1.479312413030658135e-01
8.999999999999852562e+00 2.084189715808802745e+01 1.619397812506786771e-01
9.999999999999831246e+00 2.075649161974565260e+01 1.721825219275289198e-01
1.099999999999980993e+01 2.095180974609262847e+01 1.792603882309001528e-01
1.199999999999978861e+01 2.128970672215832494e+01 1.839912074143159049e-01
1.299999999999976730e+01 2.168817444130384686e+01 1.871260601743313934e-01
1.399999999999974598e+01 2.209958025941173076e+01 1.892487997528459476e-01
1.499999999999972466e+01 2.249657740600352085e+01 1.907693474187989180e-01
1.599999999999970335e+01 2.286328995784527507e+01 1.919532532823882698e-01
1.699999999999985789e+01 2.318988970297705876e+01 1.929590354692264920e-01
1.800000000000001421e+01 2.346924568995886062e+01 1.938716220781204758e-01
1.900000000000017053e+01 2.369475324531760307e+01 1.947282220247742723e-01
2.000000000000032685e+01 2.385875265213979901e+01 1.955363050632724364e-01
2.100000000000048317e+01 2.395120228881743429e+01 1.962847119648918892e-01
2.200000000000063949e+01 2.395866829449051139e+01 1.969497844907422412e-01
2.300000000000079581e+01 2.386475934054833559e+01 1.974999682887021435e-01
2.400000000000095213e+01 2.365566708415392938e+01 1.979048385024933521e-01
2.500000000000110845e+01 2.333563005083683350e+01 1.981524737837189742e-01
2.600000000000126477e+01 2.294223308983058018e+01 1.982623980898070570e-01
2.700000000000142109e+01 2.253098693912093253e+01 1.982734486610722713e-01
2.800000000000157740e+01 2.214059032736126298e+01 1.982212519846952570e-01
2.900000000000173372e+01 2.178411772504388821e+01 1.981305560408958277e-01
3.000000000000189004e+01 2.146099063610985880e+01 1.980177271845477149e-01
3.100000000000204636e+01 2.116705005672788431e+01 1.978936910782535530e-01
3.200000000000220268e+01 2.089841263952508044e+01 1.977656294080899213e-01
3.300000000000200373e+01 2.065214811170671183e+01 1.976380600644890018e-01
3.400000000000180478e+01 2.042601053380364817e+01 1.975136416224337332e-01
3.500000000000160583e+01 2.021809408215124648e+01 1.973937776233874730e-01
3.600000000000140687e+01 2.002662768876501787e+01 1.972790484944877965e-01
3.700000000000120792e+01 1.984989797989239335e+01 1.971695084541993659e-01
3.800000000000100897e+01 1.968624462896077532e+01 1.970648865990262677e-01
3.900000000000081002e+01 1.953408359437482389e+01 1.969647230022037732e-01
4.000000000000061107e+01 1.939193350157111695e+01 1.968684607089925820e-01
4.100000000000041211e+01 1.925843484559429797e+01 1.967755071376706688e-01
4.200000000000021316e+01 1.913235963278058094e+01 1.966852738392403099e-01
4.300000000000001421e+01 1.901261260353002669e+01 1.965972008765198842e-01
4.399999999999981526e+01 1.889822628675672078e+01 1.965107703996372135e-01
4.499999999999961631e+01 1.878835212921708830e+01 1.964255128260455063e-01
4.599999999999941735e+01 1.868224952335147648e+01 1.963410081499957216e-01
4.699999999999921840e+01 1.857927405977543600e+01 1.962568842151586057e-01
4.799999999999901945e+01 1.847886589072442476e+01 1.961728132447773387e-01
4.899999999999882050e+01 1.838053874809849475e+01 1.960885075122895671e-01
4.999999999999862155e+01 1.828386991238554771e+01 1.960037147306690208e-01
5.099999999999842260e+01 1.818849126018952944e+01 1.959182135201546215e-01
5.199999999999822364e+01 1.809408140931365594e+01 1.958318091622310297e-01
5.299999999999802469e+01 1.800035891446560399e+01 1.957443297458264786e-01
5.399999999999782574e+01 1.790707643027165474e+01 1.956556227458504382e-01
5.499999999999762679e+01 1.781401574143960431e+01 1.955655520336116449e-01
5.599999999999742784e+01 1.772098355548088122e+01 1.954739952952560811e-01
5.699999999999722888e+01 1.762780795646719767e+01 1.953808418222991172e-01
5.799999999999702993e+01 1.753433542555212199e+01 1.952859906334827866e-01
5.899999999999683098e+01 1.744042834327500557e+01 1.951893488867552651e-01
5.999999999999663203e+01 1.734596289861792329e+01 1.950908305422656419e-01
6.099999999999643308e+01 1.725082733958564063e+01 1.949903552406754004e-01
6.199999999999623412e+01 1.715492050925446321e+01 1.948878473650290932e-01
6.299999999999603517e+01 1.705815061955832235e+01 1.947832352584464577e-01
6.399999999999583622e+01 1.696043422245788079e+01 1.946764505737275941e-01
6.499999999999634781e+01 1.686169534457687647e+01 1.945674277344562886e-01
6.599999999999685940e+01 1.676186475693697986e+01 1.944561034903012908e-01
6.699999999999737099e+01 1.666087935615793114e+01 1.943424165519281044e-01
6.799999999999788258e+01 1.655868163750445987e+01 1.942263072932753354e-01
6.899999999999839417e+01 1.645521924354040166e+01 1.941077175109401365e-01
6.999999999999890576e+01 1.635044457498459991e+01 1.939865902321053215e-01
7.099999999999941735e+01 1.624431445272817953e+01 1.938628695638573429e-01
7.199999999999992895e+01 1.613678982193934530e+01 1.937365005779337901e-01
7.300000000000044054e+01 1.602783549081348724e+01 1.936074292259260532e-01
7.400000000000095213e+01 1.591741989787508516e+01 1.934756022807910258e-01
7.500000000000146372e+01 1.580551490285006366e+01 1.933409673012028429e-01
7.600000000000197531e+01 1.569209559704301071e+01 1.932034726158481375e-01
7.700000000000248690e+01 1.557714012990480335e+01 1.930630673252269613e-01
7.800000000000299849e+01 1.546062954909209175e+01 1.929197013189136167e-01
7.900000000000351008e+01 1.534254765182302371e+01 1.927733253065399277e-01
8.000000000000402167e+01 1.522288084574382516e+01 1.926238908610233280e-01
8.100000000000453326e+01 1.510161801785493019e+01 1.924713504727744162e-01
8.200000000000504485e+01 1.497875041031596588e+01 1.923156576137835805e-01
8.300000000000555644e+01 1.485427150216868597e+01 1.921567668106236582e-01
8.400000000000606803e+01 1.472817689619390613e+01 1.919946337255139523e-01
8.500000000000657963e+01 1.460046421026169838e+01 1.918292152446741394e-01
8.600000000000709122e+01 1.447113297264886533e+01 1.916604695732596619e-01
8.700000000000760281e+01 1.434018452088972317e+01 1.914883563362199392e-01
8.800000000000811440e+01 1.420762190380059131e+01 1.913128366844532857e-01
8.900000000000862599e+01 1.407344978637704536e+01 1.911338734056539923e-01
9.000000000000913758e+01 1.393767435731054327e+01 1.909514310392619874e-01
9.100000000000964917e+01 1.380030323890878385e+01 1.907654759949270196e-01
9.200000000001016076e+01 1.366134539923483437e+01 1.905759766738997218e-01
9.300000000001067235e+01 1.352081106630406815e+01 1.903829035927546987e-01
9.400000000001118394e+01 1.337871164419873615e+01 1.901862295088383448e-01
9.500000000001169553e+01 1.323505963097553462e+01 1.899859295468205866e-01
9.600000000001220712e+01 1.308986853825603092e+01 1.897819813257144994e-01
9.700000000001271871e+01 1.294315281240100823e+01 1.895743650857072138e-01
9.800000000001323031e+01 1.279492775718006392e+01 1.893630638141317601e-01
9.900000000001374190e+01 1.264520945785683459e+01 1.891480633698858771e-01
1.000000000000142535e+02 1.249401470661836377e+01 1.889293526055922934e-01
1.010000000000147651e+02 1.234136092928483031e+01 1.887069234867740641e-01
1.020000000000152767e+02 1.218726611324262876e+01 1.884807712073104657e-01
1.030000000000157883e+02 1.203174873655115462e+01 1.882508943004197188e-01
1.040000000000162999e+02 1.187482769817970762e+01 1.880172947444195830e-01
1.050000000000168114e+02 1.171652224933762554e+01 1.877799780624974935e-01
1.060000000000173230e+02 1.155685192586650700e+01 1.875389534157336224e-01
1.070000000000178346e+02 1.139583648166964203e+01 1.872942336886181114e-01
1.080000000000183462e+02 1.123349582315921857e+01 1.870458355663158212e-01
1.090000000000188578e+02 1.106984994470715833e+01 1.867937796029418562e-01
1.100000000000193694e+02 1.090491886509057018e+01 1.865380902801350993e-01
1.110000000000198810e+02 1.073872256492740362e+01 1.862787960552385880e-01
1.120000000000203926e+02 1.057128092510199480e+01 1.860159293984251783e-01
1.130000000000209042e+02 1.040261366618413952e+01 1.857495268181454384e-01
1.140000000000214158e+02 1.023274028884815401e+01 1.854796288743126298e-01
1.150000000000219273e+02 1.006168001530144274e+01 1.852062801786893420e-01
1.160000000000224389e+02 9.889451731733689854e+00 1.849295293819892827e-01
1.170000000000229505e+02 9.716073931799620311e+00 1.846494291472690896e-01
1.180000000000234621e+02 9.541564661148655091e+00 1.843660361092398781e-01
1.190000000000239737e+02 9.365941463015074575e+00 1.840794108192035650e-01
1.200000000000244853e+02 9.189221324881668096e+00 1.837896176753793520e-01
1.210000000000249969e+02 9.011420626228758834e+00 1.834967248384692939e-01
1.220000000000255085e+02 8.832555087378240799e+00 1.832008041323772429e-01
1.230000000000260201e+02 8.652639719440189836e+00 1.829019309300863871e-01
1.240000000000265317e+02 8.471688775366116531e+00 1.826001840247685470e-01
1.250000000000270433e+02 8.289715702109594631e+00 1.822956454862908193e-01
1.260000000000275548e+02 8.106733093890333919e+00 1.819884005033590990e-01
1.270000000000280664e+02 7.922752646553536060e+00 1.816785372116208608e-01
1.280000000000285638e+02 7.737785113010867022e+00 1.813661465081323476e-01
1.290000000000276543e+02 7.551840259744379225e+00 1.810513218526689228e-01
1.300000000000267448e+02 7.364926824347171497e+00 1.807341590564326417e-01
1.310000000000258353e+02 7.177052474072516119e+00 1.804147560587880395e-01
1.320000000000249258e+02 6.988223765351616379e+00 1.800932126927165533e-01
1.330000000000240163e+02 6.798446104237764409e+00 1.797696304397479183e-01
1.340000000000231068e+02 6.607723707726534279e+00 1.794441121751809143e-01
1.350000000000221974e+02 6.416059565895621652e+00 1.791167619044609360e-01
1.360000000000212879e+02 6.223455404801403468e+00 1.787876844916213570e-01
1.370000000000203784e+02 6.029911650063064954e+00 1.784569853807369266e-01
1.380000000000194689e+02 5.835427391059235802e+00 1.781247703113680025e-01
1.390000000000185594e+02 5.640000345656036806e+00 1.777911450289953454e-01
1.400000000000176499e+02 5.443626825380118106e+00 1.774562149914627740e-01
1.410000000000167404e+02 5.246301700945037005e+00 1.771200850724529152e-01
1.420000000000158309e+02 5.048018368034598247e+00 1.767828592630174833e-01
1.430000000000149214e+02 4.848768713242628259e+00 1.764446403721834644e-01
1.440000000000140119e+02 4.648543080064692745e+00 1.761055297276320764e-01
1.450000000000131024e+02 4.447330234834276474e+00 1.757656268774344110e-01
1.460000000000121929e+02 4.245117332493292039e+00 1.754250292937904743e-01
1.470000000000112834e+02 4.041889882084844565e+00 1.750838320796891112e-01
1.480000000000103739e+02 3.837631711854954997e+00 1.747421276793607592e-01
1.490000000000094644e+02 3.632324933849547577e+00 1.744000055933492277e-01
1.500000000000085549e+02 3.425949907893261148e+00 1.740575520989775249e-01
1.510000000000076454e+02 3.218485204837941982e+00 1.737148499769256005e-01
1.520000000000067359e+02 3.009907568970744851e+00 1.733719782445796165e-01
1.530000000000058265e+02 2.800191879474986489e+00 1.730290118967491853e-01
1.540000000000049170e+02 2.589311110841019392e+00 1.726860216542855653e-01
1.550000000000040075e+02 2.377236292129933481e+00 1.723430737210688013e-01
1.560000000000030980e+02 2.163936464999421716e+00 1.720002295497668476e-01
1.570000000000021885e+02 1.949378640409227037e+00 1.716575456167014901e-01
1.580000000000012790e+02 1.733527753933269855e+00 1.713150732060982895e-01
1.590000000000003695e+02 1.516346619616633973e+00 1.709728582039310996e-01
1.599999999999994600e+02 1.297795882328830253e+00 1.706309409015163703e-01
1.609999999999985505e+02 1.077833968579745560e+00 1.702893558089573489e-01
1.619999999999976410e+02 8.564170357821938584e-01 1.699481314784902775e-01
1.629999999999967315e+02 6.334989199647961255e-01 1.696072903377372487e-01
1.639999999999958220e+02 4.090310819616820859e-01 1.692668485328393535e-01
1.649999999999949125e+02 1.829625521312007175e-01 1.689268157814081961e-01
1.659999999999940030e+02 -4.476012631473384046e-02 1.685871952352145653e-01
1.669999999999930935e+02 -2.741929552561360173e-01 1.682479833525215018e-01
1.679999999999921840e+02 -5.053945407329000217e-01 1.679091697799633964e-01
1.689999999999912745e+02 -7.384261529411531022e-01 1.675707372438851039e-01
1.699999999999903650e+02 -9.733517869158080371e-01 1.672326614510676879e-01
1.709999999999894555e+02 -1.210238223603943508e+00 1.668949109988071555e-01
1.719999999999885461e+02 -1.449155090973400561e+00 1.665574472943516793e-01
1.729999999999876366e+02 -1.690174924733648609e+00 1.662202244837636123e-01
1.739999999999867271e+02 -1.933373228170655267e+00 1.658831893903479904e-01
1.749999999999858176e+02 -2.178828530513154504e+00 1.655462814628761714e-01
1.759999999999849081e+02 -2.426622443153976239e+00 1.652094327339411750e-01
1.769999999999839986e+02 -2.676839712945711547e+00 1.648725677889026908e-01
1.779999999999830891e+02 -2.929568271674201085e+00 1.645356037460240506e-01
1.789999999999821796e+02 -3.184899280685389744e+00 1.641984502485576425e-01
1.799999999999812701e+02 -3.442927169500014095e+00 1.638610094697187380e-01
1.809999999999803606e+02 -3.703749667095917797e+00 1.635231761316817967e-01
1.819999999999794511e+02 -3.967467824368527740e+00 1.631848375399514994e-01
1.829999999999785416e+02 -4.234186026096661060e+00 1.628458736346955482e-01
1.839999999999776321e+02 -4.504011990542480248e+00 1.625061570608789530e-01
1.849999999999767226e+02 -4.777056754602694078e+00 1.621655532593130888e-01
1.859999999999758131e+02 -5.053434642203456839e+00 1.618239205810147185e-01
1.869999999999749036e+02 -5.333263213396659985e+00 1.614811104275702680e-01
1.879999999999739941e+02 -5.616663191375713460e+00 1.611369674205070657e-01
1.889999999999730846e+02 -5.903758364382452939e+00 1.607913296029858108e-01
1.899999999999721751e+02 -6.194675459245545746e+00 1.604440286774365954e-01
1.909999999999712657e+02 -6.489543983067742161e+00 1.600948902830585940e-01
1.919999999999703562e+02 -6.788496029391007269e+00 1.597437343173887803e-01
1.929999999999694467e+02 -7.091666045027331222e+00 1.593903753063894424e-01
1.939999999999685372e+02 -7.399190553673934190e+00 1.590346228277112750e-01
1.949999999999676277e+02 -7.711207832463898626e+00 1.586762819919267653e-01
1.959999999999667182e+02 -8.027857537773950725e+00 1.583151539865896573e-01
1.969999999999658087e+02 -8.349280276966213776e+00 1.579510366879237349e-01
1.979999999999648992e+02 -8.675617123334131264e+00 1.575837253447611719e-01
1.989999999999639897e+02 -9.007009072419469575e+00 1.572130133389959827e-01
1.999999999999630802e+02 -9.343596439140053889e+00 1.568386930262695156e-01
2.009999999999621707e+02 -9.685518196898296850e+00 1.564605566598015474e-01
2.019999999999612612e+02 -1.003291126211572148e+01 1.560783973992047879e-01
2.029999999999603517e+02 -1.038590973054203559e+01 1.556920104047100351e-01
2.039999999999594422e+02 -1.074464407529963239e+01 1.553011940154421511e-01
2.049999999999585327e+02 -1.110924032100047221e+01 1.549057510081931766e-01
2.059999999999576232e+02 -1.147981921343668787e+01 1.545054899304818541e-01
2.069999999999567137e+02 -1.185649541026837461e+01 1.541002264985617265e-01
2.079999999999558042e+02 -1.223937672470250249e+01 1.536897850474276961e-01
2.089999999999548947e+02 -1.262856346116887174e+01 1.532740000157866156e-01
2.099999999999539853e+02 -1.302414788911653609e+01 1.528527174444685166e-01
2.109999999999530758e+02 -1.342621390779672552e+01 1.524257964619440964e-01
2.119999999999521663e+02 -1.383483696062461732e+01 1.519931107256518033e-01
2.129999999999512568e+02 -1.425008426162532160e+01 1.515545497829319799e-01
2.139999999999503473e+02 -1.467201539763449247e+01 1.511100203108304840e-01
2.149999999999494378e+02 -1.510068336731823457e+01 1.506594471902119869e-01
2.159999999999485283e+02 -1.553613611066389488e+01 1.502027743669937798e-01
2.169999999999476188e+02 -1.597841856942240391e+01 1.497399654523337842e-01
2.179999999999467093e+02 -1.642757529932432803e+01 1.492710040148410300e-01
2.189999999999457998e+02 -1.688365362836889361e+01 1.487958935218118006e-01
2.199999999999448903e+02 -1.734670732222874179e+01 1.483146568936047072e-01
2.209999999999439808e+02 -1.781680067858975747e+01 1.478273356458682242e-01
2.219999999999430713e+02 -1.829401292856123362e+01 1.473339886085655581e-01
2.229999999999421618e+02 -1.877844277747194113e+01 1.468346902284927979e-01
2.239999999999412523e+02 -1.927021287255439219e+01 1.463295284828231291e-01
2.249999999999403428e+02 -1.976947394516180978e+01 1.458186024543590420e-01
2.259999999999394333e+02 -2.027640834488855859e+01 1.453020196435058642e-01
2.269999999999385238e+02 -2.079123266742796972e+01 1.447798931159999802e-01
2.279999999999376143e+02 -2.131419918257444479e+01 1.442523386073585323e-01
2.289999999999367049e+02 -2.184559579861857870e+01 1.437194717228301721e-01
2.299999999999357954e+02 -2.238574435877726643e+01 1.431814053832164702e-01
2.309999999999348859e+02 -2.293499715672239958e+01 1.426382476701751334e-01
2.319999999999339764e+02 -2.349373168122191302e+01 1.420901002176433447e-01
2.329999999999330669e+02 -2.406234374955883837e+01 1.415370572774431734e-01
2.339999999999321574e+02 -2.464123935550950861e+01 1.409792055562859026e-01
2.349999999999312479e+02 -2.523082572343787433e+01 1.404166248787603877e-01
2.359999999999303384e+02 -2.583150220582764334e+01 1.398493896783233603e-01
2.369999999999294289e+02 -2.644365175842127158e+01 1.392775712592899395e-01
2.379999999999285194e+02 -2.706763375890632517e+01 1.387012407124543212e-01
2.389999999999276099e+02 -2.770377887931407557e+01 1.381204723115976585e-01
2.399999999999267004e+02 -2.835238658021060587e+01 1.375353471746474654e-01
2.409999999999257909e+02 -2.901372557706024935e+01 1.369459569479408723e-01
2.419999999999248814e+02 -2.968803736424618833e+01 1.363524072693755584e-01
2.429999999999239719e+02 -3.037554260847695176e+01 1.357548207876571600e-01
2.439999999999230624e+02 -3.107644998126482605e+01 1.351533395582567854e-01
2.449999999999221529e+02 -3.179096682342436253e+01 1.345481266964194123e-01
2.459999999999212434e+02 -3.251931094255127164e+01 1.339393672354253495e-01
2.469999999999203339e+02 -3.326172283946778663e+01 1.333272682051082070e-01
2.479999999999194245e+02 -3.401847772839639106e+01 1.327120580029190478e-01
2.489999999999185150e+02 -3.478989683445348646e+01 1.320939851713988922e-01
2.499999999999176055e+02 -3.557635759338029402e+01 1.314733167187300544e-01
2.509999999999166960e+02 -3.637830251659849523e+01 1.308503361232708218e-01
2.519999999999157865e+02 -3.719624659975065839e+01 1.302253411515377768e-01
2.529999999999148770e+02 -3.803078323197694743e+01 1.295986415966139949e-01
2.539999999999139675e+02 -3.888258859984898663e+01 1.289705570156839121e-01
2.549999999999130580e+02 -3.975242457231382076e+01 1.283414145162597164e-01
2.559999999999121485e+02 -4.064114001195887482e+01 1.277115466146573342e-01
2.569999999999112674e+02 -4.154967038685624914e+01 1.270812891698518132e-01
2.579999999999103579e+02 -4.247903525336246133e+01 1.264509793831328499e-01
2.589999999999094484e+02 -4.343033325533468769e+01 1.258209538498255287e-01
2.599999999999085389e+02 -4.440473391463962827e+01 1.251915466505585661e-01
2.609999999999076294e+02 -4.540346519455247432e+01 1.245630874778321656e-01
2.619999999999067199e+02 -4.642779548537772882e+01 1.239358998073376295e-01
2.629999999999058105e+02 -4.747900823622121891e+01 1.233102991410010840e-01
2.639999999999049010e+02 -4.855836696222555560e+01 1.226865913688973964e-01
2.649999999999039915e+02 -4.966706780641636243e+01 1.220650713188749931e-01
2.659999999999030820e+02 -5.080617627071494979e+01 1.214460215847627672e-01
2.669999999999021725e+02 -5.197654423879389896e+01 1.208297117449759345e-01
2.679999999999012630e+02 -5.317870315419090588e+01 1.202163981012671079e-01
2.689999999999003535e+02 -5.441272945622039003e+01 1.196063240794587312e-01
2.699999999998994440e+02 -5.567807951740658723e+01 1.189997214360808964e-01
2.709999999998985345e+02 -5.697339392302406225e+01 1.183968124010460615e-01
2.719999999998976250e+02 -5.829627564411147489e+01 1.177978128491089932e-01
2.729999999998967155e+02 -5.964305408072507220e+01 1.172029365230084913e-01
2.739999999998958060e+02 -6.100855728550033774e+01 1.166124002207111904e-01
2.749999999998948965e+02 -6.238592712890083902e+01 1.160264297044956289e-01
2.759999999998939870e+02 -6.376652425649228917e+01 1.154452658976479612e-01
2.769999999998930775e+02 -6.513997677710540302e+01 1.148691707295133035e-01
2.779999999998921680e+02 -6.649442240424311024e+01 1.142984318175189057e-01
2.789999999998912585e+02 -6.781697250554229583e+01 1.137333650995660389e-01
2.799999999998903490e+02 -6.909438692920220149e+01 1.131743146168782965e-01
2.809999999998894396e+02 -7.031389754352974819e+01 1.126216489324427666e-01
2.819999999998885301e+02 -7.146407166010452272e+01 1.120757541312940447e-01
2.829999999998876206e+02 -7.253558257089622430e+01 1.115370238942133413e-01
2.839999999998867111e+02 -7.352176573569032314e+01 1.110058476274763395e-01
2.849999999998858016e+02 -7.441888420449532759e+01 1.104825979344262327e-01
2.859999999998848921e+02 -7.522608995582214675e+01 1.099676187553368240e-01
2.869999999998839826e+02 -7.594512701656471165e+01 1.094612152917728426e-01
2.879999999998830731e+02 -7.657986009084355317e+01 1.089636464545045286e-01
2.889999999998821636e+02 -7.713572284263271683e+01 1.084751201446363944e-01
2.899999999998812541e+02 -7.761916774516176076e+01 1.079957912964869537e-01
2.909999999998803446e+02 -7.803717494314635417e+01 1.075257623375845545e-01
2.919999999998794351e+02 -7.839685107280369891e+01 1.070650855712663163e-01
2.929999999998785256e+02 -7.870512706741544662e+01 1.066137669442381863e-01
2.939999999998776161e+02 -7.896854918700900328e+01 1.061717706936513295e-01
2.949999999998767066e+02 -7.919314951775416489e+01 1.057390244432168391e-01
2.959999999998757971e+02 -7.938437931942910097e+01 1.053154244094845760e-01
2.969999999998748876e+02 -7.954708897061213690e+01 1.049008404701644581e-01
2.979999999998739781e+02 -7.968554032463681835e+01 1.044951209265621711e-01
2.989999999998730686e+02 -7.980343998687126827e+01 1.040980968577962240e-01
2.999999999998721592e+02 -7.990398472872557534e+01 1.037095860149745558e-01
3.009999999998712497e+02 -7.998991264968601911e+01 1.033293962403695893e-01
3.019999999998703402e+02 -8.006355566580732841e+01 1.029573284220754587e-01
3.029999999998694307e+02 -8.012689043276874656e+01 1.025931790110480996e-01
3.039999999998685212e+02 -8.018158594997581190e+01 1.022367421370247026e-01
3.049999999998676117e+02 -8.022904690642772607e+01 1.018878113644565292e-01
3.059999999998667022e+02 -8.027045238861524012e+01 1.015461811307806633e-01
3.069999999998657927e+02 -8.030678993814883881e+01 1.012116479082577347e-01
3.079999999998648832e+02 -8.033888517429440412e+01 1.008840111280803475e-01
3.089999999998639737e+02 -8.036742732537248912e+01 1.005630739021424053e-01
3.099999999998630642e+02 -8.039299107442008108e+01 1.002486435741833382e-01
3.109999999998621547e+02 -8.041605514173559754e+01 9.994053212828939159e-02
3.119999999998612452e+02 -8.043701801646248839e+01 9.963855647912325808e-02
3.129999999998603357e+02 -8.045621122274634729e+01 9.934253866489319018e-02
3.139999999998594262e+02 -8.047391047103063499e+01 9.905230596100796092e-02
3.149999999998585167e+02 -8.049034500686289562e+01 9.876769092963201546e-02
3.159999999998576072e+02 -8.050570543139255619e+01 9.848853141794780552e-02
3.169999999998566977e+02 -8.052015023147853867e+01 9.821467051583723795e-02
3.179999999998557882e+02 -8.053381122402622339e+01 9.794595648189266535e-02
3.189999999998548788e+02 -8.054679808930083595e+01 9.768224264512014032e-02
3.199999999998539693e+02 -8.055920214162254922e+01 9.742338728839335105e-02
3.209999999998530598e+02 -8.057109946290610480e+01 9.716925351860690452e-02
3.219999999998521503e+02 -8.058255350472559542e+01 9.691970912755216994e-02
3.229999999998512408e+02 -8.059361724765533097e+01 9.667462644676208527e-02
3.239999999998503313e+02 -8.060433499223519505e+01 9.643388219892819191e-02
3.249999999998494218e+02 -8.061474384371848600e+01 9.619735734795709092e-02
3.259999999998485123e+02 -8.062487494247821473e+01 9.596493694929487950e-02
3.269999999998476028e+02 -8.063475448330788709e+01 9.573651000178626247e-02
3.279999999998466933e+02 -8.064440455960598797e+01 9.551196930203850743e-02
3.289999999998457838e+02 -8.065384386237347769e+01 9.529121130201988199e-02
3.299999999998448743e+02 -8.066308825889106515e+01 9.507413597042799203e-02
3.309999999998439648e+02 -8.067215127172256928e+01 9.486064665820359565e-02
3.319999999998430553e+02 -8.068104447517600875e+01 9.465064996844309297e-02
3.329999999998421458e+02 -8.068977782342844307e+01 9.444405563085883637e-02
3.339999999998412363e+02 -8.069835992209102926e+01 9.424077638085873176e-02
3.349999999998403268e+02 -8.070679825297206378e+01 9.404072784325506751e-02
3.359999999998394173e+02 -8.071509936011756281e+01 9.384382842056321339e-02
3.369999999998385078e+02 -8.072326900382302028e+01 9.364999918581412564e-02
3.379999999998375984e+02 -8.073131228815259419e+01 9.345916377977894762e-02
3.389999999998366889e+02 -8.073923376655207562e+01 9.327124831248131964e-02
3.399999999998357794e+02 -8.074703752934480860e+01 9.308618126886207544e-02
3.409999999998348699e+02 -8.075472727624963909e+01 9.290389341844856874e-02
3.419999999998339604e+02 -8.076230637651373456e+01 9.272431772887730628e-02
3.429999999998330509e+02 -8.076977791880595703e+01 9.254738928311627422e-02
3.439999999998321414e+02 -8.077714475264380667e+01 9.237304520023154053e-02
3.449999999998312319e+02 -8.078440952282045373e+01 9.220122455954506135e-02
3.459999999998303224e+02 -8.079157469804229663e+01 9.203186832803321449e-02
3.469999999998294129e+02 -8.079864259478074473e+01 9.186491929082002406e-02
3.479999999998285034e+02 -8.080561539716272534e+01 9.170032198462295392e-02
3.489999999998275939e+02 -8.081249517358628509e+01 9.153802263401346340e-02
3.499999999998266844e+02 -8.081928389062491647e+01 9.137796909036176307e-02
3.509999999998257749e+02 -8.082598342468770625e+01 9.122011077333777584e-02
3.519999999998248654e+02 -8.083259557182101673e+01 9.106439861485002285e-02
3.529999999998239559e+02 -8.083912205597013667e+01 9.091078500530509754e-02
3.539999999998230464e+02 -8.084556453596481163e+01 9.075922374207887056e-02
3.549999999998221369e+02 -8.085192461144495724e+01 9.060966998009541140e-02
3.559999999998212274e+02 -8.085820382790790006e+01 9.046208018441422027e-02
3.569999999998203180e+02 -8.086440368102388732e+01 9.031641208473076277e-02
3.579999999998194085e+02 -8.087052562034433834e+01 9.017262463170266917e-02
3.589999999998184990e+02 -8.087657105250316647e+01 9.003067795501515369e-02
3.599999999998175895e+02 -8.088254134399541329e+01 8.989053332310673050e-02
3.609999999998166800e+02 -8.088843782360282830e+01 8.975215310447752504e-02
3.619999999998157705e+02 -8.089426178452376348e+01 8.961550073050945919e-02
3.629999999998148610e+02 -8.090001448625444880e+01 8.948054065972901872e-02
3.639999999998139515e+02 -8.090569715626183722e+01 8.934723834344786286e-02
3.649999999998130420e+02 -8.091131099147979455e+01 8.921556019272010307e-02
3.659999999998121325e+02 -8.091685715965638792e+01 8.908547354655706185e-02
3.669999999998112230e+02 -8.092233680057420031e+01 8.895694664134501384e-02
3.679999999998103135e+02 -8.092775102716281310e+01 8.882994858141331218e-02
3.689999999998094040e+02 -8.093310092651826437e+01 8.870444931070274597e-02
3.699999999998084945e+02 -8.093838756084350905e+01 8.858041958548697192e-02
3.709999999998075850e+02 -8.094361196831953009e+01 8.845783094810182046e-02
3.719999999998066755e+02 -8.094877516391643724e+01 8.833665570164087044e-02
3.729999999998057660e+02 -8.095387814015276717e+01 8.821686688557506262e-02
3.739999999998048565e+02 -8.095892186780830002e+01 8.809843825225896485e-02
3.749999999998039470e+02 -8.096390729659636065e+01 8.798134424428720457e-02
3.759999999998030376e+02 -8.096883535579972602e+01 8.786555997266463913e-02
3.769999999998021281e+02 -8.097370695487451542e+01 8.775106119575884489e-02
3.779999999998012186e+02 -8.097852298402412430e+01 8.763782429900217330e-02
3.789999999998003091e+02 -8.098328431474760691e+01 8.752582627531338422e-02
3.799999999997993996e+02 -8.098799180036299106e+01 8.741504470621024037e-02
3.809999999997984901e+02 -8.099264627650943282e+01 8.730545774358550171e-02
3.819999999997975806e+02 -8.099724856162826825e+01 8.719704409212065965e-02
3.829999999997966711e+02 -8.100179945742526399e+01 8.708978299231136255e-02
3.839999999997957616e+02 -8.100629974931590027e+01 8.698365420408195325e-02
3.849999999997948521e+02 -8.101075020685385653e+01 8.687863799096519346e-02
3.859999999997939426e+02 -8.101515158414404993e+01 8.677471510482628880e-02
3.869999999997930331e+02 -8.101950462024130672e+01 8.667186677111003712e-02
3.879999999997921236e+02 -8.102381003953571792e+01 8.657007467459099104e-02
3.889999999997912141e+02 -8.102806855212469372e+01 8.646932094560841331e-02
3.899999999997903046e+02 -8.103228085417285342e+01 8.636958814676609641e-02
3.909999999997893951e+02 -8.103644762826050396e+01 8.627085926008205841e-02
3.919999999997884856e+02 -8.104056954372063615e+01 8.617311767456922733e-02
3.929999999997875761e+02 -8.104464725696529115e+01 8.607634717423201520e-02
3.939999999997866666e+02 -8.104868141180281782e+01 8.598053192646369636e-02
3.949999999997857572e+02 -8.105267263974350556e+01 8.588565647082951893e-02
3.959999999997848477e+02 -8.105662156029768539e+01 8.579170570822144959e-02
3.969999999997839382e+02 -8.106052878126396877e+01 8.569866489037078483e-02
3.979999999997830287e+02 -8.106439489900891715e+01 8.560651960970661056e-02
3.989999999997821192e+02 -8.106822049873902358e+01 8.551525578954620455e-02
3.999999999997812097e+02 -8.107200615476406824e+01 8.542485967460700103e-02
4.009999999997803002e+02 -8.107575243075299909e+01 8.533531782182739167e-02
4.019999999997793907e+02 -8.107945987998252235e+01 8.524661709148578792e-02
4.029999999997784812e+02 -8.108312904557885759e+01 8.515874463860767518e-02
4.039999999997775717e+02 -8.108676046075207466e+01 8.507168790464962604e-02
4.049999999997766622e+02 -8.109035464902382273e+01 8.498543460945169603e-02
4.059999999997757527e+02 -8.109391212444928954e+01 8.489997274344771028e-02
4.069999999997748432e+02 -8.109743339183208377e+01 8.481529056012447609e-02
4.079999999997739337e+02 -8.110091894693381676e+01 8.473137656872249679e-02
4.089999999997730242e+02 -8.110436927667770135e+01 8.464821952716773679e-02
4.099999999997721147e+02 -8.110778485934652338e+01 8.456580843522837343e-02
4.109999999997712052e+02 -8.111116616477514185e+01 8.448413252788751493e-02
4.119999999997702957e+02 -8.111451365453793017e+01 8.440318126892464023e-02
4.129999999997693862e+02 -8.111782778213094502e+01 8.432294434469946032e-02
4.139999999997684768e+02 -8.112110899314932055e+01 8.424341165812954113e-02
4.149999999997675673e+02 -8.112435772546000123e+01 8.416457332285695592e-02
4.159999999997666578e+02 -8.112757440936978526e+01 8.408641965759634795e-02
4.169999999997657483e+02 -8.113075946778891989e+01 8.400894118065842242e-02
4.179999999997648388e+02 -8.113391331639031989e+01 8.393212860464301095e-02
4.189999999997639293e+02 -8.113703636376477846e+01 8.385597283129617163e-02
4.199999999997630198e+02 -8.114012901157200019e+01 8.378046494652563458e-02
4.209999999997621103e+02 -8.114319165468791084e+01 8.370559621556877827e-02
4.219999999997612008e+02 -8.114622468134771793e+01 8.363135807830904267e-02
4.229999999997602913e+02 -8.114922847328594457e+01 8.355774214473483952e-02
4.239999999997593818e+02 -8.115220340587234205e+01 8.348474019053681028e-02
4.249999999997584723e+02 -8.115514984824454814e+01 8.341234415283833858e-02
4.259999999997575628e+02 -8.115806816343763330e+01 8.334054612605536205e-02
4.269999999997566533e+02 -8.116095870850982408e+01 8.326933835788088989e-02
4.279999999997557438e+02 -8.116382183466538436e+01 8.319871324539018786e-02
4.289999999997548343e+02 -8.116665788737469711e+01 8.312866333126252283e-02
4.299999999997539248e+02 -8.116946720649082181e+01 8.305918130011588629e-02
4.309999999997530153e+02 -8.117225012636367865e+01 8.299025997495085294e-02
4.319999999997521059e+02 -8.117500697595114900e+01 8.292189231369943847e-02
4.329999999997511964e+02 -8.117773807892737636e+01 8.285407140587726371e-02
4.339999999997502869e+02 -8.118044375378850930e+01 8.278679046933284935e-02
4.349999999997493774e+02 -8.118312431395600015e+01 8.272004284709356947e-02
4.359999999997484679e+02 -8.118578006787751633e+01 8.265382200430375359e-02
4.369999999997475584e+02 -8.118841131912481046e+01 8.258812152525213390e-02
4.379999999997466489e+02 -8.119101836649002735e+01 8.252293511048551522e-02
4.389999999997457394e+02 -8.119360150407929666e+01 8.245825657400705777e-02
4.399999999997448299e+02 -8.119616102140385294e+01 8.239407984055414913e-02
4.409999999997439204e+02 -8.119869720346966346e+01 8.233039894295630934e-02
4.419999999997430109e+02 -8.120121033086451234e+01 8.226720801956761975e-02
4.429999999997421014e+02 -8.120370067984289619e+01 8.220450131177373110e-02
4.439999999997411919e+02 -8.120616852240969763e+01 8.214227316156900993e-02
4.449999999997402824e+02 -8.120861412640071819e+01 8.208051800920303231e-02
4.459999999997393729e+02 -8.121103775556242965e+01 8.201923039089414891e-02
4.469999999997384634e+02 -8.121343966962952265e+01 8.195840493660654091e-02
4.479999999997375539e+02 -8.121582012440045162e+01 8.189803636789085017e-02
4.489999999997366444e+02 -8.121817937181141644e+01 8.183811949578445599e-02
4.499999999997357349e+02 -8.122051766000889472e+01 8.177864921877107951e-02
4.509999999997348255e+02 -8.122283523342014178e+01 8.171962052079653760e-02
4.519999999997339160e+02 -8.122513233282232648e+01 8.166102846934021608e-02
4.529999999997330065e+02 -8.122740919541018911e+01 8.160286821353884834e-02
4.539999999997320970e+02 -8.122966605486172398e+01 8.154513498236298785e-02
4.549999999997311875e+02 -8.123190314140322243e+01 8.148782408284246936e-02
4.559999999997302780e+02 -8.123412068187199964e+01 8.143093089834108067e-02
4.569999999997293685e+02 -8.123631889977855280e+01 8.137445088687755845e-02
4.579999999997284590e+02 -8.123849801536640314e+01 8.131837957949264450e-02
4.589999999997275495e+02 -8.124065824567152561e+01 8.126271257865971820e-02
4.599999999997266400e+02 -8.124279980458013029e+01 8.120744555673861664e-02
4.609999999997257305e+02 -8.124492290288499419e+01 8.115257425447044981e-02
4.619999999997248210e+02 -8.124702774834102570e+01 8.109809447951280004e-02
4.629999999997239115e+02 -8.124911454571876845e+01 8.104400210501375157e-02
4.639999999997230020e+02 -8.125118349685813257e+01 8.099029306822370933e-02
4.649999999997220925e+02 -8.125323480071969584e+01 8.093696336914386891e-02
4.659999999997211830e+02 -8.125526865343563543e+01 8.088400906920990840e-02
4.669999999997202735e+02 -8.125728524835925271e+01 8.083142629001029145e-02
4.679999999997193640e+02 -8.125928477611344647e+01 8.077921121203805732e-02
4.689999999997184545e+02 -8.126126742463853248e+01 8.072736007347455778e-02
4.699999999997175451e+02 -8.126323337923851398e+01 8.067586916900490457e-02
4.709999999997166356e+02 -8.126518282262706805e+01 8.062473484866385098e-02
4.719999999997157261e+02 -8.126711593497176978e+01 8.057395351671141348e-02
4.729999999997148166e+02 -8.126903289393816010e+01 8.052352163053630441e-02
4.739999999997139071e+02 -8.127093387473222208e+01 8.047343569958839704e-02
4.749999999997129976e+02 -8.127281905014270080e+01 8.042369228433710049e-02
4.759999999997120881e+02 -8.127468859058183170e+01 8.037428799525696277e-02
4.769999999997111786e+02 -8.127654266412561412e+01 8.032521949183743515e-02
4.779999999997102691e+02 -8.127838143655354486e+01 8.027648348161871283e-02
4.789999999997093596e+02 -8.128020507138703010e+01 8.022807671925048789e-02
4.799999999997084501e+02 -8.128201372992700158e+01 8.017999600557429440e-02
4.809999999997075406e+02 -8.128380757129144740e+01 8.013223818672894627e-02
4.819999999997066311e+02 -8.128558675245150766e+01 8.008480015327676393e-02
4.829999999997057216e+02 -8.128735142826690208e+01 8.003767883935221372e-02
4.839999999997048121e+02 -8.128910175152117290e+01 7.999087122183083653e-02
4.849999999997039026e+02 -8.129083787295587626e+01 7.994437431951798012e-02
4.859999999997029931e+02 -8.129255994130372187e+01 7.989818519235766803e-02
4.869999999997020836e+02 -8.129426810332192588e+01 7.985230094065970396e-02
4.879999999997011741e+02 -8.129596250382418532e+01 7.980671870434571935e-02
4.889999999997002647e+02 -8.129764328571225462e+01 7.976143566221319259e-02
4.899999999996993552e+02 -8.129931059000708160e+01 7.971644903121624659e-02
4.909999999996984457e+02 -8.130096455587900550e+01 7.967175606576402946e-02
4.919999999996975362e+02 -8.130260532067779877e+01 7.962735405703538771e-02
4.929999999996966267e+02 -8.130423301996175667e+01 7.958324033230890215e-02
4.939999999996957172e+02 -8.130584778752620423e+01 7.953941225430946615e-02
4.949999999996948077e+02 -8.130744975543186115e+01 7.949586722056940780e-02
4.959999999996938982e+02 -8.130903905403228293e+01 7.945260266280400330e-02
4.969999999996929887e+02 -8.131061581200088995e+01 7.940961604630168702e-02
4.979999999996920792e+02 -8.131218015635762697e+01 7.936690486932833355e-02
4.989999999996911697e+02 -8.131373221249489802e+01 7.932446666254450163e-02
4.999999999996902602e+02 -8.131527210420314589e+01 7.928229898843615342e-02
5.000000000000000000e+02 -8.131527210420361484e+01 7.928229898842313605e-02
