1.000000000000000666e+00 -7.214583580720382372e+01 7.359460046694708824e-02
2.000000000000001332e+00 -6.322260669556013113e+01 7.362434922116334324e-02
2.999999999999980016e+00 -4.512394505307235626e+00 7.372850952159847038e-02
3.999999999999958700e+00 3.629573514130385092e+01 7.891822445872562208e-02
4.999999999999937828e+00 3.024022399942064254e+01 9.233069317333487958e-02
5.999999999999916511e+00 2.568508737677317200e+01 1.108038843010763913e-01
6.999999999999895195e+00 2.292446144139047703e+01 1.304195552234367894e-01
7.999999999999873879e+00 2.149325839025721407e+01 1.479833031701700830e-01
8.999999999999852562e+00 2.091267757685238848e+01 1.619429909694293790e-01
9.999999999999831246e+00 2.083558344016717356e+01 1.721531800879698426e-01
1.099999999999980993e+01 2.103764418361975430e+01 1.792136588154935595e-01
1.199999999999978861e+01 2.138144546449362693e+01 1.839376152665802566e-01
1.299999999999976730e+01 2.178544473358716260e+01 1.870713959538376492e-01
1.399999999999974598e+01 2.220231157771906894e+01 1.891953748520715517e-01
1.499999999999972466e+01 2.260490436684878901e+01 1.907174341475462442e-01
1.599999999999970335e+01 2.297750039129692112e+01 1.919022432788620725e-01
1.699999999999985789e+01 2.331040719534401617e+01 1.929082141737972211e-01
1.800000000000001421e+01 2.359664258204455578e+01 1.938206101494795164e-01
1.900000000000017053e+01 2.382979511792428795e+01 1.946771858490750906e-01
2.000000000000032685e+01 2.400247911191061334e+01 1.954860455081309234e-01
2.100000000000048317e+01 2.410504682517594333e+01 1.962367187307003658e-01
2.200000000000063949e+01 2.412459125688018347e+01 1.969062687030711245e-01
2.300000000000079581e+01 2.404524774393172137e+01 1.974636934732653948e-01
2.400000000000095213e+01 2.385316794701173038e+01 1.978783067148344732e-01
2.500000000000110845e+01 2.355102796577940438e+01 1.981364159714978646e-01
2.600000000000126477e+01 2.317387115853770752e+01 1.982551687569309440e-01
2.700000000000142109e+01 2.277646650886952528e+01 1.982724444296478650e-01
2.800000000000157740e+01 2.239877808433401185e+01 1.982243013211640592e-01
2.900000000000173372e+01 2.205496822262300327e+01 1.981361333522353441e-01
3.000000000000189004e+01 2.174470969397901499e+01 1.980247664336917401e-01
3.100000000000204636e+01 2.146367479551250668e+01 1.979014445489826468e-01
3.200000000000220268e+01 2.120774052823015410e+01 1.977735846433265610e-01
3.300000000000200373e+01 2.097379563610914488e+01 1.976458794814563436e-01
3.400000000000180478e+01 2.075949123569894894e+01 1.975211140643815533e-01
3.500000000000160583e+01 2.056287987530901873e+01 1.974007809157589943e-01
3.600000000000140687e+01 2.038218830272550264e+01 1.972855220084072103e-01
3.700000000000120792e+01 2.021572313667727272e+01 1.971754335171887751e-01
3.800000000000100897e+01 2.006185487131769918e+01 1.970702725210006501e-01
3.900000000000081002e+01 1.991903440062433361e+01 1.969695970287081432e-01
4.000000000000061107e+01 1.978581573330457033e+01 1.968728607812300357e-01
4.100000000000041211e+01 1.966087335194951891e+01 1.967794767264345601e-01
4.200000000000021316e+01 1.954301103831273778e+01 1.966888583440367377e-01
4.300000000000001421e+01 1.943116282959884344e+01 1.966004452085238219e-01
4.399999999999981526e+01 1.932438808496125660e+01 1.965137174481348947e-01
4.499999999999961631e+01 1.922186275667685251e+01 1.964282025688059707e-01
4.599999999999941735e+01 1.912286861086422363e+01 1.963434772187947208e-01
4.699999999999921840e+01 1.902678168385103419e+01 1.962591657712373094e-01
4.799999999999901945e+01 1.893306084139634748e+01 1.961749370556824801e-01
4.899999999999882050e+01 1.884123697634596439e+01 1.960905001513729429e-01
4.999999999999862155e+01 1.875090313855022828e+01 1.960055998439185487e-01
5.099999999999842260e+01 1.866170572503946445e+01 1.959200121227807345e-01
5.199999999999822364e+01 1.857333675086695379e+01 1.958335399404766974e-01
5.299999999999802469e+01 1.848552715555785753e+01 1.957460093487976560e-01
5.399999999999782574e+01 1.839804106375414250e+01 1.956572660586427259e-01
5.499999999999762679e+01 1.831067090165993250e+01 1.955671724273841117e-01
5.599999999999742784e+01 1.822323326626025874e+01 1.954756048527621359e-01
5.699999999999722888e+01 1.813556544713882701e+01 1.953824515391743843e-01
5.799999999999702993e+01 1.804752250777803724e+01 1.952876105966449560e-01
5.899999999999683098e+01 1.795897484233432451e+01 1.951909884318359101e-01
5.999999999999663203e+01 1.786980613368617199e+01 1.950924983922393274e-01
6.099999999999643308e+01 1.777991164822195103e+01 1.949920596278887641e-01
6.199999999999623412e+01 1.768919681190593352e+01 1.948895961387539510e-01
6.299999999999603517e+01 1.759757602039279689e+01 1.947850359799362108e-01
6.399999999999583622e+01 1.750497164326534261e+01 1.946783106005704478e-01
6.499999999999634781e+01 1.741131318884671586e+01 1.945693542958352173e-01
6.599999999999685940e+01 1.731653660153395080e+01 1.944581037545816127e-01
6.699999999999737099e+01 1.722058366829250531e+01 1.943444976878210828e-01
6.799999999999788258e+01 1.712340151493027918e+01 1.942284765256660217e-01
6.899999999999839417e+01 1.702494217611786453e+01 1.941099821723268892e-01
6.999999999999890576e+01 1.692516222593122066e+01 1.939889578104726786e-01
7.099999999999941735e+01 1.682402245803516294e+01 1.938653477476962317e-01
7.199999999999992895e+01 1.672148760657567124e+01 1.937390972990261639e-01
7.300000000000044054e+01 1.661752610046391254e+01 1.936101527004336076e-01
7.400000000000095213e+01 1.651210984507032009e+01 1.934784610491157020e-01
7.500000000000146372e+01 1.640521402644793270e+01 1.933439702670297078e-01
7.600000000000197531e+01 1.629681693410968535e+01 1.932066290847305468e-01
7.700000000000248690e+01 1.618689979912669585e+01 1.930663870430322504e-01
7.800000000000299849e+01 1.607544664492299447e+01 1.929231945104108170e-01
7.900000000000351008e+01 1.596244414863843986e+01 1.927770027143814180e-01
8.000000000000402167e+01 1.584788151133574097e+01 1.926277637853489599e-01
8.100000000000453326e+01 1.573175033565628844e+01 1.924754308116421453e-01
8.200000000000504485e+01 1.561404450979606651e+01 1.923199579046143970e-01
8.300000000000555644e+01 1.549476009688764044e+01 1.921613002728349839e-01
8.400000000000606803e+01 1.537389522904845762e+01 1.919994143045016810e-01
8.500000000000657963e+01 1.525145000549488472e+01 1.918342576572915348e-01
8.600000000000709122e+01 1.512742639423347235e+01 1.916657893549371661e-01
8.700000000000760281e+01 1.500182813693035833e+01 1.914939698898578402e-01
8.800000000000811440e+01 1.487466065663142523e+01 1.913187613312160029e-01
8.900000000000862599e+01 1.474593096806233383e+01 1.911401274377891313e-01
9.000000000000913758e+01 1.461564759028332716e+01 1.909580337750614865e-01
9.100000000000964917e+01 1.448382046150936553e+01 1.907724478359467679e-01
9.200000000001016076e+01 1.435046085593509169e+01 1.905833391645480879e-01
9.300000000001067235e+01 1.421558130242716800e+01 1.903906794823595205e-01
9.400000000001118394e+01 1.407919550496508343e+01 1.901944428163000744e-01
9.500000000001169553e+01 1.394131826472663782e+01 1.899946056279538664e-01
9.600000000001220712e+01 1.380196540372698699e+01 1.897911469433840592e-01
9.700000000001271871e+01 1.366115368993076196e+01 1.895840484828573425e-01
9.800000000001323031e+01 1.351890076376570882e+01 1.893732947898086327e-01
9.900000000001374190e+01 1.337522506597484906e+01 1.891588733583522419e-01
1.000000000000142535e+02 1.323014576675105047e+01 1.889407747586294428e-01
1.010000000000147651e+02 1.308368269610518198e+01 1.887189927592679561e-01
1.020000000000152767e+02 1.293585627542518068e+01 1.884935244462132564e-01
1.030000000000157883e+02 1.278668745018978825e+01 1.882643703371829069e-01
1.040000000000162999e+02 1.263619762380667844e+01 1.880315344909864184e-01
1.050000000000168114e+02 1.248440859255034852e+01 1.877950246109460486e-01
1.060000000000173230e+02 1.233134248158119739e+01 1.875548521416600389e-01
1.070000000000178346e+02 1.217702168203238422e+01 1.873110323583475068e-01
1.080000000000183462e+02 1.202146878915659833e+01 1.870635844480271481e-01
1.090000000000188578e+02 1.186470654152967974e+01 1.868125315817953380e-01
1.100000000000193694e+02 1.170675776131310464e+01 1.865579009774871455e-01
1.110000000000198810e+02 1.154764529558151231e+01 1.862997239520305937e-01
1.120000000000203926e+02 1.138739195872566867e+01 1.860380359628340807e-01
1.130000000000209042e+02 1.122602047594467933e+01 1.857728766375824347e-01
1.140000000000214158e+02 1.106355342784454976e+01 1.855042897918612321e-01
1.150000000000219273e+02 1.090001319616265718e+01 1.852323234340722824e-01
1.160000000000224389e+02 1.073542191063982365e+01 1.849570297571600241e-01
1.170000000000229505e+02 1.056980139706290345e+01 1.846784651167247271e-01
1.180000000000234621e+02 1.040317312650187276e+01 1.843966899951590410e-01
1.190000000000239737e+02 1.023555816576538469e+01 1.841117689515168465e-01
1.200000000000244853e+02 1.006697712909844000e+01 1.838237705568875335e-01
1.210000000000249969e+02 9.897450131144559293e+00 1.835327673151299632e-01
1.220000000000255085e+02 9.726996741193355334e+00 1.832388355688952253e-01
1.230000000000260201e+02 9.555635938731951384e+00 1.829420553909464064e-01
1.240000000000265317e+02 9.383386070315777872e+00 1.826425104608677130e-01
1.250000000000270433e+02 9.210264807770982998e+00 1.823402879273358090e-01
1.260000000000275548e+02 9.036289107736587667e+00 1.820354782562122187e-01
1.270000000000280664e+02 8.861475172550221657e+00 1.817281750647946059e-01
1.280000000000285638e+02 8.685838412476279302e+00 1.814184749426503429e-01
1.290000000000276543e+02 8.509393409270705533e+00 1.811064772595305239e-01
1.300000000000267448e+02 8.332153881069315204e+00 1.807922839609428511e-01
1.310000000000258353e+02 8.154132648584601739e+00 1.804759993520362038e-01
1.320000000000249258e+02 7.975341602585245937e+00 1.801577298705139829e-01
1.330000000000240163e+02 7.795791672629946767e+00 1.798375838493596890e-01
1.340000000000231068e+02 7.615492797019668636e+00 1.795156712702219437e-01
1.350000000000221974e+02 7.434453893926614043e+00 1.791921035083499925e-01
1.360000000000212879e+02 7.252682833651759253e+00 1.788669930700252375e-01
1.370000000000203784e+02 7.070186411957061878e+00 1.785404533234682123e-01
1.380000000000194689e+02 6.886970324412465594e+00 1.782125982242363516e-01
1.390000000000185594e+02 6.703039141692050507e+00 1.778835420361476738e-01
1.400000000000176499e+02 6.518396285748263352e+00 1.775533990487899172e-01
1.410000000000167404e+02 6.333044006788037805e+00 1.772222832926724223e-01
1.420000000000158309e+02 6.146983360969549892e+00 1.768903082530906001e-01
1.430000000000149214e+02 5.960214188734068053e+00 1.765575865837563929e-01
1.440000000000140119e+02 5.772735093682924479e+00 1.762242298212394476e-01
1.450000000000131024e+02 5.584543421906055904e+00 1.758903481012365488e-01
1.460000000000121929e+02 5.395635241665083015e+00 1.755560498776624068e-01
1.470000000000112834e+02 5.206005323331038603e+00 1.752214416455150081e-01
1.480000000000103739e+02 5.015647119474308191e+00 1.748866276684247489e-01
1.490000000000094644e+02 4.824552745002357312e+00 1.745517097117527672e-01
1.500000000000085549e+02 4.632712957239210283e+00 1.742167867820454963e-01
1.510000000000076454e+02 4.440117135839598994e+00 1.738819548735942300e-01
1.520000000000067359e+02 4.246753262429996845e+00 1.735473067227865651e-01
1.530000000000058265e+02 4.052607899868687191e+00 1.732129315708703099e-01
1.540000000000049170e+02 3.857666171017368306e+00 1.728789149356784183e-01
1.550000000000040075e+02 3.661911736917556670e+00 1.725453383927957607e-01
1.560000000000030980e+02 3.465326774266487497e+00 1.722122793665727403e-01
1.570000000000021885e+02 3.267891952089093000e+00 1.718798109313166289e-01
1.580000000000012790e+02 3.069586407505043635e+00 1.715480016229236071e-01
1.590000000000003695e+02 2.870387720492727279e+00 1.712169152611323353e-01
1.599999999999994600e+02 2.670271887555775159e+00 1.708866107825153802e-01
1.609999999999985505e+02 2.469213294201832554e+00 1.705571420842552921e-01
1.619999999999976410e+02 2.267184686148097761e+00 1.702285578786769116e-01
1.629999999999967315e+02 2.064157139173881106e+00 1.699009015584560800e-01
1.639999999999958220e+02 1.860100027546621737e+00 1.695742110723513218e-01
1.649999999999949125e+02 1.654980990955174258e+00 1.692485188112609895e-01
1.659999999999940030e+02 1.448765899892273445e+00 1.689238515043490763e-01
1.669999999999930935e+02 1.241418819437299259e+00 1.686002301249397983e-01
1.679999999999921840e+02 1.032901971400971286e+00 1.682776698058400522e-01
1.689999999999912745e+02 8.231756948050935607e-01 1.679561797637161014e-01
1.699999999999903650e+02 6.121984046838714333e-01 1.676357632321185953e-01
1.709999999999894555e+02 3.999265492080021911e-01 1.673164174027337026e-01
1.719999999999885461e+02 1.863145651493858246e-01 1.669981333744184893e-01
1.729999999999876366e+02 -2.868516827686041354e-02 1.666808961095775643e-01
1.739999999999867271e+02 -2.451223771354177072e-01 1.663646843974322942e-01
1.749999999999858176e+02 -4.630489419774677096e-01 1.660494708237483241e-01
1.759999999999849081e+02 -6.825189484230029802e-01 1.657352217465998256e-01
1.769999999999839986e+02 -9.035887389808873182e-01 1.654218972777780072e-01
1.779999999999830891e+02 -1.126316965935127534e+00 1.651094512694812333e-01
1.789999999999821796e+02 -1.350764645088167848e+00 1.647978313059746958e-01
1.799999999999812701e+02 -1.576995210109687129e+00 1.644869786999544614e-01
1.809999999999803606e+02 -1.805074567192110013e+00 1.641768284934167210e-01
1.819999999999794511e+02 -2.035071149660943490e+00 1.638673094629110871e-01
1.829999999999785416e+02 -2.267055972129004005e+00 1.635583441291310614e-01
1.839999999999776321e+02 -2.501102683717470576e+00 1.632498487709043711e-01
1.849999999999767226e+02 -2.737287619793209892e+00 1.629417334437416598e-01
1.859999999999758131e+02 -2.975689851590265000e+00 1.626339020032291638e-01
1.869999999999749036e+02 -3.216391232992858562e+00 1.623262521336804043e-01
1.879999999999739941e+02 -3.459476443657346856e+00 1.620186753826089732e-01
1.889999999999730846e+02 -3.705033027540559853e+00 1.617110572017400605e-01
1.899999999999721751e+02 -3.953151425781247230e+00 1.614032769954547308e-01
1.909999999999712657e+02 -4.203925002749644868e+00 1.610952081777435041e-01
1.919999999999703562e+02 -4.457450063937144158e+00 1.607867182389458027e-01
1.929999999999694467e+02 -4.713825864203585070e+00 1.604776688237654902e-01
1.939999999999685372e+02 -4.973154604734875583e+00 1.601679158222742705e-01
1.949999999999676277e+02 -5.235541416888101374e+00 1.598573094758554414e-01
1.959999999999667182e+02 -5.501094330917817743e+00 1.595456945002833860e-01
1.969999999999658087e+02 -5.769924227389720883e+00 1.592329102283880082e-01
1.979999999999648992e+02 -6.042144768892909745e+00 1.589187907750154172e-01
1.989999999999639897e+02 -6.317872309477454706e+00 1.586031652272516801e-01
1.999999999999630802e+02 -6.597225779063871975e+00 1.582858578631338164e-01
2.009999999999621707e+02 -6.880326539913081518e+00 1.579666884023164519e-01
2.019999999999612612e+02 -7.167298212118997647e+00 1.576454722923908702e-01
2.029999999999603517e+02 -7.458266465007289625e+00 1.573220210347482384e-01
2.039999999999594422e+02 -7.753358771313250131e+00 1.569961425540425115e-01
2.049999999999585327e+02 -8.052704121094500067e+00 1.566676416154084706e-01
2.059999999999576232e+02 -8.356432692540099794e+00 1.563363202936317586e-01
2.069999999999567137e+02 -8.664675477204895060e+00 1.560019784984039704e-01
2.079999999999558042e+02 -8.977563857768554811e+00 1.556644145596386697e-01
2.089999999999548947e+02 -9.295229137243362416e+00 1.553234258765081588e-01
2.099999999999539853e+02 -9.617802019690140369e+00 1.549788096333953313e-01
2.109999999999530758e+02 -9.945412044006280539e+00 1.546303635852814273e-01
2.119999999999521663e+02 -1.027818697428839734e+01 1.542778869141824827e-01
2.129999999999512568e+02 -1.061625215270250244e+01 1.539211811570790900e-01
2.139999999999503473e+02 -1.095972982376987659e+01 1.535600512043012733e-01
2.149999999999494378e+02 -1.130873844253022398e+01 1.531943063655204218e-01
2.159999999999485283e+02 -1.166339198318237713e+01 1.528237614983138093e-01
2.169999999999476188e+02 -1.202379926949154942e+01 1.524482381917031670e-01
2.179999999999467093e+02 -1.239006335339878895e+01 1.520675659941121971e-01
2.189999999999457998e+02 -1.276228097370816528e+01 1.516815836718537203e-01
2.199999999999448903e+02 -1.314054213220512679e+01 1.512901404805929162e-01
2.209999999999439808e+02 -1.352492982971669022e+01 1.508930974283117787e-01
2.219999999999430713e+02 -1.391552000899462627e+01 1.504903285042475114e-01
2.229999999999421618e+02 -1.431238175430674531e+01 1.500817218442540013e-01
2.239999999999412523e+02 -1.471557779858989790e+01 1.496671807992854819e-01
2.249999999999403428e+02 -1.512516538721524739e+01 1.492466248704897025e-01
2.259999999999394333e+02 -1.554119754209437332e+01 1.488199904720732547e-01
2.269999999999385238e+02 -1.596372476031512022e+01 1.483872314820458005e-01
2.279999999999376143e+02 -1.639279716718009183e+01 1.479483195415590702e-01
2.289999999999367049e+02 -1.682846712409489243e+01 1.475032440662459587e-01
2.299999999999357954e+02 -1.727079226721355454e+01 1.470520119380940849e-01
2.309999999999348859e+02 -1.771983892351016010e+01 1.465946468542384806e-01
2.319999999999339764e+02 -1.817568581791809024e+01 1.461311883197870531e-01
2.329999999999330669e+02 -1.863842794982913986e+01 1.456616902853783702e-01
2.339999999999321574e+02 -1.910818048161710792e+01 1.451862194463623135e-01
2.349999999999312479e+02 -1.958508244856797020e+01 1.447048532388117703e-01
2.359999999999303384e+02 -2.006930007181800235e+01 1.442176775872342775e-01
2.369999999999294289e+02 -2.056102943723514187e+01 1.437247844788448470e-01
2.379999999999285194e+02 -2.106049829754099179e+01 1.432262694582830953e-01
2.389999999999276099e+02 -2.156796676636282939e+01 1.427222291532366516e-01
2.399999999999267004e+02 -2.208372670503753454e+01 1.422127589539358694e-01
2.409999999999257909e+02 -2.260809965877314909e+01 1.416979509762192890e-01
2.419999999999248814e+02 -2.314143327956888996e+01 1.411778924372434352e-01
2.429999999999239719e+02 -2.368409627801033324e+01 1.406526645635202410e-01
2.439999999999230624e+02 -2.423647207016439253e+01 1.401223421318633089e-01
2.449999999999221529e+02 -2.479895142052133750e+01 1.395869937146944073e-01
2.459999999999212434e+02 -2.537192451396974846e+01 1.390466826626562125e-01
2.469999999999203339e+02 -2.595577300210922544e+01 1.385014688113454517e-01
2.479999999999194245e+02 -2.655086264285100128e+01 1.379514108483286816e-01
2.489999999999185150e+02 -2.715753717007112300e+01 1.373965692257546056e-01
2.499999999999176055e+02 -2.777611398039558566e+01 1.368370094581107532e-01
2.509999999999166960e+02 -2.840688210518284862e+01 1.362728056096049745e-01
2.519999999999157865e+02 -2.905010275752756499e+01 1.357040437563112878e-01
2.529999999999148770e+02 -2.970601252829166583e+01 1.351308252081094008e-01
2.539999999999139675e+02 -3.037482908142262872e+01 1.345532692955761500e-01
2.549999999999130580e+02 -3.105675899866492173e+01 1.339715155655309964e-01
2.559999999999121485e+02 -3.175200727384562782e+01 1.333857252811592731e-01
2.569999999999112674e+02 -3.246078787351434158e+01 1.327960821817978643e-01
2.579999999999103579e+02 -3.318333476715550745e+01 1.322027925159278416e-01
2.589999999999094484e+02 -3.391991287767915964e+01 1.316060844115792272e-01
2.599999999999085389e+02 -3.467082849395303157e+01 1.310062066858670715e-01
2.609999999999076294e+02 -3.543643880043801886e+01 1.304034272169167508e-01
2.619999999999067199e+02 -3.621716029377198254e+01 1.297980310068482246e-01
2.629999999999058105e+02 -3.701347595547412084e+01 1.291903180559170194e-01
2.639999999999049010e+02 -3.782594112204921544e+01 1.285806011490802647e-01
2.649999999999039915e+02 -3.865518803200205866e+01 1.279692036315605297e-01
2.659999999999030820e+02 -3.950192903087442176e+01 1.273564572237001202e-01
2.669999999999021725e+02 -4.036695838264086689e+01 1.267426999011520838e-01
2.679999999999012630e+02 -4.125115260325648592e+01 1.261282738466663056e-01
2.689999999999003535e+02 -4.215546897698235540e+01 1.255135234660202936e-01
2.699999999998994440e+02 -4.308094191323290545e+01 1.248987934550392087e-01
2.709999999998985345e+02 -4.402867661794621057e+01 1.242844269040516147e-01
2.719999999998976250e+02 -4.499983922070963871e+01 1.236707634314206244e-01
2.729999999998967155e+02 -4.599564224280603497e+01 1.230581373487247276e-01
2.739999999998958060e+02 -4.701732392986146891e+01 1.224468758749648611e-01
2.749999999998948965e+02 -4.806611954654169239e+01 1.218372974348055360e-01
2.759999999998939870e+02 -4.914322224557882635e+01 1.212297100953564771e-01
2.769999999998930775e+02 -5.024973060377717360e+01 1.206244102163530341e-01
2.779999999998921680e+02 -5.138657942051722927e+01 1.200216814086636496e-01
2.789999999998912585e+02 -5.255445000958911805e+01 1.194217939143661367e-01
2.799999999998903490e+02 -5.375365617286700370e+01 1.188250045360836338e-01
2.809999999998894396e+02 -5.498400262439984942e+01 1.182315572507444540e-01
2.819999999998885301e+02 -5.624461426849048706e+01 1.176416846389427701e-01
2.829999999998876206e+02 -5.753373798126223448e+01 1.170556102395053921e-01
2.839999999998867111e+02 -5.884852399900655939e+01 1.164735518921372892e-01
2.849999999998858016e+02 -6.018480210132356945e+01 1.158957260511038756e-01
2.859999999998848921e+02 -6.153687833903600790e+01 1.153223529337822073e-01
2.869999999998839826e+02 -6.289738978084903920e+01 1.147536622097676817e-01
2.879999999998830731e+02 -6.425726456935248621e+01 1.141898987512779684e-01
2.889999999998821636e+02 -6.560583752359654852e+01 1.136313277836964591e-01
2.899999999998812541e+02 -6.693116175896035713e+01 1.130782386452797439e-01
2.909999999998803446e+02 -6.822053027285768678e+01 1.125309463478253308e-01
2.919999999998794351e+02 -6.946117963766043601e+01 1.119897902773818732e-01
2.929999999998785256e+02 -7.064110035986952596e+01 1.114551297010786951e-01
2.939999999998776161e+02 -7.174984107852041859e+01 1.109273362090371778e-01
2.949999999998767066e+02 -7.277918249247638016e+01 1.104067837170593369e-01
2.959999999998757971e+02 -7.372357905206135342e+01 1.098938370572125761e-01
2.969999999998748876e+02 -7.458031581718185521e+01 1.093888403829538780e-01
2.979999999998739781e+02 -7.534938724259625076e+01 1.088921065713173847e-01
2.989999999998730686e+02 -7.603315440960734861e+01 1.084039085519029055e-01
2.999999999998721592e+02 -7.663586447794712342e+01 1.079244731202970431e-01
3.009999999998712497e+02 -7.716311870281953134e+01 1.074539774052366697e-01
3.019999999998703402e+02 -7.762135972448102450e+01 1.069925478351992226e-01
3.029999999998694307e+02 -7.801742485322377263e+01 1.065402612326067783e-01
3.039999999998685212e+02 -7.835818826549909488e+01 1.060971475565188893e-01
3.049999999998676117e+02 -7.865029635881184333e+01 1.056631937974002039e-01
3.059999999998667022e+02 -7.889998848466534298e+01 1.052383485706567812e-01
3.069999999998657927e+02 -7.911298917095501793e+01 1.048225270308269508e-01
3.079999999998648832e+02 -7.929445612738017246e+01 1.044156158138981605e-01
3.089999999998639737e+02 -7.944896913068521371e+01 1.040174777972361631e-01
3.099999999998630642e+02 -7.958054699965838097e+01 1.036279565376586748e-01
3.109999999998621547e+02 -7.969268241855259305e+01 1.032468803054958223e-01
3.119999999998612452e+02 -7.978838684538386872e+01 1.028740656761184535e-01
3.129999999998603357e+02 -7.987023990098207094e+01 1.025093206719170785e-01
3.139999999998594262e+02 -7.994043938987441322e+01 1.021524474691903744e-01
3.149999999998585167e+02 -8.000084945938357350e+01 1.018032446980197264e-01
3.159999999998576072e+02 -8.005304540639193078e+01 1.014615093709284876e-01
3.169999999998566977e+02 -8.009835435521620184e+01 1.011270384795969479e-01
3.179999999998557882e+02 -8.013789151828655122e+01 1.007996302994384058e-01
3.189999999998548788e+02 -8.017259207006564736e+01 1.004790854404525174e-01
3.199999999998539693e+02 -8.020323886032474547e+01 1.001652076802013319e-01
3.209999999998530598e+02 -8.023048630205393295e+01 9.985780461154580845e-02
3.219999999998521503e+02 -8.025488081958282294e+01 9.955668813430554320e-02
3.229999999998512408e+02 -8.027687825427496193e+01 9.926167481651923530e-02
3.239999999998503313e+02 -8.029685861292929872e+01 9.897258614764194162e-02
3.249999999998494218e+02 -8.031513851790924718e+01 9.868924870291359563e-02
3.259999999998485123e+02 -8.033198168483858126e+01 9.841149423532345730e-02
3.269999999998476028e+02 -8.034760771794907441e+01 9.813915970908909658e-02
3.279999999998466933e+02 -8.036219947764146809e+01 9.787208728636646871e-02
3.289999999998457838e+02 -8.037590924120723912e+01 9.761012427699421179e-02
3.299999999998448743e+02 -8.038886384684404618e+01 9.735312305942625533e-02
3.309999999998439648e+02 -8.040116898347601193e+01 9.710094097959888482e-02
3.319999999998430553e+02 -8.041291276453117121e+01 9.685344023328064378e-02
3.329999999998421458e+02 -8.042416870260525741e+01 9.661048773644449750e-02
3.339999999998412363e+02 -8.043499818363123666e+01 9.637195498735275090e-02
3.349999999998403268e+02 -8.044545252348447661e+01 9.613771792333676569e-02
3.359999999998394173e+02 -8.045557467659764939e+01 9.590765677466212002e-02
3.369999999998385078e+02 -8.046540065483432613e+01 9.568165591738239661e-02
3.379999999998375984e+02 -8.047496070531261125e+01 9.545960372667870730e-02
3.389999999998366889e+02 -8.048428028782049637e+01 9.524139243185181236e-02
3.399999999998357794e+02 -8.049338088570945615e+01 9.502691797386104977e-02
3.409999999998348699e+02 -8.050228067849094771e+01 9.481607986608160676e-02
3.419999999998339604e+02 -8.051099509962497791e+01 9.460878105877408573e-02
3.429999999998330509e+02 -8.051953729903742385e+01 9.440492780761225444e-02
3.439999999998321414e+02 -8.052791852660172367e+01 9.420442954650024014e-02
3.449999999998312319e+02 -8.053614845007329848e+01 9.400719876481634929e-02
3.459999999998303224e+02 -8.054423541867600989e+01 9.381315088914747580e-02
3.469999999998294129e+02 -8.055218668163662699e+01 9.362220416951960722e-02
3.479999999998285034e+02 -8.056000856937886567e+01 9.343427957008609841e-02
3.489999999998275939e+02 -8.056770664377538083e+01 9.324930066420057673e-02
3.499999999998266844e+02 -8.057528582276077600e+01 9.306719353377479464e-02
3.509999999998257749e+02 -8.058275048370492755e+01 9.288788667280516165e-02
3.519999999998248654e+02 -8.059010454919022948e+01 9.271131089493571398e-02
3.529999999998239559e+02 -8.059735155821371677e+01 9.253739924491855007e-02
3.539999999998230464e+02 -8.060449472531689707e+01 9.236608691382619529e-02
3.549999999998221369e+02 -8.061153698971536130e+01 9.219731115786901354e-02
3.559999999998212274e+02 -8.061848105614605231e+01 9.203101122066781326e-02
3.569999999998203180e+02 -8.062532942885435716e+01 9.186712825883723565e-02
3.579999999998194085e+02 -8.063208443989670116e+01 9.170560527073359780e-02
3.589999999998184990e+02 -8.063874827273653523e+01 9.154638702822766316e-02
3.599999999998175895e+02 -8.064532298193805104e+01 9.138942001136517168e-02
3.609999999998166800e+02 -8.065181050962752352e+01 9.123465234578322092e-02
3.619999999998157705e+02 -8.065821269927478454e+01 9.108203374275522513e-02
3.629999999998148610e+02 -8.066453130725309961e+01 9.093151544174334078e-02
3.639999999998139515e+02 -8.067076801255566920e+01 9.078305015534053612e-02
3.649999999998130420e+02 -8.067692442498318428e+01 9.063659201649178210e-02
3.659999999998121325e+02 -8.068300209206209672e+01 9.049209652788729741e-02
3.669999999998112230e+02 -8.068900250490780479e+01 9.034952051342705348e-02
3.679999999998103135e+02 -8.069492710321151208e+01 9.020882207166028288e-02
3.689999999998094040e+02 -8.070077727949791324e+01 9.006996053110760680e-02
3.699999999998084945e+02 -8.070655438277471205e+01 8.993289640737972546e-02
3.709999999998075850e+02 -8.071225972167685825e+01 8.979759136200934910e-02
3.719999999998066755e+02 -8.071789456718718725e+01 8.966400816291793252e-02
3.729999999998057660e+02 -8.072346015500406224e+01 8.953211064644341077e-02
3.739999999998048565e+02 -8.072895768761274837e+01 8.940186368085720203e-02
3.749999999998039470e+02 -8.073438833610882170e+01 8.927323313130447469e-02
3.759999999998030376e+02 -8.073975324181216706e+01 8.914618582610343844e-02
3.769999999998021281e+02 -8.074505351770571338e+01 8.902068952434348537e-02
3.779999999998012186e+02 -8.075029024972415925e+01 8.889671288472437982e-02
3.789999999998003091e+02 -8.075546449791742987e+01 8.877422543558331769e-02
3.799999999997993996e+02 -8.076057729750610292e+01 8.865319754605670288e-02
3.809999999997984901e+02 -8.076562965984510356e+01 8.853360039832861017e-02
3.819999999997975806e+02 -8.077062257330857165e+01 8.841540596091854165e-02
3.829999999997966711e+02 -8.077555700410708539e+01 8.829858696296537246e-02
3.839999999997957616e+02 -8.078043389704548360e+01 8.818311686946343764e-02
3.849999999997948521e+02 -8.078525417623019678e+01 8.806896985741273498e-02
3.859999999997939426e+02 -8.079001874573123132e+01 8.795612079284356732e-02
3.869999999997930331e+02 -8.079472849020474712e+01 8.784454520868045790e-02
3.879999999997921236e+02 -8.079938427548063373e+01 8.773421928340968678e-02
3.889999999997912141e+02 -8.080398694911933433e+01 8.762511982051876536e-02
3.899999999997903046e+02 -8.080853734094023366e+01 8.751722422867533324e-02
3.909999999997893951e+02 -8.081303626352524816e+01 8.741051050261647304e-02
3.919999999997884856e+02 -8.081748451269929490e+01 8.730495720471927179e-02
3.929999999997875761e+02 -8.082188286798994170e+01 8.720054344722616424e-02
3.939999999997866666e+02 -8.082623209306851209e+01 8.709724887509823210e-02
3.949999999997857572e+02 -8.083053293617300028e+01 8.699505364947250630e-02
3.959999999997848477e+02 -8.083478613051465800e+01 8.689393843169902765e-02
3.969999999997839382e+02 -8.083899239466981612e+01 8.679388436793548933e-02
3.979999999997830287e+02 -8.084315243295742448e+01 8.669487307427724276e-02
3.989999999997821192e+02 -8.084726693580307710e+01 8.659688662240318247e-02
3.999999999997812097e+02 -8.085133658009068824e+01 8.649990752571609653e-02
4.009999999997803002e+02 -8.085536202950233076e+01 8.640391872596017708e-02
4.019999999997793907e+02 -8.085934393484656368e+01 8.630890358029665033e-02
4.029999999997784812e+02 -8.086328293437709647e+01 8.621484584882033175e-02
4.039999999997775717e+02 -8.086717965410007025e+01 8.612172968250099425e-02
4.049999999997766622e+02 -8.087103470807264216e+01 8.602953961153299300e-02
4.059999999997757527e+02 -8.087484869869173565e+01 8.593826053407868648e-02
4.069999999997748432e+02 -8.087862221697444909e+01 8.584787770539017981e-02
4.079999999997739337e+02 -8.088235584282983837e+01 8.575837672729595684e-02
4.089999999997730242e+02 -8.088605014532228665e+01 8.566974353803923081e-02
4.099999999997721147e+02 -8.088970568292766927e+01 8.558196440245469105e-02
4.109999999997712052e+02 -8.089332300378164575e+01 8.549502590247078093e-02
4.119999999997702957e+02 -8.089690264592088909e+01 8.540891492792762607e-02
4.129999999997693862e+02 -8.090044513751705324e+01 8.532361866769609671e-02
4.139999999997684768e+02 -8.090395099710460158e+01 8.523912460109064892e-02
4.149999999997675673e+02 -8.090742073380192778e+01 8.515542048956242782e-02
4.159999999997666578e+02 -8.091085484752589707e+01 8.507249436866438919e-02
4.169999999997657483e+02 -8.091425382920107268e+01 8.499033454027794809e-02
4.179999999997648388e+02 -8.091761816096251891e+01 8.490892956509218936e-02
4.189999999997639293e+02 -8.092094831635357366e+01 8.482826825532631398e-02
4.199999999997630198e+02 -8.092424476051762383e+01 8.474833966768710591e-02
4.209999999997621103e+02 -8.092750795038493550e+01 8.466913309655317577e-02
4.219999999997612008e+02 -8.093073833485462387e+01 8.459063806737743274e-02
4.229999999997602913e+02 -8.093393635497123739e+01 8.451284433030101240e-02
4.239999999997593818e+02 -8.093710244409709276e+01 8.443574185397018095e-02
4.249999999997584723e+02 -8.094023702807946563e+01 8.435932081955041517e-02
4.259999999997575628e+02 -8.094334052541395863e+01 8.428357161492969207e-02
4.269999999997566533e+02 -8.094641334740312288e+01 8.420848482910543720e-02
4.279999999997557438e+02 -8.094945589831124266e+01 8.413405124674729063e-02
4.289999999997548343e+02 -8.095246857551451569e+01 8.406026184293176329e-02
4.299999999997539248e+02 -8.095545176964819234e+01 8.398710777804119232e-02
4.309999999997530153e+02 -8.095840586474895417e+01 8.391458039282147230e-02
4.319999999997521059e+02 -8.096133123839429402e+01 8.384267120359449599e-02
4.329999999997511964e+02 -8.096422826183831489e+01 8.377137189761812985e-02
4.339999999997502869e+02 -8.096709730014339357e+01 8.370067432859053247e-02
4.349999999997493774e+02 -8.096993871230962725e+01 8.363057051229245975e-02
4.359999999997484679e+02 -8.097275285139971857e+01 8.356105262236365738e-02
4.369999999997475584e+02 -8.097554006466211263e+01 8.349211298620883015e-02
4.379999999997466489e+02 -8.097830069364961503e+01 8.342374408102815053e-02
4.389999999997457394e+02 -8.098103507433620507e+01 8.335593852996954489e-02
4.399999999997448299e+02 -8.098374353723022523e+01 8.328868909839658163e-02
4.409999999997439204e+02 -8.098642640748549582e+01 8.322198869027010171e-02
4.419999999997430109e+02 -8.098908400500890536e+01 8.315583034463862322e-02
4.429999999997421014e+02 -8.099171664456586939e+01 8.309020723223427274e-02
4.439999999997411919e+02 -8.099432463588304643e+01 8.302511265217071834e-02
4.449999999997402824e+02 -8.099690828374879459e+01 8.296054002873963495e-02
4.459999999997393729e+02 -8.099946788811082854e+01 8.289648290830266275e-02
4.469999999997384634e+02 -8.100200374417187277e+01 8.283293495627551406e-02
4.479999999997375539e+02 -8.100451614248294163e+01 8.276988995420098139e-02
4.489999999997366444e+02 -8.100700536903418936e+01 8.270734179690837629e-02
4.499999999997357349e+02 -8.100947170534388420e+01 8.264528448975680397e-02
4.509999999997348255e+02 -8.101191542854515149e+01 8.258371214595830456e-02
4.519999999997339160e+02 -8.101433681147094035e+01 8.252261898397957041e-02
4.529999999997330065e+02 -8.101673612273630454e+01 8.246199932501906138e-02
4.539999999997320970e+02 -8.101911362681968853e+01 8.240184759055715902e-02
4.549999999997311875e+02 -8.102146958414159883e+01 8.234215829997729164e-02
4.559999999997302780e+02 -8.102380425114193940e+01 8.228292606825468591e-02
4.569999999997293685e+02 -8.102611788035530083e+01 8.222414560371246739e-02
4.579999999997284590e+02 -8.102841072048451565e+01 8.216581170584076610e-02
4.589999999997275495e+02 -8.103068301647267901e+01 8.210791926317860534e-02
4.599999999997266400e+02 -8.103293500957373396e+01 8.205046325125538165e-02
4.609999999997257305e+02 -8.103516693742068355e+01 8.199343873059064536e-02
4.619999999997248210e+02 -8.103737903409339083e+01 8.193684084475026663e-02
4.629999999997239115e+02 -8.103957153018387771e+01 8.188066481845661382e-02
4.639999999997230020e+02 -8.104174465286072859e+01 8.182490595575214742e-02
4.649999999997220925e+02 -8.104389862593188809e+01 8.176955963821355700e-02
4.659999999997211830e+02 -8.104603366990599511e+01 8.171462132321566374e-02
4.669999999997202735e+02 -8.104815000205245212e+01 8.166008654224303498e-02
4.679999999997193640e+02 -8.105024783646024389e+01 8.160595089924828349e-02
4.689999999997184545e+02 -8.105232738409536353e+01 8.155221006905509495e-02
4.699999999997175451e+02 -8.105438885285725803e+01 8.149885979580472062e-02
4.709999999997166356e+02 -8.105643244763328426e+01 8.144589589144513031e-02
4.719999999997157261e+02 -8.105845837035303703e+01 8.139331423426029999e-02
4.729999999997148166e+02 -8.106046682004075876e+01 8.134111076744018898e-02
4.739999999997139071e+02 -8.106245799286693909e+01 8.128928149768790967e-02
4.749999999997129976e+02 -8.106443208219874919e+01 8.123782249386495014e-02
4.759999999997120881e+02 -8.106638927864919708e+01 8.118672988567207649e-02
4.769999999997111786e+02 -8.106832977012584251e+01 8.113599986236552652e-02
4.779999999997102691e+02 -8.107025374187777800e+01 8.108562867150660713e-02
4.789999999997093596e+02 -8.107216137654177146e+01 8.103561261774464008e-02
4.799999999997084501e+02 -8.107405285418811047e+01 8.098594806163120219e-02
4.809999999997075406e+02 -8.107592835236464168e+01 8.093663141846614562e-02
4.819999999997066311e+02 -8.107778804614019919e+01 8.088765915717248400e-02
4.829999999997057216e+02 -8.107963210814722288e+01 8.083902779920139337e-02
4.839999999997048121e+02 -8.108146070862363786e+01 8.079073391746431632e-02
4.849999999997039026e+02 -8.108327401545341218e+01 8.074277413529337699e-02
4.859999999997029931e+02 -8.108507219420680201e+01 8.069514512542795559e-02
4.869999999997020836e+02 -8.108685540817920412e+01 8.064784360902664540e-02
4.879999999997011741e+02 -8.108862381842975253e+01 8.060086635470432859e-02
4.889999999997002647e+02 -8.109037758381923311e+01 8.055421017759427371e-02
4.899999999996993552e+02 -8.109211686104626438e+01 8.050787193843254863e-02
4.909999999996984457e+02 -8.109384180468383363e+01 8.046184854266574815e-02
4.919999999996975362e+02 -8.109555256721458250e+01 8.041613693958127307e-02
4.929999999996966267e+02 -8.109724929906563773e+01 8.037073412145846751e-02
4.939999999996957172e+02 -8.109893214864243305e+01 8.032563712274104484e-02
4.949999999996948077e+02 -8.110060126236199096e+01 8.028084301922935873e-02
4.959999999996938982e+02 -8.110225678468574984e+01 8.023634892729317181e-02
4.969999999996929887e+02 -8.110389885815145306e+01 8.019215200310243763e-02
4.979999999996920792e+02 -8.110552762340458344e+01 8.014824944187740052e-02
4.989999999996911697e+02 -8.110714321922925762e+01 8.010463847715659780e-02
4.999999999996902602e+02 -8.110874578257806888e+01 8.006131638008225082e-02
5.000000000000000000e+02 -8.110874578257856626e+01 8.006131638006887263e-02
