1.000000000000000666e+00 -7.216864249369625384e+01 7.368661058806583175e-02
2.000000000000001332e+00 -6.327390315809586951e+01 7.382997709677396880e-02
2.999999999999980016e+00 -6.822828653069409555e+00 7.405055704021241969e-02
3.999999999999958700e+00 3.632484860748019173e+01 7.881333967076593894e-02
4.999999999999937828e+00 3.025088363062811680e+01 9.126725300850196954e-02
5.999999999999916511e+00 2.567713211070257628e+01 1.088233982788421872e-01
6.999999999999895195e+00 2.290428316669782660e+01 1.279929383174614466e-01
7.999999999999873879e+00 2.146547299875592074e+01 1.456967911610049238e-01
8.999999999999852562e+00 2.087918060641491991e+01 1.602213564673332091e-01
9.999999999999831246e+00 2.079608618217649152e+01 1.711693195784870780e-01
1.099999999999980993e+01 2.099017069181466155e+01 1.789435136234549806e-01
1.199999999999978861e+01 2.132249062911489190e+01 1.842609377530048664e-01
1.299999999999976730e+01 2.170976395031435047e+01 1.878546705336894829e-01
1.399999999999974598e+01 2.210229250994611405e+01 1.903376704995600466e-01
1.499999999999972466e+01 2.246934465261594838e+01 1.921634559503361539e-01
1.599999999999970335e+01 2.278936769789064698e+01 1.936334005502547972e-01
1.699999999999985789e+01 2.304263260341496533e+01 1.949211576378346022e-01
1.800000000000001421e+01 2.320376775351944687e+01 1.960982904974770402e-01
1.900000000000017053e+01 2.323037735736647491e+01 1.971510473001055475e-01
2.000000000000032685e+01 2.304305921202744400e+01 1.979840750233833324e-01
2.100000000000048317e+01 2.252769920581524943e+01 1.984612600323816256e-01
2.200000000000063949e+01 2.173369315684309555e+01 1.986008757516042611e-01
2.300000000000079581e+01 2.094820904687844276e+01 1.985778061651389537e-01
2.400000000000095213e+01 2.029253214147675877e+01 1.984886239528030616e-01
2.500000000000110845e+01 1.974729464844430282e+01 1.983699720752191975e-01
2.600000000000126477e+01 1.928066828704700697e+01 1.982426796743678443e-01
2.700000000000142109e+01 1.887191479080428991e+01 1.981194954646783302e-01
2.800000000000157740e+01 1.850879834001253599e+01 1.980068568799181472e-01
2.900000000000173372e+01 1.818378777838644567e+01 1.979068018787496497e-01
3.000000000000189004e+01 1.789173284912935813e+01 1.978188273258697505e-01
3.100000000000204636e+01 1.762867598197390961e+01 1.977412589044767466e-01
3.200000000000220268e+01 1.739130900458448181e+01 1.976720813389556686e-01
3.300000000000200373e+01 1.717674415868356519e+01 1.976093647931143615e-01
3.400000000000180478e+01 1.698241971070654799e+01 1.975514422897383660e-01
3.500000000000160583e+01 1.680605599168342579e+01 1.974969529517082989e-01
3.600000000000140687e+01 1.664562731275947982e+01 1.974448221765950917e-01
3.700000000000120792e+01 1.649933763378318829e+01 1.973942180618429576e-01
3.800000000000100897e+01 1.636559683286446898e+01 1.973445036954285525e-01
3.900000000000081002e+01 1.624299748479864292e+01 1.972951938686470230e-01
4.000000000000061107e+01 1.613029278765867147e+01 1.972459190612620705e-01
4.100000000000041211e+01 1.602637621772624499e+01 1.971963968737063533e-01
4.200000000000021316e+01 1.593026324503262359e+01 1.971464100016794563e-01
4.300000000000001421e+01 1.584107521111466177e+01 1.970957895489911793e-01
4.399999999999981526e+01 1.575802530851056638e+01 1.970444025195509652e-01
4.499999999999961631e+01 1.568040650562592830e+01 1.969921425008998861e-01
4.599999999999941735e+01 1.560758121428410838e+01 1.969389227481486704e-01
4.699999999999921840e+01 1.553897248370820350e+01 1.968846710565288205e-01
4.799999999999901945e+01 1.547405651074812205e+01 1.968293259594618705e-01
4.899999999999882050e+01 1.541235627276533116e+01 1.967728339061904919e-01
4.999999999999862155e+01 1.535343611085463955e+01 1.967151471626042147e-01
5.099999999999842260e+01 1.529689711347094772e+01 1.966562222461630816e-01
5.199999999999822364e+01 1.524237317204234898e+01 1.965960187557722061e-01
5.299999999999802469e+01 1.518952759977974409e+01 1.965344984942940243e-01
5.399999999999782574e+01 1.513805022223010610e+01 1.964716248084416306e-01
5.499999999999762679e+01 1.508765486310423398e+01 1.964073620906346684e-01
5.599999999999742784e+01 1.503807716166922326e+01 1.963416754019384480e-01
5.699999999999722888e+01 1.498907266874714850e+01 1.962745301858673797e-01
5.799999999999702993e+01 1.494041517735501401e+01 1.962058920506639659e-01
5.899999999999683098e+01 1.489189525150420046e+01 1.961357266034221558e-01
5.999999999999663203e+01 1.484331892288302157e+01 1.960639993236733269e-01
6.099999999999643308e+01 1.479450653027840090e+01 1.959906754671897344e-01
6.199999999999623412e+01 1.474529168083241082e+01 1.959157199930910420e-01
6.299999999999603517e+01 1.469552031572803408e+01 1.958390975090686659e-01
6.399999999999583622e+01 1.464504986578594092e+01 1.957607722308336295e-01
6.499999999999634781e+01 1.459374848483649778e+01 1.956807079528618543e-01
6.599999999999685940e+01 1.454149435069911789e+01 1.955988680282338688e-01
6.699999999999737099e+01 1.448817502522654266e+01 1.955152153559143458e-01
6.799999999999788258e+01 1.443368686621732699e+01 1.954297123742279041e-01
6.899999999999839417e+01 1.437793448511317074e+01 1.953423210596041404e-01
6.999999999999890576e+01 1.432083024532232152e+01 1.952530029298982506e-01
7.099999999999941735e+01 1.426229379677729270e+01 1.951617190517815625e-01
7.199999999999992895e+01 1.420225164297371201e+01 1.950684300518288061e-01
7.300000000000044054e+01 1.414063673726923120e+01 1.949730961310414123e-01
7.400000000000095213e+01 1.407738810566559629e+01 1.948756770826240159e-01
7.500000000000146372e+01 1.401245049366858275e+01 1.947761323128960609e-01
7.600000000000197531e+01 1.394577403513214087e+01 1.946744208652682884e-01
7.700000000000248690e+01 1.387731394125436957e+01 1.945705014472504102e-01
7.800000000000299849e+01 1.380703020811397685e+01 1.944643324604838908e-01
7.900000000000351008e+01 1.373488734132121358e+01 1.943558720338163237e-01
8.000000000000402167e+01 1.366085409651505067e+01 1.942450780594433823e-01
8.100000000000453326e+01 1.358490323457211879e+01 1.941319082321643630e-01
8.200000000000504485e+01 1.350701129050634464e+01 1.940163200917927599e-01
8.300000000000555644e+01 1.342715835513590505e+01 1.938982710687742195e-01
8.400000000000606803e+01 1.334532786867695542e+01 1.937777185330623875e-01
8.500000000000657963e+01 1.326150642549579928e+01 1.936546198463010293e-01
8.600000000000709122e+01 1.317568358931289652e+01 1.935289324173550818e-01
8.700000000000760281e+01 1.308785171820611204e+01 1.934006137612303000e-01
8.800000000000811440e+01 1.299800579880763429e+01 1.932696215614105595e-01
8.900000000000862599e+01 1.290614328913014930e+01 1.931359137356331579e-01
9.000000000000913758e+01 1.281226396949453594e+01 1.929994485051106101e-01
9.100000000000964917e+01 1.271636980106363879e+01 1.928601844671929688e-01
9.200000000001016076e+01 1.261846479151553879e+01 1.927180806714544337e-01
9.300000000001067235e+01 1.251855486741625434e+01 1.925730966991648641e-01
9.400000000001118394e+01 1.241664775287525480e+01 1.924251927460955136e-01
9.500000000001169553e+01 1.231275285408892728e+01 1.922743297085864889e-01
9.600000000001220712e+01 1.220688114939755842e+01 1.921204692727822294e-01
9.700000000001271871e+01 1.209904508449958982e+01 1.919635740069221830e-01
9.800000000001323031e+01 1.198925847248475485e+01 1.918036074565475091e-01
9.900000000001374190e+01 1.187753639836433805e+01 1.916405342424652714e-01
1.000000000000142535e+02 1.176389512779222457e+01 1.914743201612815748e-01
1.010000000000147651e+02 1.164835201968584677e+01 1.913049322882945380e-01
1.020000000000152767e+02 1.153092544247069640e+01 1.911323390825054869e-01
1.030000000000157883e+02 1.141163469368599337e+01 1.909565104934866364e-01
1.040000000000162999e+02 1.129049992270317482e+01 1.907774180698083299e-01
1.050000000000168114e+02 1.116754205632218344e+01 1.905950350687096173e-01
1.060000000000173230e+02 1.104278272702382147e+01 1.904093365666597037e-01
1.070000000000178346e+02 1.091624420366965253e+01 1.902202995704370403e-01
1.080000000000183462e+02 1.078794932445340393e+01 1.900279031283222397e-01
1.090000000000188578e+02 1.065792143192087948e+01 1.898321284409759391e-01
1.100000000000193694e+02 1.052618430988768949e+01 1.896329589715474717e-01
1.110000000000198810e+02 1.039276212209652250e+01 1.894303805545343722e-01
1.120000000000203926e+02 1.025767935246771856e+01 1.892243815028934462e-01
1.130000000000209042e+02 1.012096074680908409e+01 1.890149527128815454e-01
1.140000000000214158e+02 9.982631255862418840e+00 1.888020877660828711e-01
1.150000000000219273e+02 9.842715979575707763e+00 1.885857830280711911e-01
1.160000000000224389e+02 9.701240112501372082e+00 1.883660377431330690e-01
1.170000000000229505e+02 9.558228890231550423e+00 1.881428541244730690e-01
1.180000000000234621e+02 9.413707536792028208e+00 1.879162374393137658e-01
1.190000000000239737e+02 9.267701212926860777e+00 1.876861960882995617e-01
1.200000000000244853e+02 9.120234965214715217e+00 1.874527416786112011e-01
1.210000000000249969e+02 8.971333675968169885e+00 1.872158890902062278e-01
1.220000000000255085e+02 8.821022013875010614e+00 1.869756565346044619e-01
1.230000000000260201e+02 8.669324385349323592e+00 1.867320656056514760e-01
1.240000000000265317e+02 8.516264886567567416e+00 1.864851413217124554e-01
1.250000000000270433e+02 8.361867256171603202e+00 1.862349121587625056e-01
1.260000000000275548e+02 8.206154828627441944e+00 1.859814100738764187e-01
1.270000000000280664e+02 8.049150488233490108e+00 1.857246705186381130e-01
1.280000000000285638e+02 7.890876623777494103e+00 1.854647324420358179e-01
1.290000000000276543e+02 7.731355083845620868e+00 1.852016382824393792e-01
1.300000000000267448e+02 7.570607132789334948e+00 1.849354339483027798e-01
1.310000000000258353e+02 7.408653407361781795e+00 1.846661687872840074e-01
1.320000000000249258e+02 7.245513874033147061e+00 1.843938955435171223e-01
1.330000000000240163e+02 7.081207786998898079e+00 1.841186703028312444e-01
1.340000000000231068e+02 6.915753646894371442e+00 1.838405524257676893e-01
1.350000000000221974e+02 6.749169160229122610e+00 1.835596044683013017e-01
1.360000000000212879e+02 6.581471199553906359e+00 1.832758920902354538e-01
1.370000000000203784e+02 6.412675764371682519e+00 1.829894839513055427e-01
1.380000000000194689e+02 6.242797942802258859e+00 1.827004515950836072e-01
1.390000000000185594e+02 6.071851874007542449e+00 1.824088693208487932e-01
1.400000000000176499e+02 5.899850711381541046e+00 1.821148140436449070e-01
1.410000000000167404e+02 5.726806586505780672e+00 1.818183651428152969e-01
1.420000000000158309e+02 5.552730573866857533e+00 1.815196042993693359e-01
1.430000000000149214e+02 5.377632656328873217e+00 1.812186153225894547e-01
1.440000000000140119e+02 5.201521691348918175e+00 1.809154839663544845e-01
1.450000000000131024e+02 5.024405377919022087e+00 1.806102977357045281e-01
1.460000000000121929e+02 4.846290224213403164e+00 1.803031456842316971e-01
1.470000000000112834e+02 4.667181515914588630e+00 1.799941182029238806e-01
1.480000000000103739e+02 4.487083285187330794e+00 1.796833068011394197e-01
1.490000000000094644e+02 4.305998280263977129e+00 1.793708038804281701e-01
1.500000000000085549e+02 4.123927935600464778e+00 1.790567025019491332e-01
1.510000000000076454e+02 3.940872342557119268e+00 1.787410961482669147e-01
1.520000000000067359e+02 3.756830220554132183e+00 1.784240784803344804e-01
1.530000000000058265e+02 3.571798888647356396e+00 1.781057430904844918e-01
1.540000000000049170e+02 3.385774237466224967e+00 1.777861832522714958e-01
1.550000000000040075e+02 3.198750701452097278e+00 1.774654916680078465e-01
1.560000000000030980e+02 3.010721231332368131e+00 1.771437602148419332e-01
1.570000000000021885e+02 2.821677266763156666e+00 1.768210796902232596e-01
1.580000000000012790e+02 2.631608709071511676e+00 1.764975395575853201e-01
1.590000000000003695e+02 2.440503894026608833e+00 1.761732276930662033e-01
1.599999999999994600e+02 2.248349564568988601e+00 1.758482301340650034e-01
1.609999999999985505e+02 2.055130843426771658e+00 1.755226308304053684e-01
1.619999999999976410e+02 1.860831205548819645e+00 1.751965113988508682e-01
1.629999999999967315e+02 1.665432450286460364e+00 1.748699508816797810e-01
1.639999999999958220e+02 1.468914673258084225e+00 1.745430255099929273e-01
1.649999999999949125e+02 1.271256237834531344e+00 1.742158084723877953e-01
1.659999999999940030e+02 1.072433746187976933e+00 1.738883696895853204e-01
1.669999999999930935e+02 8.724220098527071254e-01 1.735607755955569376e-01
1.679999999999921840e+02 6.711940197534576047e-01 1.732330889256517570e-01
1.689999999999912745e+02 4.687209156652321629e-01 1.729053685121736406e-01
1.699999999999903650e+02 2.649719550784713218e-01 1.725776690878180752e-01
1.709999999999894555e+02 5.991448145481879928e-02 1.722500410973283325e-01
1.719999999999885461e+02 -1.464861081281916277e-01 1.719225305176868557e-01
1.729999999999876366e+02 -3.542663959296953879e-01 1.715951786871165730e-01
1.739999999999867271e+02 -5.634649770661678270e-01 1.712680221431259198e-01
1.749999999999858176e+02 -7.741224935490175207e-01 1.709410924697952194e-01
1.759999999999849081e+02 -9.862816687691565720e-01 1.706144161544705107e-01
1.769999999999839986e+02 -1.199987342332649920e+00 1.702880144539994645e-01
1.779999999999830891e+02 -1.415286505124951910e+00 1.699619032706261856e-01
1.789999999999821796e+02 -1.632228334450912088e+00 1.696360930376401566e-01
1.799999999999812701e+02 -1.850864229063910571e+00 1.693105886148661143e-01
1.809999999999803606e+02 -2.071247843859990834e+00 1.689853891940784336e-01
1.819999999999794511e+02 -2.293435123971242717e+00 1.686604882144254192e-01
1.829999999999785416e+02 -2.517484337946580997e+00 1.683358732879617625e-01
1.839999999999776321e+02 -2.743456109657027575e+00 1.680115261354067635e-01
1.849999999999767226e+02 -2.971413448506503130e+00 1.676874225322772249e-01
1.859999999999758131e+02 -3.201421777467278407e+00 1.673635322655780688e-01
1.869999999999749036e+02 -3.433548958391381856e+00 1.670398191012866240e-01
1.879999999999739941e+02 -3.667865313975094299e+00 1.667162407629197984e-01
1.889999999999730846e+02 -3.904443645672757590e+00 1.663927489215453748e-01
1.899999999999721751e+02 -4.143359246768226534e+00 1.660692891976742191e-01
1.909999999999712657e+02 -4.384689909717549128e+00 1.657458011755587601e-01
1.919999999999703562e+02 -4.628515926774313449e+00 1.654222184305249310e-01
1.929999999999694467e+02 -4.874920082800374033e+00 1.650984685700689070e-01
1.939999999999685372e+02 -5.123987639049372156e+00 1.647744732895697339e-01
1.949999999999676277e+02 -5.375806306589390182e+00 1.644501484435973160e-01
1.959999999999667182e+02 -5.630466207907773857e+00 1.641254041339241243e-01
1.969999999999658087e+02 -5.888059825111113810e+00 1.638001448154936257e-01
1.979999999999648992e+02 -6.148681933009343403e+00 1.634742694217413139e-01
1.989999999999639897e+02 -6.412429515249606915e+00 1.631476715108086117e-01
1.999999999999630802e+02 -6.679401661552168079e+00 1.628202394343357673e-01
2.009999999999621707e+02 -6.949699444003534232e+00 1.624918565306627538e-01
2.019999999999612612e+02 -7.223425770288152137e+00 1.621624013443959955e-01
2.029999999999603517e+02 -7.500685211701159538e+00 1.618317478744143445e-01
2.039999999999594422e+02 -7.781583803792601728e+00 1.614997658524888746e-01
2.049999999999585327e+02 -8.066228817565244569e+00 1.611663210547524261e-01
2.059999999999576232e+02 -8.354728499301776523e+00 1.608312756482899453e-01
2.069999999999567137e+02 -8.647191777356502129e+00 1.604944885750979877e-01
2.079999999999558042e+02 -8.943727934636958921e+00 1.601558159755888389e-01
2.089999999999548947e+02 -9.244446246053573901e+00 1.598151116536561112e-01
2.099999999999539853e+02 -9.549455580962659340e+00 1.594722275850858628e-01
2.109999999999530758e+02 -9.858863971606911747e+00 1.591270144707443990e-01
2.119999999999521663e+02 -1.017277814980410788e+01 1.587793223355070948e-01
2.129999999999512568e+02 -1.049130305568523092e+01 1.584290011732760739e-01
2.139999999999503473e+02 -1.081454132416929426e+01 1.580759016376610537e-01
2.149999999999494378e+02 -1.114259275710593400e+01 1.577198757769358028e-01
2.159999999999485283e+02 -1.147555379162759870e+01 1.573607778107299626e-01
2.169999999999476188e+02 -1.181351697821804514e+01 1.569984649445386182e-01
2.179999999999467093e+02 -1.215657048528123063e+01 1.566327982165527655e-01
2.189999999999457998e+02 -1.250479765050572745e+01 1.562636433694950810e-01
2.199999999999448903e+02 -1.285827660293906227e+01 1.558908717381348452e-01
2.209999999999439808e+02 -1.321707998323465461e+01 1.555143611409596782e-01
2.219999999999430713e+02 -1.358127479277126604e+01 1.551339967621588878e-01
2.229999999999421618e+02 -1.395092240497174174e+01 1.547496720076815269e-01
2.239999999999412523e+02 -1.432607877380428008e+01 1.543612893167922995e-01
2.249999999999403428e+02 -1.470679487473003455e+01 1.539687609083542907e-01
2.259999999999394333e+02 -1.509311741183186584e+01 1.535720094392083457e-01
2.269999999999385238e+02 -1.548508982108618426e+01 1.531709685506469631e-01
2.279999999999376143e+02 -1.588275359332719638e+01 1.527655832783320344e-01
2.289999999999367049e+02 -1.628614993108565656e+01 1.523558103012616904e-01
2.299999999999357954e+02 -1.669532174097867383e+01 1.519416180068131617e-01
2.309999999999348859e+02 -1.711031594768036967e+01 1.515229863516331654e-01
2.319999999999339764e+02 -1.753118609693788343e+01 1.510999065024149213e-01
2.329999999999330669e+02 -1.795799519410295630e+01 1.506723802464611239e-01
2.339999999999321574e+02 -1.839081870200361024e+01 1.502404191694333424e-01
2.349999999999312479e+02 -1.882974759877068749e+01 1.498040436067199221e-01
2.359999999999303384e+02 -1.927489137383948403e+01 1.493632813852215357e-01
2.369999999999294289e+02 -1.972638082044262475e+01 1.489181663837178260e-01
2.379999999999285194e+02 -2.018437046740655205e+01 1.484687369518539746e-01
2.389999999999276099e+02 -2.064904048408145343e+01 1.480150342395772090e-01
2.399999999999267004e+02 -2.112059789199680893e+01 1.475571004998326441e-01
2.409999999999257909e+02 -2.159927692756719608e+01 1.470949774366814566e-01
2.419999999999248814e+02 -2.208533842390070845e+01 1.466287046778541880e-01
2.429999999999239719e+02 -2.257906811804347669e+01 1.461583184542065150e-01
2.439999999999230624e+02 -2.308077384353940076e+01 1.456838505677522100e-01
2.449999999999221529e+02 -2.359078163638215742e+01 1.452053277241639739e-01
2.459999999999212434e+02 -2.410943086282810199e+01 1.447227712943207067e-01
2.469999999999203339e+02 -2.463706856537536183e+01 1.442361975524436846e-01
2.479999999999194245e+02 -2.517404331119751859e+01 1.437456184158154293e-01
2.489999999999185150e+02 -2.572069890590594099e+01 1.432510426838520257e-01
2.499999999999176055e+02 -2.627736839366154697e+01 1.427524777438572978e-01
2.509999999999166960e+02 -2.684436879154185718e+01 1.422499316792964208e-01
2.519999999999157865e+02 -2.742199699305120930e+01 1.417434156866234085e-01
2.529999999999148770e+02 -2.801052721869015727e+01 1.412329466816772128e-01
2.539999999999139675e+02 -2.861021029280619743e+01 1.407185499594457989e-01
2.549999999999130580e+02 -2.922127489470359407e+01 1.402002617641071314e-01
2.559999999999121485e+02 -2.984393078339336824e+01 1.396781316311383192e-01
2.569999999999112674e+02 -3.047837384806693350e+01 1.391522243799841463e-01
2.579999999999103579e+02 -3.112479270897151551e+01 1.386226216627570451e-01
2.589999999999094484e+02 -3.178337650077996912e+01 1.380894230086960328e-01
2.599999999999085389e+02 -3.245432342129700487e+01 1.375527463416808538e-01
2.609999999999076294e+02 -3.313784962345167173e+01 1.370127279846332924e-01
2.619999999999067199e+02 -3.383419806215763970e+01 1.364695221961788052e-01
2.629999999999058105e+02 -3.454364696904501386e+01 1.359233003085095759e-01
2.639999999999049010e+02 -3.526651770428863841e+01 1.353742495493640841e-01
2.649999999999039915e+02 -3.600318181298398201e+01 1.348225716352347836e-01
2.659999999999030820e+02 -3.675406718299742437e+01 1.342684812184653520e-01
2.669999999999021725e+02 -3.751966325407363456e+01 1.337122042597946869e-01
2.679999999999012630e+02 -3.830052525937790620e+01 1.331539763826410372e-01
2.689999999999003535e+02 -3.909727748813032377e+01 1.325940412485061004e-01
2.699999999998994440e+02 -3.991061554069554518e+01 1.320326489765360212e-01
2.709999999998985345e+02 -4.074130752249031673e+01 1.314700546162236583e-01
2.719999999998976250e+02 -4.159019404626154426e+01 1.309065166713398454e-01
2.729999999998967155e+02 -4.245818669513489851e+01 1.303422956670732269e-01
2.739999999998958060e+02 -4.334626472525312835e+01 1.297776527506930566e-01
2.749999999998948965e+02 -4.425546944969008223e+01 1.292128483170112974e-01
2.759999999998939870e+02 -4.518689558338333256e+01 1.286481406553361129e-01
2.769999999998930775e+02 -4.614167859663905347e+01 1.280837846232827093e-01
2.779999999998921680e+02 -4.712097683289308492e+01 1.275200303640043331e-01
2.789999999998912585e+02 -4.812594680293324956e+01 1.269571220966270175e-01
2.799999999998903490e+02 -4.915770967710756167e+01 1.263952970244023311e-01
2.809999999998894396e+02 -5.021730657750440940e+01 1.258347844207221289e-01
2.819999999998885301e+02 -5.130563986592276393e+01 1.252758049689953745e-01
2.829999999998876206e+02 -5.242339731150391202e+01 1.247185704473906531e-01
2.839999999998867111e+02 -5.357095594304279018e+01 1.241632838621080648e-01
2.849999999998858016e+02 -5.474826276428210292e+01 1.236101401407865980e-01
2.859999999998848921e+02 -5.595469065312045132e+01 1.230593274974639273e-01
2.869999999998839826e+02 -5.718887009191956139e+01 1.225110295674100847e-01
2.879999999998830731e+02 -5.844850135002258895e+01 1.219654283781022447e-01
2.889999999998821636e+02 -5.973015774212596796e+01 1.214227081647937523e-01
2.899999999998812541e+02 -6.102909865463175265e+01 1.208830599496026614e-01
2.909999999998803446e+02 -6.233912045993744044e+01 1.203466866795071255e-01
2.919999999998794351e+02 -6.365248231609583485e+01 1.198138085667274366e-01
2.929999999998785256e+02 -6.495994880272198202e+01 1.192846681130082798e-01
2.939999999998776161e+02 -6.625098793006999642e+01 1.187595341612701777e-01
2.949999999998767066e+02 -6.751414727370313074e+01 1.182387042511544029e-01
2.959999999998757971e+02 -6.873760184512846649e+01 1.177225046081413484e-01
2.969999999998748876e+02 -6.990982934496523171e+01 1.172112872999498540e-01
2.979999999998739781e+02 -7.102033213446902948e+01 1.167054244397683904e-01
2.989999999998730686e+02 -7.206030382053087635e+01 1.162052997441838653e-01
2.999999999998721592e+02 -7.302314168587543008e+01 1.157112981662100359e-01
3.009999999998712497e+02 -7.390473531431190679e+01 1.152237946160958731e-01
3.019999999998703402e+02 -7.470350746202223036e+01 1.147431428833583789e-01
3.029999999998694307e+02 -7.542023036289936044e+01 1.142696657705663671e-01
3.039999999998685212e+02 -7.605767531306868534e+01 1.138036471891010065e-01
3.049999999998676117e+02 -7.662016848996876206e+01 1.133453266300943202e-01
3.059999999998667022e+02 -7.711312252430923309e+01 1.128948960925926503e-01
3.069999999998657927e+02 -7.754259772041311294e+01 1.124524992853558891e-01
3.079999999998648832e+02 -7.791492668400455557e+01 1.120182327458363325e-01
3.089999999998639737e+02 -7.823641742730487181e+01 1.115921484387658869e-01
3.099999999998630642e+02 -7.851313591954932747e+01 1.111742573890123764e-01
3.109999999998621547e+02 -7.875076023300167094e+01 1.107645339443899535e-01
3.119999999998612452e+02 -7.895449413556055163e+01 1.103629203309691581e-01
3.129999999998603357e+02 -7.912902689339374263e+01 1.099693312385789934e-01
3.139999999998594262e+02 -7.927852689939707886e+01 1.095836582462245828e-01
3.149999999998585167e+02 -7.940665855230676584e+01 1.092057739598764482e-01
3.159999999998576072e+02 -7.951661392289204855e+01 1.088355357860960604e-01
3.169999999998566977e+02 -7.961115277770240084e+01 1.084727893041868702e-01
3.179999999998557882e+02 -7.969264630094336610e+01 1.081173712281987553e-01
3.189999999998548788e+02 -7.976312129684140473e+01 1.077691119699093203e-01
3.199999999998539693e+02 -7.982430277274590935e+01 1.074278378266896872e-01
3.209999999998530598e+02 -7.987765363524803774e+01 1.070933728256238948e-01
3.219999999998521503e+02 -7.992441082798583807e+01 1.067655402588284091e-01
3.229999999998512408e+02 -7.996561765115224318e+01 1.064441639457741201e-01
3.239999999998503313e+02 -8.000215227416289565e+01 1.061290692574506783e-01
3.249999999998494218e+02 -8.003475262201958174e+01 1.058200839351167710e-01
3.259999999998485123e+02 -8.006403791234380662e+01 1.055170387336321486e-01
3.269999999998476028e+02 -8.009052716656108828e+01 1.052197679163336952e-01
3.279999999998466933e+02 -8.011465503209217331e+01 1.049281096253187190e-01
3.289999999998457838e+02 -8.013678524479108489e+01 1.046419061480010626e-01
3.299999999998448743e+02 -8.015722204079470714e+01 1.043610040979970621e-01
3.309999999998439648e+02 -8.017621980024391348e+01 1.040852545258315331e-01
3.319999999998430553e+02 -8.019399117591106574e+01 1.038145129726510407e-01
3.329999999998421458e+02 -8.021071393008847394e+01 1.035486394780963104e-01
3.339999999998412363e+02 -8.022653667469620586e+01 1.032874985517037020e-01
3.349999999998403268e+02 -8.024158368328501467e+01 1.030309591156639282e-01
3.359999999998394173e+02 -8.025595891986240815e+01 1.027788944254421355e-01
3.369999999998385078e+02 -8.026974940837331474e+01 1.025311819736313690e-01
3.379999999998375984e+02 -8.028302804816107141e+01 1.022877033814529601e-01
3.389999999998366889e+02 -8.029585596466853303e+01 1.020483442815073721e-01
3.399999999998357794e+02 -8.030828447079130683e+01 1.018129941947010786e-01
3.409999999998348699e+02 -8.032035670243899972e+01 1.015815464037039401e-01
3.419999999998339604e+02 -8.033210898175548209e+01 1.013538978248207378e-01
3.429999999998330509e+02 -8.034357195287135767e+01 1.011299488797679641e-01
3.439999999998321414e+02 -8.035477152780897825e+01 1.009096033685228377e-01
3.449999999998312319e+02 -8.036572967403537859e+01 1.006927683441451865e-01
3.459999999998303224e+02 -8.037646507000769702e+01 1.004793539902557736e-01
3.469999999998294129e+02 -8.038699365072405101e+01 1.002692735016764147e-01
3.479999999998285034e+02 -8.039732906166204884e+01 1.000624429685940814e-01
3.489999999998275939e+02 -8.040748303644058126e+01 9.985878126449414249e-02
3.499999999998266844e+02 -8.041746571099665175e+01 9.965820993801667582e-02
3.509999999998257749e+02 -8.042728588493773145e+01 9.946065310881385679e-02
3.519999999998248654e+02 -8.043695123895089694e+01 9.926603736743090656e-02
3.529999999998239559e+02 -8.044646851566552925e+01 9.907429167918480051e-02
3.539999999998230464e+02 -8.045584367012787652e+01 9.888534729198344975e-02
3.549999999998221369e+02 -8.046508199501076319e+01 9.869913764799888301e-02
3.559999999998212274e+02 -8.047418822482259770e+01 9.851559829909009580e-02
3.569999999998203180e+02 -8.048316662266167043e+01 9.833466682585782770e-02
3.579999999998194085e+02 -8.049202105246452277e+01 9.815628276020302301e-02
3.589999999998184990e+02 -8.050075503919997288e+01 9.798038751125510981e-02
3.599999999998175895e+02 -8.050937181904612316e+01 9.780692429453492764e-02
3.609999999998166800e+02 -8.051787438124483742e+01 9.763583806421388678e-02
3.619999999998157705e+02 -8.052626550303901354e+01 9.746707544833375925e-02
3.629999999998148610e+02 -8.053454777886385330e+01 9.730058468685311157e-02
3.639999999998139515e+02 -8.054272364476136659e+01 9.713631557238922021e-02
3.649999999998130420e+02 -8.055079539882601125e+01 9.697421939352873776e-02
3.659999999998121325e+02 -8.055876521834969139e+01 9.681424888058458300e-02
3.669999999998112230e+02 -8.056663517422401810e+01 9.665635815368157913e-02
3.679999999998103135e+02 -8.057440724306070479e+01 9.650050267305802787e-02
3.689999999998094040e+02 -8.058208331741350605e+01 9.634663919147375133e-02
3.699999999998084945e+02 -8.058966521442062003e+01 9.619472570862547256e-02
3.709999999998075850e+02 -8.059715468313133613e+01 9.604472142746739438e-02
3.719999999998066755e+02 -8.060455341073661373e+01 9.589658671234707610e-02
3.729999999998057660e+02 -8.061186302788613034e+01 9.575028304886754049e-02
3.739999999998048565e+02 -8.061908511324217841e+01 9.560577300539120638e-02
3.749999999998039470e+02 -8.062622119739722848e+01 9.546302019610765355e-02
3.759999999998030376e+02 -8.063327276625834372e+01 9.532198924558969721e-02
3.769999999998021281e+02 -8.064024126398625469e+01 9.518264575476595435e-02
3.779999999998012186e+02 -8.064712809555973649e+01 9.504495626824449594e-02
3.789999999998003091e+02 -8.065393462902663657e+01 9.490888824292234571e-02
3.799999999997993996e+02 -8.066066219749028221e+01 9.477441001782113683e-02
3.809999999997984901e+02 -8.066731210087286286e+01 9.464149078509345725e-02
3.819999999997975806e+02 -8.067388560749020598e+01 9.451010056214383115e-02
3.829999999997966711e+02 -8.068038395546724928e+01 9.438021016481522307e-02
3.839999999997957616e+02 -8.068680835401690388e+01 9.425179118159167369e-02
3.849999999997948521e+02 -8.069315998460290018e+01 9.412481594877279700e-02
3.859999999997939426e+02 -8.069944000200415246e+01 9.399925752657586897e-02
3.869999999997930331e+02 -8.070564953529202512e+01 9.387508967612451238e-02
3.879999999997921236e+02 -8.071178968873518045e+01 9.375228683728648038e-02
3.889999999997912141e+02 -8.071786154263922697e+01 9.363082410732240235e-02
3.899999999997903046e+02 -8.072386615413078914e+01 9.351067722031199125e-02
3.909999999997893951e+02 -8.072980455789242171e+01 9.339182252732275424e-02
3.919999999997884856e+02 -8.073567776685415254e+01 9.327423697729245178e-02
3.929999999997875761e+02 -8.074148677284617293e+01 9.315789809859337245e-02
3.939999999997866666e+02 -8.074723254721784826e+01 9.304278398125043203e-02
3.949999999997857572e+02 -8.075291604142530844e+01 9.292887325978727020e-02
3.959999999997848477e+02 -8.075853818759151181e+01 9.281614509667429624e-02
3.969999999997839382e+02 -8.076409989904115605e+01 9.270457916635324591e-02
3.979999999997830287e+02 -8.076960207081201304e+01 9.259415563981684971e-02
3.989999999997821192e+02 -8.077504558014568659e+01 9.248485516972029807e-02
3.999999999997812097e+02 -8.078043128695823327e+01 9.237665887600411685e-02
4.009999999997803002e+02 -8.078576003429350294e+01 9.226954833200781692e-02
4.019999999997793907e+02 -8.079103264875847401e+01 9.216350555105583264e-02
4.029999999997784812e+02 -8.079624994094402268e+01 9.205851297349729179e-02
4.039999999997775717e+02 -8.080141270583015967e+01 9.195455345418182547e-02
4.049999999997766622e+02 -8.080652172317741133e+01 9.185161025035540328e-02
4.059999999997757527e+02 -8.081157775790541109e+01 9.174966700996024793e-02
4.069999999997748432e+02 -8.081658156045844521e+01 9.164870776032262023e-02
4.079999999997739337e+02 -8.082153386716005627e+01 9.154871689721574834e-02
4.089999999997730242e+02 -8.082643540055551057e+01 9.144967917428242776e-02
4.099999999997721147e+02 -8.083128686974403365e+01 9.135157969280432999e-02
4.109999999997712052e+02 -8.083608897070028831e+01 9.125440389180652923e-02
4.119999999997702957e+02 -8.084084238658716970e+01 9.115813753848293899e-02
4.129999999997693862e+02 -8.084554778805784281e+01 9.106276671893290264e-02
4.139999999997684768e+02 -8.085020583354962298e+01 9.096827782919680860e-02
4.149999999997675673e+02 -8.085481716956843457e+01 9.087465756657936433e-02
4.159999999997666578e+02 -8.085938243096623523e+01 9.078189292125236898e-02
4.169999999997657483e+02 -8.086390224120928849e+01 9.068997116812457793e-02
4.179999999997648388e+02 -8.086837721263894707e+01 9.059887985897065177e-02
4.189999999997639293e+02 -8.087280794672521722e+01 9.050860681480960013e-02
4.199999999997630198e+02 -8.087719503431310386e+01 9.041914011852501820e-02
4.209999999997621103e+02 -8.088153905586194981e+01 9.033046810771602764e-02
4.219999999997612008e+02 -8.088584058167823798e+01 9.024257936777457800e-02
4.229999999997602913e+02 -8.089010017214158665e+01 9.015546272517820092e-02
4.239999999997593818e+02 -8.089431837792530189e+01 9.006910724099176369e-02
4.249999999997584723e+02 -8.089849574020981038e+01 8.998350220457221327e-02
4.259999999997575628e+02 -8.090263279089121795e+01 8.989863712746762325e-02
4.269999999997566533e+02 -8.090673005278372898e+01 8.981450173750486765e-02
4.279999999997557438e+02 -8.091078803981700673e+01 8.973108597305930190e-02
4.289999999997548343e+02 -8.091480725722767886e+01 8.964837997750049747e-02
4.299999999997539248e+02 -8.091878820174619591e+01 8.956637409380763248e-02
4.309999999997530153e+02 -8.092273136177887238e+01 8.948505885934954218e-02
4.319999999997521059e+02 -8.092663721758459872e+01 8.940442500082287913e-02
4.329999999997511964e+02 -8.093050624144756000e+01 8.932446342934399763e-02
4.339999999997502869e+02 -8.093433889784483881e+01 8.924516523568963577e-02
4.349999999997493774e+02 -8.093813564361016688e+01 8.916652168568006687e-02
4.359999999997484679e+02 -8.094189692809332826e+01 8.908852421570172264e-02
4.369999999997475584e+02 -8.094562319331534184e+01 8.901116442836329301e-02
4.379999999997466489e+02 -8.094931487411983539e+01 8.893443408828193009e-02
4.389999999997457394e+02 -8.095297239832027003e+01 8.885832511799431066e-02
4.399999999997448299e+02 -8.095659618684429404e+01 8.878282959398982321e-02
4.409999999997439204e+02 -8.096018665387313717e+01 8.870793974286032835e-02
4.419999999997430109e+02 -8.096374420697890173e+01 8.863364793756346727e-02
4.429999999997421014e+02 -8.096726924725747665e+01 8.855994669379653461e-02
4.439999999997411919e+02 -8.097076216945849580e+01 8.848682866647579470e-02
4.449999999997402824e+02 -8.097422336211222671e+01 8.841428664631889589e-02
4.459999999997393729e+02 -8.097765320765300601e+01 8.834231355652713558e-02
4.469999999997384634e+02 -8.098105208254017384e+01 8.827090244956344034e-02
4.479999999997375539e+02 -8.098442035737545552e+01 8.820004650402400725e-02
4.489999999997366444e+02 -8.098775839701787049e+01 8.812973902160031736e-02
4.499999999997357349e+02 -8.099106656069615440e+01 8.805997342412776041e-02
4.509999999997348255e+02 -8.099434520211775634e+01 8.799074325071983005e-02
4.519999999997339160e+02 -8.099759466957583243e+01 8.792204215498319875e-02
4.529999999997330065e+02 -8.100081530605351077e+01 8.785386390231297860e-02
4.539999999997320970e+02 -8.100400744932571229e+01 8.778620236726425441e-02
4.549999999997311875e+02 -8.100717143205835669e+01 8.771905153099786301e-02
4.559999999997302780e+02 -8.101030758190579206e+01 8.765240547879876720e-02
4.569999999997293685e+02 -8.101341622160548184e+01 8.758625839766351340e-02
4.579999999997284590e+02 -8.101649766907068795e+01 8.752060457395555160e-02
4.589999999997275495e+02 -8.101955223748065293e+01 8.745543839112610018e-02
4.599999999997266400e+02 -8.102258023536951725e+01 8.739075432749827954e-02
4.609999999997257305e+02 -8.102558196671240864e+01 8.732654695411259937e-02
4.619999999997248210e+02 -8.102855773101001091e+01 8.726281093263217603e-02
4.629999999997239115e+02 -8.103150782337087321e+01 8.719954101330518181e-02
4.639999999997230020e+02 -8.103443253459234086e+01 8.713673203298408221e-02
4.649999999997220925e+02 -8.103733215123921241e+01 8.707437891319780299e-02
4.659999999997211830e+02 -8.104020695572093302e+01 8.701247665827725741e-02
4.669999999997202735e+02 -8.104305722636684095e+01 8.695102035353173553e-02
4.679999999997193640e+02 -8.104588323749990764e+01 8.689000516347396286e-02
4.689999999997184545e+02 -8.104868525950919889e+01 8.682942633009389788e-02
4.699999999997175451e+02 -8.105146355891959331e+01 8.676927917117777111e-02
4.709999999997166356e+02 -8.105421839846130183e+01 8.670955907867321233e-02
4.719999999997157261e+02 -8.105695003713709923e+01 8.665026151709687152e-02
4.729999999997148166e+02 -8.105965873028861779e+01 8.659138202198553291e-02
4.739999999997139071e+02 -8.106234472966036719e+01 8.653291619838647530e-02
4.749999999997129976e+02 -8.106500828346318599e+01 8.647485971938961846e-02
4.759999999997120881e+02 -8.106764963643630040e+01 8.641720832469625135e-02
4.769999999997111786e+02 -8.107026902990736517e+01 8.635995781922692349e-02
4.779999999997102691e+02 -8.107286670185195021e+01 8.630310407176394749e-02
4.789999999997093596e+02 -8.107544288695143564e+01 8.624664301363027530e-02
4.799999999997084501e+02 -8.107799781664989780e+01 8.619057063740188929e-02
4.809999999997075406e+02 -8.108053171920923319e+01 8.613488299565393025e-02
4.819999999997066311e+02 -8.108304481976412603e+01 8.607957619973792551e-02
4.829999999997057216e+02 -8.108553734037481320e+01 8.602464641859113026e-02
4.839999999997048121e+02 -8.108800950007953645e+01 8.597008987757616405e-02
4.849999999997039026e+02 -8.109046151494547416e+01 8.591590285734904131e-02
4.859999999997029931e+02 -8.109289359811893405e+01 8.586208169275670599e-02
4.869999999997020836e+02 -8.109530595987406798e+01 8.580862277176178055e-02
4.879999999997011741e+02 -8.109769880766125993e+01 8.575552253439423789e-02
4.889999999997002647e+02 -8.110007234615366656e+01 8.570277747172962146e-02
4.899999999996993552e+02 -8.110242677729391403e+01 8.565038412489148212e-02
4.909999999996984457e+02 -8.110476230033854961e+01 8.559833908407972480e-02
4.919999999996975362e+02 -8.110707911190296215e+01 8.554663898762213115e-02
4.929999999996966267e+02 -8.110937740600419943e+01 8.549528052104878040e-02
4.939999999996957172e+02 -8.111165737410392751e+01 8.544426041618978507e-02
4.949999999996948077e+02 -8.111391920514974174e+01 8.539357545029457874e-02
4.959999999996938982e+02 -8.111616308561593769e+01 8.534322244517218714e-02
4.969999999996929887e+02 -8.111838919954391258e+01 8.529319826635267665e-02
4.979999999996920792e+02 -8.112059772858115991e+01 8.524349982226805955e-02
4.989999999996911697e+02 -8.112278885201963874e+01 8.519412406345330813e-02
4.999999999996902602e+02 -8.112496274683390141e+01 8.514506798176618707e-02
5.000000000000000000e+02 -8.112496274683456932e+01 8.514506798175103253e-02
