1.000000000000000666e+00 -7.216999645010641018e+01 7.359462938295174839e-02
2.000000000000001332e+00 -6.327454117429838476e+01 7.362437729913483275e-02
3.000000000000002220e+00 -4.784627054127119195e+00 7.372899000160430816e-02
4.000000000000002665e+00 3.606872045949868522e+01 7.899032094162565520e-02
5.000000000000003553e+00 3.007940167411202026e+01 9.252977182129455691e-02
6.000000000000004441e+00 2.557187018092655961e+01 1.111106891930812163e-01
7.000000000000005329e+00 2.283867559294262861e+01 1.307750747538631575e-01
8.000000000000005329e+00 2.142093759997334601e+01 1.483319092591265098e-01
8.999999999999895195e+00 2.084529706098170365e+01 1.622512655804713433e-01
9.999999999999785061e+00 2.076825626134446168e+01 1.724090054011352124e-01
1.099999999999967493e+01 2.096766895919813223e+01 1.794186287695299642e-01
1.199999999999956479e+01 2.130734880084317595e+01 1.841000068594672301e-01
1.299999999999945466e+01 2.170639876474724161e+01 1.872015009008428099e-01
1.399999999999934452e+01 2.211779502509002526e+01 1.893028613126644666e-01
1.499999999999923439e+01 2.251451125122301988e+01 1.908100534296184592e-01
1.599999999999912426e+01 2.288083365899558075e+01 1.919853509999963903e-01
1.699999999999901590e+01 2.320701852350660488e+01 1.929847641782493073e-01
1.799999999999890576e+01 2.348599706918495045e+01 1.938914045647854023e-01
1.899999999999879563e+01 2.371125478621027227e+01 1.947412391525265851e-01
1.999999999999868550e+01 2.387531936635794594e+01 1.955409792673372671e-01
2.099999999999857536e+01 2.396856032864705810e+01 1.962791886461434376e-01
2.199999999999846523e+01 2.397842312953617494e+01 1.969325830769297070e-01
2.299999999999835509e+01 2.389025467974506611e+01 1.974709815913258670e-01
2.399999999999824496e+01 2.369300829970576672e+01 1.978663728071489436e-01
2.499999999999813483e+01 2.339320831943223311e+01 1.981088436569890254e-01
2.599999999999802469e+01 2.302692449586190904e+01 1.982172832650746508e-01
2.699999999999791456e+01 2.264500089390119797e+01 1.982280367037145274e-01
2.799999999999780442e+01 2.228320571414873896e+01 1.981749548917809134e-01
2.899999999999769429e+01 2.195432472668171542e+01 1.980821339405068604e-01
2.999999999999758415e+01 2.165817771534840119e+01 1.979657788347930492e-01
3.099999999999747402e+01 2.139067947179017182e+01 1.978368374580440903e-01
3.199999999999736389e+01 2.114767197830802914e+01 1.977026167893619624e-01
3.299999999999769784e+01 2.092582823749329179e+01 1.975678178068935309e-01
3.399999999999803180e+01 2.072255470229393026e+01 1.974352998027322781e-01
3.499999999999836575e+01 2.053571764169941005e+01 1.973066585950790097e-01
3.599999999999869971e+01 2.036344068666173968e+01 1.971826466933364053e-01
3.699999999999903366e+01 2.020400126928734963e+01 1.970634666230484111e-01
3.799999999999936762e+01 2.005579400728270656e+01 1.969489715961421361e-01
3.899999999999970157e+01 1.991732698002345359e+01 1.968388022289714323e-01
4.000000000000003553e+01 1.978722877489661869e+01 1.967324797505895506e-01
4.100000000000036948e+01 1.966425520779639413e+01 1.966294692275361022e-01
4.200000000000070344e+01 1.954729160449430836e+01 1.965292217040389977e-01
4.300000000000103739e+01 1.943535012109657600e+01 1.964312013230372911e-01
4.400000000000137135e+01 1.932756306867911178e+01 1.963349017530106877e-01
4.500000000000170530e+01 1.922317359170969553e+01 1.962398551034433836e-01
4.600000000000203926e+01 1.912152494268640268e+01 1.961456356965808334e-01
4.700000000000237321e+01 1.902204932011568772e+01 1.960518604454487834e-01
4.800000000000270717e+01 1.892425694512387935e+01 1.959581871089261240e-01
4.900000000000304112e+01 1.882772580350213332e+01 1.958643113241699818e-01
5.000000000000337508e+01 1.873209229025008682e+01 1.957699630352658648e-01
5.100000000000370903e+01 1.863704285903739688e+01 1.956749027282665698e-01
5.200000000000404299e+01 1.854230668922606995e+01 1.955789177320242378e-01
5.300000000000437694e+01 1.844764932712762828e+01 1.954818187382859895e-01
5.400000000000471090e+01 1.835286722634248235e+01 1.953834366222535479e-01
5.500000000000504485e+01 1.825778309669769328e+01 1.952836195971187905e-01
5.600000000000537881e+01 1.816224196676135350e+01 1.951822307058829753e-01
5.700000000000571276e+01 1.806610786708499816e+01 1.950791456356834042e-01
5.800000000000604672e+01 1.796926104738345131e+01 1.949742508299586730e-01
5.900000000000638067e+01 1.787159564890705710e+01 1.948674418692545596e-01
6.000000000000671463e+01 1.777301776206395800e+01 1.947586220903423371e-01
6.100000000000704858e+01 1.767344380814235905e+01 1.946477014142296291e-01
6.200000000000738254e+01 1.757279919231231347e+01 1.945345953557081620e-01
6.300000000000771649e+01 1.747101718271550652e+01 1.944192241896821327e-01
6.400000000000804334e+01 1.736803797727363730e+01 1.943015122523175653e-01
6.500000000000748912e+01 1.726380792584244617e+01 1.941813873577996619e-01
6.600000000000693490e+01 1.715827888054169392e+01 1.940587803140563505e-01
6.700000000000638067e+01 1.705140765156209426e+01 1.939336245231530753e-01
6.800000000000582645e+01 1.694315554955665704e+01 1.938058556541411293e-01
6.900000000000527223e+01 1.683348799895005499e+01 1.936754113779644848e-01
7.000000000000471800e+01 1.672237420921365825e+01 1.935422311556080632e-01
7.100000000000416378e+01 1.660978689342962866e+01 1.934062560720198054e-01
7.200000000000360956e+01 1.649570202536815700e+01 1.932674287094901244e-01
7.300000000000305533e+01 1.638009862788209148e+01 1.931256930551487616e-01
7.400000000000250111e+01 1.626295858673513806e+01 1.929809944380573850e-01
7.500000000000194689e+01 1.614426648506389839e+01 1.928332794920690485e-01
7.600000000000139266e+01 1.602400945456905745e+01 1.926824961411969517e-01
7.700000000000083844e+01 1.590217704026622769e+01 1.925285936047218260e-01
7.800000000000028422e+01 1.577876107623148094e+01 1.923715224196591023e-01
7.899999999999972999e+01 1.565375557027033437e+01 1.922112344785422144e-01
7.999999999999917577e+01 1.552715659584249508e+01 1.920476830807457125e-01
8.099999999999862155e+01 1.539896218990330645e+01 1.918808229957979228e-01
8.199999999999806732e+01 1.526917225558904789e+01 1.917106105373083957e-01
8.299999999999751310e+01 1.513778846888974883e+01 1.915370036462856196e-01
8.399999999999695888e+01 1.500481418862709937e+01 1.913599619827361098e-01
8.499999999999640465e+01 1.487025436919547694e+01 1.911794470245255506e-01
8.599999999999585043e+01 1.473411547563669366e+01 1.909954221725566337e-01
8.699999999999529621e+01 1.459640540070958714e+01 1.908078528613703639e-01
8.799999999999474198e+01 1.445713338368685186e+01 1.906167066743184590e-01
8.899999999999418776e+01 1.431630993066948854e+01 1.904219534624820298e-01
8.999999999999363354e+01 1.417394673625442536e+01 1.902235654665314357e-01
9.099999999999307931e+01 1.403005660642699404e+01 1.900215174407302032e-01
9.199999999999252509e+01 1.388465338257882564e+01 1.898157867782932773e-01
9.299999999999197087e+01 1.373775186657437963e+01 1.896063536373103486e-01
9.399999999999141664e+01 1.358936774680757509e+01 1.893932010664380605e-01
9.499999999999086242e+01 1.343951752520447229e+01 1.891763151295642320e-01
9.599999999999030820e+01 1.328821844513989170e+01 1.889556850286409073e-01
9.699999999998975397e+01 1.313548842024534302e+01 1.887313032238702448e-01
9.799999999998919975e+01 1.298134596409362196e+01 1.885031655504318948e-01
9.899999999998864553e+01 1.282581012075238824e+01 1.882712713309288022e-01
9.999999999998809130e+01 1.266890039620435537e+01 1.880356234827277595e-01
1.009999999999875371e+02 1.251063669063713668e+01 1.877962286193775865e-01
1.019999999999869829e+02 1.235103923160981587e+01 1.875530971452853968e-01
1.029999999999864286e+02 1.219012850810755566e+01 1.873062433428438756e-01
1.039999999999858744e+02 1.202792520549859923e+01 1.870556854512173683e-01
1.049999999999853202e+02 1.186445014141139964e+01 1.868014457360065439e-01
1.059999999999847660e+02 1.169972420255219347e+01 1.865435505490407320e-01
1.069999999999842117e+02 1.153376828248546637e+01 1.862820303775727382e-01
1.079999999999836575e+02 1.136660322040190074e+01 1.860169198821833847e-01
1.089999999999831033e+02 1.119824974089969416e+01 1.857482579227430208e-01
1.099999999999825491e+02 1.102872839480614431e+01 1.854760875718268476e-01
1.109999999999819948e+02 1.085805950106714057e+01 1.852004561150227824e-01
1.119999999999814406e+02 1.068626308973201944e+01 1.849214150376324306e-01
1.129999999999808864e+02 1.051335884606095483e+01 1.846390199973273749e-01
1.139999999999803322e+02 1.033936605578098877e+01 1.843533307823824741e-01
1.149999999999797780e+02 1.016430355151528886e+01 1.840644112551853562e-01
1.159999999999792237e+02 9.988189660408231418e+00 1.837723292807900699e-01
1.169999999999786695e+02 9.811042152966081176e+00 1.834771566403614329e-01
1.179999999999781153e+02 9.632878193130103739e+00 1.831789689294405221e-01
1.189999999999775611e+02 9.453714289595250619e+00 1.828778454410385501e-01
1.199999999999770068e+02 9.273566248383177779e+00 1.825738690336566328e-01
1.209999999999764526e+02 9.092449126674141624e+00 1.822671259844081126e-01
1.219999999999758984e+02 8.910377187896829199e+00 1.819577058275107517e-01
1.229999999999753442e+02 8.727363858070084746e+00 1.816457011784976538e-01
1.239999999999747899e+02 8.543421683384602616e+00 1.813312075445784322e-01
1.249999999999742357e+02 8.358562289006643553e+00 1.810143231216657655e-01
1.259999999999736815e+02 8.172796339079585692e+00 1.806951485786566780e-01
1.269999999999731273e+02 7.986133497892303090e+00 1.803737868296362290e-01
1.279999999999725731e+02 7.798582392177610068e+00 1.800503427947373336e-01
1.289999999999737952e+02 7.610150574496080011e+00 1.797249231504564893e-01
1.299999999999750173e+02 7.420844487656473198e+00 1.793976360702875528e-01
1.309999999999762395e+02 7.230669430112248719e+00 1.790685909565780110e-01
1.319999999999774616e+02 7.039629522273770590e+00 1.787378981645720288e-01
1.329999999999786837e+02 6.847727673664476100e+00 1.784056687196297897e-01
1.339999999999799059e+02 6.654965550845124866e+00 1.780720140286547737e-01
1.349999999999811280e+02 6.461343546023992523e+00 1.777370455867736676e-01
1.359999999999823501e+02 6.266860746265358273e+00 1.774008746803347747e-01
1.369999999999835723e+02 6.071514903203214963e+00 1.770636120872970398e-01
1.379999999999847944e+02 5.875302403162365295e+00 1.767253677760766140e-01
1.389999999999860165e+02 5.678218237584593098e+00 1.763862506039131639e-01
1.399999999999872387e+02 5.480255973653425094e+00 1.760463680157979827e-01
1.409999999999884608e+02 5.281407725007627008e+00 1.757058257449820304e-01
1.419999999999896829e+02 5.081664122430363584e+00 1.753647275160480912e-01
1.429999999999909051e+02 4.881014284398560221e+00 1.750231747514962577e-01
1.439999999999921272e+02 4.679445787374950427e+00 1.746812662827404439e-01
1.449999999999933493e+02 4.476944635723930865e+00 1.743390980663694079e-01
1.459999999999945715e+02 4.273495231131589911e+00 1.739967629064616550e-01
1.469999999999957936e+02 4.069080341410212576e+00 1.736543501836901593e-01
1.479999999999970157e+02 3.863681068567952348e+00 1.733119455918802343e-01
1.489999999999982379e+02 3.657276816025813115e+00 1.729696308826242646e-01
1.499999999999994600e+02 3.449845254865947730e+00 1.726274836184767125e-01
1.510000000000006821e+02 3.241362288998138386e+00 1.722855769351922250e-01
1.520000000000019043e+02 3.031802019135043214e+00 1.719439793133842598e-01
1.530000000000031264e+02 2.821136705471280592e+00 1.716027543599204508e-01
1.540000000000043485e+02 2.609336728967042163e+00 1.712619605992915794e-01
1.550000000000055707e+02 2.396370551143623295e+00 1.709216512751222383e-01
1.560000000000067928e+02 2.182204672306052196e+00 1.705818741619249679e-01
1.570000000000080149e+02 1.966803588117184365e+00 1.702426713871335873e-01
1.580000000000092371e+02 1.750129744458253311e+00 1.699040792633897401e-01
1.590000000000104592e+02 1.532143490523004470e+00 1.695661281310006652e-01
1.600000000000116813e+02 1.312803030106636237e+00 1.692288422104371026e-01
1.610000000000129035e+02 1.092064371066656214e+00 1.688922394646938663e-01
1.620000000000141256e+02 8.698812729510922992e-01 1.685563314712970884e-01
1.630000000000153477e+02 6.462051928101575360e-01 1.682211233037118614e-01
1.640000000000165699e+02 4.209852292310374278e-01 1.678866134218841288e-01
1.650000000000177920e+02 1.941680646621504192e-01 1.675527935716352446e-01
1.660000000000190141e+02 -3.430209387651229902e-02 1.672196486926205705e-01
1.670000000000202363e+02 -2.644835755664016741e-01 1.668871568345772216e-01
1.680000000000214584e+02 -4.964373078769978020e-01 1.665552890815961418e-01
1.690000000000226805e+02 -7.302268797535992340e-01 1.662240094841875571e-01
1.700000000000239027e+02 -9.659186056439005297e-01 1.658932749989452393e-01
1.710000000000251248e+02 -1.203581590046286065e+00 1.655630354356726064e-01
1.720000000000263469e+02 -1.443287792200378172e+00 1.652332334119012980e-01
1.730000000000275691e+02 -1.685112090470849422e+00 1.649038043148125243e-01
1.740000000000287912e+02 -1.929132345897319745e+00 1.645746762706723210e-01
1.750000000000300133e+02 -2.175429464295834503e+00 1.642457701220006172e-01
1.760000000000312355e+02 -2.424087456200096025e+00 1.639169994128327756e-01
1.770000000000324576e+02 -2.675193493821962587e+00 1.635882703825687623e-01
1.780000000000336797e+02 -2.928837964090359680e+00 1.632594819690816046e-01
1.790000000000349019e+02 -3.185114516694448117e+00 1.629305258219332364e-01
1.800000000000361240e+02 -3.444120105909666218e+00 1.626012863267565500e-01
1.810000000000373461e+02 -3.705955024823868627e+00 1.622716406420767754e-01
1.820000000000385683e+02 -3.970722930403954631e+00 1.619414587500995761e-01
1.830000000000397904e+02 -4.238530857651585215e+00 1.616106035232415250e-01
1.840000000000410125e+02 -4.509489220889022043e+00 1.612789308084705830e-01
1.850000000000422347e+02 -4.783711799994602387e+00 1.609462895318118092e-01
1.860000000000434568e+02 -5.061315709171895882e+00 1.606125218256901077e-01
1.870000000000446789e+02 -5.342421345590620874e+00 1.602774631821056728e-01
1.880000000000459011e+02 -5.627152314986185289e+00 1.599409426349663044e-01
1.890000000000471232e+02 -5.915635331047583101e+00 1.596027829752416360e-01
1.900000000000483453e+02 -6.208000085179351757e+00 1.592628010029307484e-01
1.910000000000495675e+02 -6.504379082991868621e+00 1.589208078201578278e-01
1.920000000000507896e+02 -6.804907443677306489e+00 1.585766091700049618e-01
1.930000000000520117e+02 -7.109722658283216923e+00 1.582300058259556441e-01
1.940000000000532339e+02 -7.418964302826379864e+00 1.578807940370300089e-01
1.950000000000544560e+02 -7.732773702229040147e+00 1.575287660338347828e-01
1.960000000000556781e+02 -8.051293541247018126e+00 1.571737106007961016e-01
1.970000000000569003e+02 -8.374667418942781438e+00 1.568154137197764753e-01
1.980000000000581224e+02 -8.703039343895111912e+00 1.564536592900460932e-01
1.990000000000593445e+02 -9.036553168299372274e+00 1.560882299291864173e-01
2.000000000000605667e+02 -9.375351960475745372e+00 1.557189078588632758e-01
2.010000000000617888e+02 -9.719577317155421170e+00 1.553454758785210998e-01
2.020000000000630109e+02 -1.006936861934625149e+01 1.549677184288392184e-01
2.030000000000642331e+02 -1.042486223868181483e+01 1.545854227452233831e-01
2.040000000000654552e+02 -1.078619070501105348e+01 1.541983800996369891e-01
2.050000000000666773e+02 -1.115348185064829423e+01 1.538063871266446558e-01
2.060000000000678995e+02 -1.152685795219577081e+01 1.534092472266249119e-01
2.070000000000691216e+02 -1.190643489713228753e+01 1.530067720356810268e-01
2.080000000000703437e+02 -1.229232140930820272e+01 1.525987829478252233e-01
2.090000000000715659e+02 -1.268461837486399624e+01 1.521851126705756618e-01
2.100000000000727880e+02 -1.308341831752469808e+01 1.517656067902297401e-01
2.110000000000740101e+02 -1.348880507918507732e+01 1.513401253179043060e-01
2.120000000000752323e+02 -1.390085376749086699e+01 1.509085441821151619e-01
2.130000000000764544e+02 -1.431963103587034247e+01 1.504707566284833042e-01
2.140000000000776765e+02 -1.474519576217450201e+01 1.500266744824131915e-01
2.150000000000788987e+02 -1.517760018864854388e+01 1.495762292267284743e-01
2.160000000000801208e+02 -1.561689157729090205e+01 1.491193728437306409e-01
2.170000000000813429e+02 -1.606311441978118992e+01 1.486560783705478672e-01
2.180000000000825651e+02 -1.651631321935076002e+01 1.481863401184936313e-01
2.190000000000837872e+02 -1.697653583291464230e+01 1.477101735120364689e-01
2.200000000000850093e+02 -1.744383732573087897e+01 1.472276145113368129e-01
2.210000000000862315e+02 -1.791828424875550141e+01 1.467387185944565575e-01
2.220000000000874536e+02 -1.839995920248074768e+01 1.462435592913796378e-01
2.230000000000886757e+02 -1.888896550302006005e+01 1.457422262817106018e-01
2.240000000000898979e+02 -1.938543172005732984e+01 1.452348230907774818e-01
2.250000000000911200e+02 -1.988951581635881638e+01 1.447214644439474007e-01
2.260000000000923421e+02 -2.040140858991454564e+01 1.442022733649343524e-01
2.270000000000935643e+02 -2.092133610796962273e+01 1.436773781290671959e-01
2.280000000000947864e+02 -2.144956083291330984e+01 1.431469092048873182e-01
2.290000000000960085e+02 -2.198638117850559226e+01 1.426109963348533571e-01
2.300000000000972307e+02 -2.253212930536972891e+01 1.420697659160651272e-01
2.310000000000984528e+02 -2.308716706896706228e+01 1.415233388425541639e-01
2.320000000000996749e+02 -2.365188016974807894e+01 1.409718289599614371e-01
2.330000000001008971e+02 -2.422667071725579291e+01 1.404153422600268319e-01
2.340000000001021192e+02 -2.481194859496877925e+01 1.398539769058934068e-01
2.350000000001033413e+02 -2.540812218185914517e+01 1.392878241306896303e-01
2.360000000001045635e+02 -2.601558912537178259e+01 1.387169699937137735e-01
2.370000000001057856e+02 -2.663472794461779714e+01 1.381414979150645539e-01
2.380000000001070077e+02 -2.726589124733719061e+01 1.375614918466377401e-01
2.390000000001082299e+02 -2.790940125889738610e+01 1.369770398821152091e-01
2.400000000001094520e+02 -2.856554818639486371e+01 1.363882380681505913e-01
2.410000000001106741e+02 -2.923459169512337397e+01 1.357951941596219902e-01
2.420000000001118963e+02 -2.991676549179279121e+01 1.351980310673739083e-01
2.430000000001131184e+02 -3.061228473099041025e+01 1.345968897776241013e-01
2.440000000001143405e+02 -3.132135572963458259e+01 1.339919315745654316e-01
2.450000000001155627e+02 -3.204418731939407650e+01 1.333833394645803916e-01
2.460000000001167848e+02 -3.278100310352855473e+01 1.327713187726166366e-01
2.470000000001180069e+02 -3.353205390862857627e+01 1.321560969489529724e-01
2.480000000001192291e+02 -3.429762981478697981e+01 1.315379226795382606e-01
2.490000000001204512e+02 -3.507807128278034980e+01 1.309170644298700004e-01
2.500000000001216733e+02 -3.587377904513076032e+01 1.302938085690319436e-01
2.510000000001228955e+02 -3.668522256450592778e+01 1.296684572184002016e-01
2.520000000001241176e+02 -3.751294696965612729e+01 1.290413259525478029e-01
2.530000000001253397e+02 -3.835757844524962223e+01 1.284127414533121903e-01
2.540000000001265619e+02 -3.921982807298510210e+01 1.277830391873918392e-01
2.550000000001277840e+02 -4.010049409680247123e+01 1.271525611481000573e-01
2.560000000001289777e+02 -4.100046254699531545e+01 1.265216536766785582e-01
2.570000000001266471e+02 -4.192070597697944123e+01 1.258906653599363712e-01
2.580000000001243166e+02 -4.286227988188693416e+01 1.252599449914567897e-01
2.590000000001219860e+02 -4.382631634673797549e+01 1.246298395814980225e-01
2.600000000001196554e+02 -4.481401404049708503e+01 1.240006924046704040e-01
2.610000000001173248e+02 -4.582662340242761445e+01 1.233728410855167296e-01
2.620000000001149942e+02 -4.686542548153758503e+01 1.227466157378815786e-01
2.630000000001126637e+02 -4.793170242892581712e+01 1.221223371931047658e-01
2.640000000001103331e+02 -4.902669711542451836e+01 1.215003153733930086e-01
2.650000000001080025e+02 -5.015155877749369751e+01 1.208808478890033150e-01
2.660000000001056719e+02 -5.130727104217540102e+01 1.202642189598180783e-01
2.670000000001033413e+02 -5.249455826400362923e+01 1.196506987818720669e-01
2.680000000001010108e+02 -5.371376602805339218e+01 1.190405434751314190e-01
2.690000000000986802e+02 -5.496471226135928134e+01 1.184339957569732482e-01
2.700000000000963496e+02 -5.624650712665811625e+01 1.178312864815162925e-01
2.710000000000940190e+02 -5.755734336639854831e+01 1.172326371615484697e-01
2.720000000000916884e+02 -5.889426469108299500e+01 1.166382635390052908e-01
2.730000000000893579e+02 -6.025292864413152927e+01 1.160483801829723383e-01
2.740000000000870273e+02 -6.162739195736682518e+01 1.154632059644552372e-01
2.750000000000846967e+02 -6.300995925150930077e+01 1.148829700851072139e-01
2.760000000000823661e+02 -6.439114655651350461e+01 1.143079181367234742e-01
2.770000000000800355e+02 -6.575981391545239774e+01 1.137383174733875846e-01
2.780000000000777050e+02 -6.710350977127482963e+01 1.131744610437183524e-01
2.790000000000753744e+02 -6.840903962373768366e+01 1.126166688235988728e-01
2.800000000000730438e+02 -6.966322477678001235e+01 1.120652861653915200e-01
2.810000000000707132e+02 -7.085376518875534657e+01 1.115206787498774499e-01
2.820000000000683826e+02 -7.197008166659691142e+01 1.109832243370284521e-01
2.830000000000660521e+02 -7.300400410931185036e+01 1.104533020434950025e-01
2.840000000000637215e+02 -7.395020086412530702e+01 1.099312802860974020e-01
2.850000000000613909e+02 -7.480630080349715172e+01 1.094175047112365823e-01
2.860000000000590603e+02 -7.557272429408926939e+01 1.089122873457031154e-01
2.870000000000567297e+02 -7.625229049081475807e+01 1.084158979044152343e-01
2.880000000000543992e+02 -7.684969365515269146e+01 1.079285577789739908e-01
2.890000000000520686e+02 -7.737093988991409788e+01 1.074504368193137521e-01
2.900000000000497380e+02 -7.782281611832826229e+01 1.069816526912130139e-01
2.910000000000474074e+02 -7.821243636842741864e+01 1.065222723821718925e-01
2.920000000000450768e+02 -7.854688529509081718e+01 1.060723153349932973e-01
2.930000000000427463e+02 -7.883296005145963647e+01 1.056317576866585839e-01
2.940000000000404157e+02 -7.907700010676116165e+01 1.052005371466823713e-01
2.950000000000380851e+02 -7.928478924328464927e+01 1.047785581342941669e-01
2.960000000000357545e+02 -7.946151285264720343e+01 1.043656968857591821e-01
2.970000000000334239e+02 -7.961175500632076307e+01 1.039618063286050914e-01
2.980000000000310934e+02 -7.973952226799531218e+01 1.035667205919027917e-01
2.990000000000287628e+02 -7.984828399804982269e+01 1.031802590790561330e-01
3.000000000000264322e+02 -7.994102150563513476e+01 1.028022300724457661e-01
3.010000000000241016e+02 -8.002028062005402376e+01 1.024324338696810943e-01
3.020000000000217710e+02 -8.008822402200719637e+01 1.020706654715058115e-01
3.030000000000194404e+02 -8.014668102036318942e+01 1.017167168538927052e-01
3.040000000000171099e+02 -8.019719344151371843e+01 1.013703788635798575e-01
3.050000000000147793e+02 -8.024105698678937415e+01 1.010314427789246045e-01
3.060000000000124487e+02 -8.027935787643885135e+01 1.006997015777845034e-01
3.070000000000101181e+02 -8.031300489467263048e+01 1.003749509521925654e-01
3.080000000000077875e+02 -8.034275712657316149e+01 1.000569901065867656e-01
3.090000000000054570e+02 -8.036924777091182648e+01 9.974562237281615895e-02
3.100000000000031264e+02 -8.039300445052536759e+01 9.944065567142447437e-02
3.110000000000007958e+02 -8.041446644377610653e+01 9.914190284504427464e-02
3.119999999999984652e+02 -8.043399924081235497e+01 9.884918188626524993e-02
3.129999999999961346e+02 -8.045190679651339849e+01 9.856231607915229287e-02
3.139999999999938041e+02 -8.046844181458239120e+01 9.828113407071767393e-02
3.149999999999914735e+02 -8.048381435839502274e+01 9.800546988611272270e-02
3.159999999999891429e+02 -8.049819904645995905e+01 9.773516289908174004e-02
3.169999999999868123e+02 -8.051174105515316626e+01 9.747005776730120752e-02
3.179999999999844817e+02 -8.052456111948563944e+01 9.721000434057806838e-02
3.189999999999821512e+02 -8.053675969430790360e+01 9.695485754847991966e-02
3.199999999999798206e+02 -8.054842041352091542e+01 9.670447727278139172e-02
3.209999999999774900e+02 -8.055961296335347299e+01 9.645872820911541301e-02
3.219999999999751594e+02 -8.057039546729575363e+01 9.621747972137964511e-02
3.229999999999728288e+02 -8.058081646452659186e+01 9.598060569175459467e-02
3.239999999999704983e+02 -8.059091655030704260e+01 9.574798436861174655e-02
3.249999999999681677e+02 -8.060072973552667008e+01 9.551949821411208352e-02
3.259999999999658371e+02 -8.061028457308746908e+01 9.529503375290407363e-02
3.269999999999635065e+02 -8.061960509083692727e+01 9.507448142300861660e-02
3.279999999999611759e+02 -8.062871156408651530e+01 9.485773542971488725e-02
3.289999999999588454e+02 -8.063762115517117479e+01 9.464469360309950285e-02
3.299999999999565148e+02 -8.064634844285131976e+01 9.443525725960735806e-02
3.309999999999541842e+02 -8.065490586048258592e+01 9.422933106799602498e-02
3.319999999999518536e+02 -8.066330405864603392e+01 9.402682291983374685e-02
3.329999999999495230e+02 -8.067155220525359027e+01 9.382764380465330456e-02
3.339999999999471925e+02 -8.067965823390986202e+01 9.363170768979534042e-02
3.349999999999448619e+02 -8.068762904946264314e+01 9.343893140492172400e-02
3.359999999999425313e+02 -8.069547069813833673e+01 9.324923453113670435e-02
3.369999999999402007e+02 -8.070318850838455660e+01 9.306253929462390828e-02
3.379999999999378701e+02 -8.071078720748805324e+01 9.287877046468337450e-02
3.389999999999355396e+02 -8.071827101815920003e+01 9.269785525603610465e-02
3.399999999999332090e+02 -8.072564373855347242e+01 9.251972323525407826e-02
3.409999999999308784e+02 -8.073290880859656227e+01 9.234430623116385295e-02
3.419999999999285478e+02 -8.074006936498601306e+01 9.217153824907012294e-02
3.429999999999262172e+02 -8.074712828683158250e+01 9.200135538864320783e-02
3.439999999999238867e+02 -8.075408823355429888e+01 9.183369576531687228e-02
3.449999999999215561e+02 -8.076095167638523264e+01 9.166849943504197518e-02
3.459999999999192255e+02 -8.076772092457197516e+01 9.150570832224763640e-02
3.469999999999168949e+02 -8.077439814720770528e+01 9.134526615086492607e-02
3.479999999999145643e+02 -8.078098539143923063e+01 9.118711837827248035e-02
3.489999999999122338e+02 -8.078748459768016232e+01 9.103121213202824968e-02
3.499999999999099032e+02 -8.079389761234422451e+01 9.087749614925857977e-02
3.509999999999075726e+02 -8.080022619852667276e+01 9.072592071857910057e-02
3.519999999999052420e+02 -8.080647204498524161e+01 9.057643762442922630e-02
3.529999999999029114e+02 -8.081263677371347853e+01 9.042900009370778702e-02
3.539999999999005809e+02 -8.081872194634546247e+01 9.028356274459983788e-02
3.549999999998982503e+02 -8.082472906959227998e+01 9.014008153749369923e-02
3.559999999998959197e+02 -8.083065959987280280e+01 8.999851372788988946e-02
3.569999999998935891e+02 -8.083651494727708098e+01 8.985881782120971883e-02
3.579999999998912585e+02 -8.084229647897197424e+01 8.972095352941455992e-02
3.589999999998889280e+02 -8.084800552214406366e+01 8.958488172935379079e-02
3.599999999998865974e+02 -8.085364336655533180e+01 8.945056442276090591e-02
3.609999999998842668e+02 -8.085921126677480686e+01 8.931796469782307679e-02
3.619999999998819362e+02 -8.086471044414030018e+01 8.918704669225328840e-02
3.629999999998796056e+02 -8.087014208849194574e+01 8.905777555779743893e-02
3.639999999998772751e+02 -8.087550735971484528e+01 8.893011742611103831e-02
3.649999999998749445e+02 -8.088080738911992285e+01 8.880403937594663621e-02
3.659999999998726139e+02 -8.088604328068841198e+01 8.867950940159262385e-02
3.669999999998702833e+02 -8.089121611219928809e+01 8.855649638250973066e-02
3.679999999998679527e+02 -8.089632693625854643e+01 8.843497005411264655e-02
3.689999999998656222e+02 -8.090137678124293075e+01 8.831490097964700414e-02
3.699999999998632916e+02 -8.090636665217071766e+01 8.819626052311634046e-02
3.709999999998609610e+02 -8.091129753150929105e+01 8.807902082321220072e-02
3.719999999998586304e+02 -8.091617037992782002e+01 8.796315476820708301e-02
3.729999999998562998e+02 -8.092098613700166254e+01 8.784863597176892358e-02
3.739999999998539693e+02 -8.092574572187454862e+01 8.773543874965818168e-02
3.749999999998516387e+02 -8.093045003388337477e+01 8.762353809727241316e-02
3.759999999998493081e+02 -8.093509995314940397e+01 8.751290966800290283e-02
3.769999999998469775e+02 -8.093969634114043288e+01 8.740352975236967414e-02
3.779999999998446469e+02 -8.094424004120484994e+01 8.729537525790437291e-02
3.789999999998423164e+02 -8.094873187908225987e+01 8.718842368975036894e-02
3.799999999998399858e+02 -8.095317266339142748e+01 8.708265313195118207e-02
3.809999999998376552e+02 -8.095756318609809910e+01 8.697804222940058727e-02
3.819999999998353246e+02 -8.096190422296380973e+01 8.687457017042768403e-02
3.829999999998329940e+02 -8.096619653397755201e+01 8.677221666999214433e-02
3.839999999998306635e+02 -8.097044086377113103e+01 8.667096195346615795e-02
3.849999999998283329e+02 -8.097463794201897258e+01 8.657078674097962168e-02
3.859999999998260023e+02 -8.097878848382445938e+01 8.647167223230768640e-02
3.869999999998236717e+02 -8.098289319009253973e+01 8.637360009227876279e-02
3.879999999998213411e+02 -8.098695274788966003e+01 8.627655243668476415e-02
3.889999999998190106e+02 -8.099096783079218653e+01 8.618051181867229793e-02
3.899999999998166800e+02 -8.099493909922283308e+01 8.608546121559935982e-02
3.909999999998143494e+02 -8.099886720077665814e+01 8.599138401633658890e-02
3.919999999998120188e+02 -8.100275277053692946e+01 8.589826400900013592e-02
3.929999999998096882e+02 -8.100659643138077115e+01 8.580608536909764550e-02
3.939999999998073577e+02 -8.101039879427577262e+01 8.571483264807221170e-02
3.949999999998050271e+02 -8.101416045856740311e+01 8.562449076223077604e-02
3.959999999998026965e+02 -8.101788201225764396e+01 8.553504498204209106e-02
3.969999999998003659e+02 -8.102156403227550641e+01 8.544648092179048249e-02
3.979999999997980353e+02 -8.102520708473981870e+01 8.535878452957255946e-02
3.989999999997957048e+02 -8.102881172521362885e+01 8.527194207762571476e-02
3.999999999997933742e+02 -8.103237849895189981e+01 8.518594015297387134e-02
4.009999999997910436e+02 -8.103590794114160190e+01 8.510076564838148228e-02
4.019999999997887130e+02 -8.103940057713556655e+01 8.501640575360315533e-02
4.029999999997863824e+02 -8.104285692267860952e+01 8.493284794691929873e-02
4.039999999997840519e+02 -8.104627748412865174e+01 8.485007998694725495e-02
4.049999999997817213e+02 -8.104966275867036529e+01 8.476808990471702832e-02
4.059999999997793907e+02 -8.105301323452376039e+01 8.468686599600512566e-02
4.069999999997770601e+02 -8.105632939114664737e+01 8.460639681391331213e-02
4.079999999997747295e+02 -8.105961169943144284e+01 8.452667116168775807e-02
4.089999999997723990e+02 -8.106286062189667518e+01 8.444767808576747470e-02
4.099999999997700684e+02 -8.106607661287368671e+01 8.436940686905479436e-02
4.109999999997677378e+02 -8.106926011868745263e+01 8.429184702440054022e-02
4.119999999997654072e+02 -8.107241157783307983e+01 8.421498828829526717e-02
4.129999999997630766e+02 -8.107553142114780087e+01 8.413882061476175844e-02
4.139999999997607461e+02 -8.107862007197763887e+01 8.406333416943850834e-02
4.149999999997584155e+02 -8.108167794634042025e+01 8.398851932385047181e-02
4.159999999997560849e+02 -8.108470545308415467e+01 8.391436664985942040e-02
4.169999999997537543e+02 -8.108770299404083914e+01 8.384086691428775662e-02
4.179999999997514237e+02 -8.109067096417733467e+01 8.376801107371012467e-02
4.189999999997490931e+02 -8.109360975174105590e+01 8.369579026940660027e-02
4.199999999997467626e+02 -8.109651973840304606e+01 8.362419582247265781e-02
4.209999999997444320e+02 -8.109940129939643327e+01 8.355321922908029442e-02
4.219999999997421014e+02 -8.110225480365171791e+01 8.348285215588484298e-02
4.229999999997397708e+02 -8.110508061392920354e+01 8.341308643557311664e-02
4.239999999997374402e+02 -8.110787908694680937e+01 8.334391406254794410e-02
4.249999999997351097e+02 -8.111065057350580787e+01 8.327532718874396112e-02
4.259999999997327791e+02 -8.111339541861269709e+01 8.320731811957107760e-02
4.269999999997304485e+02 -8.111611396159848653e+01 8.313987930998098519e-02
4.279999999997281179e+02 -8.111880653623460091e+01 8.307300336065295832e-02
4.289999999997257873e+02 -8.112147347084631122e+01 8.300668301429367513e-02
4.299999999997234568e+02 -8.112411508842312458e+01 8.294091115204917097e-02
4.309999999997211262e+02 -8.112673170672650258e+01 8.287568079002363697e-02
4.319999999997187956e+02 -8.112932363839509264e+01 8.281098507590264890e-02
4.329999999997164650e+02 -8.113189119104704616e+01 8.274681728567655215e-02
4.339999999997141344e+02 -8.113443466738031873e+01 8.268317082046083843e-02
4.349999999997118039e+02 -8.113695436527001448e+01 8.262003920341136343e-02
4.359999999997094733e+02 -8.113945057786412463e+01 8.255741607672942295e-02
4.369999999997071427e+02 -8.114192359367638119e+01 8.249529519875523076e-02
4.379999999997048121e+02 -8.114437369667699329e+01 8.243367044114671693e-02
4.389999999997024815e+02 -8.114680116638149343e+01 8.237253578614056604e-02
4.399999999997001510e+02 -8.114920627793718211e+01 8.231188532389220602e-02
4.409999999996978204e+02 -8.115158930220759714e+01 8.225171324989363764e-02
4.419999999996954898e+02 -8.115395050585547665e+01 8.219201386246537122e-02
4.429999999996931592e+02 -8.115629015142310720e+01 8.213278156032087496e-02
4.439999999996908286e+02 -8.115860849741112304e+01 8.207401084020037041e-02
4.449999999996884981e+02 -8.116090579835568519e+01 8.201569629457255983e-02
4.459999999996861675e+02 -8.116318230490342955e+01 8.195783260940188442e-02
4.469999999996838369e+02 -8.116543826388497962e+01 8.190041456197838521e-02
4.479999999996815063e+02 -8.116767391838713763e+01 8.184343701880977817e-02
4.489999999996791757e+02 -8.116988950782253198e+01 8.178689493357241269e-02
4.499999999996768452e+02 -8.117208526799859669e+01 8.173078334511968412e-02
4.509999999996745146e+02 -8.117426143118458981e+01 8.167509737554611016e-02
4.519999999996721840e+02 -8.117641822617670755e+01 8.161983222830561380e-02
4.529999999996698534e+02 -8.117855587836289999e+01 8.156498318638144562e-02
4.539999999996675228e+02 -8.118067460978504357e+01 8.151054561050709302e-02
4.549999999996651923e+02 -8.118277463920018988e+01 8.145651493743613636e-02
4.559999999996628617e+02 -8.118485618214096178e+01 8.140288667825909541e-02
4.569999999996605311e+02 -8.118691945097356211e+01 8.134965641676678016e-02
4.579999999996582005e+02 -8.118896465495545556e+01 8.129681980785807838e-02
4.589999999996558699e+02 -8.119099200029151575e+01 8.124437257599036177e-02
4.599999999996535394e+02 -8.119300169018877966e+01 8.119231051367224727e-02
4.609999999996512088e+02 -8.119499392490997991e+01 8.114062947999679809e-02
4.619999999996488782e+02 -8.119696890182632387e+01 8.108932539921358262e-02
4.629999999996465476e+02 -8.119892681546886593e+01 8.103839425933934137e-02
4.639999999996442170e+02 -8.120086785757862913e+01 8.098783211080538835e-02
4.649999999996418865e+02 -8.120279221715601636e+01 8.093763506514035921e-02
4.659999999996395559e+02 -8.120470008050901356e+01 8.088779929368808408e-02
4.669999999996372253e+02 -8.120659163130004288e+01 8.083832102635908623e-02
4.679999999996348947e+02 -8.120846705059267379e+01 8.078919655041423564e-02
4.689999999996325641e+02 -8.121032651689644410e+01 8.074042220928051572e-02
4.699999999996302336e+02 -8.121217020621133997e+01 8.069199440139726565e-02
4.709999999996279030e+02 -8.121399829207082632e+01 8.064390957909206570e-02
4.719999999996255724e+02 -8.121581094558490577e+01 8.059616424748548835e-02
4.729999999996232418e+02 -8.121760833548108849e+01 8.054875496342400742e-02
4.739999999996209112e+02 -8.121939062814543320e+01 8.050167833443998278e-02
4.749999999996185807e+02 -8.122115798766235173e+01 8.045493101773790179e-02
4.759999999996162501e+02 -8.122291057585370311e+01 8.040850971920592005e-02
4.769999999996139195e+02 -8.122464855231716285e+01 8.036241119245304820e-02
4.779999999996115889e+02 -8.122637207446349805e+01 8.031663223786955630e-02
4.789999999996092583e+02 -8.122808129755355822e+01 8.027116970171123411e-02
4.799999999996069278e+02 -8.122977637473412926e+01 8.022602047520607793e-02
4.809999999996045972e+02 -8.123145745707338961e+01 8.018118149368311243e-02
4.819999999996022666e+02 -8.123312469359524357e+01 8.013664973572258432e-02
4.829999999995999360e+02 -8.123477823131358377e+01 8.009242222232719477e-02
4.839999999995976054e+02 -8.123641821526508977e+01 8.004849601611287169e-02
4.849999999995952749e+02 -8.123804478854218303e+01 8.000486822051967872e-02
4.859999999995929443e+02 -8.123965809232458923e+01 7.996153597904152865e-02
4.869999999995906137e+02 -8.124125826591104271e+01 7.991849647447445137e-02
4.879999999995882831e+02 -8.124284544674956976e+01 7.987574692818268096e-02
4.889999999995859525e+02 -8.124441977046799934e+01 7.983328459938247856e-02
4.899999999995836220e+02 -8.124598137090288219e+01 7.979110678444228943e-02
4.909999999995812914e+02 -8.124753038012917727e+01 7.974921081620026109e-02
4.919999999995789608e+02 -8.124906692848796297e+01 7.970759406329692986e-02
4.929999999995766302e+02 -8.125059114461478771e+01 7.966625392952382534e-02
4.939999999995742996e+02 -8.125210315546654272e+01 7.962518785318750680e-02
4.949999999995719691e+02 -8.125360308634860473e+01 7.958439330648778287e-02
4.959999999995696385e+02 -8.125509106094075662e+01 7.954386779491030846e-02
4.969999999995673079e+02 -8.125656720132326427e+01 7.950360885663335098e-02
4.979999999995649773e+02 -8.125803162800184509e+01 7.946361406194814292e-02
4.989999999995626467e+02 -8.125948445993293490e+01 7.942388101269154399e-02
4.999999999995603162e+02 -8.126092581454751951e+01 7.938440734169271984e-02
5.000000000000000000e+02 -8.126092581454814479e+01 7.938440734167541424e-02
