1.000000000000000666e+00 -7.217014695961255200e+01 7.359405060854400105e-02
2.000000000000001332e+00 -6.327764678198964532e+01 7.362253018960346340e-02
2.999999999999980016e+00 -7.007330299469066048e+00 7.372230156911083188e-02
3.999999999999958700e+00 3.630627648191294554e+01 7.885049036759243790e-02
4.999999999999937828e+00 3.023621196533663635e+01 9.223296898337324246e-02
5.999999999999916511e+00 2.566144625166869631e+01 1.107137074778327818e-01
6.999999999999895195e+00 2.288513586572253544e+01 1.303631272275986019e-01
7.999999999999873879e+00 2.144254107415497046e+01 1.479672207620708613e-01
8.999999999999852562e+00 2.085357448790696822e+01 1.619595444698568032e-01
9.999999999999831246e+00 2.076992866222929024e+01 1.721898383493007112e-01
1.099999999999980993e+01 2.096647242374525888e+01 1.792594263413947731e-01
1.199999999999978861e+01 2.130528261375385313e+01 1.839852885633861124e-01
1.299999999999976730e+01 2.170449276075478195e+01 1.871173619255283027e-01
1.399999999999974598e+01 2.211656042735994632e+01 1.892385136895078090e-01
1.499999999999972466e+01 2.251419787376224946e+01 1.907579762449493344e-01
1.599999999999970335e+01 2.288157141720843057e+01 1.919408994163376847e-01
1.699999999999985789e+01 2.320888941865242572e+01 1.929456295167872037e-01
1.800000000000001421e+01 2.348906185581882866e+01 1.938570852138241651e-01
1.900000000000017053e+01 2.371554037853995922e+01 1.947125765570437983e-01
2.000000000000032685e+01 2.388075131045118127e+01 1.955197567088426125e-01
2.100000000000048317e+01 2.397478769356345651e+01 1.962677290041769662e-01
2.200000000000063949e+01 2.398441560399430372e+01 1.969331815518478301e-01
2.300000000000079581e+01 2.389348037952806081e+01 1.974849296727987091e-01
2.400000000000095213e+01 2.368824105602852015e+01 1.978926721924791354e-01
2.500000000000110845e+01 2.337237883751138057e+01 1.981439552219340094e-01
2.600000000000126477e+01 2.298233318648683010e+01 1.982572942107046488e-01
2.700000000000142109e+01 2.257307642250528446e+01 1.982709231137594896e-01
2.800000000000157740e+01 2.218378060479943770e+01 1.982204727805817746e-01
2.900000000000173372e+01 2.182812902053934678e+01 1.981308746585910552e-01
3.000000000000189004e+01 2.150583652684938940e+01 1.980186505298124067e-01
3.100000000000204636e+01 2.121280523471418533e+01 1.978948449486019057e-01
3.200000000000220268e+01 2.094512419530988012e+01 1.977667361113672750e-01
3.300000000000200373e+01 2.069982189171901510e+01 1.976389201245331295e-01
3.400000000000180478e+01 2.047462277439049672e+01 1.975141166572172147e-01
3.500000000000160583e+01 2.026760591206992146e+01 1.973937754571487568e-01
3.600000000000140687e+01 2.007699545120395968e+01 1.972785112613801295e-01
3.700000000000120792e+01 1.990107883660929389e+01 1.971684034712850031e-01
3.800000000000100897e+01 1.973819883769461114e+01 1.970631993921297398e-01
3.900000000000081002e+01 1.958677492065521619e+01 1.969624519223296677e-01
4.000000000000061107e+01 1.944532878659655140e+01 1.968656127516398568e-01
4.100000000000041211e+01 1.931250331807945031e+01 1.967720947149571853e-01
4.200000000000021316e+01 1.918707225245381309e+01 1.966813123305322930e-01
4.300000000000001421e+01 1.906794154812162390e+01 1.965927068184604443e-01
4.399999999999981526e+01 1.895414460350376373e+01 1.965057601939951271e-01
4.499999999999961631e+01 1.884483353143578555e+01 1.964200018568635353e-01
4.599999999999941735e+01 1.873926829910524106e+01 1.963350102151042442e-01
4.699999999999921840e+01 1.863680505917148977e+01 1.962504111918533800e-01
4.799999999999901945e+01 1.853688456326809231e+01 1.961658749243558042e-01
4.899999999999882050e+01 1.843902120793698174e+01 1.960811115520798009e-01
4.999999999999862155e+01 1.834279301539047680e+01 1.959958666844003050e-01
5.099999999999842260e+01 1.824783268196503627e+01 1.959099169176878596e-01
5.199999999999822364e+01 1.815381971722288412e+01 1.958230656177957496e-01
5.299999999999802469e+01 1.806047362973166770e+01 1.957351390801870261e-01
5.399999999999782574e+01 1.796754807830474832e+01 1.956459831125441085e-01
5.499999999999762679e+01 1.787482588996015664e+01 1.955554600428616729e-01
5.599999999999742784e+01 1.778211484091722738e+01 1.954634461316394067e-01
5.699999999999722888e+01 1.768924409964746403e+01 1.953698293539859743e-01
5.799999999999702993e+01 1.759606123799227717e+01 1.952745075120500828e-01
5.899999999999683098e+01 1.750242972547123799e+01 1.951773866373628652e-01
5.999999999999663203e+01 1.740822683174399543e+01 1.950783796444874041e-01
6.099999999999643308e+01 1.731334187191642826e+01 1.949774052005789904e-01
6.199999999999623412e+01 1.721767473851815922e+01 1.948743867792667728e-01
6.299999999999603517e+01 1.712113467228092389e+01 1.947692518711938436e-01
6.399999999999583622e+01 1.702363923122029021e+01 1.946619313273233731e-01
6.499999999999634781e+01 1.692511342396435836e+01 1.945523588145736393e-01
6.599999999999685940e+01 1.682548897882981720e+01 1.944404703664400491e-01
6.699999999999737099e+01 1.672470372489237533e+01 1.943262040139590863e-01
6.799999999999788258e+01 1.662270106532689340e+01 1.942094994847103628e-01
6.899999999999839417e+01 1.651942952668440512e+01 1.940902979595398592e-01
6.999999999999890576e+01 1.641484237062077156e+01 1.939685418783779758e-01
7.099999999999941735e+01 1.630889725696759385e+01 1.938441747879488253e-01
7.199999999999992895e+01 1.620155594901498119e+01 1.937171412253571312e-01
7.300000000000044054e+01 1.609278405351596319e+01 1.935873866325348858e-01
7.400000000000095213e+01 1.598255078927996031e+01 1.934548572973583402e-01
7.500000000000146372e+01 1.587082877934277825e+01 1.933195003179325744e-01
7.600000000000197531e+01 1.575759386262222606e+01 1.931812635871124617e-01
7.700000000000248690e+01 1.564282492172570826e+01 1.930400957947943641e-01
7.800000000000299849e+01 1.552650372419626379e+01 1.928959464459046036e-01
7.900000000000351008e+01 1.540861477499077914e+01 1.927487658923263125e-01
8.000000000000402167e+01 1.528914517839746168e+01 1.925985053772646949e-01
8.100000000000453326e+01 1.516808450793656782e+01 1.924451170907657271e-01
8.200000000000504485e+01 1.504542468306126324e+01 1.922885542352693877e-01
8.300000000000555644e+01 1.492115985169719039e+01 1.921287711002198639e-01
8.400000000000606803e+01 1.479528627783768435e+01 1.919657231448594903e-01
8.500000000000657963e+01 1.466780223355610957e+01 1.917993670884214352e-01
8.600000000000709122e+01 1.453870789491235982e+01 1.916296610069973538e-01
8.700000000000760281e+01 1.440800524132363236e+01 1.914565644364074892e-01
8.800000000000811440e+01 1.427569795804406105e+01 1.912800384804319020e-01
8.900000000000862599e+01 1.414179134145734551e+01 1.911000459237857940e-01
9.000000000000913758e+01 1.400629220693408428e+01 1.909165513492314947e-01
9.100000000000964917e+01 1.386920879904358728e+01 1.907295212582295896e-01
9.200000000001016076e+01 1.373055070394071819e+01 1.905389241945228129e-01
9.300000000001067235e+01 1.359032876377251853e+01 1.903447308700447760e-01
9.400000000001118394e+01 1.344855499296985890e+01 1.901469142925304445e-01
9.500000000001169553e+01 1.330524249630529177e+01 1.899454498941939018e-01
9.600000000001220712e+01 1.316040538861236442e+01 1.897403156608197528e-01
9.700000000001271871e+01 1.301405871607293996e+01 1.895314922605985108e-01
9.800000000001323031e+01 1.286621837898919551e+01 1.893189631720170740e-01
9.900000000001374190e+01 1.271690105596601761e+01 1.891027148100984101e-01
1.000000000000142535e+02 1.256612412943730028e+01 1.888827366502657534e-01
1.010000000000147651e+02 1.241390561247725444e+01 1.886590213490930978e-01
1.020000000000152767e+02 1.226026407684476816e+01 1.884315648611890326e-01
1.030000000000157883e+02 1.210521858221563107e+01 1.882003665514516422e-01
1.040000000000162999e+02 1.194878860656357489e+01 1.879654293019226707e-01
1.050000000000168114e+02 1.179099397765754809e+01 1.877267596124687354e-01
1.060000000000173230e+02 1.163185480564836460e+01 1.874843676945149584e-01
1.070000000000178346e+02 1.147139141672361795e+01 1.872382675570635757e-01
1.080000000000183462e+02 1.130962428781539586e+01 1.869884770842382415e-01
1.090000000000188578e+02 1.114657398235006269e+01 1.867350181036125378e-01
1.100000000000193694e+02 1.098226108703481430e+01 1.864779164445987403e-01
1.110000000000198810e+02 1.081670614967938704e+01 1.862172019862013694e-01
1.120000000000203926e+02 1.064992961805613980e+01 1.859529086934710307e-01
1.130000000000209042e+02 1.048195177980445969e+01 1.856850746420297960e-01
1.140000000000214158e+02 1.031279270338899856e+01 1.854137420300878136e-01
1.150000000000219273e+02 1.014247218012337370e+01 1.851389571774124387e-01
1.160000000000224389e+02 9.971009667272948462e+00 1.848607705107692678e-01
1.170000000000229505e+02 9.798424232251424115e+00 1.845792365354156361e-01
1.180000000000234621e+02 9.624734497926484167e+00 1.842944137922855052e-01
1.190000000000239737e+02 9.449958589049861857e+00 1.840063648005770547e-01
1.200000000000244853e+02 9.274114079826098589e+00 1.837151559855268734e-01
1.210000000000249969e+02 9.097217942633228915e+00 1.834208575912260608e-01
1.220000000000255085e+02 8.919286497906162126e+00 1.831235435784190069e-01
1.230000000000260201e+02 8.740335365191262085e+00 1.828232915072988962e-01
1.240000000000265317e+02 8.560379415377054713e+00 1.825201824054012156e-01
1.250000000000270433e+02 8.379432724102382934e+00 1.822143006207785632e-01
1.260000000000275548e+02 8.197508526338737056e+00 1.819057336607225739e-01
1.270000000000280664e+02 8.014619172139036962e+00 1.815945720163806287e-01
1.280000000000285638e+02 7.830776083539682020e+00 1.812809089736992507e-01
1.290000000000276543e+02 7.645989712597342169e+00 1.809648404112003672e-01
1.300000000000267448e+02 7.460269500534782772e+00 1.806464645851743323e-01
1.310000000000258353e+02 7.273623837967564398e+00 1.803258819029516513e-01
1.320000000000249258e+02 7.086060026172084747e+00 1.800031946849715014e-01
1.330000000000240163e+02 6.897584239353017566e+00 1.796785069164379411e-01
1.340000000000231068e+02 6.708201487859968282e+00 1.793519239894072470e-01
1.350000000000221974e+02 6.517915582297363564e+00 1.790235524362021047e-01
1.360000000000212879e+02 6.326729098464952017e+00 1.786934996550926802e-01
1.370000000000203784e+02 6.134643343060245613e+00 1.783618736292207907e-01
1.380000000000194689e+02 5.941658320068251342e+00 1.780287826397745632e-01
1.390000000000185594e+02 5.747772697758025906e+00 1.776943349744411482e-01
1.400000000000176499e+02 5.552983776200190569e+00 1.773586386321817643e-01
1.410000000000167404e+02 5.357287455214522431e+00 1.770218010253775676e-01
1.420000000000158309e+02 5.160678202651971525e+00 1.766839286803944531e-01
1.430000000000149214e+02 4.963149022911277797e+00 1.763451269376040964e-01
1.440000000000140119e+02 4.764691425586685014e+00 1.760054996518849724e-01
1.450000000000131024e+02 4.565295394139949892e+00 1.756651488945969175e-01
1.460000000000121929e+02 4.364949354487374755e+00 1.753241746579974336e-01
1.470000000000112834e+02 4.163640143390426651e+00 1.749826745630272407e-01
1.480000000000103739e+02 3.961352976537276582e+00 1.746407435713476786e-01
1.490000000000094644e+02 3.758071416201937520e+00 1.742984737024656783e-01
1.500000000000085549e+02 3.553777338367669625e+00 1.739559537567247627e-01
1.510000000000076454e+02 3.348450899202295439e+00 1.736132690448856652e-01
1.520000000000067359e+02 3.142070500774742481e+00 1.732705011249530413e-01
1.530000000000058265e+02 2.934612755904677517e+00 1.729277275468457664e-01
1.540000000000049170e+02 2.726052452040675700e+00 1.725850216054359010e-01
1.550000000000040075e+02 2.516362514066970757e+00 1.722424521024172872e-01
1.560000000000030980e+02 2.305513965944453680e+00 1.719000831173947419e-01
1.570000000000021885e+02 2.093475891098466324e+00 1.715579737885154499e-01
1.580000000000012790e+02 1.880215391474131081e+00 1.712161781029011010e-01
1.590000000000003695e+02 1.665697545189576356e+00 1.708747446970704520e-01
1.599999999999994600e+02 1.449885362728567939e+00 1.705337166674837091e-01
1.609999999999985505e+02 1.232739741626956098e+00 1.701931313912785348e-01
1.619999999999976410e+02 1.014219419622225171e+00 1.698530203572173880e-01
1.629999999999967315e+02 7.942809262523272684e-01 1.695134090068153021e-01
1.639999999999958220e+02 5.728785329092921375e-01 1.691743165855762454e-01
1.649999999999949125e+02 3.499642013751153025e-01 1.688357560042288708e-01
1.659999999999940030e+02 1.254875308921529486e-01 1.684977337098287065e-01
1.669999999999930935e+02 -1.006042961514820033e-01 1.681602495665684704e-01
1.679999999999921840e+02 -3.283665698093687357e-01 1.678232967461350256e-01
1.689999999999912745e+02 -5.578571092889009764e-01 1.674868616274443334e-01
1.699999999999903650e+02 -7.891363205999175623e-01 1.671509237056000852e-01
1.709999999999894555e+02 -1.022267254905898204e+00 1.668154555099415348e-01
1.719999999999885461e+02 -1.257315667293091854e+00 1.664804225310799191e-01
1.729999999999876366e+02 -1.494350075615628715e+00 1.661457831568684818e-01
1.739999999999867271e+02 -1.733441819010798524e+00 1.658114886173118196e-01
1.749999999999858176e+02 -1.974665115606965227e+00 1.654774829384925150e-01
1.759999999999849081e+02 -2.218097118866830808e+00 1.651437029056838368e-01
1.769999999999839986e+02 -2.463817971919753713e+00 1.648100780359199324e-01
1.779999999999830891e+02 -2.711910859137962593e+00 1.644765305604178052e-01
1.789999999999821796e+02 -2.962462054102032116e+00 1.641429754173781841e-01
1.799999999999812701e+02 -3.215560962979721715e+00 1.638093202558552619e-01
1.809999999999803606e+02 -3.471300162209099316e+00 1.634754654515495897e-01
1.819999999999794511e+02 -3.729775429230465011e+00 1.631413041355729010e-01
1.829999999999785416e+02 -3.991085764851820983e+00 1.628067222374443845e-01
1.839999999999776321e+02 -4.255333405659293078e+00 1.624715985437979182e-01
1.849999999999767226e+02 -4.522623824696714756e+00 1.621358047745293518e-01
1.859999999999758131e+02 -4.793065718438411338e+00 1.617992056783659760e-01
1.869999999999749036e+02 -5.066770977867406600e+00 1.614616591501208120e-01
1.879999999999739941e+02 -5.343854641248953818e+00 1.611230163721725506e-01
1.889999999999730846e+02 -5.624434825963144924e+00 1.607831219830072322e-01
1.899999999999721751e+02 -5.908632636526696125e+00 1.604418142759609089e-01
1.909999999999712657e+02 -6.196572045714558108e+00 1.600989254315921817e-01
1.919999999999703562e+02 -6.488379745479175398e+00 1.597542817874059995e-01
1.929999999999694467e+02 -6.784184964184312605e+00 1.594077041489171676e-01
1.939999999999685372e+02 -7.084119246532028846e+00 1.590590081462903427e-01
1.949999999999676277e+02 -7.388316192488479928e+00 1.587080046409889422e-01
1.959999999999667182e+02 -7.696911151533976536e+00 1.583545001870149960e-01
1.969999999999658087e+02 -8.010040868708514950e+00 1.579982975513845589e-01
1.979999999999648992e+02 -8.327843079237934987e+00 1.576391962984594053e-01
1.989999999999639897e+02 -8.650456049057050123e+00 1.572769934425965743e-01
1.999999999999630802e+02 -8.978018059354194946e+00 1.569114841732772991e-01
2.009999999999621707e+02 -9.310666834413289905e+00 1.565424626563747812e-01
2.019999999999612612e+02 -9.648538913599411515e+00 1.561697229145144195e-01
2.029999999999603517e+02 -9.991768970402382877e+00 1.557930597884946422e-01
2.039999999999594422e+02 -1.034048908409945966e+01 1.554122699804589003e-01
2.049999999999585327e+02 -1.069482797289639642e+01 1.550271531778767975e-01
2.059999999999576232e+02 -1.105491020141392511e+01 1.546375132553786391e-01
2.069999999999567137e+02 -1.142085538013084722e+01 1.542431595490496854e-01
2.079999999999558042e+02 -1.179277737985737851e+01 1.538439081948989873e-01
2.089999999999548947e+02 -1.217078359040653801e+01 1.534395835198760216e-01
2.099999999999539853e+02 -1.255497425918380827e+01 1.530300194700076610e-01
2.109999999999530758e+02 -1.294544195213932625e+01 1.526150610560300103e-01
2.119999999999521663e+02 -1.334227118600431083e+01 1.521945657923680362e-01
2.129999999999512568e+02 -1.374553828640240738e+01 1.517684051006015222e-01
2.139999999999503473e+02 -1.415531153057733604e+01 1.513364656438561384e-01
2.149999999999494378e+02 -1.457165163527041329e+01 1.508986505541174972e-01
2.159999999999485283e+02 -1.499461264878028999e+01 1.504548805106358800e-01
2.169999999999476188e+02 -1.542424330047685288e+01 1.500050946247524497e-01
2.179999999999467093e+02 -1.586058885011074970e+01 1.495492510851038348e-01
2.189999999999457998e+02 -1.630369346241697315e+01 1.490873275177393154e-01
2.199999999999448903e+02 -1.675360310930621921e+01 1.486193210187002067e-01
2.209999999999439808e+02 -1.721036897235199703e+01 1.481452478225214475e-01
2.219999999999430713e+02 -1.767405128284400462e+01 1.476651425792526728e-01
2.229999999999421618e+02 -1.814472349658118588e+01 1.471790572251699958e-01
2.239999999999412523e+02 -1.862247665773908878e+01 1.466870594482962697e-01
2.249999999999403428e+02 -1.910742376324520464e+01 1.461892307688843484e-01
2.259999999999394333e+02 -1.959970389955514136e+01 1.456856642764950416e-01
2.269999999999385238e+02 -2.009948589163641941e+01 1.451764620882791124e-01
2.279999999999376143e+02 -2.060697118396076633e+01 1.446617326162361883e-01
2.289999999999367049e+02 -2.112239567032742471e+01 1.441415877530030643e-01
2.299999999999357954e+02 -2.164603020829349944e+01 1.436161401042663488e-01
2.309999999999348859e+02 -2.217817959923923610e+01 1.430855004092461968e-01
2.319999999999339764e+02 -2.271917988969360280e+01 1.425497752968393483e-01
2.329999999999330669e+02 -2.326939395426152046e+01 1.420090655220838660e-01
2.339999999999321574e+02 -2.382920545258906486e+01 1.414634648141064877e-01
2.349999999999312479e+02 -2.439901140489228837e+01 1.409130594417092874e-01
2.359999999999303384e+02 -2.497921378980209184e+01 1.403579285662473752e-01
2.369999999999294289e+02 -2.557021071637491616e+01 1.397981454046298977e-01
2.379999999999285194e+02 -2.617238783730268992e+01 1.392337791707866090e-01
2.389999999999276099e+02 -2.678611072947304805e+01 1.386648977059793952e-01
2.399999999999267004e+02 -2.741171895365477340e+01 1.380915706524586950e-01
2.409999999999257909e+02 -2.804952240742884584e+01 1.375138729775655100e-01
2.419999999999248814e+02 -2.869980040996390969e+01 1.369318886228141074e-01
2.429999999999239719e+02 -2.936280372329316180e+01 1.363457140399007006e-01
2.439999999999230624e+02 -3.003875945449525631e+01 1.357554613857546999e-01
2.449999999999221529e+02 -3.072787853462154217e+01 1.351612611812722242e-01
2.459999999999212434e+02 -3.143036526891778237e+01 1.345632642893740405e-01
2.469999999999203339e+02 -3.214642832420872764e+01 1.339616431307403266e-01
2.479999999999194245e+02 -3.287629247349431694e+01 1.333565921215078276e-01
2.489999999999185150e+02 -3.362021044938359182e+01 1.327483273777935180e-01
2.499999999999176055e+02 -3.437847434911520850e+01 1.321370857800387433e-01
2.509999999999166960e+02 -3.515142615990699682e+01 1.315231235213862038e-01
2.519999999999157865e+02 -3.593946710872017292e+01 1.309067142772604164e-01
2.529999999999148770e+02 -3.674306566336905888e+01 1.302881471295585236e-01
2.539999999999139675e+02 -3.756276410654901809e+01 1.296677243620398545e-01
2.549999999999130580e+02 -3.839918366156638996e+01 1.290457592184650615e-01
2.559999999999121485e+02 -3.925302816441564602e+01 1.284225736867226075e-01
2.569999999999112674e+02 -4.012508625103731674e+01 1.277984963449430855e-01
2.579999999999103579e+02 -4.101623199407970333e+01 1.271738602826441578e-01
2.589999999999094484e+02 -4.192742373978193626e+01 1.265490010930605258e-01
2.599999999999085389e+02 -4.285970073567849425e+01 1.259242549244444509e-01
2.609999999999076294e+02 -4.381417711390437120e+01 1.252999565763363576e-01
2.619999999999067199e+02 -4.479203238324060266e+01 1.246764376306955663e-01
2.629999999999058105e+02 -4.579449733047256643e+01 1.240540246182096212e-01
2.639999999999049010e+02 -4.682283386570345129e+01 1.234330372349661531e-01
2.649999999999039915e+02 -4.787830690885352425e+01 1.228137866427603669e-01
2.659999999999030820e+02 -4.896214591291141005e+01 1.221965739065258710e-01
2.669999999999021725e+02 -5.007549307525988525e+01 1.215816886436453942e-01
2.679999999999012630e+02 -5.121933475510695644e+01 1.209694079810137435e-01
2.689999999999003535e+02 -5.239441219891310197e+01 1.203599959351979443e-01
2.699999999998994440e+02 -5.360110756370200846e+01 1.197537033467434703e-01
2.709999999998985345e+02 -5.483930172049044671e+01 1.191507685084906565e-01
2.719999999998976250e+02 -5.610820185674928950e+01 1.185514186251368923e-01
2.729999999998967155e+02 -5.740614005473351966e+01 1.179558722209345378e-01
2.739999999998958060e+02 -5.873034944047658001e+01 1.173643425664470663e-01
2.749999999998948965e+02 -6.007673266727334038e+01 1.167770421151237414e-01
2.759999999998939870e+02 -6.143964835317788697e+01 1.161941878192754019e-01
2.769999999998930775e+02 -6.281175340222460335e+01 1.156160070321002181e-01
2.779999999998921680e+02 -6.418394984949108562e+01 1.150427435092258310e-01
2.789999999998912585e+02 -6.554548887281069369e+01 1.144746628297338836e-01
2.799999999998903490e+02 -6.688427569298575293e+01 1.139120564134961655e-01
2.809999999998894396e+02 -6.818739263793737848e+01 1.133552432830457063e-01
2.819999999998885301e+02 -6.944181466632603872e+01 1.128045688611490766e-01
2.829999999998876206e+02 -7.063524162572716136e+01 1.122604004295049973e-01
2.839999999998867111e+02 -7.175693113542291712e+01 1.117231193570326492e-01
2.849999999998858016e+02 -7.279840237007236681e+01 1.111931107320976025e-01
2.859999999998848921e+02 -7.375390261757880239e+01 1.106707514642708556e-01
2.869999999998839826e+02 -7.462057938854529482e+01 1.101563981419187432e-01
2.879999999998830731e+02 -7.539836312078305980e+01 1.096503758942383305e-01
2.889999999998821636e+02 -7.608961827373244091e+01 1.091529692449586669e-01
2.899999999998812541e+02 -7.669864984149336351e+01 1.086644155539256973e-01
2.909999999998803446e+02 -7.723115544121860410e+01 1.081849012323207182e-01
2.919999999998794351e+02 -7.769369690225549618e+01 1.077145605742806100e-01
2.929999999998785256e+02 -7.809324014864884589e+01 1.072534768169952912e-01
2.939999999998776161e+02 -7.843678720296600204e+01 1.068016849275573443e-01
2.949999999998767066e+02 -7.873110461051446407e+01 1.063591755964788110e-01
2.959999999998757971e+02 -7.898254006161128871e+01 1.059258999632922832e-01
2.969999999998748876e+02 -7.919691268886157332e+01 1.055017746788912275e-01
2.979999999998739781e+02 -7.937946069620301159e+01 1.050866869992509722e-01
2.989999999998730686e+02 -7.953483087177183108e+01 1.046804996912011898e-01
2.999999999998721592e+02 -7.966709677226630504e+01 1.042830556052631585e-01
3.009999999998712497e+02 -7.977979503346762158e+01 1.038941818303921599e-01
3.019999999998703402e+02 -7.987597183854035165e+01 1.035136933909154150e-01
3.029999999998694307e+02 -7.995823381163371835e+01 1.031413964786821874e-01
3.039999999998685212e+02 -8.002879941502028771e+01 1.027770912357001964e-01
3.049999999998676117e+02 -8.008954832153639813e+01 1.024205741165941652e-01
3.059999999998667022e+02 -8.014206726211409659e+01 1.020716398681606463e-01
3.069999999998657927e+02 -8.018769157744193876e+01 1.017300831668203065e-01
3.079999999998648832e+02 -8.022754219952874166e+01 1.013956999552594745e-01
3.089999999998639737e+02 -8.026255811163875364e+01 1.010682885180592960e-01
3.099999999998630642e+02 -8.029352453181797955e+01 1.007476503334007456e-01
3.109999999998621547e+02 -8.032109717373151625e+01 1.004335907345804413e-01
3.119999999998612452e+02 -8.034582298724544103e+01 1.001259194114467732e-01
3.129999999998603357e+02 -8.036815779095108780e+01 9.982445077823963453e-02
3.139999999998594262e+02 -8.038848119449602336e+01 9.952900423084638792e-02
3.149999999998585167e+02 -8.040710918043620836e+01 9.923940431327245293e-02
3.159999999998576072e+02 -8.042430468030474344e+01 9.895548081021195153e-02
3.169999999998566977e+02 -8.044028644221462798e+01 9.867706878001335224e-02
3.179999999998557882e+02 -8.045523645040874783e+01 9.840400854005977582e-02
3.189999999998548788e+02 -8.046930612238993774e+01 9.813614561460817787e-02
3.199999999998539693e+02 -8.048262147748953055e+01 9.787333065343198357e-02
3.209999999998530598e+02 -8.049528744232189581e+01 9.761541932816181211e-02
3.219999999998521503e+02 -8.050739143357613159e+01 9.736227221198638648e-02
3.229999999998512408e+02 -8.051900633686179276e+01 9.711375464733967844e-02
3.239999999998503313e+02 -8.053019298160307926e+01 9.686973660532936792e-02
3.249999999998494218e+02 -8.054100219596730881e+01 9.663009253993323777e-02
3.259999999998485123e+02 -8.055147651219606075e+01 9.639470123938792545e-02
3.269999999998476028e+02 -8.056165158118838576e+01 9.616344567669385390e-02
3.279999999998466933e+02 -8.057155734546600456e+01 9.593621286074527355e-02
3.289999999998457838e+02 -8.058121901148570032e+01 9.571289368926051699e-02
3.299999999998448743e+02 -8.059065785541241667e+01 9.549338280440583526e-02
3.309999999998439648e+02 -8.059989189073604621e+01 9.527757845178368157e-02
3.319999999998430553e+02 -8.060893642132681691e+01 9.506538234327416292e-02
3.329999999998421458e+02 -8.061780449952873084e+01 9.485669952406940164e-02
3.339999999998412363e+02 -8.062650730556458711e+01 9.465143824412335094e-02
3.349999999998403268e+02 -8.063505446175419422e+01 9.444950983414761303e-02
3.359999999998394173e+02 -8.064345429274482058e+01 9.425082858620703607e-02
3.369999999998385078e+02 -8.065171404103816144e+01 9.405531163891332758e-02
3.379999999998375984e+02 -8.065984004550864483e+01 9.386287886716881967e-02
3.389999999998366889e+02 -8.066783788928766796e+01 9.367345277637952050e-02
3.399999999998357794e+02 -8.067571252229529932e+01 9.348695840103037058e-02
3.409999999998348699e+02 -8.068346836279052070e+01 9.330332320749827602e-02
3.419999999998339604e+02 -8.069110938156069324e+01 9.312247700096430714e-02
3.429999999998330509e+02 -8.069863917174635048e+01 9.294435183628045605e-02
3.439999999998321414e+02 -8.070606100678114103e+01 9.276888193263750637e-02
3.449999999998312319e+02 -8.071337788849851336e+01 9.259600359188382979e-02
3.459999999998303224e+02 -8.072059258710214635e+01 9.242565512033998343e-02
3.469999999998294129e+02 -8.072770767440472639e+01 9.225777675395893662e-02
3.479999999998285034e+02 -8.073472555149666618e+01 9.209231058668362890e-02
3.489999999998275939e+02 -8.074164847180423976e+01 9.192920050185651726e-02
3.499999999998266844e+02 -8.074847856033218818e+01 9.176839210654240409e-02
3.509999999998257749e+02 -8.075521782974716700e+01 9.160983266862898766e-02
3.519999999998248654e+02 -8.076186819384483329e+01 9.145347105657575248e-02
3.529999999998239559e+02 -8.076843147885067253e+01 9.129925768168613287e-02
3.539999999998230464e+02 -8.077490943292356462e+01 9.114714444278565475e-02
3.549999999998221369e+02 -8.078130373417160115e+01 9.099708467319153615e-02
3.559999999998212274e+02 -8.078761599743191368e+01 9.084903308986551351e-02
3.569999999998203180e+02 -8.079384778002506096e+01 9.070294574464927984e-02
3.579999999998194085e+02 -8.080000058665751794e+01 9.055877997748186525e-02
3.589999999998184990e+02 -8.080607587361548383e+01 9.041649437150893476e-02
3.599999999998175895e+02 -8.081207505236920952e+01 9.027604870999389464e-02
3.609999999998166800e+02 -8.081799949268507532e+01 9.013740393494916459e-02
3.619999999998157705e+02 -8.082385052532744396e+01 9.000052210740709657e-02
3.629999999998148610e+02 -8.082962944441739239e+01 8.986536636925553101e-02
3.639999999998139515e+02 -8.083533750950358865e+01 8.973190090656764373e-02
3.649999999998130420e+02 -8.084097594739182568e+01 8.960009091435756912e-02
3.659999999998121325e+02 -8.084654595377138264e+01 8.946990256269844732e-02
3.669999999998112230e+02 -8.085204869466959110e+01 8.934130296414188876e-02
3.679999999998103135e+02 -8.085748530776132270e+01 8.921426014238112434e-02
3.689999999998094040e+02 -8.086285690355487077e+01 8.908874300210330166e-02
3.699999999998084945e+02 -8.086816456647247264e+01 8.896472129997952394e-02
3.709999999998075850e+02 -8.087340935584116153e+01 8.884216561674236623e-02
3.719999999998066755e+02 -8.087859230680528810e+01 8.872104733030482249e-02
3.729999999998057660e+02 -8.088371443117225112e+01 8.860133858987663535e-02
3.739999999998048565e+02 -8.088877671820003457e+01 8.848301229103472387e-02
3.749999999998039470e+02 -8.089378013533368517e+01 8.836604205170814352e-02
3.759999999998030376e+02 -8.089872562889689789e+01 8.825040218903980327e-02
3.769999999998021281e+02 -8.090361412474371150e+01 8.813606769708795530e-02
3.779999999998012186e+02 -8.090844652887579969e+01 8.802301422533326258e-02
3.789999999998003091e+02 -8.091322372802723351e+01 8.791121805795827637e-02
3.799999999997993996e+02 -8.091794659022147584e+01 8.780065609386815406e-02
3.809999999997984901e+02 -8.092261596530265422e+01 8.769130582742323821e-02
3.819999999997975806e+02 -8.092723268544268933e+01 8.758314532985345124e-02
3.829999999997966711e+02 -8.093179756562813054e+01 8.747615323132945653e-02
3.839999999997957616e+02 -8.093631140412624347e+01 8.737030870366284396e-02
3.849999999997948521e+02 -8.094077498293316353e+01 8.726559144361155373e-02
3.859999999997939426e+02 -8.094518906820529480e+01 8.716198165676666831e-02
3.869999999997930331e+02 -8.094955441067439494e+01 8.705946004199847932e-02
3.879999999997921236e+02 -8.095387174604815073e+01 8.695800777643865331e-02
3.889999999997912141e+02 -8.095814179539655697e+01 8.685760650098030278e-02
3.899999999997903046e+02 -8.096236526552506518e+01 8.675823830627416022e-02
3.909999999997893951e+02 -8.096654284933576662e+01 8.665988571920299477e-02
3.919999999997884856e+02 -8.097067522617577140e+01 8.656253168981604962e-02
3.929999999997875761e+02 -8.097476306217508579e+01 8.646615957870619484e-02
3.939999999997866666e+02 -8.097880701057354713e+01 8.637075314481316990e-02
3.949999999997857572e+02 -8.098280771203731376e+01 8.627629653363667883e-02
3.959999999997848477e+02 -8.098676579496587635e+01 8.618277426584558532e-02
3.969999999997839382e+02 -8.099068187578947686e+01 8.609017122626654028e-02
3.979999999997830287e+02 -8.099455655925723363e+01 8.599847265323994072e-02
3.989999999997821192e+02 -8.099839043871732258e+01 8.590766412832814836e-02
3.999999999997812097e+02 -8.100218409638841877e+01 8.581773156636517130e-02
4.009999999997803002e+02 -8.100593810362275349e+01 8.572866120583329252e-02
4.019999999997793907e+02 -8.100965302116229338e+01 8.564043959955607022e-02
4.029999999997784812e+02 -8.101332939938687616e+01 8.555305360569659401e-02
4.039999999997775717e+02 -8.101696777855569565e+01 8.546649037904879842e-02
4.049999999997766622e+02 -8.102056868904148246e+01 8.538073736261249380e-02
4.059999999997757527e+02 -8.102413265155819033e+01 8.529578227944184521e-02
4.069999999997748432e+02 -8.102766017738223070e+01 8.521161312475701577e-02
4.079999999997739337e+02 -8.103115176856759660e+01 8.512821815831017602e-02
4.089999999997730242e+02 -8.103460791815503228e+01 8.504558589699703908e-02
4.099999999997721147e+02 -8.103802911037513468e+01 8.496370510770480389e-02
4.109999999997712052e+02 -8.104141582084631068e+01 8.488256480038880447e-02
4.119999999997702957e+02 -8.104476851676700733e+01 8.480215422136913594e-02
4.129999999997693862e+02 -8.104808765710249929e+01 8.472246284684066542e-02
4.139999999997684768e+02 -8.105137369276725678e+01 8.464348037658807333e-02
4.149999999997675673e+02 -8.105462706680201279e+01 8.456519672789905573e-02
4.159999999997666578e+02 -8.105784821454587075e+01 8.448760202966958122e-02
4.169999999997657483e+02 -8.106103756380446157e+01 8.441068661669355599e-02
4.179999999997648388e+02 -8.106419553501287112e+01 8.433444102413073518e-02
4.189999999997639293e+02 -8.106732254139514282e+01 8.425885598214823136e-02
4.199999999997630198e+02 -8.107041898911846545e+01 8.418392241072729376e-02
4.209999999997621103e+02 -8.107348527744467503e+01 8.410963141463158321e-02
4.219999999997612008e+02 -8.107652179887683985e+01 8.403597427853121138e-02
4.229999999997602913e+02 -8.107952893930237792e+01 8.396294246227628544e-02
4.239999999997593818e+02 -8.108250707813257918e+01 8.389052759631612788e-02
4.249999999997584723e+02 -8.108545658843804915e+01 8.381872147725820399e-02
4.259999999997575628e+02 -8.108837783708176516e+01 8.374751606356303779e-02
4.269999999997566533e+02 -8.109127118484764196e+01 8.367690347136980122e-02
4.279999999997557438e+02 -8.109413698656646829e+01 8.360687597044895447e-02
4.289999999997548343e+02 -8.109697559123864607e+01 8.353742598027641408e-02
4.299999999997539248e+02 -8.109978734215344787e+01 8.346854606622694517e-02
4.309999999997530153e+02 -8.110257257700591538e+01 8.340022893588125430e-02
4.319999999997521059e+02 -8.110533162801034734e+01 8.333246743544427126e-02
4.329999999997511964e+02 -8.110806482201138579e+01 8.326525454626966527e-02
4.339999999997502869e+02 -8.111077248059196165e+01 8.319858338148827803e-02
4.349999999997493774e+02 -8.111345492017913728e+01 8.313244718273671285e-02
4.359999999997484679e+02 -8.111611245214682242e+01 8.306683931698186085e-02
4.369999999997475584e+02 -8.111874538291630188e+01 8.300175327343992104e-02
4.379999999997466489e+02 -8.112135401405448931e+01 8.293718266058547339e-02
4.389999999997457394e+02 -8.112393864236932473e+01 8.287312120324770437e-02
4.399999999997448299e+02 -8.112649956000339557e+01 8.280956273979234172e-02
4.409999999997439204e+02 -8.112903705452525571e+01 8.274650121938456615e-02
4.419999999997430109e+02 -8.113155140901820062e+01 8.268393069933173412e-02
4.429999999997421014e+02 -8.113404290216742254e+01 8.262184534250280321e-02
4.439999999997411919e+02 -8.113651180834466459e+01 8.256023941482180939e-02
4.449999999997402824e+02 -8.113895839769153895e+01 8.249910728283353645e-02
4.459999999997393729e+02 -8.114138293620010245e+01 8.243844341133846343e-02
4.469999999997384634e+02 -8.114378568579230944e+01 8.237824236109528298e-02
4.479999999997375539e+02 -8.114616690439717672e+01 8.231849878658836772e-02
4.489999999997366444e+02 -8.114852684602639954e+01 8.225920743385869982e-02
4.499999999997357349e+02 -8.115086576084782166e+01 8.220036313839539088e-02
4.509999999997348255e+02 -8.115318389525806708e+01 8.214196082308701519e-02
4.519999999997339160e+02 -8.115548149195259953e+01 8.208399549622971691e-02
4.529999999997330065e+02 -8.115775878999485826e+01 8.202646224959113386e-02
4.539999999997320970e+02 -8.116001602488336175e+01 8.196935625652787549e-02
4.549999999997311875e+02 -8.116225342861777392e+01 8.191267277015495951e-02
4.559999999997302780e+02 -8.116447122976342143e+01 8.185640712156604104e-02
4.569999999997293685e+02 -8.116666965351367935e+01 8.180055471810225576e-02
4.579999999997284590e+02 -8.116884892175208677e+01 8.174511104166831688e-02
4.589999999997275495e+02 -8.117100925311230242e+01 8.169007164709445046e-02
4.599999999997266400e+02 -8.117315086303676708e+01 8.163543216054316987e-02
4.609999999997257305e+02 -8.117527396383474070e+01 8.158118827795833583e-02
4.619999999997248210e+02 -8.117737876473835001e+01 8.152733576355693235e-02
4.629999999997239115e+02 -8.117946547195772666e+01 8.147387044836017223e-02
4.639999999997230020e+02 -8.118153428873499422e+01 8.142078822876464006e-02
4.649999999997220925e+02 -8.118358541539717521e+01 8.136808506515125217e-02
4.659999999997211830e+02 -8.118561904940750651e+01 8.131575698053082613e-02
4.669999999997202735e+02 -8.118763538541614366e+01 8.126380005922541339e-02
4.679999999997193640e+02 -8.118963461530957204e+01 8.121221044558445123e-02
4.689999999997184545e+02 -8.119161692825933585e+01 8.116098434273417983e-02
4.699999999997175451e+02 -8.119358251076877764e+01 8.111011801136014387e-02
4.709999999997166356e+02 -8.119553154672024675e+01 8.105960776852044747e-02
4.719999999997157261e+02 -8.119746421741989195e+01 8.100944998649060869e-02
4.729999999997148166e+02 -8.119938070164241140e+01 8.095964109163747424e-02
4.739999999997139071e+02 -8.120128117567443837e+01 8.091017756332193056e-02
4.749999999997129976e+02 -8.120316581335769968e+01 8.086105593283007820e-02
4.759999999997120881e+02 -8.120503478613007076e+01 8.081227278233087119e-02
4.769999999997111786e+02 -8.120688826306714247e+01 8.076382474386092913e-02
4.779999999997102691e+02 -8.120872641092181254e+01 8.071570849833402395e-02
4.789999999997093596e+02 -8.121054939416384855e+01 8.066792077457611565e-02
4.799999999997084501e+02 -8.121235737501839935e+01 8.062045834838373060e-02
4.809999999997075406e+02 -8.121415051350345493e+01 8.057331804160633437e-02
4.819999999997066311e+02 -8.121592896746696510e+01 8.052649672125118674e-02
4.829999999997057216e+02 -8.121769289262299196e+01 8.047999129860992917e-02
4.839999999997048121e+02 -8.121944244258710910e+01 8.043379872840726585e-02
4.849999999997039026e+02 -8.122117776891121821e+01 8.038791600796933723e-02
4.859999999997029931e+02 -8.122289902111778304e+01 8.034234017641340986e-02
4.869999999997020836e+02 -8.122460634673275592e+01 8.029706831385645394e-02
4.879999999997011741e+02 -8.122629989131901596e+01 8.025209754064278889e-02
4.889999999997002647e+02 -8.122797979850781758e+01 8.020742501659051948e-02
4.899999999996993552e+02 -8.122964621003063712e+01 8.016304794025583269e-02
4.909999999996984457e+02 -8.123129926574976878e+01 8.011896354821447519e-02
4.919999999996975362e+02 -8.123293910368907689e+01 8.007516911436055040e-02
4.929999999996966267e+02 -8.123456586006297186e+01 8.003166194922163579e-02
4.939999999996957172e+02 -8.123617966930594037e+01 7.998843939928987345e-02
4.949999999996948077e+02 -8.123778066410110910e+01 7.994549884636874271e-02
4.959999999996938982e+02 -8.123936897540792756e+01 7.990283770693477894e-02
4.969999999996929887e+02 -8.124094473248996451e+01 7.986045343151451648e-02
4.979999999996920792e+02 -8.124250806294166694e+01 7.981834350407501777e-02
4.989999999996911697e+02 -8.124405909271467863e+01 7.977650544142873834e-02
4.999999999996902602e+02 -8.124559794614397390e+01 7.973493679265192258e-02
5.000000000000000000e+02 -8.124559794614444286e+01 7.973493679263908562e-02
