1.000000000000000666e+00 -7.092673420766291770e+01 7.358899492742103365e-02
2.000000000000001332e+00 -6.143037875123280145e+01 7.361277039450378479e-02
2.999999999999980016e+00 2.837675469879236090e+01 7.387480016988916265e-02
3.999999999999958700e+00 3.373998332722749183e+01 7.975978631873248403e-02
4.999999999999937828e+00 2.858957005098967130e+01 9.280996596255162989e-02
5.999999999999916511e+00 2.487295450733703106e+01 1.101600194343216599e-01
6.999999999999895195e+00 2.268845871960463967e+01 1.283930613677622401e-01
7.999999999999873879e+00 2.160609961860179595e+01 1.448260792591336832e-01
8.999999999999852562e+00 2.121468522243452526e+01 1.581606092503115568e-01
9.999999999999831246e+00 2.122400053503955064e+01 1.682338041775962301e-01
1.099999999999980993e+01 2.145015256879770860e+01 1.754897530620566082e-01
1.199999999999978861e+01 2.178257378736835292e+01 1.805681724093159690e-01
1.299999999999976730e+01 2.215691605090210814e+01 1.840832148947768587e-01
1.399999999999974598e+01 2.253664562105356239e+01 1.865371293598489244e-01
1.499999999999972466e+01 2.290141924195872036e+01 1.883050160656248861e-01
1.599999999999970335e+01 2.324001573319047509e+01 1.896496186468019374e-01
1.699999999999985789e+01 2.354614396008897259e+01 1.907450576182324886e-01
1.800000000000001421e+01 2.381599283011934176e+01 1.917001988327895756e-01
1.900000000000017053e+01 2.404679144672591562e+01 1.925782325933891037e-01
2.000000000000032685e+01 2.423591954789897329e+01 1.934116751480938479e-01
2.100000000000048317e+01 2.438028398063444513e+01 1.942130669339621196e-01
2.200000000000063949e+01 2.447579013833595241e+01 1.949820074352951460e-01
2.300000000000079581e+01 2.451682601151322061e+01 1.957092732653619438e-01
2.400000000000095213e+01 2.449580524087730993e+01 1.963788753504422113e-01
2.500000000000110845e+01 2.440312861527987209e+01 1.969692787962393499e-01
2.600000000000126477e+01 2.422869068790427605e+01 1.974558724252536979e-01
2.700000000000142109e+01 2.396722454681279046e+01 1.978175370854670656e-01
2.800000000000157740e+01 2.362855723594269364e+01 1.980474796468683907e-01
2.900000000000173372e+01 2.324425221355191695e+01 1.981598934700009029e-01
3.000000000000189004e+01 2.285555839716609228e+01 1.981827375351369325e-01
3.100000000000204636e+01 2.249155704921739130e+01 1.981441018072228610e-01
3.200000000000220268e+01 2.216234835262594771e+01 1.980655710123533086e-01
3.300000000000200373e+01 2.186648905143636057e+01 1.979623927153681961e-01
3.400000000000180478e+01 2.159893919157336128e+01 1.978451740272961779e-01
3.500000000000160583e+01 2.135483404408554264e+01 1.977211782227255854e-01
3.600000000000140687e+01 2.113044651157685294e+01 1.975952226063151795e-01
3.700000000000120792e+01 2.092306233107361635e+01 1.974703583838345045e-01
3.800000000000100897e+01 2.073062948634269631e+01 1.973483958723354081e-01
3.900000000000081002e+01 2.055147445524498906e+01 1.972302954081073534e-01
4.000000000000061107e+01 2.038413393808048824e+01 1.971164467994909464e-01
4.100000000000041211e+01 2.022727439640763691e+01 1.970068647388392435e-01
4.200000000000021316e+01 2.007966225053193909e+01 1.969013247419885981e-01
4.300000000000001421e+01 1.994015759263162479e+01 1.967994578702107200e-01
4.399999999999981526e+01 1.980771576883555696e+01 1.967008166164289917e-01
4.499999999999961631e+01 1.968138933190761719e+01 1.966049202000648977e-01
4.599999999999941735e+01 1.956032758173029507e+01 1.965112849252353133e-01
4.699999999999921840e+01 1.944377325689130132e+01 1.964194436667760779e-01
4.799999999999901945e+01 1.933105691234874968e+01 1.963289575162449341e-01
4.899999999999882050e+01 1.922158978546437069e+01 1.962394218874077001e-01
4.999999999999862155e+01 1.911485590430340764e+01 1.961504688210813641e-01
5.099999999999842260e+01 1.901040403144772029e+01 1.960617667865167946e-01
5.199999999999822364e+01 1.890783985989958538e+01 1.959730189253554022e-01
5.299999999999802469e+01 1.880681872426302093e+01 1.958839604099007758e-01
5.399999999999782574e+01 1.870703897161321194e+01 1.957943553781285873e-01
5.499999999999762679e+01 1.860823605123039926e+01 1.957039937522026263e-01
5.599999999999742784e+01 1.851017732504868363e+01 1.956126881345656987e-01
5.699999999999722888e+01 1.841265756471732473e+01 1.955202708962576752e-01
5.799999999999702993e+01 1.831549508069703336e+01 1.954265915177488266e-01
5.899999999999683098e+01 1.821852841904292220e+01 1.953315142065493448e-01
5.999999999999663203e+01 1.812161355883215919e+01 1.952349157929292311e-01
6.099999999999643308e+01 1.802462154494471491e+01 1.951366838912786394e-01
6.199999999999623412e+01 1.792743649524745209e+01 1.950367153070397541e-01
6.299999999999603517e+01 1.782995392690965275e+01 1.949349146656294551e-01
6.399999999999583622e+01 1.773207935276446179e+01 1.948311932388815393e-01
6.499999999999634781e+01 1.763372710480542338e+01 1.947254679452300463e-01
6.599999999999685940e+01 1.753481934776147710e+01 1.946176605014537653e-01
6.699999999999737099e+01 1.743528525105751115e+01 1.945076967058448070e-01
6.799999999999788258e+01 1.733506029227138967e+01 1.943955058348694476e-01
6.899999999999839417e+01 1.723408566942090303e+01 1.942810201375657631e-01
6.999999999999890576e+01 1.713230780308159140e+01 1.941641744139875614e-01
7.099999999999941735e+01 1.702967791248603291e+01 1.940449056658772320e-01
7.199999999999992895e+01 1.692615165243828201e+01 1.939231528094410850e-01
7.300000000000044054e+01 1.682168880014782530e+01 1.937988564415723258e-01
7.400000000000095213e+01 1.671625298299587570e+01 1.936719586521641057e-01
7.500000000000146372e+01 1.660981143984658104e+01 1.935424028762579574e-01
7.600000000000197531e+01 1.650233480984581291e+01 1.934101337807265508e-01
7.700000000000248690e+01 1.639379694375736207e+01 1.932750971809993890e-01
7.800000000000299849e+01 1.628417473379958835e+01 1.931372399840237952e-01
7.900000000000351008e+01 1.617344795870016938e+01 1.929965101542302497e-01
8.000000000000402167e+01 1.606159914130547861e+01 1.928528566997599614e-01
8.100000000000453326e+01 1.594861341658904941e+01 1.927062296766157978e-01
8.200000000000504485e+01 1.583447840831724740e+01 1.925565802087391698e-01
8.300000000000555644e+01 1.571918411296832296e+01 1.924038605222952447e-01
8.400000000000606803e+01 1.560272278977404703e+01 1.922480239926828705e-01
8.500000000000657963e+01 1.548508885597496665e+01 1.920890252029768541e-01
8.600000000000709122e+01 1.536627878655851198e+01 1.919268200126651169e-01
8.700000000000760281e+01 1.524629101789254193e+01 1.917613656356710605e-01
8.800000000000811440e+01 1.512512585478182636e+01 1.915926207267532322e-01
8.900000000000862599e+01 1.500278538056626587e+01 1.914205454754499269e-01
9.000000000000913758e+01 1.487927336995255168e+01 1.912451017068032832e-01
9.100000000000964917e+01 1.475459520432855420e+01 1.910662529881402838e-01
9.200000000001016076e+01 1.462875778935527116e+01 1.908839647412220730e-01
9.300000000001067235e+01 1.450176947466715838e+01 1.906982043590955689e-01
9.400000000001118394e+01 1.437363997553993045e+01 1.905089413269947796e-01
9.500000000001169553e+01 1.424438029640714376e+01 1.903161473466467857e-01
9.600000000001220712e+01 1.411400265612497940e+01 1.901197964633330184e-01
9.700000000001271871e+01 1.398252041489825714e+01 1.899198651950577688e-01
9.800000000001323031e+01 1.384994800279261895e+01 1.897163326631611246e-01
9.900000000001374190e+01 1.371630084976686348e+01 1.895091807237070936e-01
1.000000000000142535e+02 1.358159531716771795e+01 1.892983940989620695e-01
1.010000000000147651e+02 1.344584863063570879e+01 1.890839605082640373e-01
1.020000000000152767e+02 1.330907881437740059e+01 1.888658707975723328e-01
1.030000000000157883e+02 1.317130462676444225e+01 1.886441190669683465e-01
1.040000000000162999e+02 1.303254549722531763e+01 1.884187027953714011e-01
1.050000000000168114e+02 1.289282146440067578e+01 1.881896229617174010e-01
1.060000000000173230e+02 1.275215311553793107e+01 1.879568841618446118e-01
1.070000000000178346e+02 1.261056152710562017e+01 1.877204947203206242e-01
1.080000000000183462e+02 1.246806820661263870e+01 1.874804667964469207e-01
1.090000000000188578e+02 1.232469503562215074e+01 1.872368164836774040e-01
1.100000000000193694e+02 1.218046421395423806e+01 1.869895639016925237e-01
1.110000000000198810e+02 1.203539820507589120e+01 1.867387332803830957e-01
1.120000000000203926e+02 1.188951968268075277e+01 1.864843530350137335e-01
1.130000000000209042e+02 1.174285147846530997e+01 1.862264558318552921e-01
1.140000000000214158e+02 1.159541653111136483e+01 1.859650786436018999e-01
1.150000000000219273e+02 1.144723783648832871e+01 1.857002627939231265e-01
1.160000000000224389e+02 1.129833839909136906e+01 1.854320539905350840e-01
1.170000000000229505e+02 1.114874118473428943e+01 1.851605023462178923e-01
1.180000000000234621e+02 1.099846907451779821e+01 1.848856623872578986e-01
1.190000000000239737e+02 1.084754482009546983e+01 1.846075930488433048e-01
1.200000000000244853e+02 1.069599100026091243e+01 1.843263576570008666e-01
1.210000000000249969e+02 1.054382997887983997e+01 1.840420238967266087e-01
1.220000000000255085e+02 1.039108386419122887e+01 1.837546637660284476e-01
1.230000000000260201e+02 1.023777446950067116e+01 1.834643535156717520e-01
1.240000000000265317e+02 1.008392327528873800e+01 1.831711735744945557e-01
1.250000000000270433e+02 9.929551392754733641e+00 1.828752084602333627e-01
1.260000000000275548e+02 9.774679528815010343e+00 1.825765466758872690e-01
1.270000000000280664e+02 9.619327952571829599e+00 1.822752805917225993e-01
1.280000000000285638e+02 9.463516463266406831e+00 1.819715063131104871e-01
1.290000000000276543e+02 9.307264359726005409e+00 1.816653235344664330e-01
1.300000000000267448e+02 9.150590411310615124e+00 1.813568353796477794e-01
1.310000000000258353e+02 8.993512830363316723e+00 1.810461482292487212e-01
1.320000000000249258e+02 8.836049246160268211e+00 1.807333715353054704e-01
1.330000000000240163e+02 8.678216680354758239e+00 1.804186176240062112e-01
1.340000000000231068e+02 8.520031523903684345e+00 1.801020014870756414e-01
1.350000000000221974e+02 8.361509515460436859e+00 1.797836405625683198e-01
1.360000000000212879e+02 8.202665721212985872e+00 1.794636545058750643e-01
1.370000000000203784e+02 8.043514516141247128e+00 1.791421649518028791e-01
1.380000000000194689e+02 7.884069566662655681e+00 1.788192952686458170e-01
1.390000000000185594e+02 7.724343814630347360e+00 1.784951703052085337e-01
1.400000000000176499e+02 7.564349462643074951e+00 1.781699161317868707e-01
1.410000000000167404e+02 7.404097960621970564e+00 1.778436597761430815e-01
1.420000000000158309e+02 7.243599993604347809e+00 1.775165289555384052e-01
1.430000000000149214e+02 7.082865470700831168e+00 1.771886518059059556e-01
1.440000000000140119e+02 6.921903515157907805e+00 1.768601566092551647e-01
1.450000000000131024e+02 6.760722455464409641e+00 1.765311715204020970e-01
1.460000000000121929e+02 6.599329817436991874e+00 1.762018242941185420e-01
1.470000000000112834e+02 6.437732317216373623e+00 1.758722420137739939e-01
1.480000000000103739e+02 6.275935855103465855e+00 1.755425508225289810e-01
1.490000000000094644e+02 6.113945510161872043e+00 1.752128756581108338e-01
1.500000000000085549e+02 5.951765535510985750e+00 1.748833399921656540e-01
1.510000000000076454e+02 5.789399354232066308e+00 1.745540655751416093e-01
1.520000000000067359e+02 5.626849555808012937e+00 1.742251721876129922e-01
1.530000000000058265e+02 5.464117893016255501e+00 1.738967773988998045e-01
1.540000000000049170e+02 5.301205279193032638e+00 1.735689963337832264e-01
1.550000000000040075e+02 5.138111785786641406e+00 1.732419414480523556e-01
1.560000000000030980e+02 4.974836640116636843e+00 1.729157223135570076e-01
1.570000000000021885e+02 4.811378223255537989e+00 1.725904454133683763e-01
1.580000000000012790e+02 4.647734067949544468e+00 1.722662139475817644e-01
1.590000000000003695e+02 4.483900856494750009e+00 1.719431276502221551e-01
1.599999999999994600e+02 4.319874418485439627e+00 1.716212826176373163e-01
1.609999999999985505e+02 4.155649728351345829e+00 1.713007711486935203e-01
1.619999999999976410e+02 3.991220902601084752e+00 1.709816815970093828e-01
1.629999999999967315e+02 3.826581196689424758e+00 1.706640982353925806e-01
1.639999999999958220e+02 3.661723001426312685e+00 1.703481011325700678e-01
1.649999999999949125e+02 3.496637838846108792e+00 1.700337660422328590e-01
1.659999999999940030e+02 3.331316357455840205e+00 1.697211643043466944e-01
1.669999999999930935e+02 3.165748326781442135e+00 1.694103627586122929e-01
1.679999999999921840e+02 2.999922631131278550e+00 1.691014236698971107e-01
1.689999999999912745e+02 2.833827262496201094e+00 1.687944046654020203e-01
1.699999999999903650e+02 2.667449312505254966e+00 1.684893586832633128e-01
1.709999999999894555e+02 2.500774963355968161e+00 1.681863339322462181e-01
1.719999999999885461e+02 2.333789477637401522e+00 1.678853738621303715e-01
1.729999999999876366e+02 2.166477186963528645e+00 1.675865171443453039e-01
1.739999999999867271e+02 1.998821479333311224e+00 1.672897976623753391e-01
1.749999999999858176e+02 1.830804785132493784e+00 1.669952445114132877e-01
1.759999999999849081e+02 1.662408561690331910e+00 1.667028820067136263e-01
1.769999999999839986e+02 1.493613276302370174e+00 1.664127297000657091e-01
1.779999999999830891e+02 1.324398387627811591e+00 1.661248024037837168e-01
1.789999999999821796e+02 1.154742325367029254e+00 1.658391102215947266e-01
1.799999999999812701e+02 9.846224681212585317e-01 1.655556585857832219e-01
1.809999999999803606e+02 8.140151193325735335e-01 1.652744482999439490e-01
1.819999999999794511e+02 6.428954811975746697e-01 1.649954755866858136e-01
1.829999999999785416e+02 4.712376264431372141e-01 1.647187321396220983e-01
1.839999999999776321e+02 2.990144678467109296e-01 1.644442051789823112e-01
1.849999999999767226e+02 1.261977253771514040e-01 1.641718775101808359e-01
1.859999999999758131e+02 -4.724210917520612479e-02 1.639017275846816335e-01
1.869999999999749036e+02 -2.213358102185854770e-01 1.636337295625042709e-01
1.879999999999739941e+02 -3.961154591781829160e-01 1.633678533757241813e-01
1.889999999999730846e+02 -5.716144882711899911e-01 1.631040647923288067e-01
1.899999999999721751e+02 -7.478677274074527759e-01 1.628423254798072872e-01
1.909999999999712657e+02 -9.249114543968302016e-01 1.625825930678560516e-01
1.919999999999703562e+02 -1.102783448657501442e+00 1.623248212096072285e-01
1.929999999999694467e+02 -1.281523048633926631e+00 1.620689596407901278e-01
1.939999999999685372e+02 -1.461171213149031312e+00 1.618149542362623816e-01
1.949999999999676277e+02 -1.641770586932566722e+00 1.615627470633539120e-01
1.959999999999667182e+02 -1.823365570586671813e+00 1.613122764314906810e-01
1.969999999999658087e+02 -2.006002395270471084e+00 1.610634769375740849e-01
1.979999999999648992e+02 -2.189729202408353004e+00 1.608162795066138406e-01
1.989999999999639897e+02 -2.374596128751557789e+00 1.605706114271237550e-01
1.999999999999630802e+02 -2.560655397149924184e+00 1.603263963808057579e-01
2.009999999999621707e+02 -2.747961413420528576e+00 1.600835544660648979e-01
2.019999999999612612e+02 -2.936570869732443967e+00 1.598420022149046882e-01
2.029999999999603517e+02 -3.126542854962500506e+00 1.596016526027723426e-01
2.039999999999594422e+02 -3.317938972515761531e+00 1.593624150509322934e-01
2.049999999999585327e+02 -3.510823466146768990e+00 1.591241954209550724e-01
2.059999999999576232e+02 -3.705263354363921291e+00 1.588868960009223730e-01
2.069999999999567137e+02 -3.901328574049557574e+00 1.586504154829559698e-01
2.079999999999558042e+02 -4.099092133983166519e+00 1.584146489316871076e-01
2.089999999999548947e+02 -4.298630279014552080e+00 1.581794877432861901e-01
2.099999999999539853e+02 -4.500022665698253377e+00 1.579448195946863698e-01
2.109999999999530758e+02 -4.703352550270184729e+00 1.577105283826320259e-01
2.119999999999521663e+02 -4.908706989922579922e+00 1.574764941521933082e-01
2.129999999999512568e+02 -5.116177058414304035e+00 1.572425930143908912e-01
2.139999999999503473e+02 -5.325858077137780811e+00 1.570086970525796100e-01
2.149999999999494378e+02 -5.537849862860489303e+00 1.567746742172449192e-01
2.159999999999485283e+02 -5.752256993448566114e+00 1.565403882088722831e-01
2.169999999999476188e+02 -5.969189092985339506e+00 1.563056983485613394e-01
2.179999999999467093e+02 -6.188761137800378620e+00 1.560704594360589892e-01
2.189999999999457998e+02 -6.411093785029121861e+00 1.558345215949072382e-01
2.199999999999448903e+02 -6.636313725427362975e+00 1.555977301044174366e-01
2.209999999999439808e+02 -6.864554062264005552e+00 1.553599252182068513e-01
2.219999999999430713e+02 -7.095954718205237377e+00 1.551209419690678382e-01
2.229999999999421618e+02 -7.330662872177610367e+00 1.548806099599884245e-01
2.239999999999412523e+02 -7.568833428247192963e+00 1.546387531411958782e-01
2.249999999999403428e+02 -7.810629518566514662e+00 1.543951895731795754e-01
2.259999999999394333e+02 -8.056223042405951773e+00 1.541497311757446531e-01
2.269999999999385238e+02 -8.305795243182126697e+00 1.539021834632839647e-01
2.279999999999376143e+02 -8.559537325199920943e+00 1.536523452666225809e-01
2.289999999999367049e+02 -8.817651111505458772e+00 1.534000084420049093e-01
2.299999999999357954e+02 -9.080349743767490267e+00 1.531449575680725317e-01
2.309999999999348859e+02 -9.347858424415644407e+00 1.528869696320303007e-01
2.319999999999339764e+02 -9.620415200307784076e+00 1.526258137066454634e-01
2.329999999999330669e+02 -9.898271785902872821e+00 1.523612506202828010e-01
2.339999999999321574e+02 -1.018169442219469190e+01 1.520930326228834006e-01
2.349999999999312479e+02 -1.047096476541249110e+01 1.518209030516795288e-01
2.359999999999303384e+02 -1.076638079660027358e+01 1.515445960015333049e-01
2.369999999999294289e+02 -1.106825773951325154e+01 1.512638360061488163e-01
2.379999999999285194e+02 -1.137692896967597456e+01 1.509783377380870262e-01
2.389999999999276099e+02 -1.169274689178485538e+01 1.506878057375673208e-01
2.399999999999267004e+02 -1.201608375577658983e+01 1.503919341825392386e-01
2.409999999999257909e+02 -1.234733237372247672e+01 1.500904067155218180e-01
2.419999999999248814e+02 -1.268690669021948025e+01 1.497828963462929652e-01
2.429999999999239719e+02 -1.303524214821890936e+01 1.494690654537403907e-01
2.439999999999230624e+02 -1.339279578053806752e+01 1.491485659150686427e-01
2.449999999999221529e+02 -1.376004594518024149e+01 1.488210393961026112e-01
2.459999999999212434e+02 -1.413749161095963380e+01 1.484861178425356809e-01
2.469999999999203339e+02 -1.452565109018216560e+01 1.481434242184795080e-01
2.479999999999194245e+02 -1.492506010924057058e+01 1.477925735452223777e-01
2.489999999999185150e+02 -1.533626910854708392e+01 1.474331742991983607e-01
2.499999999999176055e+02 -1.575983967344387615e+01 1.470648302330050117e-01
2.509999999999166960e+02 -1.619634002120515603e+01 1.466871426858299410e-01
2.519999999999157865e+02 -1.664633950955360220e+01 1.462997134484660955e-01
2.529999999999148770e+02 -1.711040219212359759e+01 1.459021482415356619e-01
2.539999999999139675e+02 -1.758907952714831069e+01 1.454940608517516498e-01
2.549999999999130580e+02 -1.808290244553427328e+01 1.450750779481857211e-01
2.559999999999121485e+02 -1.859237309749822131e+01 1.446448445671181526e-01
2.569999999999112674e+02 -1.911795671224448867e+01 1.442030302095017313e-01
2.579999999999103579e+02 -1.966007410714665582e+01 1.437493354401681300e-01
2.589999999999094484e+02 -2.021909545263304864e+01 1.432834988153924294e-01
2.599999999999085389e+02 -2.079533591733744302e+01 1.428053039004292535e-01
2.609999999999076294e+02 -2.138905376996824614e+01 1.423145860785839378e-01
2.619999999999067199e+02 -2.200045139359324153e+01 1.418112388075451202e-01
2.629999999999058105e+02 -2.262967948051436196e+01 1.412952189568807693e-01
2.639999999999049010e+02 -2.327684444097007699e+01 1.407665508713305258e-01
2.649999999999039915e+02 -2.394201880636133950e+01 1.402253288530674602e-01
2.659999999999030820e+02 -2.462525417226700952e+01 1.396717178425704864e-01
2.669999999999021725e+02 -2.532659604040305013e+01 1.391059521961688084e-01
2.679999999999012630e+02 -2.604609980447926887e+01 1.385283325968822143e-01
2.689999999999003535e+02 -2.678384709152838994e+01 1.379392212778600413e-01
2.699999999998994440e+02 -2.753996171212033772e+01 1.373390358669809019e-01
2.709999999998985345e+02 -2.831462457270680844e+01 1.367282422610343329e-01
2.719999999998976250e+02 -2.910808703712064371e+01 1.361073469967541694e-01
2.729999999998967155e+02 -2.992068236635490663e+01 1.354768895983204935e-01
2.739999999998958060e+02 -3.075283499315443692e+01 1.348374353478698495e-01
2.749999999998948965e+02 -3.160506748266761079e+01 1.341895688538778941e-01
2.759999999998939870e+02 -3.247800508000717201e+01 1.335338886927921742e-01
2.769999999998930775e+02 -3.337237774235196497e+01 1.328710032846403821e-01
2.779999999998921680e+02 -3.428901949259481796e+01 1.322015280459435393e-01
2.789999999998912585e+02 -3.522886481020951521e+01 1.315260837538509697e-01
2.799999999998903490e+02 -3.619294158940638795e+01 1.308452959621300982e-01
2.809999999998894396e+02 -3.718235994002452571e+01 1.301597952378884815e-01
2.819999999998885301e+02 -3.819829577698585155e+01 1.294702179405529952e-01
2.829999999998876206e+02 -3.924196773356911194e+01 1.287772072426687786e-01
2.839999999998867111e+02 -4.031460544060045947e+01 1.280814140951346825e-01
2.849999999998858016e+02 -4.141740668433533301e+01 1.273834978661931849e-01
2.859999999998848921e+02 -4.255148021629347710e+01 1.266841264318502303e-01
2.869999999998839826e+02 -4.371777042971534399e+01 1.259839755645608961e-01
2.879999999998830731e+02 -4.491695975486787518e+01 1.252837275509850745e-01
2.889999999998821636e+02 -4.614934434849325129e+01 1.245840690637978476e-01
2.899999999998812541e+02 -4.741467926797842125e+01 1.238856884114526574e-01
2.909999999998803446e+02 -4.871199109220150802e+01 1.231892723827593406e-01
2.919999999998794351e+02 -5.003935959314646453e+01 1.224955029772883397e-01
2.929999999998785256e+02 -5.139367630707531731e+01 1.218050543523592627e-01
2.939999999998776161e+02 -5.277039723515081704e+01 1.211185903057196700e-01
2.949999999998767066e+02 -5.416331925754668219e+01 1.204367625349142823e-01
2.959999999998757971e+02 -5.556442357664517573e+01 1.197602097625065781e-01
2.969999999998748876e+02 -5.696384085071479575e+01 1.190895575993014405e-01
2.979999999998739781e+02 -5.834999557073994936e+01 1.184254187679600889e-01
2.989999999998730686e+02 -5.970997463492039969e+01 1.177683930862381823e-01
2.999999999998721592e+02 -6.103013237276772429e+01 1.171190664900698675e-01
3.009999999998712497e+02 -6.229689387821633062e+01 1.164780084330975379e-01
3.019999999998703402e+02 -6.349766283151689805e+01 1.158457672606587330e-01
3.029999999998694307e+02 -6.462169903842799101e+01 1.152228635819914221e-01
3.039999999998685212e+02 -6.566082354738678362e+01 1.146097821430773073e-01
3.049999999998676117e+02 -6.660984223251115566e+01 1.140069630896950459e-01
3.059999999998667022e+02 -6.746664161492361700e+01 1.134147936888407204e-01
3.069999999998657927e+02 -6.823198047583663595e+01 1.128336015060974196e-01
3.079999999998648832e+02 -6.890905416306360110e+01 1.122636497626975233e-01
3.089999999998639737e+02 -6.950293252143518430e+01 1.117051352205095938e-01
3.099999999998630642e+02 -7.001996782924801721e+01 1.111581885747868481e-01
3.109999999998621547e+02 -7.046724604100948852e+01 1.106228770507324682e-01
3.119999999998612452e+02 -7.085212527149612072e+01 1.100992087326769925e-01
3.129999999998603357e+02 -7.118187902003055001e+01 1.095871380973961612e-01
3.139999999998594262e+02 -7.146344257285616663e+01 1.090865722478387562e-01
3.149999999998585167e+02 -7.170324989127075810e+01 1.085973774170156947e-01
3.159999999998576072e+02 -7.190714354452602208e+01 1.081193854055890191e-01
3.169999999998566977e+02 -7.208033973538169903e+01 1.076523997111110409e-01
3.179999999998557882e+02 -7.222743230014341975e+01 1.071962011906655576e-01
3.189999999998548788e+02 -7.235242239316930579e+01 1.067505531670614738e-01
3.199999999998539693e+02 -7.245876356027294207e+01 1.063152059409991496e-01
3.209999999998530598e+02 -7.254941463036557536e+01 1.058899007092612976e-01
3.219999999998521503e+02 -7.262689512835055439e+01 1.054743729143972630e-01
3.229999999998512408e+02 -7.269333969983946986e+01 1.050683550671792504e-01
3.239999999998503313e+02 -7.275054937972323899e+01 1.046715790917099598e-01
3.249999999998494218e+02 -7.280003850304944990e+01 1.042837782464870744e-01
3.259999999998485123e+02 -7.284307672551446444e+01 1.039046886746095855e-01
3.269999999998476028e+02 -7.288072606373731332e+01 1.035340506338880279e-01
3.279999999998466933e+02 -7.291387314282209786e+01 1.031716094538291106e-01
3.289999999998457838e+02 -7.294325699879132685e+01 1.028171162619601064e-01
3.299999999998448743e+02 -7.296949286320884198e+01 1.024703285172078870e-01
3.309999999998439648e+02 -7.299309238400728361e+01 1.021310103833474037e-01
3.319999999998430553e+02 -7.301448072980319637e+01 1.017989329710823482e-01
3.329999999998421458e+02 -7.303401099851629397e+01 1.014738744732206072e-01
3.339999999998412363e+02 -7.305197631421380322e+01 1.011556202137169902e-01
3.349999999998403268e+02 -7.306861995488198147e+01 1.008439626280822343e-01
3.359999999998394173e+02 -7.308414381216985589e+01 1.005387011898016131e-01
3.369999999998385078e+02 -7.309871544435527824e+01 1.002396422949305282e-01
3.379999999998375984e+02 -7.311247394712937364e+01 9.994659911491633741e-02
3.389999999998366889e+02 -7.312553483386598430e+01 9.965939142589418098e-02
3.399999999998357794e+02 -7.313799408797883927e+01 9.937784542117757136e-02
3.409999999998348699e+02 -7.314993152467017978e+01 9.910179351239084555e-02
3.419999999998339604e+02 -7.316141357756322350e+01 9.883107412361676058e-02
3.429999999998330509e+02 -7.317249560706812872e+01 9.856553148204771908e-02
3.439999999998321414e+02 -7.318322381148652767e+01 9.830501540789317316e-02
3.449999999998312319e+02 -7.319363680846706188e+01 9.804938110569190457e-02
3.459999999998303224e+02 -7.320376694314559529e+01 9.779848895868052672e-02
3.469999999998294129e+02 -7.321364136983959270e+01 9.755220432746758430e-02
3.479999999998285034e+02 -7.322328294624243483e+01 9.731039735393365309e-02
3.489999999998275939e+02 -7.323271097244777650e+01 9.707294277101365110e-02
3.499999999998266844e+02 -7.324194180161738643e+01 9.683971971880428464e-02
3.509999999998257749e+02 -7.325098934451413868e+01 9.661061156727306087e-02
3.519999999998248654e+02 -7.325986548630586981e+01 9.638550574570914353e-02
3.529999999998239559e+02 -7.326858043087389660e+01 9.616429357895410479e-02
3.539999999998230464e+02 -7.327714298523235925e+01 9.594687013036781731e-02
3.549999999998221369e+02 -7.328556079448291882e+01 9.573313405142520882e-02
3.559999999998212274e+02 -7.329384053592151815e+01 9.552298743779159829e-02
3.569999999998203180e+02 -7.330198807942268502e+01 9.531633569169283005e-02
3.579999999998194085e+02 -7.331000861998261087e+01 9.511308739037134530e-02
3.589999999998184990e+02 -7.331790678728415855e+01 9.491315416040406461e-02
3.599999999998175895e+02 -7.332568673629647549e+01 9.471645055765005872e-02
3.609999999998166800e+02 -7.333335222222314087e+01 9.452289395258917093e-02
3.619999999998157705e+02 -7.334090666253446500e+01 9.433240442081547439e-02
3.629999999998148610e+02 -7.334835318834144857e+01 9.414490463844842061e-02
3.639999999998139515e+02 -7.335569468697470086e+01 9.396031978223177983e-02
3.649999999998130420e+02 -7.336293383730438222e+01 9.377857743409574731e-02
3.659999999998121325e+02 -7.337007313907000139e+01 9.359960748996466740e-02
3.669999999998112230e+02 -7.337711493726531842e+01 9.342334207260143131e-02
3.679999999998103135e+02 -7.338406144244176232e+01 9.324971544828855596e-02
3.689999999998094040e+02 -7.339091474764029499e+01 9.307866394715366698e-02
3.699999999998084945e+02 -7.339767684254054814e+01 9.291012588695779506e-02
3.709999999998075850e+02 -7.340434962530872554e+01 9.274404150017277748e-02
3.719999999998066755e+02 -7.341093491254466130e+01 9.258035286418246634e-02
3.729999999998057660e+02 -7.341743444765633342e+01 9.241900383445242340e-02
3.739999999998048565e+02 -7.342384990793328825e+01 9.225993998051967848e-02
3.749999999998039470e+02 -7.343018291054261226e+01 9.210310852466378762e-02
3.759999999998030376e+02 -7.343643501763190784e+01 9.194845828312546432e-02
3.769999999998021281e+02 -7.344260774069098829e+01 9.179593960974909150e-02
3.779999999998012186e+02 -7.344870254429881129e+01 9.164550434193052819e-02
3.789999999998003091e+02 -7.345472084935745727e+01 9.149710574875932756e-02
3.799999999997993996e+02 -7.346066403590114646e+01 9.135069848124949266e-02
3.809999999997984901e+02 -7.346653344554782450e+01 9.120623852455983505e-02
3.819999999997975806e+02 -7.347233038365376956e+01 9.106368315211006703e-02
3.829999999997966711e+02 -7.347805612121881325e+01 9.092299088150371245e-02
3.839999999997957616e+02 -7.348371189658134028e+01 9.078412143217472197e-02
3.849999999997948521e+02 -7.348929891693676097e+01 9.064703568467756545e-02
3.859999999997939426e+02 -7.349481835970588861e+01 9.051169564154709635e-02
3.869999999997930331e+02 -7.350027137377655606e+01 9.037806438965677314e-02
3.879999999997921236e+02 -7.350565908063687459e+01 9.024610606400830515e-02
3.889999999997912141e+02 -7.351098257541535475e+01 9.011578581288952339e-02
3.899999999997903046e+02 -7.351624292784129011e+01 8.998706976434062144e-02
3.909999999997893951e+02 -7.352144118313601950e+01 8.985992499387107646e-02
3.919999999997884856e+02 -7.352657836284369353e+01 8.973431949337465352e-02
3.929999999997875761e+02 -7.353165546560987309e+01 8.961022214118985474e-02
3.939999999997866666e+02 -7.353667346791289106e+01 8.948760267325833739e-02
3.949999999997857572e+02 -7.354163332475522452e+01 8.936643165533518507e-02
3.959999999997848477e+02 -7.354653597031698098e+01 8.924668045620645640e-02
3.969999999997839382e+02 -7.355138231857746689e+01 8.912832122187357153e-02
3.979999999997830287e+02 -7.355617326390640187e+01 8.901132685066355521e-02
3.989999999997821192e+02 -7.356090968162881438e+01 8.889567096922929013e-02
3.999999999997812097e+02 -7.356559242856461367e+01 8.878132790940214403e-02
4.009999999997803002e+02 -7.357022234354585066e+01 8.866827268586441324e-02
4.019999999997793907e+02 -7.357480024791311735e+01 8.855648097460744328e-02
4.029999999997784812e+02 -7.357932694599278989e+01 8.844592909214607501e-02
4.039999999997775717e+02 -7.358380322555568398e+01 8.833659397545881586e-02
4.049999999997766622e+02 -7.358822985825892715e+01 8.822845316262584170e-02
4.059999999997757527e+02 -7.359260760007251179e+01 8.812148477413740688e-02
4.069999999997748432e+02 -7.359693719169003145e+01 8.801566749484825147e-02
4.079999999997739337e+02 -7.360121935892641432e+01 8.791098055655151289e-02
4.089999999997730242e+02 -7.360545481310066407e+01 8.780740372115024284e-02
4.099999999997721147e+02 -7.360964425140743117e+01 8.770491726440314550e-02
4.109999999997712052e+02 -7.361378835727593639e+01 8.760350196022327618e-02
4.119999999997702957e+02 -7.361788780071663041e+01 8.750313906550932774e-02
4.129999999997693862e+02 -7.362194323865774948e+01 8.740381030548917407e-02
4.139999999997684768e+02 -7.362595531527090031e+01 8.730549785955692144e-02
4.149999999997675673e+02 -7.362992466228647004e+01 8.720818434758681459e-02
4.159999999997666578e+02 -7.363385189929958585e+01 8.711185281670351388e-02
4.169999999997657483e+02 -7.363773763406621242e+01 8.701648672849540689e-02
4.179999999997648388e+02 -7.364158246279102116e+01 8.692206994665242770e-02
4.189999999997639293e+02 -7.364538697040600823e+01 8.682858672501508890e-02
4.199999999997630198e+02 -7.364915173084111188e+01 8.673602169601830891e-02
4.209999999997621103e+02 -7.365287730728665849e+01 8.664435985951657315e-02
4.219999999997612008e+02 -7.365656425244846162e+01 8.655358657197737005e-02
4.229999999997602913e+02 -7.366021310879499140e+01 8.646368753602881596e-02
4.239999999997593818e+02 -7.366382440879769433e+01 8.637464879035004761e-02
4.249999999997584723e+02 -7.366739867516432128e+01 8.628645669989085110e-02
4.259999999997575628e+02 -7.367093642106578955e+01 8.619909794641072986e-02
4.269999999997566533e+02 -7.367443815035605326e+01 8.611255951932465791e-02
4.279999999997557438e+02 -7.367790435778648828e+01 8.602682870684588701e-02
4.289999999997548343e+02 -7.368133552921349860e+01 8.594189308741477518e-02
4.299999999997539248e+02 -7.368473214180089315e+01 8.585774052140413004e-02
4.309999999997530153e+02 -7.368809466421643606e+01 8.577435914309131104e-02
4.319999999997521059e+02 -7.369142355682288326e+01 8.569173735288806992e-02
4.329999999997511964e+02 -7.369471927186384619e+01 8.560986380981869259e-02
4.339999999997502869e+02 -7.369798225364466759e+01 8.552872742423869856e-02
4.349999999997493774e+02 -7.370121293870806767e+01 8.544831735078571577e-02
4.359999999997484679e+02 -7.370441175600545591e+01 8.536862298155364903e-02
4.369999999997475584e+02 -7.370757912706326920e+01 8.528963393948398031e-02
4.379999999997466489e+02 -7.371071546614500392e+01 8.521134007196545790e-02
4.389999999997457394e+02 -7.371382118040889964e+01 8.513373144463626252e-02
4.399999999997448299e+02 -7.371689667006177160e+01 8.505679833538101753e-02
4.409999999997439204e+02 -7.371994232850789786e+01 8.498053122851614849e-02
4.419999999997430109e+02 -7.372295854249503577e+01 8.490492080915783280e-02
4.429999999997421014e+02 -7.372594569225610428e+01 8.482995795776510084e-02
4.439999999997411919e+02 -7.372890415164678757e+01 8.475563374485423074e-02
4.449999999997402824e+02 -7.373183428828083663e+01 8.468193942587648460e-02
4.459999999997393729e+02 -7.373473646366021228e+01 8.460886643625500914e-02
4.469999999997384634e+02 -7.373761103330340916e+01 8.453640638657565487e-02
4.479999999997375539e+02 -7.374045834686953071e+01 8.446455105792580187e-02
4.489999999997366444e+02 -7.374327874827960727e+01 8.439329239737702881e-02
4.499999999997357349e+02 -7.374607257583470243e+01 8.432262251360619909e-02
4.509999999997348255e+02 -7.374884016233127682e+01 8.425253367265075899e-02
4.519999999997339160e+02 -7.375158183517353905e+01 8.418301829379387646e-02
4.529999999997330065e+02 -7.375429791648288358e+01 8.411406894557500735e-02
4.539999999997320970e+02 -7.375698872320469945e+01 8.404567834192132325e-02
4.549999999997311875e+02 -7.375965456721250746e+01 8.397783933839676751e-02
4.559999999997302780e+02 -7.376229575540982353e+01 8.391054492856434011e-02
4.569999999997293685e+02 -7.376491258982916577e+01 8.384378824045828071e-02
4.579999999997284590e+02 -7.376750536772868827e+01 8.377756253316182011e-02
4.589999999997275495e+02 -7.377007438168664066e+01 8.371186119348814070e-02
4.599999999997266400e+02 -7.377261991969366761e+01 8.364667773276032725e-02
4.609999999997257305e+02 -7.377514226524256458e+01 8.358200578368699118e-02
4.619999999997248210e+02 -7.377764169741617195e+01 8.351783909733134781e-02
4.629999999997239115e+02 -7.378011849097278230e+01 8.345417154016977757e-02
4.639999999997230020e+02 -7.378257291642982807e+01 8.339099709123744264e-02
4.649999999997220925e+02 -7.378500524014607720e+01 8.332830983935810010e-02
4.659999999997211830e+02 -7.378741572440068808e+01 8.326610398045496131e-02
4.669999999997202735e+02 -7.378980462747166769e+01 8.320437381494090456e-02
4.679999999997193640e+02 -7.379217220371168651e+01 8.314311374518444653e-02
4.689999999997184545e+02 -7.379451870362250077e+01 8.308231827304939088e-02
4.699999999997175451e+02 -7.379684437392756990e+01 8.302198199750643326e-02
4.709999999997166356e+02 -7.379914945764289769e+01 8.296209961231341967e-02
4.719999999997157261e+02 -7.380143419414667960e+01 8.290266590376246802e-02
4.729999999997148166e+02 -7.380369881924673336e+01 8.284367574849235694e-02
4.739999999997139071e+02 -7.380594356524693467e+01 8.278512411136289273e-02
4.749999999997129976e+02 -7.380816866101181972e+01 8.272700604339043584e-02
4.759999999997120881e+02 -7.381037433203012199e+01 8.266931667974192210e-02
4.769999999997111786e+02 -7.381256080047619150e+01 8.261205123778624093e-02
4.779999999997102691e+02 -7.381472828527105889e+01 8.255520501520004217e-02
4.789999999997093596e+02 -7.381687700214115466e+01 8.249877338812740268e-02
4.799999999997084501e+02 -7.381900716367637472e+01 8.244275180939086844e-02
4.809999999997075406e+02 -7.382111897938656853e+01 8.238713580675272041e-02
4.819999999997066311e+02 -7.382321265575681934e+01 8.233192098122449343e-02
4.829999999997057216e+02 -7.382528839630192863e+01 8.227710300542374899e-02
4.839999999997048121e+02 -7.382734640161888251e+01 8.222267762197607577e-02
4.849999999997039026e+02 -7.382938686943930406e+01 8.216864064196099937e-02
4.859999999997029931e+02 -7.383140999467926235e+01 8.211498794340098273e-02
4.869999999997020836e+02 -7.383341596948973518e+01 8.206171546979157405e-02
4.879999999997011741e+02 -7.383540498330501123e+01 8.200881922867137019e-02
4.889999999997002647e+02 -7.383737722288977068e+01 8.195629529023130966e-02
4.899999999996993552e+02 -7.383933287238598098e+01 8.190413978596115807e-02
4.909999999996984457e+02 -7.384127211335844265e+01 8.185234890733267266e-02
4.919999999996975362e+02 -7.384319512483915560e+01 8.180091890451793302e-02
4.929999999996966267e+02 -7.384510208337147219e+01 8.174984608514207496e-02
4.939999999996957172e+02 -7.384699316305211880e+01 8.169912681306952529e-02
4.949999999996948077e+02 -7.384886853557365782e+01 8.164875750722157266e-02
4.959999999996938982e+02 -7.385072837026513071e+01 8.159873464042598223e-02
4.969999999996929887e+02 -7.385257283413235996e+01 8.154905473829635043e-02
4.979999999996920792e+02 -7.385440209189742689e+01 8.149971437814142183e-02
4.989999999996911697e+02 -7.385621630603688459e+01 8.145071018790202289e-02
4.999999999996902602e+02 -7.385801563681954462e+01 8.140203884511611199e-02
5.000000000000000000e+02 -7.385801563682009885e+01 8.140203884510108234e-02
