3.000000000000002665e+00 6.473027642292243922e-01 7.373999574057563122e-02
6.000000000000116351e+00 2.536133870955383784e+01 1.120552657077735353e-01
9.000000000000229150e+00 2.082744635178101333e+01 1.629248617872212923e-01
1.200000000000034284e+01 2.131380795616636448e+01 1.843517523134627911e-01
1.500000000000045652e+01 2.251697970295061779e+01 1.909091044089135103e-01
1.800000000000056843e+01 2.348247151349277928e+01 1.939308993931722624e-01
2.100000000000068212e+01 2.396775112406886521e+01 1.962359683820520118e-01
2.400000000000079581e+01 2.376039109162748630e+01 1.977238950482742563e-01
2.700000000000090949e+01 2.293352827716664066e+01 1.980676569246848373e-01
3.000000000000102318e+01 2.216670100346918915e+01 1.977898377956718301e-01
3.300000000000113687e+01 2.162278604106843005e+01 1.973396094130190626e-01
3.600000000000125056e+01 2.121239958726908270e+01 1.968753319087925557e-01
3.900000000000136424e+01 2.087538424261213876e+01 1.964387549430612612e-01
4.200000000000147793e+01 2.057590695822724314e+01 1.960315307703494048e-01
4.500000000000159162e+01 2.029127791822343951e+01 1.956440361099996972e-01
4.800000000000170530e+01 2.000749379988014809e+01 1.952651978094356588e-01
5.100000000000181899e+01 1.971637877814651318e+01 1.948854820625111339e-01
5.400000000000193268e+01 1.941344048306666892e+01 1.944974149050854584e-01
5.700000000000204636e+01 1.909638187690538658e+01 1.940953001968261094e-01
6.000000000000216005e+01 1.876415463749378176e+01 1.936747794234311149e-01
6.300000000000227374e+01 1.841639609514048104e+01 1.932324486989155099e-01
6.600000000000238742e+01 1.805311198898074210e+01 1.927655791172428745e-01
6.900000000000250111e+01 1.767450642694594976e+01 1.922719303687785708e-01
7.200000000000261480e+01 1.728089533142345857e+01 1.917496350994478960e-01
7.500000000000272848e+01 1.687266472741487178e+01 1.911971332864220163e-01
7.800000000000284217e+01 1.645025151351519099e+01 1.906131408101395253e-01
8.100000000000295586e+01 1.601413432852522334e+01 1.899966408790779715e-01
8.400000000000306954e+01 1.556482799137000939e+01 1.893468902451524438e-01
8.700000000000318323e+01 1.510287832652204543e+01 1.886634343383169210e-01
9.000000000000329692e+01 1.462885601917070844e+01 1.879461268453544165e-01
9.300000000000341061e+01 1.414334910970607773e+01 1.871951501388183225e-01
9.600000000000352429e+01 1.364695421549299148e+01 1.864110335422459186e-01
9.900000000000363798e+01 1.314026677996714021e+01 1.855946668500530750e-01
1.020000000000037517e+02 1.262387071947124717e+01 1.847473069084149266e-01
1.050000000000038654e+02 1.209832783541102330e+01 1.838705754720540431e-01
1.080000000000039790e+02 1.156416731967411593e+01 1.829664470158281209e-01
1.110000000000040927e+02 1.102187562365960005e+01 1.820372257087806700e-01
1.140000000000042064e+02 1.047188689538896789e+01 1.810855113407884576e-01
1.170000000000043201e+02 9.914574120239949551e+00 1.801141546007719585e-01
1.200000000000044338e+02 9.350241032132089458e+00 1.791262027022895720e-01
1.230000000000045475e+02 8.779114795971601382e+00 1.781248368936722004e-01
1.260000000000046612e+02 8.201339400932996071e+00 1.771133038329746334e-01
1.290000000000000284e+02 7.616969649496263095e+00 1.760948431169588602e-01
1.319999999999859313e+02 7.025965580421686951e+00 1.750726134035677228e-01
1.349999999999718341e+02 6.428187125895288290e+00 1.740496195489356912e-01
1.379999999999577369e+02 5.823388774224314446e+00 1.730286429985906094e-01
1.409999999999436398e+02 5.211213989516243039e+00 1.720121773482895244e-01
1.439999999999295426e+02 4.591189128372928252e+00 1.710023705551340645e-01
1.469999999999154454e+02 3.962716590231095015e+00 1.700009747740189869e-01
1.499999999999013482e+02 3.325066942482227006e+00 1.690093042616583052e-01
1.529999999998872511e+02 2.677369774498143506e+00 1.680282012732483843e-01
1.559999999998731539e+02 2.018603058033603403e+00 1.670580094145169836e-01
1.589999999998590567e+02 1.347580828929357821e+00 1.660985535382288325e-01
1.619999999998449596e+02 6.629390630404703444e-01 1.651491250174922376e-01
1.649999999998308624e+02 -3.688029196356033129e-02 1.642084711125824659e-01
1.679999999998167652e+02 -7.536470326074250492e-01 1.632747871964756736e-01
1.709999999998026681e+02 -1.489361864500689858e+00 1.623457108425487572e-01
1.739999999997885709e+02 -2.246276415870027243e+00 1.614183172385557918e-01
1.769999999997744737e+02 -3.026913057788674699e+00 1.604891161172493641e-01
1.799999999997603766e+02 -3.834082852959856957e+00 1.595540514409536648e-01
1.829999999997462794e+02 -4.670899058785285440e+00 1.586085065079323453e-01
1.859999999997321822e+02 -5.540782385869831295e+00 1.576473190191258755e-01
1.889999999997180851e+02 -6.447452614132000548e+00 1.566648129727893912e-01
1.919999999997039879e+02 -7.394899236699153278e+00 1.556548569598558973e-01
1.949999999996898907e+02 -8.387321810006827860e+00 1.546109612284176926e-01
1.979999999996757936e+02 -9.429029433337069221e+00 1.535264281188544744e-01
2.009999999996616964e+02 -1.052429008343268535e+01 1.523945709037909935e-01
2.039999999996475992e+02 -1.167712788586114847e+01 1.512090126394969591e-01
2.069999999996335021e+02 -1.289108522856939842e+01 1.499640663746265867e-01
2.099999999996194049e+02 -1.416900244807909814e+01 1.486551775529217356e-01
2.129999999996053077e+02 -1.551291968441111102e+01 1.472793766903840174e-01
2.159999999995912106e+02 -1.692425335008894649e+01 1.458356490608783418e-01
2.189999999995771134e+02 -1.840439341539735096e+01 1.443250937088066121e-01
2.219999999995630162e+02 -1.995573967940422477e+01 1.427507472498139862e-01
2.249999999995489190e+02 -2.158291699902683547e+01 1.411170241674143955e-01
2.279999999995348219e+02 -2.329357893398862345e+01 1.394288844732109456e-01
2.309999999995207247e+02 -2.509809776800498682e+01 1.376910278650607111e-01
2.339999999995066275e+02 -2.700788391561660617e+01 1.359075053796293120e-01
2.369999999994925304e+02 -2.903310032932844109e+01 1.340819996380503976e-01
2.399999999994784332e+02 -3.118138484725642812e+01 1.322186492238823785e-01
2.429999999994643360e+02 -3.345876806505979317e+01 1.303229271341626305e-01
2.459999999994502389e+02 -3.587241215864943911e+01 1.284020700115479918e-01
2.489999999994361417e+02 -3.843370565109972148e+01 1.264649181871174144e-01
2.519999999994220445e+02 -4.116050782869801594e+01 1.245213875549583543e-01
2.549999999994079474e+02 -4.407808625876293007e+01 1.225818527382380174e-01
2.579999999993938786e+02 -4.721840749280870853e+01 1.206565693331144162e-01
2.609999999993797815e+02 -5.061649980245066160e+01 1.187551457828977669e-01
2.639999999993656843e+02 -5.430046274892853120e+01 1.168860986056984297e-01
2.669999999993515871e+02 -5.826864196380879690e+01 1.150566454427267016e-01
2.699999999993374900e+02 -6.244736818828911140e+01 1.132730014542495944e-01
2.729999999993233928e+02 -6.663951031441779094e+01 1.115413591354659228e-01
2.759999999993092956e+02 -7.052094908960143016e+01 1.098691775902076034e-01
2.789999999992951984e+02 -7.375705156801409146e+01 1.082655641226388105e-01
2.819999999992811013e+02 -7.617774510717453040e+01 1.067397635741476614e-01
2.849999999992670041e+02 -7.783162080428171237e+01 1.052986733883073955e-01
2.879999999992529069e+02 -7.889250401231686283e+01 1.039453193641073914e-01
2.909999999992388098e+02 -7.954862024464854642e+01 1.026789529418216662e-01
2.939999999992247126e+02 -7.994872854456595235e+01 1.014960797430971978e-01
2.969999999992106154e+02 -8.019402377765590018e+01 1.003916136922169272e-01
2.999999999991965183e+02 -8.034800356347244588e+01 9.935977607504796472e-02
3.029999999991824211e+02 -8.044874597215076051e+01 9.839467853730714253e-02
3.059999999991683239e+02 -8.051850778489246352e+01 9.749065438390849825e-02
3.089999999991542268e+02 -8.057011505185961653e+01 9.664242194857199098e-02
3.119999999991401296e+02 -8.061090662726280698e+01 9.584514698261724364e-02
3.149999999991260324e+02 -8.064507222550228960e+01 9.509444906225146543e-02
3.179999999991119353e+02 -8.067500823387656794e+01 9.438637958603547651e-02
3.209999999990978381e+02 -8.070209403800986081e+01 9.371738722852566983e-02
3.239999999990837409e+02 -8.072713325606906665e+01 9.308427949752871855e-02
3.269999999990696438e+02 -8.075060342084950094e+01 9.248418482452884504e-02
3.299999999990555466e+02 -8.077279690920769895e+01 9.191451725297630770e-02
3.329999999990414494e+02 -8.079390038768363524e+01 9.137294451434287146e-02
3.359999999990273523e+02 -8.081403959105503532e+01 9.085735962663302190e-02
3.389999999990132551e+02 -8.083330458762972626e+01 9.036585583667021415e-02
3.419999999989991579e+02 -8.085176407206695615e+01 8.989670459704197925e-02
3.449999999989850608e+02 -8.086947349061682644e+01 8.944833623231224218e-02
3.479999999989709636e+02 -8.088647969844160457e+01 8.901932295846350096e-02
3.509999999989568664e+02 -8.090282366448963103e+01 8.860836394874087307e-02
3.539999999989427693e+02 -8.091854207425049594e+01 8.821427217478647331e-02
3.569999999989286721e+02 -8.093366830746091978e+01 8.783596278772788646e-02
3.599999999989145749e+02 -8.094823305860332141e+01 8.747244283678551335e-02
3.629999999989004777e+02 -8.096226475076235829e+01 8.712280215198643651e-02
3.659999999988863806e+02 -8.097578982773272571e+01 8.678620524257336932e-02
3.689999999988722834e+02 -8.098883297245602364e+01 8.646188408397872949e-02
3.719999999988581862e+02 -8.100141727923117685e+01 8.614913168423039835e-02
3.749999999988440891e+02 -8.101356439554848521e+01 8.584729633584864406e-02
3.779999999988299919e+02 -8.102529464286546101e+01 8.555577647211118353e-02
3.809999999988158947e+02 -8.103662712194616802e+01 8.527401605740959900e-02
3.839999999988017976e+02 -8.104757980627492486e+01 8.500150045060902992e-02
3.869999999987877004e+02 -8.105816962583494956e+01 8.473775268814731643e-02
3.899999999987736032e+02 -8.106841254282680609e+01 8.448233014029089827e-02
3.929999999987595061e+02 -8.107832362046993069e+01 8.423482149968615496e-02
3.959999999987454089e+02 -8.108791708575593304e+01 8.399484406627591437e-02
3.989999999987313117e+02 -8.109720638685111282e+01 8.376204129690553724e-02
4.019999999987172146e+02 -8.110620424572256582e+01 8.353608059163197819e-02
4.049999999987031174e+02 -8.111492270647256930e+01 8.331665129196025310e-02
4.079999999986890202e+02 -8.112337317980689022e+01 8.310346286903026736e-02
4.109999999986749231e+02 -8.113156648399893811e+01 8.289624328222999772e-02
4.139999999986608259e+02 -8.113951288268310691e+01 8.269473749086213299e-02
4.169999999986467287e+02 -8.114722211975924893e+01 8.249870610338180810e-02
4.199999999986326316e+02 -8.115470345167042865e+01 8.230792415039850374e-02
4.229999999986185344e+02 -8.116196567728633227e+01 8.212217996910303741e-02
4.259999999986044372e+02 -8.116901716559658553e+01 8.194127418809339647e-02
4.289999999985903401e+02 -8.117586588140471804e+01 8.176501880272844802e-02
4.319999999985762429e+02 -8.118251940918882781e+01 8.159323633216845895e-02
4.349999999985621457e+02 -8.118898497528380176e+01 8.142575905017818139e-02
4.379999999985480486e+02 -8.119526946852171534e+01 8.126242828258301021e-02
4.409999999985339514e+02 -8.120137945945498359e+01 8.110309376499588718e-02
4.439999999985198542e+02 -8.120732121827779793e+01 8.094761305508119120e-02
4.469999999985057570e+02 -8.121310073154549514e+01 8.079585099420426297e-02
4.499999999984916599e+02 -8.121872371778901822e+01 8.064767921383005078e-02
4.529999999984775627e+02 -8.122419564210922260e+01 8.050297568250310010e-02
4.559999999984634655e+02 -8.122952172982488150e+01 8.036162428964831184e-02
4.589999999984493684e+02 -8.123470697925186812e+01 8.022351446281600351e-02
4.619999999984352712e+02 -8.123975617367237589e+01 8.008854081531760483e-02
4.649999999984211740e+02 -8.124467389255896421e+01 7.995660282150261755e-02
4.679999999984070769e+02 -8.124946452210126324e+01 7.982760451719683736e-02
4.709999999983929797e+02 -8.125413226509384401e+01 7.970145422305983940e-02
4.739999999983788825e+02 -8.125868115022136351e+01 7.957806428883863747e-02
4.769999999983647854e+02 -8.126311504079183123e+01 7.945735085668793884e-02
4.799999999983506882e+02 -8.126743764294931793e+01 7.933923364190353933e-02
4.829999999983365910e+02 -8.127165251340785801e+01 7.922363572957162592e-02
4.859999999983224939e+02 -8.127576306673337569e+01 7.911048338577662820e-02
4.889999999983083967e+02 -8.127977258221086743e+01 7.899970588214472178e-02
4.919999999982942995e+02 -8.128368421031751723e+01 7.889123533260394838e-02
4.949999999982802024e+02 -8.128750097883099102e+01 7.878500654135617287e-02
4.979999999982661052e+02 -8.129122579859927100e+01 7.868095686113936449e-02
5.000000000000000000e+02 -8.129365931620654351e+01 7.861277118404966235e-02
0.000000000000000000e+00 0.000000000000000000e+00 0.000000000000000000e+00
0.000000000000000000e+00 0.000000000000000000e+00 0.000000000000000000e+00
0.000000000000000000e+00 0.000000000000000000e+00 0.000000000000000000e+00
0.000000000000000000e+00 0.000000000000000000e+00 0.000000000000000000e+00
0.000000000000000000e+00 0.000000000000000000e+00 0.000000000000000000e+00
0.000000000000000000e+00 0.000000000000000000e+00 0.000000000000000000e+00
0.000000000000000000e+00 0.000000000000000000e+00 0.000000000000000000e+00
0.000000000000000000e+00 0.000000000000000000e+00 0.000000000000000000e+00
0.000000000000000000e+00 0.000000000000000000e+00 0.000000000000000000e+00
0.000000000000000000e+00 0.000000000000000000e+00 0.000000000000000000e+00
0.000000000000000000e+00 0.000000000000000000e+00 0.000000000000000000e+00
0.000000000000000000e+00 0.000000000000000000e+00 0.000000000000000000e+00
0.000000000000000000e+00 0.000000000000000000e+00 0.000000000000000000e+00
0.000000000000000000e+00 0.000000000000000000e+00 0.000000000000000000e+00
0.000000000000000000e+00 0.000000000000000000e+00 0.000000000000000000e+00
0.000000000000000000e+00 0.000000000000000000e+00 0.000000000000000000e+00
0.000000000000000000e+00 0.000000000000000000e+00 0.000000000000000000e+00
0.000000000000000000e+00 0.000000000000000000e+00 0.000000000000000000e+00
0.000000000000000000e+00 0.000000000000000000e+00 0.000000000000000000e+00
0.000000000000000000e+00 0.000000000000000000e+00 0.000000000000000000e+00
0.000000000000000000e+00 0.000000000000000000e+00 0.000000000000000000e+00
0.000000000000000000e+00 0.000000000000000000e+00 0.000000000000000000e+00
0.000000000000000000e+00 0.000000000000000000e+00 0.000000000000000000e+00
0.000000000000000000e+00 0.000000000000000000e+00 0.000000000000000000e+00
0.000000000000000000e+00 0.000000000000000000e+00 0.000000000000000000e+00
0.000000000000000000e+00 0.000000000000000000e+00 0.000000000000000000e+00
0.000000000000000000e+00 0.000000000000000000e+00 0.000000000000000000e+00
0.000000000000000000e+00 0.000000000000000000e+00 0.000000000000000000e+00
0.000000000000000000e+00 0.000000000000000000e+00 0.000000000000000000e+00
0.000000000000000000e+00 0.000000000000000000e+00 0.000000000000000000e+00
0.000000000000000000e+00 0.000000000000000000e+00 0.000000000000000000e+00
0.000000000000000000e+00 0.000000000000000000e+00 0.000000000000000000e+00
0.000000000000000000e+00 0.000000000000000000e+00 0.000000000000000000e+00
0.000000000000000000e+00 0.000000000000000000e+00 0.000000000000000000e+00
0.000000000000000000e+00 0.000000000000000000e+00 0.000000000000000000e+00
0.000000000000000000e+00 0.000000000000000000e+00 0.000000000000000000e+00
0.000000000000000000e+00 0.000000000000000000e+00 0.000000000000000000e+00
0.000000000000000000e+00 0.000000000000000000e+00 0.000000000000000000e+00
0.000000000000000000e+00 0.000000000000000000e+00 0.000000000000000000e+00
0.000000000000000000e+00 0.000000000000000000e+00 0.000000000000000000e+00
0.000000000000000000e+00 0.000000000000000000e+00 0.000000000000000000e+00
0.000000000000000000e+00 0.000000000000000000e+00 0.000000000000000000e+00
0.000000000000000000e+00 0.000000000000000000e+00 0.000000000000000000e+00
0.000000000000000000e+00 0.000000000000000000e+00 0.000000000000000000e+00
0.000000000000000000e+00 0.000000000000000000e+00 0.000000000000000000e+00
0.000000000000000000e+00 0.000000000000000000e+00 0.000000000000000000e+00
0.000000000000000000e+00 0.000000000000000000e+00 0.000000000000000000e+00
0.000000000000000000e+00 0.000000000000000000e+00 0.000000000000000000e+00
0.000000000000000000e+00 0.000000000000000000e+00 0.000000000000000000e+00
0.000000000000000000e+00 0.000000000000000000e+00 0.000000000000000000e+00
0.000000000000000000e+00 0.000000000000000000e+00 0.000000000000000000e+00
0.000000000000000000e+00 0.000000000000000000e+00 0.000000000000000000e+00
0.000000000000000000e+00 0.000000000000000000e+00 0.000000000000000000e+00
0.000000000000000000e+00 0.000000000000000000e+00 0.000000000000000000e+00
0.000000000000000000e+00 0.000000000000000000e+00 0.000000000000000000e+00
0.000000000000000000e+00 0.000000000000000000e+00 0.000000000000000000e+00
0.000000000000000000e+00 0.000000000000000000e+00 0.000000000000000000e+00
0.000000000000000000e+00 0.000000000000000000e+00 0.000000000000000000e+00
0.000000000000000000e+00 0.000000000000000000e+00 0.000000000000000000e+00
0.000000000000000000e+00 0.000000000000000000e+00 0.000000000000000000e+00
0.000000000000000000e+00 0.000000000000000000e+00 0.000000000000000000e+00
0.000000000000000000e+00 0.000000000000000000e+00 0.000000000000000000e+00
0.000000000000000000e+00 0.000000000000000000e+00 0.000000000000000000e+00
0.000000000000000000e+00 0.000000000000000000e+00 0.000000000000000000e+00
0.000000000000000000e+00 0.000000000000000000e+00 0.000000000000000000e+00
0.000000000000000000e+00 0.000000000000000000e+00 0.000000000000000000e+00
0.000000000000000000e+00 0.000000000000000000e+00 0.000000000000000000e+00
0.000000000000000000e+00 0.000000000000000000e+00 0.000000000000000000e+00
0.000000000000000000e+00 0.000000000000000000e+00 0.000000000000000000e+00
0.000000000000000000e+00 0.000000000000000000e+00 0.000000000000000000e+00
0.000000000000000000e+00 0.000000000000000000e+00 0.000000000000000000e+00
0.000000000000000000e+00 0.000000000000000000e+00 0.000000000000000000e+00
0.000000000000000000e+00 0.000000000000000000e+00 0.000000000000000000e+00
0.000000000000000000e+00 0.000000000000000000e+00 0.000000000000000000e+00
0.000000000000000000e+00 0.000000000000000000e+00 0.000000000000000000e+00
0.000000000000000000e+00 0.000000000000000000e+00 0.000000000000000000e+00
0.000000000000000000e+00 0.000000000000000000e+00 0.000000000000000000e+00
0.000000000000000000e+00 0.000000000000000000e+00 0.000000000000000000e+00
0.000000000000000000e+00 0.000000000000000000e+00 0.000000000000000000e+00
0.000000000000000000e+00 0.000000000000000000e+00 0.000000000000000000e+00
0.000000000000000000e+00 0.000000000000000000e+00 0.000000000000000000e+00
0.000000000000000000e+00 0.000000000000000000e+00 0.000000000000000000e+00
0.000000000000000000e+00 0.000000000000000000e+00 0.000000000000000000e+00
0.000000000000000000e+00 0.000000000000000000e+00 0.000000000000000000e+00
0.000000000000000000e+00 0.000000000000000000e+00 0.000000000000000000e+00
0.000000000000000000e+00 0.000000000000000000e+00 0.000000000000000000e+00
0.000000000000000000e+00 0.000000000000000000e+00 0.000000000000000000e+00
0.000000000000000000e+00 0.000000000000000000e+00 0.000000000000000000e+00
0.000000000000000000e+00 0.000000000000000000e+00 0.000000000000000000e+00
0.000000000000000000e+00 0.000000000000000000e+00 0.000000000000000000e+00
0.000000000000000000e+00 0.000000000000000000e+00 0.000000000000000000e+00
0.000000000000000000e+00 0.000000000000000000e+00 0.000000000000000000e+00
0.000000000000000000e+00 0.000000000000000000e+00 0.000000000000000000e+00
0.000000000000000000e+00 0.000000000000000000e+00 0.000000000000000000e+00
0.000000000000000000e+00 0.000000000000000000e+00 0.000000000000000000e+00
0.000000000000000000e+00 0.000000000000000000e+00 0.000000000000000000e+00
0.000000000000000000e+00 0.000000000000000000e+00 0.000000000000000000e+00
0.000000000000000000e+00 0.000000000000000000e+00 0.000000000000000000e+00
0.000000000000000000e+00 0.000000000000000000e+00 0.000000000000000000e+00
0.000000000000000000e+00 0.000000000000000000e+00 0.000000000000000000e+00
0.000000000000000000e+00 0.000000000000000000e+00 0.000000000000000000e+00
0.000000000000000000e+00 0.000000000000000000e+00 0.000000000000000000e+00
0.000000000000000000e+00 0.000000000000000000e+00 0.000000000000000000e+00
0.000000000000000000e+00 0.000000000000000000e+00 0.000000000000000000e+00
0.000000000000000000e+00 0.000000000000000000e+00 0.000000000000000000e+00
0.000000000000000000e+00 0.000000000000000000e+00 0.000000000000000000e+00
0.000000000000000000e+00 0.000000000000000000e+00 0.000000000000000000e+00
0.000000000000000000e+00 0.000000000000000000e+00 0.000000000000000000e+00
0.000000000000000000e+00 0.000000000000000000e+00 0.000000000000000000e+00
0.000000000000000000e+00 0.000000000000000000e+00 0.000000000000000000e+00
0.000000000000000000e+00 0.000000000000000000e+00 0.000000000000000000e+00
0.000000000000000000e+00 0.000000000000000000e+00 0.000000000000000000e+00
0.000000000000000000e+00 0.000000000000000000e+00 0.000000000000000000e+00
0.000000000000000000e+00 0.000000000000000000e+00 0.000000000000000000e+00
0.000000000000000000e+00 0.000000000000000000e+00 0.000000000000000000e+00
0.000000000000000000e+00 0.000000000000000000e+00 0.000000000000000000e+00
0.000000000000000000e+00 0.000000000000000000e+00 0.000000000000000000e+00
0.000000000000000000e+00 0.000000000000000000e+00 0.000000000000000000e+00
0.000000000000000000e+00 0.000000000000000000e+00 0.000000000000000000e+00
0.000000000000000000e+00 0.000000000000000000e+00 0.000000000000000000e+00
0.000000000000000000e+00 0.000000000000000000e+00 0.000000000000000000e+00
0.000000000000000000e+00 0.000000000000000000e+00 0.000000000000000000e+00
0.000000000000000000e+00 0.000000000000000000e+00 0.000000000000000000e+00
0.000000000000000000e+00 0.000000000000000000e+00 0.000000000000000000e+00
0.000000000000000000e+00 0.000000000000000000e+00 0.000000000000000000e+00
0.000000000000000000e+00 0.000000000000000000e+00 0.000000000000000000e+00
0.000000000000000000e+00 0.000000000000000000e+00 0.000000000000000000e+00
0.000000000000000000e+00 0.000000000000000000e+00 0.000000000000000000e+00
0.000000000000000000e+00 0.000000000000000000e+00 0.000000000000000000e+00
0.000000000000000000e+00 0.000000000000000000e+00 0.000000000000000000e+00
0.000000000000000000e+00 0.000000000000000000e+00 0.000000000000000000e+00
0.000000000000000000e+00 0.000000000000000000e+00 0.000000000000000000e+00
0.000000000000000000e+00 0.000000000000000000e+00 0.000000000000000000e+00
0.000000000000000000e+00 0.000000000000000000e+00 0.000000000000000000e+00
0.000000000000000000e+00 0.000000000000000000e+00 0.000000000000000000e+00
0.000000000000000000e+00 0.000000000000000000e+00 0.000000000000000000e+00
0.000000000000000000e+00 0.000000000000000000e+00 0.000000000000000000e+00
0.000000000000000000e+00 0.000000000000000000e+00 0.000000000000000000e+00
0.000000000000000000e+00 0.000000000000000000e+00 0.000000000000000000e+00
0.000000000000000000e+00 0.000000000000000000e+00 0.000000000000000000e+00
0.000000000000000000e+00 0.000000000000000000e+00 0.000000000000000000e+00
0.000000000000000000e+00 0.000000000000000000e+00 0.000000000000000000e+00
0.000000000000000000e+00 0.000000000000000000e+00 0.000000000000000000e+00
0.000000000000000000e+00 0.000000000000000000e+00 0.000000000000000000e+00
0.000000000000000000e+00 0.000000000000000000e+00 0.000000000000000000e+00
0.000000000000000000e+00 0.000000000000000000e+00 0.000000000000000000e+00
0.000000000000000000e+00 0.000000000000000000e+00 0.000000000000000000e+00
0.000000000000000000e+00 0.000000000000000000e+00 0.000000000000000000e+00
0.000000000000000000e+00 0.000000000000000000e+00 0.000000000000000000e+00
0.000000000000000000e+00 0.000000000000000000e+00 0.000000000000000000e+00
0.000000000000000000e+00 0.000000000000000000e+00 0.000000000000000000e+00
0.000000000000000000e+00 0.000000000000000000e+00 0.000000000000000000e+00
0.000000000000000000e+00 0.000000000000000000e+00 0.000000000000000000e+00
0.000000000000000000e+00 0.000000000000000000e+00 0.000000000000000000e+00
0.000000000000000000e+00 0.000000000000000000e+00 0.000000000000000000e+00
0.000000000000000000e+00 0.000000000000000000e+00 0.000000000000000000e+00
0.000000000000000000e+00 0.000000000000000000e+00 0.000000000000000000e+00
0.000000000000000000e+00 0.000000000000000000e+00 0.000000000000000000e+00
0.000000000000000000e+00 0.000000000000000000e+00 0.000000000000000000e+00
0.000000000000000000e+00 0.000000000000000000e+00 0.000000000000000000e+00
0.000000000000000000e+00 0.000000000000000000e+00 0.000000000000000000e+00
0.000000000000000000e+00 0.000000000000000000e+00 0.000000000000000000e+00
0.000000000000000000e+00 0.000000000000000000e+00 0.000000000000000000e+00
0.000000000000000000e+00 0.000000000000000000e+00 0.000000000000000000e+00
0.000000000000000000e+00 0.000000000000000000e+00 0.000000000000000000e+00
0.000000000000000000e+00 0.000000000000000000e+00 0.000000000000000000e+00
0.000000000000000000e+00 0.000000000000000000e+00 0.000000000000000000e+00
0.000000000000000000e+00 0.000000000000000000e+00 0.000000000000000000e+00
0.000000000000000000e+00 0.000000000000000000e+00 0.000000000000000000e+00
0.000000000000000000e+00 0.000000000000000000e+00 0.000000000000000000e+00
0.000000000000000000e+00 0.000000000000000000e+00 0.000000000000000000e+00
0.000000000000000000e+00 0.000000000000000000e+00 0.000000000000000000e+00
0.000000000000000000e+00 0.000000000000000000e+00 0.000000000000000000e+00
0.000000000000000000e+00 0.000000000000000000e+00 0.000000000000000000e+00
0.000000000000000000e+00 0.000000000000000000e+00 0.000000000000000000e+00
0.000000000000000000e+00 0.000000000000000000e+00 0.000000000000000000e+00
0.000000000000000000e+00 0.000000000000000000e+00 0.000000000000000000e+00
0.000000000000000000e+00 0.000000000000000000e+00 0.000000000000000000e+00
0.000000000000000000e+00 0.000000000000000000e+00 0.000000000000000000e+00
0.000000000000000000e+00 0.000000000000000000e+00 0.000000000000000000e+00
0.000000000000000000e+00 0.000000000000000000e+00 0.000000000000000000e+00
0.000000000000000000e+00 0.000000000000000000e+00 0.000000000000000000e+00
0.000000000000000000e+00 0.000000000000000000e+00 0.000000000000000000e+00
0.000000000000000000e+00 0.000000000000000000e+00 0.000000000000000000e+00
0.000000000000000000e+00 0.000000000000000000e+00 0.000000000000000000e+00
0.000000000000000000e+00 0.000000000000000000e+00 0.000000000000000000e+00
0.000000000000000000e+00 0.000000000000000000e+00 0.000000000000000000e+00
0.000000000000000000e+00 0.000000000000000000e+00 0.000000000000000000e+00
0.000000000000000000e+00 0.000000000000000000e+00 0.000000000000000000e+00
0.000000000000000000e+00 0.000000000000000000e+00 0.000000000000000000e+00
0.000000000000000000e+00 0.000000000000000000e+00 0.000000000000000000e+00
0.000000000000000000e+00 0.000000000000000000e+00 0.000000000000000000e+00
0.000000000000000000e+00 0.000000000000000000e+00 0.000000000000000000e+00
0.000000000000000000e+00 0.000000000000000000e+00 0.000000000000000000e+00
0.000000000000000000e+00 0.000000000000000000e+00 0.000000000000000000e+00
0.000000000000000000e+00 0.000000000000000000e+00 0.000000000000000000e+00
0.000000000000000000e+00 0.000000000000000000e+00 0.000000000000000000e+00
0.000000000000000000e+00 0.000000000000000000e+00 0.000000000000000000e+00
0.000000000000000000e+00 0.000000000000000000e+00 0.000000000000000000e+00
0.000000000000000000e+00 0.000000000000000000e+00 0.000000000000000000e+00
0.000000000000000000e+00 0.000000000000000000e+00 0.000000000000000000e+00
0.000000000000000000e+00 0.000000000000000000e+00 0.000000000000000000e+00
0.000000000000000000e+00 0.000000000000000000e+00 0.000000000000000000e+00
0.000000000000000000e+00 0.000000000000000000e+00 0.000000000000000000e+00
0.000000000000000000e+00 0.000000000000000000e+00 0.000000000000000000e+00
0.000000000000000000e+00 0.000000000000000000e+00 0.000000000000000000e+00
0.000000000000000000e+00 0.000000000000000000e+00 0.000000000000000000e+00
0.000000000000000000e+00 0.000000000000000000e+00 0.000000000000000000e+00
0.000000000000000000e+00 0.000000000000000000e+00 0.000000000000000000e+00
0.000000000000000000e+00 0.000000000000000000e+00 0.000000000000000000e+00
0.000000000000000000e+00 0.000000000000000000e+00 0.000000000000000000e+00
0.000000000000000000e+00 0.000000000000000000e+00 0.000000000000000000e+00
0.000000000000000000e+00 0.000000000000000000e+00 0.000000000000000000e+00
0.000000000000000000e+00 0.000000000000000000e+00 0.000000000000000000e+00
0.000000000000000000e+00 0.000000000000000000e+00 0.000000000000000000e+00
0.000000000000000000e+00 0.000000000000000000e+00 0.000000000000000000e+00
0.000000000000000000e+00 0.000000000000000000e+00 0.000000000000000000e+00
0.000000000000000000e+00 0.000000000000000000e+00 0.000000000000000000e+00
0.000000000000000000e+00 0.000000000000000000e+00 0.000000000000000000e+00
0.000000000000000000e+00 0.000000000000000000e+00 0.000000000000000000e+00
0.000000000000000000e+00 0.000000000000000000e+00 0.000000000000000000e+00
0.000000000000000000e+00 0.000000000000000000e+00 0.000000000000000000e+00
0.000000000000000000e+00 0.000000000000000000e+00 0.000000000000000000e+00
0.000000000000000000e+00 0.000000000000000000e+00 0.000000000000000000e+00
0.000000000000000000e+00 0.000000000000000000e+00 0.000000000000000000e+00
0.000000000000000000e+00 0.000000000000000000e+00 0.000000000000000000e+00
0.000000000000000000e+00 0.000000000000000000e+00 0.000000000000000000e+00
0.000000000000000000e+00 0.000000000000000000e+00 0.000000000000000000e+00
0.000000000000000000e+00 0.000000000000000000e+00 0.000000000000000000e+00
0.000000000000000000e+00 0.000000000000000000e+00 0.000000000000000000e+00
0.000000000000000000e+00 0.000000000000000000e+00 0.000000000000000000e+00
0.000000000000000000e+00 0.000000000000000000e+00 0.000000000000000000e+00
0.000000000000000000e+00 0.000000000000000000e+00 0.000000000000000000e+00
0.000000000000000000e+00 0.000000000000000000e+00 0.000000000000000000e+00
0.000000000000000000e+00 0.000000000000000000e+00 0.000000000000000000e+00
0.000000000000000000e+00 0.000000000000000000e+00 0.000000000000000000e+00
0.000000000000000000e+00 0.000000000000000000e+00 0.000000000000000000e+00
0.000000000000000000e+00 0.000000000000000000e+00 0.000000000000000000e+00
0.000000000000000000e+00 0.000000000000000000e+00 0.000000000000000000e+00
0.000000000000000000e+00 0.000000000000000000e+00 0.000000000000000000e+00
0.000000000000000000e+00 0.000000000000000000e+00 0.000000000000000000e+00
0.000000000000000000e+00 0.000000000000000000e+00 0.000000000000000000e+00
0.000000000000000000e+00 0.000000000000000000e+00 0.000000000000000000e+00
0.000000000000000000e+00 0.000000000000000000e+00 0.000000000000000000e+00
0.000000000000000000e+00 0.000000000000000000e+00 0.000000000000000000e+00
0.000000000000000000e+00 0.000000000000000000e+00 0.000000000000000000e+00
0.000000000000000000e+00 0.000000000000000000e+00 0.000000000000000000e+00
0.000000000000000000e+00 0.000000000000000000e+00 0.000000000000000000e+00
0.000000000000000000e+00 0.000000000000000000e+00 0.000000000000000000e+00
0.000000000000000000e+00 0.000000000000000000e+00 0.000000000000000000e+00
0.000000000000000000e+00 0.000000000000000000e+00 0.000000000000000000e+00
0.000000000000000000e+00 0.000000000000000000e+00 0.000000000000000000e+00
0.000000000000000000e+00 0.000000000000000000e+00 0.000000000000000000e+00
0.000000000000000000e+00 0.000000000000000000e+00 0.000000000000000000e+00
0.000000000000000000e+00 0.000000000000000000e+00 0.000000000000000000e+00
0.000000000000000000e+00 0.000000000000000000e+00 0.000000000000000000e+00
0.000000000000000000e+00 0.000000000000000000e+00 0.000000000000000000e+00
0.000000000000000000e+00 0.000000000000000000e+00 0.000000000000000000e+00
0.000000000000000000e+00 0.000000000000000000e+00 0.000000000000000000e+00
0.000000000000000000e+00 0.000000000000000000e+00 0.000000000000000000e+00
0.000000000000000000e+00 0.000000000000000000e+00 0.000000000000000000e+00
0.000000000000000000e+00 0.000000000000000000e+00 0.000000000000000000e+00
0.000000000000000000e+00 0.000000000000000000e+00 0.000000000000000000e+00
0.000000000000000000e+00 0.000000000000000000e+00 0.000000000000000000e+00
0.000000000000000000e+00 0.000000000000000000e+00 0.000000000000000000e+00
0.000000000000000000e+00 0.000000000000000000e+00 0.000000000000000000e+00
0.000000000000000000e+00 0.000000000000000000e+00 0.000000000000000000e+00
0.000000000000000000e+00 0.000000000000000000e+00 0.000000000000000000e+00
0.000000000000000000e+00 0.000000000000000000e+00 0.000000000000000000e+00
0.000000000000000000e+00 0.000000000000000000e+00 0.000000000000000000e+00
0.000000000000000000e+00 0.000000000000000000e+00 0.000000000000000000e+00
0.000000000000000000e+00 0.000000000000000000e+00 0.000000000000000000e+00
0.000000000000000000e+00 0.000000000000000000e+00 0.000000000000000000e+00
0.000000000000000000e+00 0.000000000000000000e+00 0.000000000000000000e+00
0.000000000000000000e+00 0.000000000000000000e+00 0.000000000000000000e+00
0.000000000000000000e+00 0.000000000000000000e+00 0.000000000000000000e+00
0.000000000000000000e+00 0.000000000000000000e+00 0.000000000000000000e+00
0.000000000000000000e+00 0.000000000000000000e+00 0.000000000000000000e+00
0.000000000000000000e+00 0.000000000000000000e+00 0.000000000000000000e+00
0.000000000000000000e+00 0.000000000000000000e+00 0.000000000000000000e+00
0.000000000000000000e+00 0.000000000000000000e+00 0.000000000000000000e+00
0.000000000000000000e+00 0.000000000000000000e+00 0.000000000000000000e+00
0.000000000000000000e+00 0.000000000000000000e+00 0.000000000000000000e+00
0.000000000000000000e+00 0.000000000000000000e+00 0.000000000000000000e+00
0.000000000000000000e+00 0.000000000000000000e+00 0.000000000000000000e+00
0.000000000000000000e+00 0.000000000000000000e+00 0.000000000000000000e+00
0.000000000000000000e+00 0.000000000000000000e+00 0.000000000000000000e+00
0.000000000000000000e+00 0.000000000000000000e+00 0.000000000000000000e+00
0.000000000000000000e+00 0.000000000000000000e+00 0.000000000000000000e+00
0.000000000000000000e+00 0.000000000000000000e+00 0.000000000000000000e+00
0.000000000000000000e+00 0.000000000000000000e+00 0.000000000000000000e+00
0.000000000000000000e+00 0.000000000000000000e+00 0.000000000000000000e+00
0.000000000000000000e+00 0.000000000000000000e+00 0.000000000000000000e+00
0.000000000000000000e+00 0.000000000000000000e+00 0.000000000000000000e+00
0.000000000000000000e+00 0.000000000000000000e+00 0.000000000000000000e+00
0.000000000000000000e+00 0.000000000000000000e+00 0.000000000000000000e+00
0.000000000000000000e+00 0.000000000000000000e+00 0.000000000000000000e+00
0.000000000000000000e+00 0.000000000000000000e+00 0.000000000000000000e+00
0.000000000000000000e+00 0.000000000000000000e+00 0.000000000000000000e+00
0.000000000000000000e+00 0.000000000000000000e+00 0.000000000000000000e+00
0.000000000000000000e+00 0.000000000000000000e+00 0.000000000000000000e+00
0.000000000000000000e+00 0.000000000000000000e+00 0.000000000000000000e+00
0.000000000000000000e+00 0.000000000000000000e+00 0.000000000000000000e+00
0.000000000000000000e+00 0.000000000000000000e+00 0.000000000000000000e+00
0.000000000000000000e+00 0.000000000000000000e+00 0.000000000000000000e+00
0.000000000000000000e+00 0.000000000000000000e+00 0.000000000000000000e+00
0.000000000000000000e+00 0.000000000000000000e+00 0.000000000000000000e+00
0.000000000000000000e+00 0.000000000000000000e+00 0.000000000000000000e+00
0.000000000000000000e+00 0.000000000000000000e+00 0.000000000000000000e+00
0.000000000000000000e+00 0.000000000000000000e+00 0.000000000000000000e+00
0.000000000000000000e+00 0.000000000000000000e+00 0.000000000000000000e+00
0.000000000000000000e+00 0.000000000000000000e+00 0.000000000000000000e+00
0.000000000000000000e+00 0.000000000000000000e+00 0.000000000000000000e+00
0.000000000000000000e+00 0.000000000000000000e+00 0.000000000000000000e+00
0.000000000000000000e+00 0.000000000000000000e+00 0.000000000000000000e+00
0.000000000000000000e+00 0.000000000000000000e+00 0.000000000000000000e+00
0.000000000000000000e+00 0.000000000000000000e+00 0.000000000000000000e+00
0.000000000000000000e+00 0.000000000000000000e+00 0.000000000000000000e+00
0.000000000000000000e+00 0.000000000000000000e+00 0.000000000000000000e+00
0.000000000000000000e+00 0.000000000000000000e+00 0.000000000000000000e+00
0.000000000000000000e+00 0.000000000000000000e+00 0.000000000000000000e+00
0.000000000000000000e+00 0.000000000000000000e+00 0.000000000000000000e+00
0.000000000000000000e+00 0.000000000000000000e+00 0.000000000000000000e+00
0.000000000000000000e+00 0.000000000000000000e+00 0.000000000000000000e+00
0.000000000000000000e+00 0.000000000000000000e+00 0.000000000000000000e+00
0.000000000000000000e+00 0.000000000000000000e+00 0.000000000000000000e+00
0.000000000000000000e+00 0.000000000000000000e+00 0.000000000000000000e+00
0.000000000000000000e+00 0.000000000000000000e+00 0.000000000000000000e+00
0.000000000000000000e+00 0.000000000000000000e+00 0.000000000000000000e+00
0.000000000000000000e+00 0.000000000000000000e+00 0.000000000000000000e+00
0.000000000000000000e+00 0.000000000000000000e+00 0.000000000000000000e+00
0.000000000000000000e+00 0.000000000000000000e+00 0.000000000000000000e+00
0.000000000000000000e+00 0.000000000000000000e+00 0.000000000000000000e+00
0.000000000000000000e+00 0.000000000000000000e+00 0.000000000000000000e+00
