1.000000000000000666e+00 -7.217456637615109116e+01 7.360770804980841520e-02
2.000000000000001332e+00 -6.328671610284006732e+01 7.365223006028231989e-02
2.999999999999980016e+00 -7.399012838748303622e+00 7.376648203632063527e-02
3.999999999999958700e+00 3.632092231642788249e+01 7.886810326162485563e-02
4.999999999999937828e+00 3.025679429811138021e+01 9.222990782657604358e-02
5.999999999999916511e+00 2.568308715741599357e+01 1.107011707976712361e-01
6.999999999999895195e+00 2.290666499275579326e+01 1.303487867600480188e-01
7.999999999999873879e+00 2.146410472692893023e+01 1.479545505469682387e-01
8.999999999999852562e+00 2.087565960000907594e+01 1.619493358354481272e-01
9.999999999999831246e+00 2.079301075289055589e+01 1.721817671972395158e-01
1.099999999999980993e+01 2.099092262095234673e+01 1.792529207083586873e-01
1.199999999999978861e+01 2.133136421997238230e+01 1.839798411764634045e-01
1.299999999999976730e+01 2.173237857817998631e+01 1.871125879135278058e-01
1.399999999999974598e+01 2.214634674108252810e+01 1.892341368319360728e-01
1.499999999999972466e+01 2.254590783383999053e+01 1.907538138660313520e-01
1.599999999999970335e+01 2.291514548572826016e+01 1.919368594432568076e-01
1.699999999999985789e+01 2.324416051914722914e+01 1.929417140737867686e-01
1.800000000000001421e+01 2.352571055706599878e+01 1.938533919024591212e-01
1.900000000000017053e+01 2.375302199806452208e+01 1.947092898651651971e-01
2.000000000000032685e+01 2.391818372416275196e+01 1.955171231365302464e-01
2.100000000000048317e+01 2.401079082457934888e+01 1.962660091493833858e-01
2.200000000000063949e+01 2.401691690803644619e+01 1.969325722940968304e-01
2.300000000000079581e+01 2.391958584691353806e+01 1.974854591773273216e-01
2.400000000000095213e+01 2.370447043268003640e+01 1.978941142511530804e-01
2.500000000000110845e+01 2.337570338135314785e+01 1.981458844823170140e-01
2.600000000000126477e+01 2.297172095527902513e+01 1.982593234696046203e-01
2.700000000000142109e+01 2.254995089607707470e+01 1.982728687835440540e-01
2.800000000000157740e+01 2.215093814243303783e+01 1.982223062324250384e-01
2.900000000000173372e+01 2.178852545400479457e+01 1.981326334796931488e-01
3.000000000000189004e+01 2.146196982391611385e+01 1.980203964320048082e-01
3.100000000000204636e+01 2.116652710892907407e+01 1.978966464822113636e-01
3.200000000000220268e+01 2.089765044942051730e+01 1.977686593004485960e-01
3.300000000000200373e+01 2.065182389577093147e+01 1.976410234641030328e-01
3.400000000000180478e+01 2.042634401228058394e+01 1.975164493531394172e-01
3.500000000000160583e+01 2.021897572517353225e+01 1.973963775800799958e-01
3.600000000000140687e+01 2.002772736154652478e+01 1.972814147136167373e-01
3.700000000000120792e+01 1.985074951523473885e+01 1.971716331767011388e-01
3.800000000000100897e+01 1.968630831153284078e+01 1.970667744893042916e-01
3.900000000000081002e+01 1.953279057832532928e+01 1.969663868998885736e-01
4.000000000000061107e+01 1.938871629126060725e+01 1.968699185046901834e-01
4.100000000000041211e+01 1.925274739174215100e+01 1.967767795040330503e-01
4.200000000000021316e+01 1.912368987476997972e+01 1.966863826254706404e-01
4.300000000000001421e+01 1.900048962599797875e+01 1.965981680162303957e-01
4.399999999999981526e+01 1.888222371243509912e+01 1.965116172089381441e-01
4.499999999999961631e+01 1.876808894187998789e+01 1.964262595904605890e-01
4.599999999999941735e+01 1.865738918812730773e+01 1.963416739183922177e-01
4.699999999999921840e+01 1.854952256305123370e+01 1.962574867366518039e-01
4.799999999999901945e+01 1.844396914018750167e+01 1.961733690000822261e-01
4.899999999999882050e+01 1.834027964003141520e+01 1.960890318039181790e-01
4.999999999999862155e+01 1.823806527619576556e+01 1.960042218066833375e-01
5.099999999999842260e+01 1.813698882006811175e+01 1.959187167141021868e-01
5.199999999999822364e+01 1.803675685283507946e+01 1.958323210377718449e-01
5.299999999999802469e+01 1.793711312255267032e+01 1.957448622388021919e-01
5.399999999999782574e+01 1.783783289828294727e+01 1.956561872995173923e-01
5.499999999999762679e+01 1.773871820424189494e+01 1.955661597247858041e-01
5.599999999999742784e+01 1.763959381806197868e+01 1.954746569504540732e-01
5.699999999999722888e+01 1.754030392432463614e+01 1.953815681238068036e-01
5.799999999999702993e+01 1.744070932458796719e+01 1.952867922157900393e-01
5.899999999999683098e+01 1.734068511638434629e+01 1.951902364240756804e-01
5.999999999999663203e+01 1.724011876496312112e+01 1.950918148279886799e-01
6.099999999999643308e+01 1.713890850225775253e+01 1.949914472596245563e-01
6.199999999999623412e+01 1.703696199732260652e+01 1.948890583593755055e-01
6.299999999999603517e+01 1.693419525117358404e+01 1.947845767880619361e-01
6.399999999999583622e+01 1.683053167655723570e+01 1.946779345716793952e-01
6.499999999999634781e+01 1.672590132971486554e+01 1.945690665582601453e-01
6.599999999999685940e+01 1.662024026678932387e+01 1.944579099694594138e-01
6.699999999999737099e+01 1.651349000224254837e+01 1.943444040321951893e-01
6.799999999999788258e+01 1.640559705062220885e+01 1.942284896780165915e-01
6.899999999999839417e+01 1.629651253633398156e+01 1.941101092998735456e-01
6.999999999999890576e+01 1.618619185883837019e+01 1.939892065576534763e-01
7.099999999999941735e+01 1.607459440298234554e+01 1.938657262252781177e-01
7.199999999999992895e+01 1.596168328606965581e+01 1.937396140733443073e-01
7.300000000000044054e+01 1.584742513483395143e+01 1.936108167822897796e-01
7.400000000000095213e+01 1.573178988676202117e+01 1.934792818818950599e-01
7.500000000000146372e+01 1.561475061126524189e+01 1.933449577136180653e-01
7.600000000000197531e+01 1.549628334705775146e+01 1.932077934128293428e-01
7.700000000000248690e+01 1.537636695280101229e+01 1.930677389084859419e-01
7.800000000000299849e+01 1.525498296864550341e+01 1.929247449381683854e-01
7.900000000000351008e+01 1.513211548676342133e+01 1.927787630767254512e-01
8.000000000000402167e+01 1.500775102934196781e+01 1.926297457770277666e-01
8.100000000000453326e+01 1.488187843280933542e+01 1.924776464215498528e-01
8.200000000000504485e+01 1.475448873730994315e+01 1.923224193836654550e-01
8.300000000000555644e+01 1.462557508064099032e+01 1.921640200976823254e-01
8.400000000000606803e+01 1.449513259601973481e+01 1.920024051367532625e-01
8.500000000000657963e+01 1.436315831317546454e+01 1.918375322978861652e-01
8.600000000000709122e+01 1.422965106236024901e+01 1.916693606933363991e-01
8.700000000000760281e+01 1.409461138095106669e+01 1.914978508477266084e-01
8.800000000000811440e+01 1.395804142237849277e+01 1.913229648002638672e-01
8.900000000000862599e+01 1.381994486716635606e+01 1.911446662114553441e-01
9.000000000000913758e+01 1.368032683590550924e+01 1.909629204737332830e-01
9.100000000000964917e+01 1.353919380401518069e+01 1.907776948254150673e-01
9.200000000001016076e+01 1.339655351816965201e+01 1.905889584674143600e-01
9.300000000001067235e+01 1.325241491428666940e+01 1.903966826821239244e-01
9.400000000001118394e+01 1.310678803698934836e+01 1.902008409538755440e-01
9.500000000001169553e+01 1.295968396046528603e+01 1.900014090903743569e-01
9.600000000001220712e+01 1.281111471065636032e+01 1.897983653444871577e-01
9.700000000001271871e+01 1.266109318872140577e+01 1.895916905357538096e-01
9.800000000001323031e+01 1.250963309572031612e+01 1.893813681709689556e-01
9.900000000001374190e+01 1.235674885847478599e+01 1.891673845631694495e-01
1.000000000000142535e+02 1.220245555656618741e+01 1.889497289483458575e-01
1.010000000000147651e+02 1.204676885043606482e+01 1.887283935991810047e-01
1.020000000000152767e+02 1.188970491055962597e+01 1.885033739351100746e-01
1.030000000000157883e+02 1.173128034766699379e+01 1.882746686279821169e-01
1.040000000000162999e+02 1.157151214399137196e+01 1.880422797026004567e-01
1.050000000000168114e+02 1.141041758552725760e+01 1.878062126314106461e-01
1.060000000000173230e+02 1.124801419528591140e+01 1.875664764226121217e-01
1.070000000000178346e+02 1.108431966753903097e+01 1.873230837009652039e-01
1.080000000000183462e+02 1.091935180304497344e+01 1.870760507805800943e-01
1.090000000000188578e+02 1.075312844525534040e+01 1.868253977289862644e-01
1.100000000000193694e+02 1.058566741750242457e+01 1.865711484217968119e-01
1.110000000000198810e+02 1.041698646117090199e+01 1.863133305873075629e-01
1.120000000000203926e+02 1.024710317485919653e+01 1.860519758403994528e-01
1.130000000000209042e+02 1.007603495453777853e+01 1.857871197051453593e-01
1.140000000000214158e+02 9.903798934713034186e+00 1.855188016255606975e-01
1.150000000000219273e+02 9.730411930606267745e+00 1.852470649639823830e-01
1.160000000000224389e+02 9.555890381357341923e+00 1.849719569866120628e-01
1.170000000000229505e+02 9.380250294263023036e+00 1.846935288358060590e-01
1.180000000000234621e+02 9.203507190058394016e+00 1.844118354887611944e-01
1.190000000000239737e+02 9.025676049249291566e+00 1.841269357023027076e-01
1.200000000000244853e+02 8.846771259501245765e+00 1.838388919435472724e-01
1.210000000000249969e+02 8.666806564088537002e+00 1.835477703062855237e-01
1.220000000000255085e+02 8.485795011403610033e+00 1.832536404129993246e-01
1.230000000000260201e+02 8.303748905524233948e+00 1.829565753025020058e-01
1.240000000000265317e+02 8.120679757831485546e+00 1.826566513032699679e-01
1.250000000000270433e+02 7.936598239667782551e+00 1.823539478926047563e-01
1.260000000000275548e+02 7.751514136019193479e+00 1.820485475418486820e-01
1.270000000000280664e+02 7.565436300201609399e+00 1.817405355479487783e-01
1.280000000000285638e+02 7.378372609524801007e+00 1.814299998517414358e-01
1.290000000000276543e+02 7.190329921903227728e+00 1.811170308434055243e-01
1.300000000000267448e+02 7.001314033375241941e+00 1.808017211555978665e-01
1.310000000000258353e+02 6.811329636490419226e+00 1.804841654448633148e-01
1.320000000000249258e+02 6.620380279513413235e+00 1.801644601619630803e-01
1.330000000000240163e+02 6.428468326390861520e+00 1.798427033118357443e-01
1.340000000000231068e+02 6.235594917420532290e+00 1.795189942039550901e-01
1.350000000000221974e+02 6.041759930555961056e+00 1.791934331938987435e-01
1.360000000000212879e+02 5.846961943274584073e+00 1.788661214169861846e-01
1.370000000000203784e+02 5.651198194931644991e+00 1.785371605148823315e-01
1.380000000000194689e+02 5.454464549517028971e+00 1.782066523560897064e-01
1.390000000000185594e+02 5.256755458727389474e+00 1.778746987512796474e-01
1.400000000000176499e+02 5.058063925261192750e+00 1.775414011644276258e-01
1.410000000000167404e+02 4.858381466240465407e+00 1.772068604207242271e-01
1.420000000000158309e+02 4.657698076659150033e+00 1.768711764122391505e-01
1.430000000000149214e+02 4.456002192754993985e+00 1.765344478023086194e-01
1.440000000000140119e+02 4.253280655199273674e+00 1.761967717296006875e-01
1.450000000000131024e+02 4.049518671996746200e+00 1.758582435127996890e-01
1.460000000000121929e+02 3.844699780986931437e+00 1.755189563568199662e-01
1.470000000000112834e+02 3.638805811837289461e+00 1.751790010614308057e-01
1.480000000000103739e+02 3.431816847419140171e+00 1.748384657331346348e-01
1.490000000000094644e+02 3.223711184458238233e+00 1.744974355011004175e-01
1.500000000000085549e+02 3.014465293353958408e+00 1.741559922379049552e-01
1.510000000000076454e+02 2.804053777064094533e+00 1.738142142857862227e-01
1.520000000000067359e+02 2.592449328956398791e+00 1.734721761890586078e-01
1.530000000000058265e+02 2.379622689533317015e+00 1.731299484332811944e-01
1.540000000000049170e+02 2.165542601942934908e+00 1.727875971917176567e-01
1.550000000000040075e+02 1.950175766197338456e+00 1.724451840795628577e-01
1.560000000000030980e+02 1.733486792029079959e+00 1.721027659163570367e-01
1.570000000000021885e+02 1.515438150327870437e+00 1.717603944969473273e-01
1.580000000000012790e+02 1.295990123112892078e+00 1.714181163713026090e-01
1.590000000000003695e+02 1.075100752011553640e+00 1.710759726334375175e-01
1.599999999999994600e+02 8.527257852332222887e-01 1.707339987196464792e-01
1.609999999999985505e+02 6.288186230469224869e-01 1.703922242162096146e-01
1.619999999999976410e+02 4.033302617953045122e-01 1.700506726766896903e-01
1.629999999999967315e+02 1.762092365037310204e-01 1.697093614489090518e-01
1.639999999999958220e+02 -5.259843782626111297e-02 1.693683015116685397e-01
1.649999999999949125e+02 -2.831493261166063702e-01 1.690274973212545773e-01
1.659999999999940030e+02 -5.155026341411845792e-01 1.686869466677721474e-01
1.669999999999930935e+02 -7.497202702800828122e-01 1.683466405413454048e-01
1.679999999999921840e+02 -9.858669078421091747e-01 1.680065630082380468e-01
1.689999999999912745e+02 -1.224010047645533339e+00 1.676666910969754343e-01
1.699999999999903650e+02 -1.464220080483583653e+00 1.673269946945880604e-01
1.709999999999894555e+02 -1.706570349031272027e+00 1.669874364531455380e-01
1.719999999999885461e+02 -1.951137208671753109e+00 1.666479717068243827e-01
1.729999999999876366e+02 -2.198000086632867944e+00 1.663085483998291703e-01
1.739999999999867271e+02 -2.447241538726831145e+00 1.659691070255935597e-01
1.749999999999858176e+02 -2.698947302877488408e+00 1.656295805778028596e-01
1.759999999999849081e+02 -2.953206348499215927e+00 1.652898945139128772e-01
1.769999999999839986e+02 -3.210110920658447498e+00 1.649499667320014629e-01
1.779999999999830891e+02 -3.469756577802205033e+00 1.646097075619576966e-01
1.789999999999821796e+02 -3.732242221677370075e+00 1.642690197722097289e-01
1.799999999999812701e+02 -3.997670117888854957e+00 1.639277985934072812e-01
1.809999999999803606e+02 -4.266145905354521872e+00 1.635859317607045171e-01
1.819999999999794511e+02 -4.537778592709692305e+00 1.632432995765439043e-01
1.829999999999785416e+02 -4.812680539494830434e+00 1.628997749961051400e-01
1.839999999999776321e+02 -5.090967419728758436e+00 1.625552237378735387e-01
1.849999999999767226e+02 -5.372758165227876859e+00 1.622095044220717153e-01
1.859999999999758131e+02 -5.658174885786608321e+00 1.618624687400031514e-01
1.869999999999749036e+02 -5.947342763084287220e+00 1.615139616576697912e-01
1.879999999999739941e+02 -6.240389914947949812e+00 1.611638216573230142e-01
1.889999999999730846e+02 -6.537447226380060705e+00 1.608118810209026028e-01
1.899999999999721751e+02 -6.838648143576040006e+00 1.604579661595885165e-01
1.909999999999712657e+02 -7.144128427026096517e+00 1.601018979939299036e-01
1.919999999999703562e+02 -7.454025859745809335e+00 1.597434923891986047e-01
1.929999999999694467e+02 -7.768479906740635599e+00 1.593825606507372483e-01
1.939999999999685372e+02 -8.087631322023046465e+00 1.590189100840986858e-01
1.949999999999676277e+02 -8.411621699914450190e+00 1.586523446246966562e-01
1.959999999999667182e+02 -8.740592968037006472e+00 1.582826655414498740e-01
1.969999999999658087e+02 -9.074686820400765797e+00 1.579096722185091006e-01
1.979999999999648992e+02 -9.414044090397535314e+00 1.575331630185334841e-01
1.989999999999639897e+02 -9.758804065409417916e+00 1.571529362301157251e-01
1.999999999999630802e+02 -1.010910374721696137e+01 1.567687911007890345e-01
2.009999999999621707e+02 -1.046507706553602368e+01 1.563805289555409150e-01
2.019999999999612612e+02 -1.082685405590094163e+01 1.559879543988648420e-01
2.029999999999603517e+02 -1.119456001779615484e+01 1.555908765960594131e-01
2.039999999999594422e+02 -1.156831467443100436e+01 1.551891106267051235e-01
2.049999999999585327e+02 -1.194823136180402834e+01 1.547824788999802026e-01
2.059999999999576232e+02 -1.233441628157781800e+01 1.543708126177329165e-01
2.069999999999567137e+02 -1.272696785953701060e+01 1.539539532670223532e-01
2.079999999999558042e+02 -1.312597625864740003e+01 1.535317541192446067e-01
2.089999999999548947e+02 -1.353152310243309664e+01 1.531040817080878136e-01
2.099999999999539853e+02 -1.394368146983686785e+01 1.526708172535859998e-01
2.109999999999530758e+02 -1.436251622606009803e+01 1.522318579947047612e-01
2.119999999999521663e+02 -1.478808475410026269e+01 1.517871183885140252e-01
2.129999999999512568e+02 -1.522043814774496795e+01 1.513365311304790684e-01
2.139999999999503473e+02 -1.565962291758892277e+01 1.508800479481937351e-01
2.149999999999494378e+02 -1.610568324628323467e+01 1.504176401204963265e-01
2.159999999999485283e+02 -1.655866380704383189e+01 1.499492986758894086e-01
2.169999999999476188e+02 -1.701861313018812893e+01 1.494750342290278866e-01
2.179999999999467093e+02 -1.748558746645333528e+01 1.489948764221770416e-01
2.189999999999457998e+02 -1.795965505408710428e+01 1.485088729502527238e-01
2.199999999999448903e+02 -1.844090065099585729e+01 1.480170881634051694e-01
2.209999999999439808e+02 -1.892943014624756515e+01 1.475196012598929685e-01
2.219999999999430713e+02 -1.942537502045516007e+01 1.470165041036745057e-01
2.229999999999421618e+02 -1.992889638632276572e+01 1.465078987248421838e-01
2.239999999999412523e+02 -2.044018831388121527e+01 1.459938945854578063e-01
2.249999999999403428e+02 -2.095948013509035590e+01 1.454746057169492846e-01
2.259999999999394333e+02 -2.148703743506257879e+01 1.449501478560965562e-01
2.269999999999385238e+02 -2.202316147725904472e+01 1.444206357226997528e-01
2.279999999999376143e+02 -2.256818688153072827e+01 1.438861805911262892e-01
2.289999999999367049e+02 -2.312247747848375923e+01 1.433468883080306622e-01
2.299999999999357954e+02 -2.368642039946173838e+01 1.428028578978580432e-01
2.309999999999348859e+02 -2.426041862168819208e+01 1.422541808750995007e-01
2.319999999999339764e+02 -2.484488236010472662e+01 1.417009413473596657e-01
2.329999999999330669e+02 -2.544021986224635867e+01 1.411432169470234199e-01
2.339999999999321574e+02 -2.604682829689801693e+01 1.405810805740951852e-01
2.349999999999312479e+02 -2.666508550534365796e+01 1.400146028726853287e-01
2.359999999999303384e+02 -2.729534338534562465e+01 1.394438553042585127e-01
2.369999999999294289e+02 -2.793792358931029796e+01 1.388689136288016324e-01
2.379999999999285194e+02 -2.859311604247774952e+01 1.382898615673600062e-01
2.389999999999276099e+02 -2.926118054308651750e+01 1.377067944017374423e-01
2.399999999999267004e+02 -2.994235142780041059e+01 1.371198222730858340e-01
2.409999999999257909e+02 -3.063684501354608258e+01 1.365290729708304174e-01
2.419999999999248814e+02 -3.134486930134191951e+01 1.359346940534063297e-01
2.429999999999239719e+02 -3.206663527839238981e+01 1.353368542059011637e-01
2.439999999999230624e+02 -3.280236909508038678e+01 1.347357438080891423e-01
2.449999999999221529e+02 -3.355232441937692300e+01 1.341315747503677991e-01
2.459999999999212434e+02 -3.431679436414519557e+01 1.335245795869631769e-01
2.469999999999203339e+02 -3.509612251623421741e+01 1.329150101503597248e-01
2.479999999999194245e+02 -3.589071274201750583e+01 1.323031357664123109e-01
2.489999999999185150e+02 -3.670103757780281484e+01 1.316892412073298879e-01
2.499999999999176055e+02 -3.752764511767726674e+01 1.310736245033988778e-01
2.509999999999166960e+02 -3.837116437543829051e+01 1.304565947089245115e-01
2.519999999999157865e+02 -3.923230911685948996e+01 1.298384696886910328e-01
2.529999999999148770e+02 -4.011188013323504009e+01 1.292195739628967388e-01
2.539999999999139675e+02 -4.101076588949542412e+01 1.286002366244950457e-01
2.549999999999130580e+02 -4.192994129634680434e+01 1.279807893251069251e-01
2.559999999999121485e+02 -4.287046417732631198e+01 1.273615643166595979e-01
2.569999999999112674e+02 -4.383346897640147688e+01 1.267428925338927037e-01
2.579999999999103579e+02 -4.482015682211486052e+01 1.261251017067899216e-01
2.589999999999094484e+02 -4.583178079569156438e+01 1.255085145026398619e-01
2.599999999999085389e+02 -4.686962486515511017e+01 1.248934467127046644e-01
2.609999999999076294e+02 -4.793497448685037909e+01 1.242802055170482284e-01
2.619999999999067199e+02 -4.902907634824989458e+01 1.236690878818281908e-01
2.629999999999058105e+02 -5.015308415563466582e+01 1.230603791651348616e-01
2.639999999999049010e+02 -5.130798681609049083e+01 1.224543520290405779e-01
2.649999999999039915e+02 -5.249451494158839182e+01 1.218512657753583056e-01
2.659999999999030820e+02 -5.371302151792061608e+01 1.212513662385090729e-01
2.669999999999021725e+02 -5.496333315969265954e+01 1.206548863776554653e-01
2.679999999999012630e+02 -5.624457009080216352e+01 1.200620477071598913e-01
2.689999999999003535e+02 -5.755493646680707798e+01 1.194730626830086545e-01
2.699999999998994440e+02 -5.889148856351986439e+01 1.188881381149788363e-01
2.709999999998985345e+02 -6.024989718062349198e+01 1.183074795913005572e-01
2.719999999998976250e+02 -6.162423219213570036e+01 1.177312967776804747e-01
2.729999999998967155e+02 -6.300681004606446578e+01 1.171598092857180778e-01
2.739999999998958060e+02 -6.438815570945990885e+01 1.165932526099310307e-01
2.749999999998948965e+02 -6.575713346463705022e+01 1.160318834400055343e-01
2.759999999998939870e+02 -6.710128954512106247e+01 1.154759835186894290e-01
2.769999999998930775e+02 -6.840741950851334252e+01 1.149258612013678987e-01
2.779999999998921680e+02 -6.966232659508845870e+01 1.143818500360038320e-01
2.789999999998912585e+02 -7.085368537373989284e+01 1.138443040356719449e-01
2.799999999998903490e+02 -7.197088591953792047e+01 1.133135898093457078e-01
2.809999999998894396e+02 -7.300572489598151549e+01 1.127900762368779508e-01
2.819999999998885301e+02 -7.395283802968366160e+01 1.122741227824814725e-01
2.829999999998876206e+02 -7.480982496426953787e+01 1.117660677278106973e-01
2.839999999998867111e+02 -7.557708220083692652e+01 1.112662175343947651e-01
2.849999999998858016e+02 -7.625741136646986718e+01 1.107748382611247889e-01
2.859999999998848921e+02 -7.685549558238318468e+01 1.102921495653722550e-01
2.869999999998839826e+02 -7.737733556524892720e+01 1.098183214150794534e-01
2.879999999998830731e+02 -7.782971758308856636e+01 1.093534733149533200e-01
2.889999999998821636e+02 -7.821975858470858611e+01 1.088976756405119484e-01
2.899999999998812541e+02 -7.855454861662357757e+01 1.084509525783850653e-01
2.909999999998803446e+02 -7.884089174152266821e+01 1.080132861657831789e-01
2.919999999998794351e+02 -7.908513509554380505e+01 1.075846209745107418e-01
2.929999999998785256e+02 -7.929307031710253284e+01 1.071648690662584946e-01
2.939999999998776161e+02 -7.946989044574475258e+01 1.067539149347657007e-01
2.949999999998767066e+02 -7.962018673550151959e+01 1.063516202335501176e-01
2.959999999998757971e+02 -7.974797231870022074e+01 1.059578281586446985e-01
2.969999999998748876e+02 -7.985672244179480117e+01 1.055723674120273986e-01
2.979999999998739781e+02 -7.994942360462879094e+01 1.051950557136940301e-01
2.989999999998730686e+02 -8.002862615571460481e+01 1.048257028604221847e-01
2.999999999998721592e+02 -8.009649666964499204e+01 1.044641133494674662e-01
3.009999999998712497e+02 -8.015486778181582395e+01 1.041100885979610868e-01
3.019999999998703402e+02 -8.020528414025579877e+01 1.037634287956098328e-01
3.029999999998694307e+02 -8.024904382525177482e+01 1.034239344310789871e-01
3.039999999998685212e+02 -8.028723505231441493e+01 1.030914075324511348e-01
3.049999999998676117e+02 -8.032076827134139307e+01 1.027656526603792780e-01
3.059999999998667022e+02 -8.035040395202580044e+01 1.024464776897119206e-01
3.069999999998657927e+02 -8.037677643938963001e+01 1.021336944119785872e-01
3.079999999998648832e+02 -8.040041430129204514e+01 1.018271189875336463e-01
3.089999999998639737e+02 -8.042175759184786443e+01 1.015265722726021447e-01
3.099999999998630642e+02 -8.044117243498025971e+01 1.012318800431019350e-01
3.109999999998621547e+02 -8.045896330053376744e+01 1.009428731340078350e-01
3.119999999998612452e+02 -8.047538330794499473e+01 1.006593875102250318e-01
3.129999999998603357e+02 -8.049064285357519566e+01 1.003812642824558482e-01
3.139999999998594262e+02 -8.050491682001218408e+01 1.001083496793693101e-01
3.149999999998585167e+02 -8.051835059040416809e+01 9.984049498550381929e-02
3.159999999998576072e+02 -8.053106505893298106e+01 9.957755645271690326e-02
3.169999999998566977e+02 -8.054316080013039425e+01 9.931939519161991914e-02
3.179999999998557882e+02 -8.055472153486421405e+01 9.906587704827318763e-02
3.189999999998548788e+02 -8.056581700927027612e+01 9.881687247043387246e-02
3.199999999998539693e+02 -8.057650538440566379e+01 9.857225636683214498e-02
3.209999999998530598e+02 -8.058683521861198074e+01 9.833190796226516650e-02
3.219999999998521503e+02 -8.059684711119355427e+01 9.809571065073163787e-02
3.229999999998512408e+02 -8.060657506470235489e+01 9.786355184836231791e-02
3.239999999998503313e+02 -8.061604761360608506e+01 9.763532284751573476e-02
3.249999999998494218e+02 -8.062528875912643400e+01 9.741091867309266406e-02
3.259999999998485123e+02 -8.063431874334470706e+01 9.719023794186680554e-02
3.269999999998476028e+02 -8.064315469008518278e+01 9.697318272541835538e-02
3.279999999998466933e+02 -8.065181113541990499e+01 9.675965841709138759e-02
3.289999999998457838e+02 -8.066030046675480492e+01 9.654957360325727711e-02
3.299999999998448743e+02 -8.066863328622493157e+01 9.634283993906270216e-02
3.309999999998439648e+02 -8.067681871143335570e+01 9.613937202874993371e-02
3.319999999998430553e+02 -8.068486462433969564e+01 9.593908731057623762e-02
3.329999999998421458e+02 -8.069277787724689688e+01 9.574190594630205275e-02
3.339999999998412363e+02 -8.070056446329704158e+01 9.554775071518130380e-02
3.349999999998403268e+02 -8.070822965761142598e+01 9.535654691235534441e-02
3.359999999998394173e+02 -8.071577813415308356e+01 9.516822225153162562e-02
3.369999999998385078e+02 -8.072321406251143117e+01 9.498270677181094857e-02
3.379999999998375984e+02 -8.073054118808666146e+01 9.479993274851887530e-02
3.389999999998366889e+02 -8.073776289854718868e+01 9.461983460788873923e-02
3.399999999998357794e+02 -8.074488227893783687e+01 9.444234884544122632e-02
3.409999999998348699e+02 -8.075190215740461497e+01 9.426741394790563722e-02
3.419999999998339604e+02 -8.075882514316029415e+01 9.409497031852641358e-02
3.429999999998330509e+02 -8.076565365803514851e+01 9.392496020560561765e-02
3.439999999998321414e+02 -8.077238996272210159e+01 9.375732763413095749e-02
3.449999999998312319e+02 -8.077903617863464092e+01 9.359201834034673595e-02
3.459999999998303224e+02 -8.078559430613526615e+01 9.342897970912866779e-02
3.469999999998294129e+02 -8.079206623976082824e+01 9.326816071402954655e-02
3.479999999998285034e+02 -8.079845378096354125e+01 9.310951185986855727e-02
3.489999999998275939e+02 -8.080475864879370818e+01 9.295298512774040345e-02
3.499999999998266844e+02 -8.081098248887990110e+01 9.279853392233045062e-02
3.509999999998257749e+02 -8.081712688099621289e+01 9.264611302142268523e-02
3.519999999998248654e+02 -8.082319334545981349e+01 9.249567852749696062e-02
3.529999999998239559e+02 -8.082918334855727949e+01 9.234718782131422221e-02
3.539999999998230464e+02 -8.083509830716428723e+01 9.220059951739617565e-02
3.549999999998221369e+02 -8.084093959269569041e+01 9.205587342130823469e-02
3.559999999998212274e+02 -8.084670853449779315e+01 9.191297048866128860e-02
3.569999999998203180e+02 -8.085240642277609879e+01 9.177185278575124283e-02
3.579999999998194085e+02 -8.085803451113588380e+01 9.163248345176003284e-02
3.589999999998184990e+02 -8.086359401879873587e+01 9.149482666244572460e-02
3.599999999998175895e+02 -8.086908613254745148e+01 9.135884759525306209e-02
3.609999999998166800e+02 -8.087451200844456878e+01 9.122451239577948623e-02
3.619999999998157705e+02 -8.087987277335815861e+01 9.109178814553531289e-02
3.629999999998148610e+02 -8.088516952632704715e+01 9.096064283094011660e-02
3.639999999998139515e+02 -8.089040333978880426e+01 9.083104531349933675e-02
3.649999999998130420e+02 -8.089557526069218341e+01 9.070296530110960598e-02
3.659999999998121325e+02 -8.090068631150998613e+01 9.057637332044288225e-02
3.669999999998112230e+02 -8.090573749116741453e+01 9.045124069036257486e-02
3.679999999998103135e+02 -8.091072977589823267e+01 9.032753949632647827e-02
3.689999999998094040e+02 -8.091566412003679432e+01 9.020524256573499156e-02
3.699999999998084945e+02 -8.092054145675635368e+01 9.008432344418453031e-02
3.709999999998075850e+02 -8.092536269875890298e+01 8.996475637258623259e-02
3.719999999998066755e+02 -8.093012873892327264e+01 8.984651626511633293e-02
3.729999999998057660e+02 -8.093484045091629753e+01 8.972957868796137271e-02
3.739999999998048565e+02 -8.093949868977040296e+01 8.961391983882703582e-02
3.749999999998039470e+02 -8.094410429243205840e+01 8.949951652717823281e-02
3.759999999998030376e+02 -8.094865807828387005e+01 8.938634615518159521e-02
3.769999999998021281e+02 -8.095316084964181869e+01 8.927438669932195869e-02
3.779999999998012186e+02 -8.095761339223118114e+01 8.916361669266485712e-02
3.789999999998003091e+02 -8.096201647564228665e+01 8.905401520774078317e-02
3.799999999997993996e+02 -8.096637085376748644e+01 8.894556184002593013e-02
3.809999999997984901e+02 -8.097067726522128339e+01 8.883823669199585049e-02
3.819999999997975806e+02 -8.097493643374414773e+01 8.873202035773013197e-02
3.829999999997966711e+02 -8.097914906859222128e+01 8.862689390804660838e-02
3.839999999997957616e+02 -8.098331586491232770e+01 8.852283887614444124e-02
3.849999999997948521e+02 -8.098743750410415032e+01 8.841983724373743414e-02
3.859999999997939426e+02 -8.099151465417041607e+01 8.831787142765769316e-02
3.869999999997930331e+02 -8.099554797005455953e+01 8.821692426691349342e-02
3.879999999997921236e+02 -8.099953809396811266e+01 8.811697901018207546e-02
3.889999999997912141e+02 -8.100348565570706683e+01 8.801801930372354921e-02
3.899999999997903046e+02 -8.100739127295837250e+01 8.792002917969850284e-02
3.909999999997893951e+02 -8.101125555159670455e+01 8.782299304487511948e-02
3.919999999997884856e+02 -8.101507908597201890e+01 8.772689566971124397e-02
3.929999999997875761e+02 -8.101886245918844054e+01 8.763172217779757744e-02
3.939999999997866666e+02 -8.102260624337449713e+01 8.753745803564919048e-02
3.949999999997857572e+02 -8.102631099994566455e+01 8.744408904283247630e-02
3.959999999997848477e+02 -8.102997727985864174e+01 8.735160132241551190e-02
3.969999999997839382e+02 -8.103360562385829269e+01 8.725998131172976735e-02
3.979999999997830287e+02 -8.103719656271779570e+01 8.716921575343272721e-02
3.989999999997821192e+02 -8.104075061747066400e+01 8.707929168685997479e-02
3.999999999997812097e+02 -8.104426829963783518e+01 8.699019643965744120e-02
4.009999999997803002e+02 -8.104775011144668895e+01 8.690191761968239781e-02
4.019999999997793907e+02 -8.105119654604480672e+01 8.681444310716521229e-02
4.029999999997784812e+02 -8.105460808770723702e+01 8.672776104712180689e-02
4.039999999997775717e+02 -8.105798521203809059e+01 8.664185984200843682e-02
4.049999999997766622e+02 -8.106132838616693448e+01 8.655672814460982356e-02
4.059999999997757527e+02 -8.106463806893881952e+01 8.647235485115344067e-02
4.069999999997748432e+02 -8.106791471109981728e+01 8.638872909464119509e-02
4.079999999997739337e+02 -8.107115875547764006e+01 8.630584023839135699e-02
4.089999999997730242e+02 -8.107437063715649117e+01 8.622367786978360482e-02
4.099999999997721147e+02 -8.107755078364796475e+01 8.614223179420020526e-02
4.109999999997712052e+02 -8.108069961505718481e+01 8.606149202915600038e-02
4.119999999997702957e+02 -8.108381754424401322e+01 8.598144879861230327e-02
4.129999999997693862e+02 -8.108690497698066224e+01 8.590209252746600077e-02
4.139999999997684768e+02 -8.108996231210480232e+01 8.582341383621046316e-02
4.149999999997675673e+02 -8.109298994166844921e+01 8.574540353576082241e-02
4.159999999997666578e+02 -8.109598825108338360e+01 8.566805262243848418e-02
4.169999999997657483e+02 -8.109895761926225077e+01 8.559135227310951666e-02
4.179999999997648388e+02 -8.110189841875650529e+01 8.551529384047228122e-02
4.189999999997639293e+02 -8.110481101589067521e+01 8.543986884848815688e-02
4.199999999997630198e+02 -8.110769577089274662e+01 8.536506898795152842e-02
4.209999999997621103e+02 -8.111055303802174876e+01 8.529088611219437510e-02
4.219999999997612008e+02 -8.111338316569175788e+01 8.521731223291995061e-02
4.229999999997602913e+02 -8.111618649659305902e+01 8.514433951616280638e-02
4.239999999997593818e+02 -8.111896336780993977e+01 8.507196027836975982e-02
4.249999999997584723e+02 -8.112171411093572715e+01 8.500016698259847681e-02
4.259999999997575628e+02 -8.112443905218479756e+01 8.492895223482907485e-02
4.269999999997566533e+02 -8.112713851250195773e+01 8.485830878038634617e-02
4.279999999997557438e+02 -8.112981280766908299e+01 8.478822950046714657e-02
4.289999999997548343e+02 -8.113246224840914067e+01 8.471870740877136818e-02
4.299999999997539248e+02 -8.113508714048754200e+01 8.464973564823180530e-02
4.309999999997530153e+02 -8.113768778481104960e+01 8.458130748784005448e-02
4.319999999997521059e+02 -8.114026447752458182e+01 8.451341631956554856e-02
4.329999999997511964e+02 -8.114281751010517496e+01 8.444605565536475456e-02
4.339999999997502869e+02 -8.114534716945405535e+01 8.437921912427689963e-02
4.349999999997493774e+02 -8.114785373798646617e+01 8.431290046960462914e-02
4.359999999997484679e+02 -8.115033749371912108e+01 8.424709354617548884e-02
4.369999999997475584e+02 -8.115279871035585302e+01 8.418179231768260773e-02
4.379999999997466489e+02 -8.115523765737111717e+01 8.411699085410204169e-02
4.389999999997457394e+02 -8.115765460009156129e+01 8.405268332918358620e-02
4.399999999997448299e+02 -8.116004979977563494e+01 8.398886401801339274e-02
4.409999999997439204e+02 -8.116242351369135122e+01 8.392552729464572425e-02
4.419999999997430109e+02 -8.116477599519220121e+01 8.386266762980190692e-02
4.429999999997421014e+02 -8.116710749379170409e+01 8.380027958863434101e-02
4.439999999997411919e+02 -8.116941825523555565e+01 8.373835782855294785e-02
4.449999999997402824e+02 -8.117170852157265415e+01 8.367689709711313706e-02
4.459999999997393729e+02 -8.117397853122405138e+01 8.361589222996257398e-02
4.469999999997384634e+02 -8.117622851905117898e+01 8.355533814884438804e-02
4.479999999997375539e+02 -8.117845871642153099e+01 8.349522985965678046e-02
4.489999999997366444e+02 -8.118066935127343697e+01 8.343556245056565901e-02
4.499999999997357349e+02 -8.118286064817914394e+01 8.337633109016920341e-02
4.509999999997348255e+02 -8.118503282840691782e+01 8.331753102571287650e-02
4.519999999997339160e+02 -8.118718610998115537e+01 8.325915758135327138e-02
4.529999999997330065e+02 -8.118932070774148713e+01 8.320120615646887929e-02
4.539999999997320970e+02 -8.119143683340058715e+01 8.314367222401697344e-02
4.549999999997311875e+02 -8.119353469560077485e+01 8.308655132893455475e-02
4.559999999997302780e+02 -8.119561449996919578e+01 8.302983908658245760e-02
4.569999999997293685e+02 -8.119767644917160965e+01 8.297353118123144966e-02
4.579999999997284590e+02 -8.119972074296585163e+01 8.291762336458792515e-02
4.589999999997275495e+02 -8.120174757825317613e+01 8.286211145435962155e-02
4.599999999997266400e+02 -8.120375714912891851e+01 8.280699133285872315e-02
4.609999999997257305e+02 -8.120574964693203412e+01 8.275225894564205986e-02
4.619999999997248210e+02 -8.120772526029374205e+01 8.269791030018704137e-02
4.629999999997239115e+02 -8.120968417518493254e+01 8.264394146460191104e-02
4.639999999997230020e+02 -8.121162657496240911e+01 8.259034856636980615e-02
4.649999999997220925e+02 -8.121355264041471855e+01 8.253712779112572229e-02
4.659999999997211830e+02 -8.121546254980621882e+01 8.248427538146402282e-02
4.669999999997202735e+02 -8.121735647892110421e+01 8.243178763577796442e-02
4.679999999997193640e+02 -8.121923460110592430e+01 8.237966090712794953e-02
4.689999999997184545e+02 -8.122109708731122169e+01 8.232789160213875579e-02
4.699999999997175451e+02 -8.122294410613253035e+01 8.227647617992527029e-02
4.709999999997166356e+02 -8.122477582385063499e+01 8.222541115104496645e-02
4.719999999997157261e+02 -8.122659240447069351e+01 8.217469307647669308e-02
4.729999999997148166e+02 -8.122839400976064894e+01 8.212431856662544272e-02
4.739999999997139071e+02 -8.123018079928893087e+01 8.207428428035150325e-02
4.749999999997129976e+02 -8.123195293046140364e+01 8.202458692402396501e-02
4.759999999997120881e+02 -8.123371055855760403e+01 8.197522325059762582e-02
4.769999999997111786e+02 -8.123545383676596998e+01 8.192619005871254467e-02
4.779999999997102691e+02 -8.123718291621861454e+01 8.187748419181567483e-02
4.789999999997093596e+02 -8.123889794602560244e+01 8.182910253730406314e-02
4.799999999997084501e+02 -8.124059907330804720e+01 8.178104202568872716e-02
4.809999999997075406e+02 -8.124228644323071080e+01 8.173329962977872454e-02
4.819999999997066311e+02 -8.124396019903440447e+01 8.168587236388503980e-02
4.829999999997057216e+02 -8.124562048206722409e+01 8.163875728304316459e-02
4.839999999997048121e+02 -8.124726743181510358e+01 8.159195148225488470e-02
4.849999999997039026e+02 -8.124890118593242505e+01 8.154545209574728948e-02
4.859999999997029931e+02 -8.125052188027129318e+01 8.149925629624983625e-02
4.869999999997020836e+02 -8.125212964891076695e+01 8.145336129428822070e-02
4.879999999997011741e+02 -8.125372462418508235e+01 8.140776433749490060e-02
4.889999999997002647e+02 -8.125530693671198890e+01 8.136246270993531537e-02
4.899999999996993552e+02 -8.125687671541967916e+01 8.131745373145042588e-02
4.909999999996984457e+02 -8.125843408757410202e+01 8.127273475701367322e-02
4.919999999996975362e+02 -8.125997917880468435e+01 8.122830317610316153e-02
4.929999999996966267e+02 -8.126151211313074896e+01 8.118415641208828748e-02
4.939999999996957172e+02 -8.126303301298663939e+01 8.114029192162987292e-02
4.949999999996948077e+02 -8.126454199924661737e+01 8.109670719409438344e-02
4.959999999996938982e+02 -8.126603919124931963e+01 8.105339975098103944e-02
4.969999999996929887e+02 -8.126752470682151852e+01 8.101036714536184735e-02
4.979999999996920792e+02 -8.126899866230189673e+01 8.096760696133412094e-02
4.989999999996911697e+02 -8.127046117256389834e+01 8.092511681348542318e-02
4.999999999996902602e+02 -8.127191235103843781e+01 8.088289434637009612e-02
5.000000000000000000e+02 -8.127191235103889255e+01 8.088289434635705100e-02
