1.000000000000000666e+00 -7.216903979230778532e+01 7.366081673678118169e-02
2.000000000000001332e+00 -6.327567423787323264e+01 7.372025874853924132e-02
2.999999999999980016e+00 -6.926805791657933753e+00 7.383633188031950290e-02
3.999999999999958700e+00 3.630371550240687384e+01 7.916406731583403023e-02
4.999999999999937828e+00 3.023314321052566456e+01 9.289957699680165271e-02
5.999999999999916511e+00 2.565798340624548501e+01 1.116696032100971403e-01
6.999999999999895195e+00 2.288107400050368057e+01 1.314422900352191503e-01
7.999999999999873879e+00 2.143765862784323417e+01 1.490081734795486168e-01
8.999999999999852562e+00 2.084768322195986556e+01 1.628638386830216778e-01
9.999999999999831246e+00 2.076285314955516981e+01 1.729248487660149936e-01
1.099999999999980993e+01 2.095801513559066009e+01 1.798357550946851624e-01
1.199999999999978861e+01 2.129519001768327158e+01 1.844335834340919689e-01
1.299999999999976730e+01 2.169242273618763761e+01 1.874729737812584340e-01
1.399999999999974598e+01 2.210204597452476705e+01 1.895335081165040181e-01
1.499999999999972466e+01 2.249659975518286004e+01 1.910178660321442956e-01
1.599999999999970335e+01 2.286001009494057357e+01 1.921839170309260769e-01
1.699999999999985789e+01 2.318214297931863754e+01 1.931831948178830971e-01
1.800000000000001421e+01 2.345541067970730609e+01 1.940947133448392981e-01
1.900000000000017053e+01 2.367253142992407078e+01 1.949507916555254516e-01
2.000000000000032685e+01 2.382485104765659045e+01 1.957547463874898808e-01
2.100000000000048317e+01 2.390092295534459410e+01 1.964916433271285123e-01
2.200000000000063949e+01 2.388558645899596300e+01 1.971343880388883307e-01
2.300000000000079581e+01 2.376131478829743671e+01 1.976495062784217327e-01
2.400000000000095213e+01 2.351674886682524956e+01 1.980093374172170739e-01
2.500000000000110845e+01 2.316575869496772100e+01 1.982113748774843864e-01
2.600000000000126477e+01 2.275707979575800977e+01 1.982849658151303596e-01
2.700000000000142109e+01 2.234634458148213554e+01 1.982712740152103026e-01
2.800000000000157740e+01 2.196433241177830809e+01 1.982032555546248964e-01
2.900000000000173372e+01 2.161811263699579655e+01 1.981028623014607082e-01
3.000000000000189004e+01 2.130488393023550842e+01 1.979845760705636892e-01
3.100000000000204636e+01 2.102015304443990473e+01 1.978580157734826650e-01
3.200000000000220268e+01 2.076021895054608279e+01 1.977294016639909724e-01
3.300000000000200373e+01 2.052233311715934150e+01 1.976025473824399026e-01
3.400000000000180478e+01 2.030432454749050564e+01 1.974796108831157471e-01
3.500000000000160583e+01 2.010428216194010886e+01 1.973616488653973100e-01
3.600000000000140687e+01 1.992039514893547292e+01 1.972490055335243131e-01
3.700000000000120792e+01 1.975090751495466534e+01 1.971415769053077582e-01
3.800000000000100897e+01 1.959412848648570105e+01 1.970389890316691095e-01
3.900000000000081002e+01 1.944845980192260271e+01 1.969407182152071167e-01
4.000000000000061107e+01 1.931242060120123227e+01 1.968461716780300075e-01
4.100000000000041211e+01 1.918466309757756960e+01 1.967547406223253414e-01
4.200000000000021316e+01 1.906397847546206492e+01 1.966658337461216766e-01
4.300000000000001421e+01 1.894929492669323423e+01 1.965788969591265867e-01
4.399999999999981526e+01 1.883967028833422930e+01 1.964934235346241787e-01
4.499999999999961631e+01 1.873428148391620596e+01 1.964089578430597838e-01
4.599999999999941735e+01 1.863241245889337350e+01 1.963250949729615780e-01
4.699999999999921840e+01 1.853344178914461082e+01 1.962414778876520050e-01
4.799999999999901945e+01 1.843683071875792123e+01 1.961577932593493445e-01
4.899999999999882050e+01 1.834211206728540944e+01 1.960737667419249486e-01
4.999999999999862155e+01 1.824888022543144217e+01 1.959891581670545613e-01
5.099999999999842260e+01 1.815678231162491230e+01 1.959037569539294199e-01
5.199999999999822364e+01 1.806551047033683233e+01 1.958173778903025408e-01
5.299999999999802469e+01 1.797479523988392813e+01 1.957298573557924581e-01
5.399999999999782574e+01 1.788439989023356702e+01 1.956410500037744915e-01
5.499999999999762679e+01 1.779411562086023224e+01 1.955508258857733273e-01
5.599999999999742784e+01 1.770375750860946340e+01 1.954590679846420764e-01
5.699999999999722888e+01 1.761316110145336111e+01 1.953656701147264974e-01
5.799999999999702993e+01 1.752217956311050884e+01 1.952705351450379490e-01
5.899999999999683098e+01 1.743068128390925153e+01 1.951735735027762819e-01
5.999999999999663203e+01 1.733854788387093393e+01 1.950747019177392350e-01
6.099999999999643308e+01 1.724567254411360295e+01 1.949738423722231495e-01
6.199999999999623412e+01 1.715195861197709348e+01 1.948709212253383061e-01
6.299999999999603517e+01 1.705731843358970323e+01 1.947658684848557753e-01
6.399999999999583622e+01 1.696167237489937918e+01 1.946586172035951467e-01
6.499999999999634781e+01 1.686494799851540805e+01 1.945491029808447403e-01
6.599999999999685940e+01 1.676707936912185914e+01 1.944372635523648751e-01
6.699999999999737099e+01 1.666800646482444748e+01 1.943230384551630774e-01
6.799999999999788258e+01 1.656767467567733476e+01 1.942063687554903828e-01
6.899999999999839417e+01 1.646603437389418900e+01 1.940871968304120065e-01
6.999999999999890576e+01 1.636304054297439947e+01 1.939654661949165859e-01
7.099999999999941735e+01 1.625865245524225600e+01 1.938411213678713774e-01
7.199999999999992895e+01 1.615283338918148459e+01 1.937141077712539461e-01
7.300000000000044054e+01 1.604555037950462548e+01 1.935843716580218088e-01
7.400000000000095213e+01 1.593677399418437801e+01 1.934518600647569253e-01
7.500000000000146372e+01 1.582647813373239210e+01 1.933165207858592305e-01
7.600000000000197531e+01 1.571463984888247190e+01 1.931783023665921140e-01
7.700000000000248690e+01 1.560123917354810885e+01 1.930371541127169077e-01
7.800000000000299849e+01 1.548625897050854761e+01 1.928930261148122938e-01
7.900000000000351008e+01 1.536968478775385094e+01 1.927458692856581224e-01
8.000000000000402167e+01 1.525150472380793865e+01 1.925956354093138756e-01
8.100000000000453326e+01 1.513170930066354991e+01 1.924422772007011173e-01
8.200000000000504485e+01 1.501029134321927749e+01 1.922857483746625296e-01
8.300000000000555644e+01 1.488724586431519548e+01 1.921260037235895390e-01
8.400000000000606803e+01 1.476256995463088018e+01 1.919629992028097365e-01
8.500000000000657963e+01 1.463626267684366589e+01 1.917966920229978445e-01
8.600000000000709122e+01 1.450832496355304890e+01 1.916270407489322480e-01
8.700000000000760281e+01 1.437875951856354995e+01 1.914540054039593764e-01
8.800000000000811440e+01 1.424757072118770473e+01 1.912775475795561453e-01
8.900000000000862599e+01 1.411476453328600122e+01 1.910976305493987948e-01
9.000000000000913758e+01 1.398034840880507979e+01 1.909142193873538118e-01
9.100000000000964917e+01 1.384433120561071995e+01 1.907272810888077930e-01
9.200000000001016076e+01 1.370672309944082912e+01 1.905367846947500776e-01
9.300000000001067235e+01 1.356753549982670037e+01 1.903427014180094079e-01
9.400000000001118394e+01 1.342678096784921316e+01 1.901450047710346869e-01
9.500000000001169553e+01 1.328447313561287579e+01 1.899436706945937803e-01
9.600000000001220712e+01 1.314062662733302744e+01 1.897386776867449332e-01
9.700000000001271871e+01 1.299525698194285184e+01 1.895300069314191094e-01
9.800000000001323031e+01 1.284838057713698234e+01 1.893176424259306601e-01
9.900000000001374190e+01 1.270001455477681063e+01 1.891015711067159655e-01
1.000000000000142535e+02 1.255017674759073110e+01 1.888817829725819852e-01
1.010000000000147651e+02 1.239888560711040277e+01 1.886582712047315813e-01
1.020000000000152767e+02 1.224616013279074522e+01 1.884310322828194606e-01
1.030000000000157883e+02 1.209201980226848328e+01 1.882000660962794003e-01
1.040000000000162999e+02 1.193648450272064920e+01 1.879653760501617255e-01
1.050000000000168114e+02 1.177957446329069136e+01 1.877269691647102112e-01
1.060000000000173230e+02 1.162131018855609632e+01 1.874848561679139658e-01
1.070000000000178346e+02 1.146171239301727063e+01 1.872390515802740685e-01
1.080000000000183462e+02 1.130080193659339294e+01 1.869895737910305389e-01
1.090000000000188578e+02 1.113859976111580607e+01 1.867364451251204704e-01
1.100000000000193694e+02 1.097512682781510485e+01 1.864796919001486253e-01
1.110000000000198810e+02 1.081040405580224828e+01 1.862193444726877312e-01
1.120000000000203926e+02 1.064445226154851376e+01 1.859554372732508953e-01
1.130000000000209042e+02 1.047729209937250694e+01 1.856880088293214603e-01
1.140000000000214158e+02 1.030894400294591406e+01 1.854171017758660667e-01
1.150000000000219273e+02 1.013942812783183989e+01 1.851427628528087288e-01
1.160000000000224389e+02 9.968764295071771642e+00 1.848650428889940522e-01
1.170000000000229505e+02 9.796971935838440615e+00 1.845839967722329722e-01
1.180000000000234621e+02 9.624070037172383962e+00 1.842996834050812660e-01
1.190000000000239737e+02 9.450077088820014737e+00 1.840121656460773636e-01
1.200000000000244853e+02 9.275011031190338429e+00 1.837215102362317054e-01
1.210000000000249969e+02 9.098889204445837819e+00 1.834277877106399446e-01
1.220000000000255085e+02 8.921728298741401275e+00 1.831310722951675074e-01
1.230000000000260201e+02 8.743544305621840707e+00 1.828314417882364318e-01
1.240000000000265317e+02 8.564352470585999910e+00 1.825289774278254229e-01
1.250000000000270433e+02 8.384167246820997121e+00 1.822237637438753055e-01
1.260000000000275548e+02 8.203002250106019133e+00 1.819158883963800655e-01
1.270000000000280664e+02 8.020870214880247318e+00 1.816054419995176417e-01
1.280000000000285638e+02 7.837782951464209447e+00 1.812925179322621705e-01
1.290000000000276543e+02 7.653751304418244139e+00 1.809772121359931596e-01
1.300000000000267448e+02 7.468785112014649563e+00 1.806596228996911191e-01
1.310000000000258353e+02 7.282893166797508755e+00 1.803398506333867557e-01
1.320000000000249258e+02 7.096083177192721081e+00 1.800179976305897322e-01
1.330000000000240163e+02 6.908361730128244282e+00 1.796941678204882487e-01
1.340000000000231068e+02 6.719734254616336777e+00 1.793684665107679876e-01
1.350000000000221974e+02 6.530204986243608012e+00 1.790410001219463199e-01
1.360000000000212879e+02 6.339776932507941609e+00 1.787118759141615998e-01
1.370000000000203784e+02 6.148451838935330649e+00 1.783812017073942158e-01
1.380000000000194689e+02 5.956230155903513790e+00 1.780490855961218699e-01
1.390000000000185594e+02 5.763111006093392774e+00 1.777156356594370989e-01
1.400000000000176499e+02 5.569092152483825942e+00 1.773809596676625411e-01
1.410000000000167404e+02 5.374169966800137921e+00 1.770451647865097511e-01
1.420000000000158309e+02 5.178339398321977427e+00 1.767083572798223423e-01
1.430000000000149214e+02 4.981593942951866083e+00 1.763706422119319661e-01
1.440000000000140119e+02 4.783925612441809250e+00 1.760321231506428719e-01
1.450000000000131024e+02 4.585324903672347574e+00 1.756929018718319524e-01
1.460000000000121929e+02 4.385780767875412600e+00 1.753530780666190947e-01
1.470000000000112834e+02 4.185280579690410896e+00 1.750127490520249074e-01
1.480000000000103739e+02 3.983810105941486768e+00 1.746720094859913752e-01
1.490000000000094644e+02 3.781353474023035677e+00 1.743309510875845347e-01
1.500000000000085549e+02 3.577893139780639054e+00 1.739896623631509709e-01
1.510000000000076454e+02 3.373409854775122785e+00 1.736482283391355408e-01
1.520000000000067359e+02 3.167882632819139399e+00 1.733067303022073902e-01
1.530000000000058265e+02 2.961288715677914407e+00 1.729652455472785177e-01
1.540000000000049170e+02 2.753603537829245607e+00 1.726238471339296143e-01
1.550000000000040075e+02 2.544800690182027036e+00 1.722826036516886261e-01
1.560000000000030980e+02 2.334851882658020461e+00 1.719415789945443196e-01
1.570000000000021885e+02 2.123726905548121824e+00 1.716008321450051277e-01
1.580000000000012790e+02 1.911393589562086159e+00 1.712604169679460553e-01
1.590000000000003695e+02 1.697817764499931492e+00 1.709203820144270802e-01
1.599999999999994600e+02 1.482963216483808688e+00 1.705807703355975147e-01
1.609999999999985505e+02 1.266791643701486558e+00 1.702416193067508021e-01
1.619999999999976410e+02 1.049262610626763959e+00 1.699029604615323319e-01
1.629999999999967315e+02 8.303335006982471844e-01 1.695648193362628842e-01
1.639999999999958220e+02 6.099594674564007279e-01 1.692272153242898314e-01
1.649999999999949125e+02 3.880933841597168921e-01 1.688901615402485512e-01
1.659999999999940030e+02 1.646857919245476032e-01 1.685536646940853367e-01
1.669999999999930935e+02 -6.031515353998497669e-02 1.682177249746735492e-01
1.679999999999921840e+02 -2.869637365001717066e-01 1.678823359428430473e-01
1.689999999999912745e+02 -5.153167369333526704e-01 1.675474844336434510e-01
1.699999999999903650e+02 -7.454334872561945158e-01 1.672131504676660774e-01
1.709999999999894555e+02 -9.773759298282056474e-01 1.668793071712738885e-01
1.719999999999885461e+02 -1.211208674963947018e+00 1.665459207056173563e-01
1.729999999999876366e+02 -1.446999059133081023e+00 1.662129502043570295e-01
1.739999999999867271e+02 -1.684817202966209848e+00 1.658803477200728460e-01
1.749999999999858176e+02 -1.924736068616143214e+00 1.655480581794103734e-01
1.759999999999849081e+02 -2.166831515947908571e+00 1.652160193470975924e-01
1.769999999999839986e+02 -2.411182356945860139e+00 1.648841617990664254e-01
1.779999999999830891e+02 -2.657870407631700793e+00 1.645524089050318106e-01
1.789999999999821796e+02 -2.906980536682391758e+00 1.642206768210116852e-01
1.799999999999812701e+02 -3.158600709821061336e+00 1.638888744924185126e-01
1.809999999999803606e+02 -3.412822028926139062e+00 1.635569036685243227e-01
1.819999999999794511e+02 -3.669738764663713848e+00 1.632246589292822014e-01
1.829999999999785416e+02 -3.929448381294583736e+00 1.628920277256889482e-01
1.839999999999776321e+02 -4.192051552140676485e+00 1.625588904350939723e-01
1.849999999999767226e+02 -4.457652164015146745e+00 1.622251204330971697e-01
1.859999999999758131e+02 -4.726357308727051176e+00 1.618905841839253790e-01
1.869999999999749036e+02 -4.998277259566176411e+00 1.615551413514504098e-01
1.879999999999739941e+02 -5.273525430457317142e+00 1.612186449332843330e-01
1.889999999999730846e+02 -5.552218315251774783e+00 1.608809414206796295e-01
1.899999999999721751e+02 -5.834475404395011999e+00 1.605418709872533656e-01
1.909999999999712657e+02 -6.120419075988586144e+00 1.602012677098495208e-01
1.919999999999703562e+02 -6.410174458051923096e+00 1.598589598251416444e-01
1.929999999999694467e+02 -6.703869258600371417e+00 1.595147700258479628e-01
1.939999999999685372e+02 -7.001633560005167567e+00 1.591685158006823642e-01
1.949999999999676277e+02 -7.303599574007207273e+00 1.588200098223780665e-01
1.959999999999667182e+02 -7.609901353744479735e+00 1.584690603882754623e-01
1.969999999999658087e+02 -7.920674459254662736e+00 1.581154719180605794e-01
1.979999999999648992e+02 -8.236055573166908061e+00 1.577590455132421021e-01
1.989999999999639897e+02 -8.556182063747218791e+00 1.573995795828370126e-01
1.999999999999630802e+02 -8.881191493164539708e+00 1.570368705394812325e-01
2.009999999999621707e+02 -9.211221069863574584e+00 1.566707135697521791e-01
2.019999999999612612e+02 -9.546407045335353558e+00 1.563009034818508280e-01
2.029999999999603517e+02 -9.886884057446261309e+00 1.559272356329042819e-01
2.039999999999594422e+02 -1.023278442489757722e+01 1.555495069369780547e-01
2.049999999999585327e+02 -1.058423740041721928e+01 1.551675169533800469e-01
2.059999999999576232e+02 -1.094136839399426364e+01 1.547810690529709543e-01
2.069999999999567137e+02 -1.130429818189411684e+01 1.543899716579070491e-01
2.079999999999558042e+02 -1.167314212233601722e+01 1.539940395475284940e-01
2.089999999999548947e+02 -1.204800940451409019e+01 1.535930952199358046e-01
2.099999999999539853e+02 -1.242900236396053693e+01 1.531869702951775269e-01
2.109999999999530758e+02 -1.281621590384165010e+01 1.527755069419379497e-01
2.119999999999521663e+02 -1.320973706828241312e+01 1.523585593052314557e-01
2.129999999999512568e+02 -1.360964481972974127e+01 1.519359949079973071e-01
2.139999999999503473e+02 -1.401601007704384472e+01 1.515076959948173652e-01
2.149999999999494378e+02 -1.442889607366925375e+01 1.510735607814827630e-01
2.159999999999485283e+02 -1.484835909499377848e+01 1.506335045701283626e-01
2.169999999999476188e+02 -1.527444964991209453e+01 1.501874606865101214e-01
2.179999999999467093e+02 -1.570721412274896345e+01 1.497353811941411206e-01
2.189999999999457998e+02 -1.614669693726710165e+01 1.492772373399247343e-01
2.199999999999448903e+02 -1.659294324393036035e+01 1.488130196881078116e-01
2.209999999999439808e+02 -1.704600211472848059e+01 1.483427379042757122e-01
2.219999999999430713e+02 -1.750593019700867004e+01 1.478664201591197158e-01
2.229999999999421618e+02 -1.797279573982058665e+01 1.473841121330497494e-01
2.239999999999412523e+02 -1.844668286487659259e+01 1.468958756174590652e-01
2.249999999999403428e+02 -1.892769591170765153e+01 1.464017867263429917e-01
2.259999999999394333e+02 -1.941596364603858760e+01 1.459019337525269966e-01
2.269999999999385238e+02 -1.991164308559119434e+01 1.453964147251306238e-01
2.279999999999376143e+02 -2.041492267280168349e+01 1.448853347478976372e-01
2.289999999999367049e+02 -2.092602451406838782e+01 1.443688032202072868e-01
2.299999999999357954e+02 -2.144520541499720423e+01 1.438469310621823538e-01
2.309999999999348859e+02 -2.197275647524159581e+01 1.433198280804345581e-01
2.319999999999339764e+02 -2.250900106853732296e+01 1.427876006196471537e-01
2.329999999999330669e+02 -2.305429112516883450e+01 1.422503496454818328e-01
2.339999999999321574e+02 -2.360900175418792202e+01 1.417081693945821674e-01
2.349999999999312479e+02 -2.417352438592154584e+01 1.411611467065771175e-01
2.359999999999303384e+02 -2.474825877122438200e+01 1.406093611206200300e-01
2.369999999999294289e+02 -2.533360432658426475e+01 1.400528857758608081e-01
2.379999999999285194e+02 -2.592995144357946202e+01 1.394917891034166968e-01
2.389999999999276099e+02 -2.653767346390095483e+01 1.389261372405009021e-01
2.399999999999267004e+02 -2.715712003836211963e+01 1.383559970404575068e-01
2.409999999999257909e+02 -2.778861252546639804e+01 1.377814395016432047e-01
2.419999999999248814e+02 -2.843244194205436060e+01 1.372025433998610988e-01
2.429999999999239719e+02 -2.908886976831736604e+01 1.366193988890511968e-01
2.439999999999230624e+02 -2.975813165921717740e+01 1.360321108369217935e-01
2.449999999999221529e+02 -3.044044385991455570e+01 1.354408016869848297e-01
2.459999999999212434e+02 -3.113601190115927153e+01 1.348456136834068342e-01
2.469999999999203339e+02 -3.184504099161630819e+01 1.342467103544148221e-01
2.479999999999194245e+02 -3.256774744439552194e+01 1.336442772156935244e-01
2.489999999999185150e+02 -3.330437047554186591e+01 1.330385217185449942e-01
2.499999999999176055e+02 -3.405518377995069557e+01 1.324296725207970149e-01
2.509999999999166960e+02 -3.482050640294279020e+01 1.318179781960021058e-01
2.519999999999157865e+02 -3.560071255819522662e+01 1.312037055158983834e-01
2.529999999999148770e+02 -3.639624017141843382e+01 1.305871374429385945e-01
2.539999999999139675e+02 -3.720759803591550963e+01 1.299685709569664283e-01
2.549999999999130580e+02 -3.803537153918757241e+01 1.293483148173314168e-01
2.559999999999121485e+02 -3.888022695313416932e+01 1.287266873339376894e-01
2.569999999999112674e+02 -3.974291427239898411e+01 1.281040141925301468e-01
2.579999999999103579e+02 -4.062426854614918170e+01 1.274806263546450213e-01
2.589999999999094484e+02 -4.152520958327627199e+01 1.268568580332891660e-01
2.599999999999085389e+02 -4.244673961456440026e+01 1.262330447335560935e-01
2.609999999999076294e+02 -4.338993857584637226e+01 1.256095213438165603e-01
2.619999999999067199e+02 -4.435595632255877518e+01 1.249866202645323471e-01
2.629999999999058105e+02 -4.534600080432345948e+01 1.243646695699035937e-01
2.639999999999049010e+02 -4.636132091418584622e+01 1.237439912109305068e-01
2.649999999999039915e+02 -4.740318232234816520e+01 1.231248992854434565e-01
2.659999999999030820e+02 -4.847283413266659835e+01 1.225076984201485253e-01
2.669999999999021725e+02 -4.957146367355320393e+01 1.218926823306916152e-01
2.679999999999012630e+02 -5.070013618998886074e+01 1.212801326470440422e-01
2.689999999999003535e+02 -5.185971571892962828e+01 1.206703181118343876e-01
2.699999999998994440e+02 -5.305076315205567283e+01 1.200634942767954960e-01
2.709999999998985345e+02 -5.427340766087629476e+01 1.194599038346182140e-01
2.719999999998976250e+02 -5.552718865167214801e+01 1.188597777263252914e-01
2.729999999998967155e+02 -5.681086774676263929e+01 1.182633371522622684e-01
2.739999999998958060e+02 -5.812221457720421824e+01 1.176707965806877004e-01
2.749999999998948965e+02 -5.945777701256974268e+01 1.170823677832218412e-01
2.759999999998939870e+02 -6.081265609876889755e+01 1.164982648230683399e-01
2.769999999998930775e+02 -6.218031781648552681e+01 1.159187097759169643e-01
2.779999999998921680e+02 -6.355248567401351067e+01 1.153439387801657445e-01
2.789999999998912585e+02 -6.491916594175813771e+01 1.147742078139953326e-01
2.799999999998903490e+02 -6.626885512705915460e+01 1.142097974239722064e-01
2.809999999998894396e+02 -6.758896131370116223e+01 1.136510155436594588e-01
2.819999999998885301e+02 -6.886643518021845978e+01 1.130981976050775134e-01
2.829999999998876206e+02 -7.008855824072092844e+01 1.125517034008469003e-01
2.839999999998867111e+02 -7.124378892374957672e+01 1.120119105867770914e-01
2.849999999998858016e+02 -7.232253944507046128e+01 1.114792052423316110e-01
2.859999999998848921e+02 -7.331776148996603126e+01 1.109539703988484810e-01
2.869999999998839826e+02 -7.422525748754661379e+01 1.104365737691244964e-01
2.879999999998830731e+02 -7.504369363443605323e+01 1.099273559848287785e-01
2.889999999998821636e+02 -7.577435006813541918e+01 1.094266204703201739e-01
2.899999999998812541e+02 -7.642068462449131516e+01 1.089346257272962859e-01
2.909999999998803446e+02 -7.698780146843701289e+01 1.084515803848201815e-01
2.919999999998794351e+02 -7.748190752305656304e+01 1.079776409857056002e-01
2.929999999998785256e+02 -7.790981745464384289e+01 1.075129121973207175e-01
2.939999999998776161e+02 -7.827854214276202072e+01 1.070574489729780310e-01
2.949999999998767066e+02 -7.859497319587937625e+01 1.066112601361778878e-01
2.959999999998757971e+02 -7.886566032656320147e+01 1.061743128842776857e-01
2.969999999998748876e+02 -7.909666940428819260e+01 1.057465377782755567e-01
2.979999999998739781e+02 -7.929350532532517093e+01 1.053278338746057863e-01
2.989999999998730686e+02 -7.946108365544353092e+01 1.049180737448592582e-01
2.999999999998721592e+02 -7.960373673734227395e+01 1.045171082097633569e-01
3.009999999998712497e+02 -7.972524249228737858e+01 1.041247706800454559e-01
3.019999999998703402e+02 -7.982886679792743223e+01 1.037408810481687954e-01
3.029999999998694307e+02 -7.991741272921866823e+01 1.033652491126351852e-01
3.039999999998685212e+02 -7.999327195564150372e+01 1.029976775427447477e-01
3.049999999998676117e+02 -8.005847516745026837e+01 1.026379644087572901e-01
3.059999999998667022e+02 -8.011473959193463656e+01 1.022859053125083767e-01
3.069999999998657927e+02 -8.016351251944226419e+01 1.019412951585816907e-01
3.079999999998648832e+02 -8.020601035564601489e+01 1.016039296076449994e-01
3.089999999998639737e+02 -8.024325311362692048e+01 1.012736062526966435e-01
3.099999999998630642e+02 -8.027609450964999382e+01 1.009501255566292027e-01
3.109999999998621547e+02 -8.030524797235969459e+01 1.006332915863288879e-01
3.119999999998612452e+02 -8.033130894901678687e+01 1.003229125749537515e-01
3.129999999998603357e+02 -8.035477391847517481e+01 1.000188013403593562e-01
3.139999999998594262e+02 -8.037605651627657721e+01 9.972077558408171116e-02
3.149999999998585167e+02 -8.039550115476494341e+01 9.942865809195118587e-02
3.159999999998576072e+02 -8.041339448884413343e+01 9.914227685436410864e-02
3.169999999998566977e+02 -8.042997504148191013e+01 9.886146512151780530e-02
3.179999999998557882e+02 -8.044544126582729859e+01 9.858606140650670591e-02
3.189999999998548788e+02 -8.045995828501935421e+01 9.831590944708430702e-02
3.199999999998539693e+02 -8.047366351762008208e+01 9.805085813508723769e-02
3.209999999998530598e+02 -8.048667136668379385e+01 9.779076142096822244e-02
3.219999999998521503e+02 -8.049907712396226600e+01 9.753547819956991105e-02
3.229999999998512408e+02 -8.051096021756090693e+01 9.728487218215775556e-02
3.239999999998503313e+02 -8.052238691131266535e+01 9.703881175879772170e-02
3.249999999998494218e+02 -8.053341254692738005e+01 9.679716985437940291e-02
3.259999999998485123e+02 -8.054408340530318355e+01 9.655982378093640184e-02
3.269999999998476028e+02 -8.055443825094391741e+01 9.632665508837587320e-02
3.279999999998466933e+02 -8.056450961291236013e+01 9.609754941528157735e-02
3.289999999998457838e+02 -8.057432484690073693e+01 9.587239634109077924e-02
3.299999999998448743e+02 -8.058390701556650981e+01 9.565108924064276430e-02
3.309999999998439648e+02 -8.059327561805952200e+01 9.543352514185426960e-02
3.319999999998430553e+02 -8.060244719445955752e+01 9.521960458707642849e-02
3.329999999998421458e+02 -8.061143582649921768e+01 9.500923149852841254e-02
3.339999999998412363e+02 -8.062025355232411528e+01 9.480231304807422432e-02
3.349999999998403268e+02 -8.062891071002621857e+01 9.459875953150669037e-02
3.359999999998394173e+02 -8.063741622217395388e+01 9.439848424741952015e-02
3.369999999998385078e+02 -8.064577783147817058e+01 9.420140338068691555e-02
3.379999999998375984e+02 -8.065400229599786996e+01 9.400743589051854809e-02
3.389999999998366889e+02 -8.066209555084962801e+01 9.381650340302082058e-02
3.399999999998357794e+02 -8.067006284219048950e+01 9.362853010816742094e-02
3.409999999998348699e+02 -8.067790883825438186e+01 9.344344266105863994e-02
3.419999999998339604e+02 -8.068563772139715695e+01 9.326117008733780800e-02
3.429999999998330509e+02 -8.069325326442753976e+01 9.308164369261992532e-02
3.439999999998321414e+02 -8.070075889393474711e+01 9.290479697578345186e-02
3.449999999998312319e+02 -8.070815774285701139e+01 9.273056554597218504e-02
3.459999999998303224e+02 -8.071545269414697543e+01 9.255888704315391735e-02
3.469999999998294129e+02 -8.072264641707144506e+01 9.238970106208359290e-02
3.479999999998285034e+02 -8.072974139741403121e+01 9.222294907952112430e-02
3.489999999998275939e+02 -8.073673996263399033e+01 9.205857438455733455e-02
3.499999999998266844e+02 -8.074364430284856553e+01 9.189652201190705305e-02
3.509999999998257749e+02 -8.075045648835840950e+01 9.173673867803097681e-02
3.519999999998248654e+02 -8.075717848431074231e+01 9.157917271995512365e-02
3.529999999998239559e+02 -8.076381216299108701e+01 9.142377403666142321e-02
3.539999999998230464e+02 -8.077035931415034042e+01 9.127049403292826490e-02
3.549999999998221369e+02 -8.077682165370305256e+01 9.111928556550492886e-02
3.559999999998212274e+02 -8.078320083107537641e+01 9.097010289151109819e-02
3.569999999998203180e+02 -8.078949843543077236e+01 9.082290161895426039e-02
3.579999999998194085e+02 -8.079571600096586792e+01 9.067763865926853351e-02
3.589999999998184990e+02 -8.080185501143070326e+01 9.053427218177696745e-02
3.599999999998175895e+02 -8.080791690400636185e+01 9.039276156998929390e-02
3.609999999998166800e+02 -8.081390307264503292e+01 9.025306737964987336e-02
3.619999999998157705e+02 -8.081981487096265937e+01 9.011515129845419636e-02
3.629999999998148610e+02 -8.082565361475730015e+01 8.997897610735731966e-02
3.639999999998139515e+02 -8.083142058421491072e+01 8.984450564340194789e-02
3.649999999998130420e+02 -8.083711702585171111e+01 8.971170476399698002e-02
3.659999999998121325e+02 -8.084274415423610094e+01 8.958053931258094793e-02
3.669999999998112230e+02 -8.084830315352452601e+01 8.945097608560863278e-02
3.679999999998103135e+02 -8.085379517883941958e+01 8.932298280080157304e-02
3.689999999998094040e+02 -8.085922135751435746e+01 8.919652806660753608e-02
3.699999999998084945e+02 -8.086458279022455997e+01 8.907158135281520450e-02
3.709999999998075850e+02 -8.086988055202131420e+01 8.894811296227413122e-02
3.719999999998066755e+02 -8.087511569328178496e+01 8.882609400367216801e-02
3.729999999998057660e+02 -8.088028924058784241e+01 8.870549636532565341e-02
3.739999999998048565e+02 -8.088540219754150939e+01 8.858629268993806205e-02
3.749999999998039470e+02 -8.089045554552701844e+01 8.846845635028766086e-02
3.759999999998030376e+02 -8.089545024442439569e+01 8.835196142580421796e-02
3.769999999998021281e+02 -8.090038723328108006e+01 8.823678267999833513e-02
3.779999999998012186e+02 -8.090526743094658002e+01 8.812289553870776559e-02
3.789999999998003091e+02 -8.091009173667356436e+01 8.801027606912774359e-02
3.799999999997993996e+02 -8.091486103068902480e+01 8.789890095959282390e-02
3.809999999997984901e+02 -8.091957617473882181e+01 8.778874750008006100e-02
3.819999999997975806e+02 -8.092423801260700600e+01 8.767979356340491193e-02
3.829999999997966711e+02 -8.092884737061343969e+01 8.757201758708164918e-02
3.839999999997957616e+02 -8.093340505809058527e+01 8.746539855582191603e-02
3.849999999997948521e+02 -8.093791186784082470e+01 8.735991598464709629e-02
3.859999999997939426e+02 -8.094236857657726603e+01 8.725554990258906074e-02
3.869999999997930331e+02 -8.094677594534677212e+01 8.715228083695790440e-02
3.879999999997921236e+02 -8.095113471993883536e+01 8.705008979815387349e-02
3.889999999997912141e+02 -8.095544563127897675e+01 8.694895826500197156e-02
3.899999999997903046e+02 -8.095970939580961101e+01 8.684886817059048192e-02
3.909999999997893951e+02 -8.096392671585729772e+01 8.674980188859399144e-02
3.919999999997884856e+02 -8.096809827998771425e+01 8.665174222006145899e-02
3.929999999997875761e+02 -8.097222476334995633e+01 8.655467238065316093e-02
3.939999999997866666e+02 -8.097630682800875945e+01 8.645857598830862523e-02
3.949999999997857572e+02 -8.098034512326722734e+01 8.636343705133017745e-02
3.959999999997848477e+02 -8.098434028597846179e+01 8.626923995686712476e-02
3.969999999997839382e+02 -8.098829294084866603e+01 8.617596945978343859e-02
3.979999999997830287e+02 -8.099220370072991670e+01 8.608361067189820859e-02
3.989999999997821192e+02 -8.099607316690536152e+01 8.599214905158263089e-02
3.999999999997812097e+02 -8.099990192936485300e+01 8.590157039370137360e-02
4.009999999997803002e+02 -8.100369056707283733e+01 8.581186081988616265e-02
4.019999999997793907e+02 -8.100743964822844134e+01 8.572300676912882056e-02
4.029999999997784812e+02 -8.101114973051799950e+01 8.563499498868297477e-02
4.039999999997775717e+02 -8.101482136136024792e+01 8.554781252526312552e-02
4.049999999997766622e+02 -8.101845507814439884e+01 8.546144671652988745e-02
4.059999999997757527e+02 -8.102205140846147913e+01 8.537588518285206540e-02
4.069999999997748432e+02 -8.102561087032930232e+01 8.529111581933541963e-02
4.079999999997739337e+02 -8.102913397241121629e+01 8.520712678810830887e-02
4.089999999997730242e+02 -8.103262121422802977e+01 8.512390651085557924e-02
4.099999999997721147e+02 -8.103607308636502182e+01 8.504144366159178958e-02
4.109999999997712052e+02 -8.103949007067225807e+01 8.495972715966579325e-02
4.119999999997702957e+02 -8.104287264046065786e+01 8.487874616298786423e-02
4.129999999997693862e+02 -8.104622126069149601e+01 8.479849006147194279e-02
4.139999999997684768e+02 -8.104953638816120076e+01 8.471894847068621448e-02
4.149999999997675673e+02 -8.105281847168167531e+01 8.464011122570365420e-02
4.159999999997666578e+02 -8.105606795225513395e+01 8.456196837514602660e-02
4.169999999997657483e+02 -8.105928526324409233e+01 8.448451017541561137e-02
4.179999999997648388e+02 -8.106247083053793290e+01 8.440772708510685396e-02
4.189999999997639293e+02 -8.106562507271382856e+01 8.433160975959225203e-02
4.199999999997630198e+02 -8.106874840119414216e+01 8.425614904577723163e-02
4.209999999997621103e+02 -8.107184122039976160e+01 8.418133597701733806e-02
4.219999999997612008e+02 -8.107490392789891587e+01 8.410716176819221790e-02
4.229999999997602913e+02 -8.107793691455259477e+01 8.403361781093231231e-02
4.239999999997593818e+02 -8.108094056465613164e+01 8.396069566899150294e-02
4.249999999997584723e+02 -8.108391525607710548e+01 8.388838707376192194e-02
4.259999999997575628e+02 -8.108686136038966197e+01 8.381668391992519451e-02
4.269999999997566533e+02 -8.108977924300531015e+01 8.374557826123675552e-02
4.279999999997557438e+02 -8.109266926330104752e+01 8.367506230643796672e-02
4.289999999997548343e+02 -8.109553177474349184e+01 8.360512841529176009e-02
4.299999999997539248e+02 -8.109836712501015654e+01 8.353576909473749146e-02
4.309999999997530153e+02 -8.110117565610812562e+01 8.346697699516252011e-02
4.319999999997521059e+02 -8.110395770448901942e+01 8.339874490678413077e-02
4.329999999997511964e+02 -8.110671360116172934e+01 8.333106575614077083e-02
4.339999999997502869e+02 -8.110944367180223935e+01 8.326393260268712126e-02
4.349999999997493774e+02 -8.111214823686070474e+01 8.319733863549032271e-02
4.359999999997484679e+02 -8.111482761166580246e+01 8.313127717002422035e-02
4.369999999997475584e+02 -8.111748210652673663e+01 8.306574164505781122e-02
4.379999999997466489e+02 -8.112011202683272870e+01 8.300072561963545148e-02
4.389999999997457394e+02 -8.112271767315026239e+01 8.293622277014524313e-02
4.399999999997448299e+02 -8.112529934131758580e+01 8.287222688747332422e-02
4.409999999997439204e+02 -8.112785732253746573e+01 8.280873187424089843e-02
4.419999999997430109e+02 -8.113039190346722762e+01 8.274573174212106197e-02
4.429999999997421014e+02 -8.113290336630740285e+01 8.268322060923374850e-02
4.439999999997411919e+02 -8.113539198888750548e+01 8.262119269761515616e-02
4.449999999997402824e+02 -8.113785804475023156e+01 8.255964233076017178e-02
4.459999999997393729e+02 -8.114030180323351260e+01 8.249856393123521092e-02
4.469999999997384634e+02 -8.114272352955102008e+01 8.243795201835835140e-02
4.479999999997375539e+02 -8.114512348487045301e+01 8.237780120594628830e-02
4.489999999997366444e+02 -8.114750192638987869e+01 8.231810620012444679e-02
4.499999999997357349e+02 -8.114985910741290809e+01 8.225886179719922586e-02
4.509999999997348255e+02 -8.115219527742168282e+01 8.220006288158952790e-02
4.519999999997339160e+02 -8.115451068214844099e+01 8.214170442381668602e-02
4.529999999997330065e+02 -8.115680556364529252e+01 8.208378147854993034e-02
4.539999999997320970e+02 -8.115908016035244543e+01 8.202628918270690739e-02
4.549999999997311875e+02 -8.116133470716515319e+01 8.196922275360585264e-02
4.559999999997302780e+02 -8.116356943549874359e+01 8.191257748716949949e-02
4.569999999997293685e+02 -8.116578457335270969e+01 8.185634875617800454e-02
4.579999999997284590e+02 -8.116798034537292494e+01 8.180053200856941820e-02
4.589999999997275495e+02 -8.117015697291266463e+01 8.174512276578713155e-02
4.599999999997266400e+02 -8.117231467409243351e+01 8.169011662117131589e-02
4.609999999997257305e+02 -8.117445366385825878e+01 8.163550923839474338e-02
4.619999999997248210e+02 -8.117657415403881771e+01 8.158129634994014390e-02
4.629999999997239115e+02 -8.117867635340142840e+01 8.152747375561862631e-02
4.639999999997230020e+02 -8.118076046770634946e+01 8.147403732112797059e-02
4.649999999997220925e+02 -8.118282669976072441e+01 8.142098297664837614e-02
4.659999999997211830e+02 -8.118487524947073553e+01 8.136830671547652660e-02
4.669999999997202735e+02 -8.118690631389274870e+01 8.131600459269525127e-02
4.679999999997193640e+02 -8.118892008728340670e+01 8.126407272387776992e-02
4.689999999997184545e+02 -8.119091676114916822e+01 8.121250728382671535e-02
4.699999999997175451e+02 -8.119289652429377213e+01 8.116130450534492224e-02
4.709999999997166356e+02 -8.119485956286553119e+01 8.111046067803930060e-02
4.719999999997157261e+02 -8.119680606040353155e+01 8.105997214715478238e-02
4.729999999997148166e+02 -8.119873619788224062e+01 8.100983531243861890e-02
4.739999999997139071e+02 -8.120065015375637074e+01 8.096004662703371046e-02
4.749999999997129976e+02 -8.120254810400335543e+01 8.091060259640027452e-02
4.759999999997120881e+02 -8.120443022216618090e+01 8.086149977726465876e-02
4.769999999997111786e+02 -8.120629667939475382e+01 8.081273477659503546e-02
4.779999999997102691e+02 -8.120814764448651601e+01 8.076430425060299179e-02
4.789999999997093596e+02 -8.120998328392630583e+01 8.071620490376950341e-02
4.799999999997084501e+02 -8.121180376192501171e+01 8.066843348789597135e-02
4.809999999997075406e+02 -8.121360924045841045e+01 8.062098680117858740e-02
4.819999999997066311e+02 -8.121539987930383120e+01 8.057386168730520937e-02
4.829999999997057216e+02 -8.121717583607755842e+01 8.052705503457532887e-02
4.839999999997048121e+02 -8.121893726627034482e+01 8.048056377504064773e-02
4.849999999997039026e+02 -8.122068432328269694e+01 8.043438488366737305e-02
4.859999999997029931e+02 -8.122241715845949273e+01 8.038851537751863507e-02
4.869999999997020836e+02 -8.122413592112370395e+01 8.034295231495644507e-02
4.879999999997011741e+02 -8.122584075860976327e+01 8.029769279486323463e-02
4.889999999997002647e+02 -8.122753181629585129e+01 8.025273395588189418e-02
4.899999999996993552e+02 -8.122920923763599887e+01 8.020807297567376926e-02
4.909999999996984457e+02 -8.123087316419123738e+01 8.016370707019489228e-02
4.919999999996975362e+02 -8.123252373566026563e+01 8.011963349298822923e-02
4.929999999996966267e+02 -8.123416108990963380e+01 8.007584953449382870e-02
4.939999999996957172e+02 -8.123578536300276198e+01 8.003235252137423650e-02
4.949999999996948077e+02 -8.123739668922962665e+01 7.998913981585603628e-02
4.959999999996938982e+02 -8.123899520113442918e+01 7.994620881508637811e-02
4.969999999996929887e+02 -8.124058102954379024e+01 7.990355695050486984e-02
4.979999999996920792e+02 -8.124215430359384982e+01 7.986118168722927679e-02
4.989999999996911697e+02 -8.124371515075709738e+01 7.981908052345577931e-02
4.999999999996902602e+02 -8.124526369686871874e+01 7.977725098987265007e-02
5.000000000000000000e+02 -8.124526369686920191e+01 7.977725098985972985e-02
