1.000000000000000666e+00 -7.218295040903271342e+01 7.359456288040130967e-02
2.000000000000001332e+00 -6.329787938600600228e+01 7.362414550277066039e-02
2.999999999999980016e+00 -7.738087238219692132e+00 7.372477936245565300e-02
3.999999999999958700e+00 3.638496992403950259e+01 7.882873923494411461e-02
4.999999999999937828e+00 3.036575381000070806e+01 9.214813401508606394e-02
5.999999999999916511e+00 2.581496689772359687e+01 1.105322258289723747e-01
6.999999999999895195e+00 2.305049297774541017e+01 1.300906322663494263e-01
7.999999999999873879e+00 2.161555950567388962e+01 1.476404817689230820e-01
8.999999999999852562e+00 2.103378770964900113e+01 1.616214965591159236e-01
9.999999999999831246e+00 2.095827048119697622e+01 1.718722950628092383e-01
1.099999999999980993e+01 2.116423844022141054e+01 1.789784429381847675e-01
1.199999999999978861e+01 2.151375486057450459e+01 1.837439698216156991e-01
1.299999999999976730e+01 2.192485112664269664e+01 1.869108304868031256e-01
1.399999999999974598e+01 2.234989719491552407e+01 1.890583607112917286e-01
1.499999999999972466e+01 2.276156228503757006e+01 1.905953898368603350e-01
1.599999999999970335e+01 2.314402335838207847e+01 1.917885069001994680e-01
1.699999999999985789e+01 2.348756287109909380e+01 1.927983528796588797e-01
1.800000000000001421e+01 2.378524718821818240e+01 1.937123444073667600e-01
1.900000000000017053e+01 2.403079834609274812e+01 1.945701433075773534e-01
2.000000000000032685e+01 2.421707204220387410e+01 1.953815113987203422e-01
2.100000000000048317e+01 2.433479451017688788e+01 1.961374915990443946e-01
2.200000000000063949e+01 2.437154139053883029e+01 1.968165948442333890e-01
2.300000000000079581e+01 2.431178064494164204e+01 1.973889132603980356e-01
2.400000000000095213e+01 2.414091746713054931e+01 1.978233532060845457e-01
2.500000000000110845e+01 2.385828655406209364e+01 1.981029130295149654e-01
2.600000000000126477e+01 2.349410363196141560e+01 1.982399805989080999e-01
2.700000000000142109e+01 2.310221741292710362e+01 1.982702612410843501e-01
2.800000000000157740e+01 2.272620842042211109e+01 1.982305859863306707e-01
2.900000000000173372e+01 2.238361438482002441e+01 1.981477015916782713e-01
3.000000000000189004e+01 2.207544568268528451e+01 1.980394131987625872e-01
3.100000000000204636e+01 2.179751339971024748e+01 1.979176345752103605e-01
3.200000000000220268e+01 2.154547844917847499e+01 1.977902716707299891e-01
3.300000000000200373e+01 2.131601209237106787e+01 1.976623782948162822e-01
3.400000000000180478e+01 2.110662811446486486e+01 1.975369989593689646e-01
3.500000000000160583e+01 2.091530873539714719e+01 1.974158074529981932e-01
3.600000000000140687e+01 2.074024722952605870e+01 1.972995699232375499e-01
3.700000000000120792e+01 2.057973086451316291e+01 1.971884663038550589e-01
3.800000000000100897e+01 2.043211267338391579e+01 1.970823089393524408e-01
3.900000000000081002e+01 2.029582320869935685e+01 1.969806908749266450e-01
4.000000000000061107e+01 2.016939253613973193e+01 1.968830864771238809e-01
4.100000000000041211e+01 2.005146859764410294e+01 1.967889191376471780e-01
4.200000000000021316e+01 1.994082749507678898e+01 1.966976057438328818e-01
4.300000000000001421e+01 1.983637577953681230e+01 1.966085845936412502e-01
4.399999999999981526e+01 1.973714652503131362e+01 1.965213315943692418e-01
4.499999999999961631e+01 1.964229126148694959e+01 1.964353683452064181e-01
4.599999999999941735e+01 1.955106956465994728e+01 1.963502647853027361e-01
4.699999999999921840e+01 1.946283766047368502e+01 1.962656383733826504e-01
4.799999999999901945e+01 1.937703697796859714e+01 1.961811512035969707e-01
4.899999999999882050e+01 1.929318324097685888e+01 1.960965060297187035e-01
4.999999999999862155e+01 1.921085643337300652e+01 1.960114418455688456e-01
5.099999999999842260e+01 1.912969179508510820e+01 1.959257294339494249e-01
5.199999999999822364e+01 1.904937188908493439e+01 1.958391671305093618e-01
5.299999999999802469e+01 1.896961970708954226e+01 1.957515769359603475e-01
5.399999999999782574e+01 1.889019274032758133e+01 1.956628010357732428e-01
5.499999999999762679e+01 1.881087792124800728e+01 1.955726987396681216e-01
5.599999999999742784e+01 1.873148733507397523e+01 1.954811438253324929e-01
5.699999999999722888e+01 1.865185460143718288e+01 1.953880222555948176e-01
5.799999999999702993e+01 1.857183183244331914e+01 1.952932302312903323e-01
5.899999999999683098e+01 1.849128708208315786e+01 1.951966725401868274e-01
5.999999999999663203e+01 1.841010221142652981e+01 1.950982611635039554e-01
6.099999999999643308e+01 1.832817110359856372e+01 1.949979141043846342e-01
6.199999999999623412e+01 1.824539817160871991e+01 1.948955544062759004e-01
6.299999999999603517e+01 1.816169711040088686e+01 1.947911093330081944e-01
6.399999999999583622e+01 1.807698985189993479e+01 1.946845096861052338e-01
6.499999999999634781e+01 1.799120568832428901e+01 1.945756892383274927e-01
6.599999999999685940e+01 1.790428053465489100e+01 1.944645842655868817e-01
6.699999999999737099e+01 1.781615630596416011e+01 1.943511331621184945e-01
6.799999999999788258e+01 1.772678038940115286e+01 1.942352761261865735e-01
6.899999999999839417e+01 1.763610519408361199e+01 1.941169549056443178e-01
6.999999999999890576e+01 1.754408776505023226e+01 1.939961125944072995e-01
7.099999999999941735e+01 1.745068944985431258e+01 1.938726934723663531e-01
7.199999999999992895e+01 1.735587560840358989e+01 1.937466428824984321e-01
7.300000000000044054e+01 1.725961535833090110e+01 1.936179071399619644e-01
7.400000000000095213e+01 1.716188134957399924e+01 1.934864334688255749e-01
7.500000000000146372e+01 1.706264956299176205e+01 1.933521699627908375e-01
7.600000000000197531e+01 1.696189912879324524e+01 1.932150655668596062e-01
7.700000000000248690e+01 1.685961216133499008e+01 1.930750700773914974e-01
7.800000000000299849e+01 1.675577360748225786e+01 1.929321341583940252e-01
7.900000000000351008e+01 1.665037110625319627e+01 1.927862093722233494e-01
8.000000000000402167e+01 1.654339485789337871e+01 1.926372482231452632e-01
8.100000000000453326e+01 1.643483750087595752e+01 1.924852042124249596e-01
8.200000000000504485e+01 1.632469399560720547e+01 1.923300319037955231e-01
8.300000000000555644e+01 1.621296151384670381e+01 1.921716869982978138e-01
8.400000000000606803e+01 1.609963933303767192e+01 1.920101264176009848e-01
8.500000000000657963e+01 1.598472873489335555e+01 1.918453083949989701e-01
8.600000000000709122e+01 1.586823290770661821e+01 1.916771925733509740e-01
8.700000000000760281e+01 1.575015685194692239e+01 1.915057401092840617e-01
8.800000000000811440e+01 1.563050728878716455e+01 1.913309137830129236e-01
8.900000000000862599e+01 1.550929257126560579e+01 1.911526781131570596e-01
9.000000000000913758e+01 1.538652259783783016e+01 1.909709994759495599e-01
9.100000000000964917e+01 1.526220872811416385e+01 1.907858462282408796e-01
9.200000000001016076e+01 1.513636370061007597e+01 1.905971888336944475e-01
9.300000000001067235e+01 1.500900155236313260e+01 1.904049999915720104e-01
9.400000000001118394e+01 1.488013754029110913e+01 1.902092547674915646e-01
9.500000000001169553e+01 1.474978806418308785e+01 1.900099307255259662e-01
9.600000000001220712e+01 1.461797059122990028e+01 1.898070080609996768e-01
9.700000000001271871e+01 1.448470358201216435e+01 1.896004697333158184e-01
9.800000000001323031e+01 1.435000641787485165e+01 1.893903015981349136e-01
9.900000000001374190e+01 1.421389932962633118e+01 1.891764925382016516e-01
1.000000000000142535e+02 1.407640332750813705e+01 1.889590345921040859e-01
1.010000000000147651e+02 1.393754013238949696e+01 1.887379230802285479e-01
1.020000000000152767e+02 1.379733210814754152e+01 1.885131567271634556e-01
1.030000000000157883e+02 1.365580219520099448e+01 1.882847377797913502e-01
1.040000000000162999e+02 1.351297384517171274e+01 1.880526721203009399e-01
1.050000000000168114e+02 1.336887095665445457e+01 1.878169693733453827e-01
1.060000000000173230e+02 1.322351781208147514e+01 1.875776430065737577e-01
1.070000000000178346e+02 1.307693901567430217e+01 1.873347104237649274e-01
1.080000000000183462e+02 1.292915943248054944e+01 1.870881930498027035e-01
1.090000000000188578e+02 1.278020412849894072e+01 1.868381164067444145e-01
1.100000000000193694e+02 1.263009831190075793e+01 1.865845101802550698e-01
1.110000000000198810e+02 1.247886727536038443e+01 1.863274082757030159e-01
1.120000000000203926e+02 1.232653633951192162e+01 1.860668488632435946e-01
1.130000000000209042e+02 1.217313079755269811e+01 1.858028744112557862e-01
1.140000000000214158e+02 1.201867586101749019e+01 1.855355317075355892e-01
1.150000000000219273e+02 1.186319660675029830e+01 1.852648718677000206e-01
1.160000000000224389e+02 1.170671792510240472e+01 1.849909503303097946e-01
1.170000000000229505e+02 1.154926446938722329e+01 1.847138268382731985e-01
1.180000000000234621e+02 1.139086060662323163e+01 1.844335654061632357e-01
1.190000000000239737e+02 1.123153036959669748e+01 1.841502342731433928e-01
1.200000000000244853e+02 1.107129741027540781e+01 1.838639058412750160e-01
1.210000000000249969e+02 1.091018495460389737e+01 1.835746565990496459e-01
1.220000000000255085e+02 1.074821575870884161e+01 1.832825670300748111e-01
1.230000000000260201e+02 1.058541206654126832e+01 1.829877215069202756e-01
1.240000000000265317e+02 1.042179556897916015e+01 1.826902081702172498e-01
1.250000000000270433e+02 1.025738736441125454e+01 1.823901187931879220e-01
1.260000000000275548e+02 1.009220792081826623e+01 1.820875486318677960e-01
1.270000000000280664e+02 9.926277039364064692e+00 1.817825962613685564e-01
1.280000000000285638e+02 9.759613819504302512e+00 1.814753633986139758e-01
1.290000000000276543e+02 9.592236625615061740e+00 1.811659547120622049e-01
1.300000000000267448e+02 9.424163055137643852e+00 1.808544776190078585e-01
1.310000000000258353e+02 9.255409908232882898e+00 1.805410420711360264e-01
1.320000000000249258e+02 9.085993158928323155e+00 1.802257603290659815e-01
1.330000000000240163e+02 8.915927927738884762e+00 1.799087467266956286e-01
1.340000000000231068e+02 8.745228455734046946e+00 1.795901174262165279e-01
1.350000000000221974e+02 8.573908080018947331e+00 1.792699901647244465e-01
1.360000000000212879e+02 8.401979210590379665e+00 1.789484839933994931e-01
1.370000000000203784e+02 8.229453308523025257e+00 1.786257190102730485e-01
1.380000000000194689e+02 8.056340865435021925e+00 1.783018160876311264e-01
1.390000000000185594e+02 7.882651384176591947e+00 1.779768965951303017e-01
1.400000000000176499e+02 7.708393360679717254e+00 1.776510821197226364e-01
1.410000000000167404e+02 7.533574266901791994e+00 1.773244941834937194e-01
1.420000000000158309e+02 7.358200534791211389e+00 1.769972539605222939e-01
1.430000000000149214e+02 7.182277541198192061e+00 1.766694819938629535e-01
1.440000000000140119e+02 7.005809593649891198e+00 1.763412979137388426e-01
1.450000000000131024e+02 6.828799916905007095e+00 1.760128201580110352e-01
1.460000000000121929e+02 6.651250640199396713e+00 1.756841656959597098e-01
1.470000000000112834e+02 6.473162785091243876e+00 1.753554497563773185e-01
1.480000000000103739e+02 6.294536253811365611e+00 1.750267855609310419e-01
1.490000000000094644e+02 6.115369818022025505e+00 1.746982840637001100e-01
1.500000000000085549e+02 5.935661107885448651e+00 1.743700536977396409e-01
1.510000000000076454e+02 5.755406601341809925e+00 1.740422001294635868e-01
1.520000000000067359e+02 5.574601613495005381e+00 1.737148260215722606e-01
1.530000000000058265e+02 5.393240286003783801e+00 1.733880308051819197e-01
1.540000000000049170e+02 5.211315576375173286e+00 1.730619104617429627e-01
1.550000000000040075e+02 5.028819247056973474e+00 1.727365573152576939e-01
1.560000000000030980e+02 4.845741854226079504e+00 1.724120598352321398e-01
1.570000000000021885e+02 4.662072736169910137e+00 1.720885024507219918e-01
1.580000000000012790e+02 4.477800001158811938e+00 1.717659653757515337e-01
1.590000000000003695e+02 4.292910514708263570e+00 1.714445244463072837e-01
1.599999999999994600e+02 4.107389886130876633e+00 1.711242509690341917e-01
1.609999999999985505e+02 3.921222454279674974e+00 1.708052115816848515e-01
1.619999999999976410e+02 3.734391272385720217e+00 1.704874681252970536e-01
1.629999999999967315e+02 3.546878091895092844e+00 1.701710775280093069e-01
1.639999999999958220e+02 3.358663345212353768e+00 1.698560917003514859e-01
1.649999999999949125e+02 3.169726127259915316e+00 1.695425574417840087e-01
1.659999999999940030e+02 2.980044175765295567e+00 1.692305163582014937e-01
1.669999999999930935e+02 2.789593850191122382e+00 1.689200047900569213e-01
1.679999999999921840e+02 2.598350109225712856e+00 1.686110537507120033e-01
1.689999999999912745e+02 2.406286486755483622e+00 1.683036888745715609e-01
1.699999999999903650e+02 2.213375066244075651e+00 1.679979303745170460e-01
1.709999999999894555e+02 2.019586453447056673e+00 1.676937930081190686e-01
1.719999999999885461e+02 1.824889747395622486e+00 1.673912860520729851e-01
1.729999999999876366e+02 1.629252509587435727e+00 1.670904132842783441e-01
1.739999999999867271e+02 1.432640731328270300e+00 1.667911729729590897e-01
1.749999999999858176e+02 1.235018799174180559e+00 1.664935578722067377e-01
1.759999999999849081e+02 1.036349458430558812e+00 1.661975552233178333e-01
1.769999999999839986e+02 8.365937746721999746e-01 1.659031467612908650e-01
1.779999999999830891e+02 6.357110932568167394e-01 1.656103087258508355e-01
1.789999999999821796e+02 4.336589968142197660e-01 1.653190118763710748e-01
1.799999999999812701e+02 2.303932607041942193e-01 1.650292215100789273e-01
1.809999999999803606e+02 2.586780644843696478e-02 1.647408974829440986e-01
1.819999999999794511e+02 -1.799653468441265725e-01 1.644539942326707083e-01
1.829999999999785416e+02 -3.871561330235221976e-01 1.641684608032484283e-01
1.839999999999776321e+02 -5.957564913631012704e-01 1.638842408705407094e-01
1.849999999999767226e+02 -8.058204208687167469e-01 1.636012727684396650e-01
1.859999999999758131e+02 -1.017404036335843864e+00 1.633194895151512116e-01
1.869999999999749036e+02 -1.230565626031644433e+00 1.630388188392351834e-01
1.879999999999739941e+02 -1.445365710849237040e+00 1.627591832050738763e-01
1.889999999999730846e+02 -1.661867104747636326e+00 1.624804998375146969e-01
1.899999999999721751e+02 -1.880134976252846091e+00 1.622026807454984010e-01
1.909999999999712657e+02 -2.100236910752508734e+00 1.619256327445638688e-01
1.919999999999703562e+02 -2.322242973268020538e+00 1.616492574782107949e-01
1.929999999999694467e+02 -2.546225771333614940e+00 1.613734514381899299e-01
1.939999999999685372e+02 -2.772260517550522163e+00 1.610981059838964280e-01
1.949999999999676277e+02 -3.000425091315841009e+00 1.608231073611597339e-01
1.959999999999667182e+02 -3.230800099149046645e+00 1.605483367208349055e-01
1.969999999999658087e+02 -3.463468932953570611e+00 1.602736701377454609e-01
1.979999999999648992e+02 -3.698517825456095753e+00 1.599989786306636741e-01
1.989999999999639897e+02 -3.936035901960914352e+00 1.597241281841737248e-01
1.999999999999630802e+02 -4.176115227440935662e+00 1.594489797734348902e-01
2.009999999999621707e+02 -4.418850847859509656e+00 1.591733893930363519e-01
2.019999999999612612e+02 -4.664340824478432346e+00 1.588972080913359231e-01
2.029999999999603517e+02 -4.912686259756354090e+00 1.586202820118824963e-01
2.039999999999594422e+02 -5.163991313279189477e+00 1.583424524437393177e-01
2.049999999999585327e+02 -5.418363205992160481e+00 1.580635558827622467e-01
2.059999999999576232e+02 -5.675912210816233205e+00 1.577834241061362996e-01
2.069999999999567137e+02 -5.936751627543513266e+00 1.575018842627238236e-01
2.079999999999558042e+02 -6.200997739710619072e+00 1.572187589820454867e-01
2.089999999999548947e+02 -6.468769750951397945e+00 1.569338665049875847e-01
2.099999999999539853e+02 -6.740189698142161845e+00 1.566470208395975561e-01
2.109999999999530758e+02 -7.015382338477263779e+00 1.563580319455967482e-01
2.119999999999521663e+02 -7.294475007464088279e+00 1.560667059514996291e-01
2.129999999999512568e+02 -7.577597444717490305e+00 1.557728454084615632e-01
2.139999999999503473e+02 -7.864881584383637048e+00 1.554762495851860493e-01
2.149999999999494378e+02 -8.156461307054982512e+00 1.551767148083872394e-01
2.159999999999485283e+02 -8.452472150179911381e+00 1.548740348534051181e-01
2.169999999999476188e+02 -8.753050974257270411e+00 1.545680013896023886e-01
2.179999999999467093e+02 -9.058335582578397549e+00 1.542584044850951464e-01
2.189999999999457998e+02 -9.368464292985038355e+00 1.539450331751763823e-01
2.199999999999448903e+02 -9.683575461104556581e+00 1.536276760984326972e-01
2.209999999999439808e+02 -1.000380695586459368e+01 1.533061222040246752e-01
2.219999999999430713e+02 -1.032929558983850349e+01 1.529801615328296172e-01
2.229999999999421618e+02 -1.066017650919524584e+01 1.526495860741283184e-01
2.239999999999412523e+02 -1.099658255077816804e+01 1.523141906981926863e-01
2.249999999999403428e+02 -1.133864357716156412e+01 1.519737741634644146e-01
2.259999999999394333e+02 -1.168648580445237783e+01 1.516281401949799157e-01
2.269999999999385238e+02 -1.204023114210404444e+01 1.512770986282542529e-01
2.279999999999376143e+02 -1.239999656902560687e+01 1.509204666099744907e-01
2.289999999999367049e+02 -1.276589357567276828e+01 1.505580698435738385e-01
2.299999999999357954e+02 -1.313802770738383607e+01 1.501897438640889537e-01
2.309999999999348859e+02 -1.351649824966178670e+01 1.498153353226964191e-01
2.319999999999339764e+02 -1.390139810098026452e+01 1.494347032570983447e-01
2.329999999999330669e+02 -1.429281388247078866e+01 1.490477203196088063e-01
2.339999999999321574e+02 -1.469082633588621079e+01 1.486542739306211391e-01
2.349999999999312479e+02 -1.509551106080277627e+01 1.482542673213521900e-01
2.359999999999303384e+02 -1.550693963834459588e+01 1.478476204267180072e-01
2.369999999999294289e+02 -1.592518118102368696e+01 1.474342705872652703e-01
2.379999999999285194e+02 -1.635030433591185783e+01 1.470141730186941276e-01
2.389999999999276099e+02 -1.678237975079660771e+01 1.465873010091076067e-01
2.399999999999267004e+02 -1.722148299000483362e+01 1.461536458081152678e-01
2.409999999999257909e+02 -1.766769785836962825e+01 1.457132161786765800e-01
2.419999999999248814e+02 -1.812112005901017397e+01 1.452660375923417180e-01
2.429999999999239719e+02 -1.858186107439824397e+01 1.448121510614091834e-01
2.439999999999230624e+02 -1.905005212242645740e+01 1.443516116173577946e-01
2.449999999999221529e+02 -1.952584800236012441e+01 1.438844864633306853e-01
2.459999999999212434e+02 -2.000943061278601931e+01 1.434108528487920975e-01
2.469999999999203339e+02 -2.050101189872893315e+01 1.429307957357572600e-01
2.479999999999194245e+02 -2.100083597225382093e+01 1.424444053469466898e-01
2.489999999999185150e+02 -2.150918015467822286e+01 1.419517747053120893e-01
2.499999999999176055e+02 -2.202635471352651564e+01 1.414529972898384835e-01
2.509999999999166960e+02 -2.255270111750444428e+01 1.409481649425071148e-01
2.519999999999157865e+02 -2.308858871063308271e+01 1.404373661638668447e-01
2.529999999999148770e+02 -2.363440981237565452e+01 1.399206849281193210e-01
2.539999999999139675e+02 -2.419057338063774409e+01 1.393982001315943464e-01
2.549999999999130580e+02 -2.475749752044786334e+01 1.388699857603003240e-01
2.559999999999121485e+02 -2.533560127014060015e+01 1.383361118231549725e-01
2.569999999999112674e+02 -2.592529622852554994e+01 1.377966460490914202e-01
2.579999999999103579e+02 -2.652697868220471022e+01 1.372516562915755689e-01
2.589999999999094484e+02 -2.714102292817888440e+01 1.367012135277322626e-01
2.599999999999085389e+02 -2.776777644964691660e+01 1.361453952871301276e-01
2.609999999999076294e+02 -2.840755748658073188e+01 1.355842893037322860e-01
2.619999999999067199e+02 -2.906065535603924488e+01 1.350179971596424389e-01
2.629999999999058105e+02 -2.972733364275682533e+01 1.344466376854993039e-01
2.639999999999049010e+02 -3.040783613109390515e+01 1.338703499014662068e-01
2.649999999999039915e+02 -3.110239512129201955e+01 1.332892953231299693e-01
2.659999999999030820e+02 -3.181124159790193673e+01 1.327036595132971009e-01
2.669999999999021725e+02 -3.253461661663701676e+01 1.321136528261112053e-01
2.679999999999012630e+02 -3.327278325322972563e+01 1.315195103553640499e-01
2.689999999999003535e+02 -3.402603850518553230e+01 1.309214911560350192e-01
2.699999999998994440e+02 -3.479472463518573733e+01 1.303198768506197147e-01
2.709999999998985345e+02 -3.557923956885059624e+01 1.297149697562588189e-01
2.719999999998976250e+02 -3.638004608560317621e+01 1.291070906747378011e-01
2.729999999998967155e+02 -3.719767964966228391e+01 1.284965764775639896e-01
2.739999999998958060e+02 -3.803275480488628801e+01 1.278837775968234558e-01
2.749999999998948965e+02 -3.888597009426855777e+01 1.272690555045183358e-01
2.759999999998939870e+02 -3.975811145878629560e+01 1.266527802335744024e-01
2.769999999998930775e+02 -4.065005403045793031e+01 1.260353279668511572e-01
2.779999999998921680e+02 -4.156276216137572277e+01 1.254170786989945441e-01
2.789999999998912585e+02 -4.249728722183455432e+01 1.247984139622707600e-01
2.799999999998903490e+02 -4.345476276864114595e+01 1.241797146026680371e-01
2.809999999998894396e+02 -4.443639629657740642e+01 1.235613585934765418e-01
2.819999999998885301e+02 -4.544345647233865293e+01 1.229437188820373950e-01
2.829999999998876206e+02 -4.647725438754639526e+01 1.223271612798319391e-01
2.839999999998867111e+02 -4.753911690273127988e+01 1.217120424248402943e-01
2.849999999998858016e+02 -4.863034961067533146e+01 1.210987078669143457e-01
2.859999999998848921e+02 -4.975218634039332954e+01 1.204874903505197548e-01
2.869999999998839826e+02 -5.090572149862464357e+01 1.198787083932705833e-01
2.879999999998830731e+02 -5.209182100299877050e+01 1.192726652816013533e-01
2.889999999998821636e+02 -5.331100728280792822e+01 1.186696486245129023e-01
2.899999999998812541e+02 -5.456331411460607228e+01 1.180699306194109288e-01
2.909999999998803446e+02 -5.584810838483079465e+01 1.174737691859623484e-01
2.919999999998794351e+02 -5.716387886582491262e+01 1.168814101080585949e-01
2.929999999998785256e+02 -5.850799750385456832e+01 1.162930902818449241e-01
2.939999999998776161e+02 -5.987646721002401051e+01 1.157090420896071115e-01
2.949999999998767066e+02 -6.126368186668492655e+01 1.151294987964585487e-01
2.959999999998757971e+02 -6.266223816028555405e+01 1.145547006962006897e-01
2.969999999998748876e+02 -6.406285185515426406e+01 1.139849015238076080e-01
2.979999999998739781e+02 -6.545443768218305536e+01 1.134203744339994102e-01
2.989999999998730686e+02 -6.682440489144417484e+01 1.128614166716698231e-01
2.999999999998721592e+02 -6.815919367024872599e+01 1.123083520019163839e-01
3.009999999998712497e+02 -6.944503091522506111e+01 1.117615300931060068e-01
3.019999999998703402e+02 -7.066882697377117495e+01 1.112213223861899247e-01
3.029999999998694307e+02 -7.181908676298709793e+01 1.106881144988742238e-01
3.039999999998685212e+02 -7.288668967643658902e+01 1.101622957913316048e-01
3.049999999998676117e+02 -7.386541412622565872e+01 1.096442472066970625e-01
3.059999999998667022e+02 -7.475213886071452407e+01 1.091343287597501405e-01
3.069999999998657927e+02 -7.554672394911732169e+01 1.086328680211936376e-01
3.079999999998648832e+02 -7.625163495648017431e+01 1.081401506676489266e-01
3.089999999998639737e+02 -7.687140755530801073e+01 1.076564137433715651e-01
3.099999999998630642e+02 -7.741205337753268623e+01 1.071818418327875749e-01
3.109999999998621547e+02 -7.788048920316701640e+01 1.067165659711464820e-01
3.119999999998612452e+02 -7.828404288946565259e+01 1.062606648735137521e-01
3.129999999998603357e+02 -7.863006129226050689e+01 1.058141679439622007e-01
3.139999999998594262e+02 -7.892562376785481604e+01 1.053770595120882420e-01
3.149999999998585167e+02 -7.917735127232893433e+01 1.049492837971629233e-01
3.159999999998576072e+02 -7.939129451617944255e+01 1.045307501879853967e-01
3.169999999998566977e+02 -7.957288300048500673e+01 1.041213385239808109e-01
3.179999999998557882e+02 -7.972691802655113236e+01 1.037209041548148442e-01
3.189999999998548788e+02 -7.985759540108610111e+01 1.033292826340093951e-01
3.199999999998539693e+02 -7.996854656986933207e+01 1.029462939642002833e-01
3.209999999998530598e+02 -8.006288975931491336e+01 1.025717463583062788e-01
3.219999999998521503e+02 -8.014328513773715201e+01 1.022054395140024052e-01
3.229999999998512408e+02 -8.021198995396002829e+01 1.018471674210433275e-01
3.239999999998503313e+02 -8.027091109209391107e+01 1.014967207346717248e-01
3.249999999998494218e+02 -8.032165356233956288e+01 1.011538887557691391e-01
3.259999999998485123e+02 -8.036556420584763316e+01 1.008184610613865329e-01
3.269999999998476028e+02 -8.040377040133415676e+01 1.004902288292512935e-01
3.279999999998466933e+02 -8.043721388674418904e+01 1.001689858978697528e-01
3.289999999998457838e+02 -8.046668000301920642e+01 9.985452960072344064e-02
3.299999999998448743e+02 -8.049282276947060666e+01 9.954666140934598229e-02
3.309999999998439648e+02 -8.051618624164467519e+01 9.924518741616153439e-02
3.319999999998430553e+02 -8.053722260483492335e+01 9.894991868411023850e-02
3.329999999998421458e+02 -8.055630743500763913e+01 9.866067148643509199e-02
3.339999999998412363e+02 -8.057375252446995262e+01 9.837726745665659189e-02
3.349999999998403268e+02 -8.058981662915338973e+01 9.809953366574673816e-02
3.359999999998394173e+02 -8.060471445244598954e+01 9.782730264084789351e-02
3.369999999998385078e+02 -8.061862413983180886e+01 9.756041233755441411e-02
3.379999999998375984e+02 -8.063169352075424001e+01 9.729870607576612818e-02
3.389999999998366889e+02 -8.064404529988043180e+01 9.704203244739600942e-02
3.399999999998357794e+02 -8.065578136958055211e+01 9.679024520275494869e-02
3.409999999998348699e+02 -8.066698638889424444e+01 9.654320312119496483e-02
3.419999999998339604e+02 -8.067773075131695748e+01 9.630076987055533055e-02
3.429999999998330509e+02 -8.068807304408211678e+01 9.606281385908560511e-02
3.439999999998321414e+02 -8.069806208488292043e+01 9.582920808279743463e-02
3.449999999998312319e+02 -8.070773860781235953e+01 9.559982997059776610e-02
3.459999999998303224e+02 -8.071713665835902418e+01 9.537456122906086409e-02
3.469999999998294129e+02 -8.072628474726678860e+01 9.515328768829209305e-02
3.479999999998285034e+02 -8.073520680466340593e+01 9.493589915000220925e-02
3.489999999998275939e+02 -8.074392296884131781e+01 9.472228923864159378e-02
3.499999999998266844e+02 -8.075245023821860002e+01 9.451235525622254940e-02
3.509999999998257749e+02 -8.076080301012974871e+01 9.430599804128168839e-02
3.519999999998248654e+02 -8.076899352603984994e+01 9.410312183229183058e-02
3.529999999998239559e+02 -8.077703223940704902e+01 9.390363413571788109e-02
3.539999999998230464e+02 -8.078492811962085796e+01 9.370744559882272784e-02
3.549999999998221369e+02 -8.079268890312481233e+01 9.351446988725736764e-02
3.559999999998212274e+02 -8.080032130090970099e+01 9.332462356741566545e-02
3.569999999998203180e+02 -8.080783116997295679e+01 9.313782599348900682e-02
3.579999999998194085e+02 -8.081522365502063110e+01 9.295399919912944453e-02
3.589999999998184990e+02 -8.082250330559821805e+01 9.277306779359971445e-02
3.599999999998175895e+02 -8.082967417293491508e+01 9.259495886227867012e-02
3.609999999998166800e+02 -8.083673989004095972e+01 9.241960187137275573e-02
3.619999999998157705e+02 -8.084370373797798948e+01 9.224692857668258250e-02
3.629999999998148610e+02 -8.085056870071767321e+01 9.207687293626501401e-02
3.639999999998139515e+02 -8.085733751057853169e+01 9.190937102683344184e-02
3.649999999998130420e+02 -8.086401268588531366e+01 9.174436096373737859e-02
3.659999999998121325e+02 -8.087059656220827719e+01 9.158178282436678364e-02
3.669999999998112230e+02 -8.087709131830104070e+01 9.142157857482735572e-02
3.679999999998103135e+02 -8.088349899766210171e+01 9.126369199973990987e-02
3.689999999998094040e+02 -8.088982152648121371e+01 9.110806863502027286e-02
3.699999999998084945e+02 -8.089606072860027552e+01 9.095465570350236284e-02
3.709999999998075850e+02 -8.090221833800730167e+01 9.080340205327060155e-02
3.719999999998066755e+02 -8.090829600929158971e+01 9.065425809857667605e-02
3.729999999998057660e+02 -8.091429532641309663e+01 9.050717576321890001e-02
3.739999999998048565e+02 -8.092021781007767345e+01 9.036210842626760109e-02
3.749999999998039470e+02 -8.092606492395815110e+01 9.021901087002801023e-02
3.759999999998030376e+02 -8.093183807995936263e+01 9.007783923013548688e-02
3.769999999998021281e+02 -8.093753864269176290e+01 8.993855094768259117e-02
3.779999999998012186e+02 -8.094316793328688675e+01 8.980110472328495241e-02
3.789999999998003091e+02 -8.094872723266831827e+01 8.966546047299520095e-02
3.799999999997993996e+02 -8.095421778436738691e+01 8.953157928598018400e-02
3.809999999997984901e+02 -8.095964079696214810e+01 8.939942338388030818e-02
3.819999999997975806e+02 -8.096499744620082595e+01 8.926895608177477792e-02
3.829999999997966711e+02 -8.097028887686180099e+01 8.914014175068016299e-02
3.839999999997957616e+02 -8.097551620439301701e+01 8.901294578151232317e-02
3.849999999997948521e+02 -8.098068051636661835e+01 8.888733455044713072e-02
3.859999999997939426e+02 -8.098578287377719676e+01 8.876327538561792907e-02
3.869999999997930331e+02 -8.099082431220890044e+01 8.864073653509012274e-02
3.879999999997921236e+02 -8.099580584289044793e+01 8.851968713605759542e-02
3.889999999997912141e+02 -8.100072845365593821e+01 8.840009718520745741e-02
3.899999999997903046e+02 -8.100559310982403360e+01 8.828193751020262103e-02
3.909999999997893951e+02 -8.101040075500792170e+01 8.816517974223497811e-02
3.919999999997884856e+02 -8.101515231186517951e+01 8.804979628960249438e-02
3.929999999997875761e+02 -8.101984868279554064e+01 8.793576031226776890e-02
3.939999999997866666e+02 -8.102449075059354300e+01 8.782304569735646660e-02
3.949999999997857572e+02 -8.102907937906100244e+01 8.771162703555666906e-02
3.959999999997848477e+02 -8.103361541358495401e+01 8.760147959838138210e-02
3.969999999997839382e+02 -8.103809968168390299e+01 8.749257931625925577e-02
3.979999999997830287e+02 -8.104253299352657791e+01 8.738490275741930824e-02
3.989999999997821192e+02 -8.104691614242547359e+01 8.727842710753717925e-02
3.999999999997812097e+02 -8.105124990530782725e+01 8.717313015011306232e-02
4.009999999997803002e+02 -8.105553504316611679e+01 8.706899024755054839e-02
4.019999999997793907e+02 -8.105977230148921819e+01 8.696598632290999942e-02
4.029999999997784812e+02 -8.106396241067709241e+01 8.686409784230839093e-02
4.039999999997775717e+02 -8.106810608643857563e+01 8.676330479794083783e-02
4.049999999997766622e+02 -8.107220403017493027e+01 8.666358769169961451e-02
4.059999999997757527e+02 -8.107625692934860240e+01 8.656492751936677166e-02
4.069999999997748432e+02 -8.108026545784012740e+01 8.646730575535836738e-02
4.079999999997739337e+02 -8.108423027629186208e+01 8.637070433799912128e-02
4.089999999997730242e+02 -8.108815203244036240e+01 8.627510565530745190e-02
4.099999999997721147e+02 -8.109203136143807455e+01 8.618049253127069154e-02
4.109999999997712052e+02 -8.109586888616443900e+01 8.608684821259236786e-02
4.119999999997702957e+02 -8.109966521752664903e+01 8.599415635589342799e-02
4.129999999997693862e+02 -8.110342095475179747e+01 8.590240101535119577e-02
4.139999999997684768e+02 -8.110713668566970114e+01 8.581156663075774349e-02
4.149999999997675673e+02 -8.111081298698658770e+01 8.572163801598439714e-02
4.159999999997666578e+02 -8.111445042455135024e+01 8.563260034783541641e-02
4.169999999997657483e+02 -8.111804955361326108e+01 8.554443915527744358e-02
4.179999999997648388e+02 -8.112161091907240973e+01 8.545714030903076019e-02
4.189999999997639293e+02 -8.112513505572255212e+01 8.537069001150865422e-02
4.199999999997630198e+02 -8.112862248848701086e+01 8.528507478709258793e-02
4.209999999997621103e+02 -8.113207373264805256e+01 8.520028147273094044e-02
4.219999999997612008e+02 -8.113548929406933041e+01 8.511629720884911210e-02
4.229999999997602913e+02 -8.113886966941221601e+01 8.503310943056067994e-02
4.239999999997593818e+02 -8.114221534634607735e+01 8.495070585916747463e-02
4.249999999997584723e+02 -8.114552680375247462e+01 8.486907449393923941e-02
4.259999999997575628e+02 -8.114880451192406952e+01 8.478820360416276791e-02
4.269999999997566533e+02 -8.115204893275739551e+01 8.470808172145016801e-02
4.279999999997557438e+02 -8.115526051994135059e+01 8.462869763229792508e-02
4.289999999997548343e+02 -8.115843971913925259e+01 8.455004037088741098e-02
4.299999999997539248e+02 -8.116158696816724216e+01 8.447209921211820682e-02
4.309999999997530153e+02 -8.116470269716684527e+01 8.439486366486632918e-02
4.319999999997521059e+02 -8.116778732877372704e+01 8.431832346545943546e-02
4.329999999997511964e+02 -8.117084127828113083e+01 8.424246857136118150e-02
4.339999999997502869e+02 -8.117386495379977873e+01 8.416728915505804209e-02
4.349999999997493774e+02 -8.117685875641318205e+01 8.409277559813994884e-02
4.359999999997484679e+02 -8.117982308032837580e+01 8.401891848557019316e-02
4.369999999997475584e+02 -8.118275831302365475e+01 8.394570860013690627e-02
4.379999999997466489e+02 -8.118566483539200362e+01 8.387313691707914964e-02
4.389999999997457394e+02 -8.118854302188063343e+01 8.380119459888284161e-02
4.399999999997448299e+02 -8.119139324062733465e+01 8.372987299024049757e-02
4.409999999997439204e+02 -8.119421585359290816e+01 8.365916361316798333e-02
4.419999999997430109e+02 -8.119701121669058352e+01 8.358905816227472918e-02
4.429999999997421014e+02 -8.119977967991192713e+01 8.351954850018045162e-02
4.439999999997411919e+02 -8.120252158744973769e+01 8.345062665307473315e-02
4.449999999997402824e+02 -8.120523727781757373e+01 8.338228480641357576e-02
4.459999999997393729e+02 -8.120792708396677995e+01 8.331451530074891754e-02
4.469999999997384634e+02 -8.121059133340003200e+01 8.324731062768665757e-02
4.479999999997375539e+02 -8.121323034828249376e+01 8.318066342596805440e-02
4.489999999997366444e+02 -8.121584444554966353e+01 8.311456647767154204e-02
4.499999999997357349e+02 -8.121843393701396963e+01 8.304901270452985651e-02
4.509999999997348255e+02 -8.122099912946637801e+01 8.298399516435923939e-02
4.519999999997339160e+02 -8.122354032477825569e+01 8.291950704759690205e-02
4.529999999997330065e+02 -8.122605781999847352e+01 8.285554167394262870e-02
4.539999999997320970e+02 -8.122855190744964204e+01 8.279209248910165964e-02
4.549999999997311875e+02 -8.123102287482129213e+01 8.272915306162517690e-02
4.559999999997302780e+02 -8.123347100526100917e+01 8.266671707984564466e-02
4.569999999997293685e+02 -8.123589657746367720e+01 8.260477834890289639e-02
4.579999999997284590e+02 -8.123829986575837836e+01 8.254333078785867917e-02
4.589999999997275495e+02 -8.124068114019267739e+01 8.248236842689692094e-02
4.599999999997266400e+02 -8.124304066661640888e+01 8.242188540460627932e-02
4.609999999997257305e+02 -8.124537870676168438e+01 8.236187596534252919e-02
4.619999999997248210e+02 -8.124769551832262948e+01 8.230233445666869374e-02
4.629999999997239115e+02 -8.124999135503205139e+01 8.224325532686933837e-02
4.639999999997230020e+02 -8.125226646673738173e+01 8.218463312253736219e-02
4.649999999997220925e+02 -8.125452109947386248e+01 8.212646248623120537e-02
4.659999999997211830e+02 -8.125675549553680810e+01 8.206873815419919727e-02
4.669999999997202735e+02 -8.125896989355187827e+01 8.201145495416933828e-02
4.679999999997193640e+02 -8.126116452854397210e+01 8.195460780320329430e-02
4.689999999997184545e+02 -8.126333963200430333e+01 8.189819170561088435e-02
4.699999999997175451e+02 -8.126549543195623926e+01 8.184220175092422889e-02
4.709999999997166356e+02 -8.126763215301944854e+01 8.178663311192931051e-02
4.719999999997157261e+02 -8.126975001647237207e+01 8.173148104275378134e-02
4.729999999997148166e+02 -8.127184924031422497e+01 8.167674087700746433e-02
4.739999999997139071e+02 -8.127393003932465376e+01 8.162240802597622857e-02
4.749999999997129976e+02 -8.127599262512246980e+01 8.156847797686550550e-02
4.759999999997120881e+02 -8.127803720622314643e+01 8.151494629109311274e-02
4.769999999997111786e+02 -8.128006398809498023e+01 8.146180860262924872e-02
4.779999999997102691e+02 -8.128207317321403025e+01 8.140906061638243651e-02
4.789999999997093596e+02 -8.128406496111787760e+01 8.135669810662986279e-02
4.799999999997084501e+02 -8.128603954845812041e+01 8.130471691549071012e-02
4.809999999997075406e+02 -8.128799712905201602e+01 8.125311295144116430e-02
4.819999999997066311e+02 -8.128993789393253167e+01 8.120188218787004197e-02
4.829999999997057216e+02 -8.129186203139801137e+01 8.115102066167304007e-02
4.839999999997048121e+02 -8.129376972706026550e+01 8.110052447188523250e-02
4.849999999997039026e+02 -8.129566116389152342e+01 8.105038977835038461e-02
4.859999999997029931e+02 -8.129753652227093141e+01 8.100061280042546163e-02
4.869999999997020836e+02 -8.129939598002978585e+01 8.095118981572017869e-02
4.879999999997011741e+02 -8.130123971249582837e+01 8.090211715886957977e-02
4.889999999997002647e+02 -8.130306789253636168e+01 8.085339122033906312e-02
4.899999999996993552e+02 -8.130488069060105261e+01 8.080500844526092297e-02
4.909999999996984457e+02 -8.130667827476322884e+01 8.075696533230145024e-02
4.919999999996975362e+02 -8.130846081076086307e+01 8.070925843255762067e-02
4.929999999996966267e+02 -8.131022846203633492e+01 8.066188434848205191e-02
4.939999999996957172e+02 -8.131198138977551082e+01 8.061483973283599391e-02
4.949999999996948077e+02 -8.131371975294612753e+01 8.056812128766932535e-02
4.959999999996938982e+02 -8.131544370833502455e+01 8.052172576332682075e-02
4.969999999996929887e+02 -8.131715341058517765e+01 8.047564995747931438e-02
4.979999999996920792e+02 -8.131884901223162387e+01 8.042989071417953884e-02
4.989999999996911697e+02 -8.132053066373657657e+01 8.038444492294252730e-02
4.999999999996902602e+02 -8.132219851352427042e+01 8.033930951784824803e-02
5.000000000000000000e+02 -8.132219851352478202e+01 8.033930951783431473e-02
