1.000000000000000666e+00 -7.217003776769938383e+01 7.359459397667042491e-02
2.000000000000001332e+00 -6.327732158254313077e+01 7.362426711199580864e-02
2.999999999999980016e+00 -6.991889734614751717e+00 7.372575082414747905e-02
3.999999999999958700e+00 3.630569676740234542e+01 7.885657292961381626e-02
4.999999999999937828e+00 3.023538256941428060e+01 9.224163014490427415e-02
5.999999999999916511e+00 2.566059186003850456e+01 1.107243884353030228e-01
6.999999999999895195e+00 2.288434853426409177e+01 1.303748529089240049e-01
7.999999999999873879e+00 2.144184909512464188e+01 1.479789843882323985e-01
8.999999999999852562e+00 2.085297632208515495e+01 1.619706161844210734e-01
9.999999999999831246e+00 2.076941072004920841e+01 1.721998538149108471e-01
1.099999999999980993e+01 2.096601728619694782e+01 1.792683301804991747e-01
1.199999999999978861e+01 2.130487201178880596e+01 1.839932354827799321e-01
1.299999999999976730e+01 2.170410787534879304e+01 1.871246266015066384e-01
1.399999999999974598e+01 2.211618072236869637e+01 1.892454207419307921e-01
1.499999999999972466e+01 2.251379886632381400e+01 1.907648474871839750e-01
1.599999999999970335e+01 2.288112130761046359e+01 1.919480142203140449e-01
1.699999999999985789e+01 2.320834411444121059e+01 1.929531955375298480e-01
1.800000000000001421e+01 2.348835747123207085e+01 1.938652170323617308e-01
1.900000000000017053e+01 2.371458166013075441e+01 1.947212784167860755e-01
2.000000000000032685e+01 2.387939367016364756e+01 1.955289032022856643e-01
2.100000000000048317e+01 2.397281043242259457e+01 1.962770369168809204e-01
2.200000000000063949e+01 2.398148871601279808e+01 1.969421753480540549e-01
2.300000000000079581e+01 2.388915244704056917e+01 1.974929419430399569e-01
2.400000000000095213e+01 2.368204753755120251e+01 1.978989927023781237e-01
2.500000000000110845e+01 2.336419701555800188e+01 1.981481896596656578e-01
2.600000000000126477e+01 2.297269017662881296e+01 1.982595968197472802e-01
2.700000000000142109e+01 2.256278877136763583e+01 1.982717497610302360e-01
2.800000000000157740e+01 2.217339493180968901e+01 1.982202508305637711e-01
2.900000000000173372e+01 2.181785391998667833e+01 1.981299165023938380e-01
3.000000000000189004e+01 2.149571645670389586e+01 1.980171764634141851e-01
3.100000000000204636e+01 2.120284604776095350e+01 1.978930075686393675e-01
3.200000000000220268e+01 2.093534067638128704e+01 1.977646354593592393e-01
3.300000000000200373e+01 2.069024535510973450e+01 1.976366154529417274e-01
3.400000000000180478e+01 2.046529556802573779e+01 1.975116366185333261e-01
3.500000000000160583e+01 2.025857460154145429e+01 1.973911264469696836e-01
3.600000000000140687e+01 2.006830621174085394e+01 1.972756837852026046e-01
3.700000000000120792e+01 1.989277519886102397e+01 1.971653768345907332e-01
3.800000000000100897e+01 1.973032100338215500e+01 1.970599451399586144e-01
3.900000000000081002e+01 1.957935988798910643e+01 1.969589363783413871e-01
4.000000000000061107e+01 1.943841078433578673e+01 1.968617988934643348e-01
4.100000000000041211e+01 1.930611428075519598e+01 1.967679435413431654e-01
4.200000000000021316e+01 1.918124222180275851e+01 1.966767838305843175e-01
4.300000000000001421e+01 1.906269896939424413e+01 1.965877606296731750e-01
4.399999999999981526e+01 1.894951652441872625e+01 1.965003560214801381e-01
4.499999999999961631e+01 1.884084572578329642e+01 1.964140997147153234e-01
4.599999999999941735e+01 1.873594533890891967e+01 1.963285705401056902e-01
4.699999999999921840e+01 1.863417035600108207e+01 1.962433948695071206e-01
4.799999999999901945e+01 1.853496039441102283e+01 1.961582432579668522e-01
4.899999999999882050e+01 1.843782873838095782e+01 1.960728261976687481e-01
4.999999999999862155e+01 1.834235232259927884e+01 1.959868895677554512e-01
5.099999999999842260e+01 1.824816278739314868e+01 1.959002101448204247e-01
5.199999999999822364e+01 1.815493862633832123e+01 1.958125913862679979e-01
5.299999999999802469e+01 1.806239838084416149e+01 1.957238595960385519e-01
5.399999999999782574e+01 1.797029479956609066e+01 1.956338605156016375e-01
5.499999999999762679e+01 1.787840986336758320e+01 1.955424563419011774e-01
5.599999999999742784e+01 1.778655057189283895e+01 1.954495231500049390e-01
5.699999999999722888e+01 1.769454539069406351e+01 1.953549486857245054e-01
5.799999999999702993e+01 1.760224126497305619e+01 1.952586304883019708e-01
5.899999999999683098e+01 1.750950111517909846e+01 1.951604743025790456e-01
5.999999999999663203e+01 1.741620173958185092e+01 1.950603927419740924e-01
6.099999999999643308e+01 1.732223205868153215e+01 1.949583041668636330e-01
6.199999999999623412e+01 1.722749164545503930e+01 1.948541317468079903e-01
6.299999999999603517e+01 1.713188949373171255e+01 1.947478026790098737e-01
6.399999999999583622e+01 1.703534298435103977e+01 1.946392475391714449e-01
6.499999999999634781e+01 1.693777701518054002e+01 1.945283997443750801e-01
6.599999999999685940e+01 1.683912326661150516e+01 1.944151951107054854e-01
6.699999999999737099e+01 1.673931957888071409e+01 1.942995714910224769e-01
6.799999999999788258e+01 1.663830942157852277e+01 1.941814684806276725e-01
6.899999999999839417e+01 1.653604143908182422e+01 1.940608271805520368e-01
6.999999999999890576e+01 1.643246905848431183e+01 1.939375900098708749e-01
7.099999999999941735e+01 1.632755014896159196e+01 1.938117005598703202e-01
7.199999999999992895e+01 1.622124672347705499e+01 1.936831034840745536e-01
7.300000000000044054e+01 1.611352467536623223e+01 1.935517444191302561e-01
7.400000000000095213e+01 1.600435354368784857e+01 1.934175699323686659e-01
7.500000000000146372e+01 1.589370630234221693e+01 1.932805274925470940e-01
7.600000000000197531e+01 1.578155916887589783e+01 1.931405654608372158e-01
7.700000000000248690e+01 1.566789142964218584e+01 1.929976330995901435e-01
7.800000000000299849e+01 1.555268527860486927e+01 1.928516805967947778e-01
7.900000000000351008e+01 1.543592566757626372e+01 1.927026591044545267e-01
8.000000000000402167e+01 1.531760016609145580e+01 1.925505207893696002e-01
8.100000000000453326e+01 1.519769882945572625e+01 1.923952188950130704e-01
8.200000000000504485e+01 1.507621407377355638e+01 1.922367078133613016e-01
8.300000000000555644e+01 1.495314055698794675e+01 1.920749431656694761e-01
8.400000000000606803e+01 1.482847506513663305e+01 1.919098818912911564e-01
8.500000000000657963e+01 1.470221640317562084e+01 1.917414823437181837e-01
8.600000000000709122e+01 1.457436528983586044e+01 1.915697043930864041e-01
8.700000000000760281e+01 1.444492425607200659e+01 1.913945095344290470e-01
8.800000000000811440e+01 1.431389754673675441e+01 1.912158610009996040e-01
8.900000000000862599e+01 1.418129102517412576e+01 1.910337238820010719e-01
9.000000000000913758e+01 1.404711208047329762e+01 1.908480652440723846e-01
9.100000000000964917e+01 1.391136953716307367e+01 1.906588542558843857e-01
9.200000000001016076e+01 1.377407356715857922e+01 1.904660623151936960e-01
9.300000000001067235e+01 1.363523560379698374e+01 1.902696631777009151e-01
9.400000000001118394e+01 1.349486825781996480e+01 1.900696330870391415e-01
9.500000000001169553e+01 1.335298523517794322e+01 1.898659509052139094e-01
9.600000000001220712e+01 1.320960125654585404e+01 1.896585982427916317e-01
9.700000000001271871e+01 1.306473197845234324e+01 1.894475595881257024e-01
9.800000000001323031e+01 1.291839391593580366e+01 1.892328224348842625e-01
9.900000000001374190e+01 1.277060436665014365e+01 1.890143774071355309e-01
1.000000000000142535e+02 1.262138133635217407e+01 1.887922183812283106e-01
1.010000000000147651e+02 1.247074346571104542e+01 1.885663426036946755e-01
1.020000000000152767e+02 1.231870995838779770e+01 1.883367508043916894e-01
1.030000000000157883e+02 1.216530051034057003e+01 1.881034473040950616e-01
1.040000000000162999e+02 1.201053524031827635e+01 1.878664401157531805e-01
1.050000000000168114e+02 1.185443462151234328e+01 1.876257410386144575e-01
1.060000000000173230e+02 1.169701941434244752e+01 1.873813657444465819e-01
1.070000000000178346e+02 1.153831060035877343e+01 1.871333338550759950e-01
1.080000000000183462e+02 1.137832931724893193e+01 1.868816690104984635e-01
1.090000000000188578e+02 1.121709679494341039e+01 1.866263989268287793e-01
1.100000000000193694e+02 1.105463429281829590e+01 1.863675554433893433e-01
1.110000000000198810e+02 1.089096303799890286e+01 1.861051745582694705e-01
1.120000000000203926e+02 1.072610416477191464e+01 1.858392964517302515e-01
1.130000000000209042e+02 1.056007865511709731e+01 1.855699654968712697e-01
1.140000000000214158e+02 1.039290728037304845e+01 1.852972302570310148e-01
1.150000000000219273e+02 1.022461054405311032e+01 1.850211434694474799e-01
1.160000000000224389e+02 1.005520862582996067e+01 1.847417620147679407e-01
1.170000000000229505e+02 9.884721326707813560e+00 1.844591468720632454e-01
1.180000000000234621e+02 9.713168015401754118e+00 1.841733630590755011e-01
1.190000000000239737e+02 9.540567575943326162e+00 1.838844795575001190e-01
1.200000000000244853e+02 9.366938356530273069e+00 1.835925692231830109e-01
1.210000000000249969e+02 9.192298119636721054e+00 1.832977086811982403e-01
1.220000000000255085e+02 9.016663993397511234e+00 1.829999782058478186e-01
1.230000000000260201e+02 8.840052424277500265e+00 1.826994615857188697e-01
1.240000000000265317e+02 8.662479131032940316e+00 1.823962459740106068e-01
1.250000000000270433e+02 8.483959059967807192e+00 1.820904217244367074e-01
1.260000000000275548e+02 8.304506341483474330e+00 1.817820822130852554e-01
1.270000000000280664e+02 8.124134247914659213e+00 1.814713236467106472e-01
1.280000000000285638e+02 7.942855152639562988e+00 1.811582448580016935e-01
1.290000000000276543e+02 7.760680490446012492e+00 1.808429470884580781e-01
1.300000000000267448e+02 7.577620719128193016e+00 1.805255337595689236e-01
1.310000000000258353e+02 7.393685282286002192e+00 1.802061102330690112e-01
1.320000000000249258e+02 7.208882573287397122e+00 1.798847835610995205e-01
1.330000000000240163e+02 7.023219900351653777e+00 1.795616622271617446e-01
1.340000000000231068e+02 6.836703452703337902e+00 1.792368558788056676e-01
1.350000000000221974e+02 6.649338267740730224e+00 1.789104750530349230e-01
1.360000000000212879e+02 6.461128199155929508e+00 1.785826308954460151e-01
1.370000000000203784e+02 6.272075885938036777e+00 1.782534348741502128e-01
1.380000000000194689e+02 6.082182722184756862e+00 1.779229984895457917e-01
1.390000000000185594e+02 5.891448827642146391e+00 1.775914329810187875e-01
1.400000000000176499e+02 5.699873018887053000e+00 1.772588490316580057e-01
1.410000000000167404e+02 5.507452781061807023e+00 1.769253564720630056e-01
1.420000000000158309e+02 5.314184240066349929e+00 1.765910639843121244e-01
1.430000000000149214e+02 5.120062135108774726e+00 1.762560788071383389e-01
1.440000000000140119e+02 4.925079791511866922e+00 1.759205064433334853e-01
1.450000000000131024e+02 4.729229093670103801e+00 1.755844503703633541e-01
1.460000000000121929e+02 4.532500458049030456e+00 1.752480117551404037e-01
1.470000000000112834e+02 4.334882806117114740e+00 1.749112891738482667e-01
1.480000000000103739e+02 4.136363537098703524e+00 1.745743783376590974e-01
1.490000000000094644e+02 3.936928500436090772e+00 1.742373718251307713e-01
1.500000000000085549e+02 3.736561967848515575e+00 1.739003588220023599e-01
1.510000000000076454e+02 3.535246604876641108e+00 1.735634248690446635e-01
1.520000000000067359e+02 3.332963441802192062e+00 1.732266516185506366e-01
1.530000000000058265e+02 3.129691843834613074e+00 1.728901165999796596e-01
1.540000000000049170e+02 2.925409480459305378e+00 1.725538929951979938e-01
1.550000000000040075e+02 2.720092293845699505e+00 1.722180494236817960e-01
1.560000000000030980e+02 2.513714466217919163e+00 1.718826497379796203e-01
1.570000000000021885e+02 2.306248386096156011e+00 1.715477528296543708e-01
1.580000000000012790e+02 2.097664613323446225e+00 1.712134124458597473e-01
1.590000000000003695e+02 1.887931842799974280e+00 1.708796770166321477e-01
1.599999999999994600e+02 1.677016866855849164e+00 1.705465894929192039e-01
1.609999999999985505e+02 1.464884536203257648e+00 1.702141871953022911e-01
1.619999999999976410e+02 1.251497719420459509e+00 1.698825016733153392e-01
1.629999999999967315e+02 1.036817260933105000e+00 1.695515585752088439e-01
1.639999999999958220e+02 8.208019374731492235e-01 1.692213775279661769e-01
1.649999999999949125e+02 6.034084130125231260e-01 1.688919720273386882e-01
1.659999999999940030e+02 3.845911921875814210e-01 1.685633493376318126e-01
1.669999999999930935e+02 1.643025722517384712e-01 1.682355104009556901e-01
1.679999999999921840e+02 -5.750740638215732364e-02 1.679084497556328492e-01
1.689999999999912745e+02 -2.808910109207233274e-01 1.675821554634498722e-01
1.699999999999903650e+02 -5.059028681720205700e-01 1.672566090454431775e-01
1.709999999999894555e+02 -7.326000175758492494e-01 1.669317854259192713e-01
1.719999999999885461e+02 -9.610419650915168477e-01 1.666076528844306348e-01
1.729999999999876366e+02 -1.191290737707640490e+00 1.662841730154641928e-01
1.739999999999867271e+02 -1.423410938290798233e+00 1.659613006956403014e-01
1.749999999999858176e+02 -1.657469800435650953e+00 1.656389840582768724e-01
1.759999999999849081e+02 -1.893537242918899910e+00 1.653171644752424729e-01
1.769999999999839986e+02 -2.131685923291939400e+00 1.649957765461011472e-01
1.779999999999830891e+02 -2.371991290072250624e+00 1.646747480946463005e-01
1.789999999999821796e+02 -2.614531632910038983e+00 1.643540001730315336e-01
1.799999999999812701e+02 -2.859388130014263840e+00 1.640334470738235018e-01
1.809999999999803606e+02 -3.106644892019912341e+00 1.637129963504446728e-01
1.819999999999794511e+02 -3.356389001365599256e+00 1.633925488466214937e-01
1.829999999999785416e+02 -3.608710546126650431e+00 1.630719987356219203e-01
1.839999999999776321e+02 -3.863702647113147037e+00 1.627512335702513968e-01
1.849999999999767226e+02 -4.121461476894762832e+00 1.624301343447696055e-01
1.859999999999758131e+02 -4.382086269254156008e+00 1.621085755701064668e-01
1.869999999999749036e+02 -4.645679317398673014e+00 1.617864253639837435e-01
1.879999999999739941e+02 -4.912345959076708901e+00 1.614635455577834999e-01
1.889999999999730846e+02 -5.182194546551245118e+00 1.611397918222637893e-01
1.899999999999721751e+02 -5.455336399181985207e+00 1.608150138144756602e-01
1.909999999999712657e+02 -5.731885736161062894e+00 1.604890553485089355e-01
1.919999999999703562e+02 -6.011959586739627603e+00 1.601617545929603370e-01
1.929999999999694467e+02 -6.295677675085030955e+00 1.598329442982862614e-01
1.939999999999685372e+02 -6.583162276721701289e+00 1.595024520574596927e-01
1.949999999999676277e+02 -6.874538043352206529e+00 1.591701006035926846e-01
1.959999999999667182e+02 -7.169931792739564713e+00 1.588357081484012556e-01
1.969999999999658087e+02 -7.469472260278898545e+00 1.584990887655627900e-01
1.979999999999648992e+02 -7.773289808920227806e+00 1.581600528231439651e-01
1.989999999999639897e+02 -8.081516094255336569e+00 1.578184074693282368e-01
1.999999999999630802e+02 -8.394283681887802828e+00 1.574739571756395007e-01
2.009999999999621707e+02 -8.711725614710720933e+00 1.571265043417111595e-01
2.019999999999612612e+02 -9.033974928473991639e+00 1.567758499653679471e-01
2.029999999999603517e+02 -9.361164115091936466e+00 1.564217943813375478e-01
2.039999999999594422e+02 -9.693424534587091301e+00 1.560641380712564363e-01
2.049999999999585327e+02 -1.003088577845873175e+01 1.557026825467572040e-01
2.059999999999576232e+02 -1.037367498967276092e+01 1.553372313062644228e-01
2.069999999999567137e+02 -1.072191614745715604e+01 1.549675908646680200e-01
2.079999999999558042e+02 -1.107572932870328408e+01 1.545935718532347181e-01
2.089999999999548947e+02 -1.143522996204008813e+01 1.542149901849379501e-01
2.099999999999539853e+02 -1.180052809554834248e+01 1.538316682778090583e-01
2.109999999999530758e+02 -1.217172770454033603e+01 1.534434363259178091e-01
2.119999999999521663e+02 -1.254892607169586505e+01 1.530501336042154881e-01
2.129999999999512568e+02 -1.293221327787076724e+01 1.526516097897119839e-01
2.139999999999503473e+02 -1.332167184772184676e+01 1.522477262774292184e-01
2.149999999999494378e+02 -1.371737659943732446e+01 1.518383574653481283e-01
2.159999999999485283e+02 -1.411939475171926794e+01 1.514233919783470328e-01
2.169999999999476188e+02 -1.452778634300861071e+01 1.510027337971133754e-01
2.179999999999467093e+02 -1.494260501697140242e+01 1.505763032545039126e-01
2.189999999999457998e+02 -1.536389922363410321e+01 1.501440378591659408e-01
2.199999999999448903e+02 -1.579171387646656832e+01 1.497058929048121489e-01
2.209999999999439808e+02 -1.622609249149142130e+01 1.492618418237965927e-01
2.219999999999430713e+02 -1.666707981471126132e+01 1.488118762459946232e-01
2.229999999999421618e+02 -1.711472491870345181e+01 1.483560057288566825e-01
2.239999999999412523e+02 -1.756908471849819620e+01 1.478942571321961719e-01
2.249999999999403428e+02 -1.803022782174624439e+01 1.474266736219883855e-01
2.259999999999394333e+02 -1.849823859021436334e+01 1.469533133011991233e-01
2.269999999999385238e+02 -1.897322125099471535e+01 1.464742474822266216e-01
2.279999999999376143e+02 -1.945530385927776962e+01 1.459895586344209240e-01
2.289999999999367049e+02 -1.994464188352063871e+01 1.454993380605916764e-01
2.299999999999357954e+02 -2.044142116222812788e+01 1.450036833773487854e-01
2.309999999999348859e+02 -2.094585997358135998e+01 1.445026958942256246e-01
2.319999999999339764e+02 -2.145820996910417122e+01 1.439964780042443382e-01
2.329999999999330669e+02 -2.197875575446801477e+01 1.434851307122174680e-01
2.339999999999321574e+02 -2.250781295756955203e+01 1.429687514348507715e-01
2.349999999999312479e+02 -2.304572470772168558e+01 1.424474322069489429e-01
2.359999999999303384e+02 -2.359285655916316315e+01 1.419212584192498239e-01
2.369999999999294289e+02 -2.414959002247250552e+01 1.413903081946036033e-01
2.379999999999285194e+02 -2.471631500974860884e+01 1.408546524800144140e-01
2.389999999999276099e+02 -2.529342163958727241e+01 1.403143558930702584e-01
2.399999999999267004e+02 -2.588129196818432121e+01 1.397694783142661712e-01
2.409999999999257909e+02 -2.648029229260200879e+01 1.392200771648118007e-01
2.419999999999248814e+02 -2.709076669389212810e+01 1.386662102571114552e-01
2.429999999999239719e+02 -2.771303243776424807e+01 1.381079390576381294e-01
2.439999999999230624e+02 -2.834737772723998717e+01 1.375453321651825822e-01
2.449999999999221529e+02 -2.899406211541051803e+01 1.369784687866656692e-01
2.459999999999212434e+02 -2.965331965993242846e+01 1.364074419915508596e-01
2.469999999999203339e+02 -3.032536466571401945e+01 1.358323615455194477e-01
2.479999999999194245e+02 -3.101039965184907032e+01 1.352533561626566017e-01
2.489999999999185150e+02 -3.170862502159094731e+01 1.346705750681720937e-01
2.499999999999176055e+02 -3.242024982724603177e+01 1.340841888237329638e-01
2.509999999999166960e+02 -3.314550300873263211e+01 1.334943894269742803e-01
2.519999999999157865e+02 -3.388464453567114987e+01 1.329013897484027651e-01
2.529999999999148770e+02 -3.463797597960805774e+01 1.323054224072054696e-01
2.539999999999139675e+02 -3.540585016267775842e+01 1.317067382095355454e-01
2.549999999999130580e+02 -3.618867964982854346e+01 1.311056042784932152e-01
2.559999999999121485e+02 -3.698694395599369500e+01 1.305023019964896835e-01
2.569999999999112674e+02 -3.780119541519763260e+01 1.298971248617548091e-01
2.579999999999103579e+02 -3.863206369890659175e+01 1.292903763359186109e-01
2.589999999999094484e+02 -3.948025897347349655e+01 1.286823677332163129e-01
2.599999999999085389e+02 -4.034657365348169833e+01 1.280734161775687330e-01
2.609999999999076294e+02 -4.123188267526290929e+01 1.274638426340377884e-01
2.619999999999067199e+02 -4.213714196372094989e+01 1.268539700074984289e-01
2.629999999999058105e+02 -4.306338475005979660e+01 1.262441212958467507e-01
2.639999999999049010e+02 -4.401171522920057555e+01 1.256346177845976408e-01
2.649999999999039915e+02 -4.498329870569639155e+01 1.250257772750490437e-01
2.659999999999030820e+02 -4.597934712426196313e+01 1.244179123491589711e-01
2.669999999999021725e+02 -4.700109852197566340e+01 1.238113286890438203e-01
2.679999999999012630e+02 -4.804978851606053070e+01 1.232063234865893447e-01
2.689999999999003535e+02 -4.912661145958728781e+01 1.226031839980794014e-01
2.699999999998994440e+02 -5.023266838142774304e+01 1.220021863190212108e-01
2.709999999998985345e+02 -5.136889833230736002e+01 1.214035944743519085e-01
2.719999999998976250e+02 -5.253598939404069057e+01 1.208076599374877658e-01
2.729999999998967155e+02 -5.373426556102847229e+01 1.202146217061120653e-01
2.739999999998958060e+02 -5.496354626756307482e+01 1.196247070700707793e-01
2.749999999998948965e+02 -5.622297693824113907e+01 1.190381332027053152e-01
2.759999999998939870e+02 -5.751083213143055417e+01 1.184551096852156649e-01
2.769999999998930775e+02 -5.882429821955557259e+01 1.178758420264918727e-01
2.779999999998921680e+02 -6.015925052987316235e+01 1.173005361600986257e-01
2.789999999998912585e+02 -6.151005031770746001e+01 1.167294037794987804e-01
2.799999999998903490e+02 -6.286939858390028490e+01 1.161626682121506410e-01
2.809999999998894396e+02 -6.422829357423050567e+01 1.156005703449099059e-01
2.819999999998885301e+02 -6.557614192305408096e+01 1.150433739271864431e-01
2.829999999998876206e+02 -6.690106403338235452e+01 1.144913694441246771e-01
2.839999999998867111e+02 -6.819040833509492927e+01 1.139448757313456517e-01
2.849999999998858016e+02 -6.943144783501709583e+01 1.134042386490779902e-01
2.859999999998848921e+02 -7.061218510593928954e+01 1.128698264637133103e-01
2.869999999998839826e+02 -7.172215429221101601e+01 1.123420220560820137e-01
2.879999999998830731e+02 -7.275309670595453326e+01 1.118212125853263877e-01
2.889999999998821636e+02 -7.369940771491842213e+01 1.113077776534412699e-01
2.899999999998812541e+02 -7.455830108461519501e+01 1.108020772280189775e-01
2.909999999998803446e+02 -7.532969586005933138e+01 1.103044405442369230e-01
2.919999999998794351e+02 -7.601588076982250186e+01 1.098151569548359990e-01
2.929999999998785256e+02 -7.662103893894025930e+01 1.093344693185853700e-01
2.939999999998776161e+02 -7.715071893526973668e+01 1.088625701189390033e-01
2.949999999998767066e+02 -7.761132307207492431e+01 1.083996001691606009e-01
2.959999999998757971e+02 -7.800966019825665398e+01 1.079456495321229476e-01
2.969999999998748876e+02 -7.835258646741826283e+01 1.075007601678486940e-01
2.979999999998739781e+02 -7.864673883071695570e+01 1.070649297998988170e-01
2.989999999998730686e+02 -7.889835383255240231e+01 1.066381165329496478e-01
2.999999999998721592e+02 -7.911315804233316840e+01 1.062202438292795675e-01
3.009999999998712497e+02 -7.929631452768548172e+01 1.058112055389349437e-01
3.019999999998703402e+02 -7.945241050205777356e+01 1.054108707624443614e-01
3.029999999998694307e+02 -7.958547334706801735e+01 1.050190883982404649e-01
3.039999999998685212e+02 -7.969900473494990933e+01 1.046356912863729560e-01
3.049999999998676117e+02 -7.979602504498980409e+01 1.042604999055769394e-01
3.059999999998667022e+02 -7.987912242660554796e+01 1.038933256137767186e-01
3.069999999998657927e+02 -7.995050262084360782e+01 1.035339734447698334e-01
3.079999999998648832e+02 -8.001203701325901818e+01 1.031822444883497975e-01
3.089999999998639737e+02 -8.006530740054863315e+01 1.028379378894985346e-01
3.099999999998630642e+02 -8.011164667323363631e+01 1.025008525061948395e-01
3.109999999998621547e+02 -8.015217511009456075e+01 1.021707882662166306e-01
3.119999999998612452e+02 -8.018783230305133714e+01 1.018475472620913869e-01
3.129999999998603357e+02 -8.021940493023889474e+01 1.015309346208666114e-01
3.139999999998594262e+02 -8.024755070678220648e+01 1.012207591821846914e-01
3.149999999998585167e+02 -8.027281889502577883e+01 1.009168340146553433e-01
3.159999999998576072e+02 -8.029566776917862114e+01 1.006189767969832977e-01
3.169999999998566977e+02 -8.031647941812782676e+01 1.003270100869065179e-01
3.179999999998557882e+02 -8.033557224476554381e+01 1.000407614978300469e-01
3.189999999998548788e+02 -8.035321148747171094e+01 9.976006380015392527e-02
3.199999999998539693e+02 -8.036961805394909675e+01 9.948475496171972632e-02
3.209999999998530598e+02 -8.038497592227516009e+01 9.921467813952958292e-02
3.219999999998521503e+02 -8.039943833052339528e+01 9.894968163291373298e-02
3.229999999998512408e+02 -8.041313294554454671e+01 9.868961880662095731e-02
3.239999999998503313e+02 -8.042616617388331690e+01 9.843434799084457842e-02
3.249999999998494218e+02 -8.043862675343444835e+01 9.818373236395742942e-02
3.259999999998485123e+02 -8.045058874319185804e+01 9.793763982267979229e-02
3.269999999998476028e+02 -8.046211401009516351e+01 9.769594284352495217e-02
3.279999999998466933e+02 -8.047325429625259119e+01 9.745851833862687053e-02
3.289999999998457838e+02 -8.048405293642044001e+01 9.722524750844308006e-02
3.299999999998448743e+02 -8.049454628425840497e+01 9.699601569331436912e-02
3.309999999998439648e+02 -8.050476489628491095e+01 9.677071222544381124e-02
3.319999999998430553e+02 -8.051473451437519202e+01 9.654923028251032047e-02
3.329999999998421458e+02 -8.052447688086054711e+01 9.633146674384858443e-02
3.339999999998412363e+02 -8.053401041459979126e+01 9.611732204989777151e-02
3.349999999998403268e+02 -8.054335077163614187e+01 9.590670006543054738e-02
3.359999999998394173e+02 -8.055251131007922538e+01 9.569950794692558271e-02
3.369999999998385078e+02 -8.056150347553666791e+01 9.549565601432290218e-02
3.379999999998375984e+02 -8.057033712065586428e+01 9.529505762730604290e-02
3.389999999998366889e+02 -8.057902077003680574e+01 9.509762906617591494e-02
3.399999999998357794e+02 -8.058756183986189114e+01 9.490328941732381618e-02
3.409999999998348699e+02 -8.059596681999659040e+01 9.471196046326257889e-02
3.419999999998339604e+02 -8.060424142499357458e+01 9.452356657713940902e-02
3.429999999998330509e+02 -8.061239071933286482e+01 9.433803462162752840e-02
3.439999999998321414e+02 -8.062041922131905380e+01 9.415529385207464796e-02
3.449999999998312319e+02 -8.062833098929932873e+01 9.397527582377153410e-02
3.459999999998303224e+02 -8.063612969323962432e+01 9.379791430319549261e-02
3.469999999998294129e+02 -8.064381867417242233e+01 9.362314518307836286e-02
3.479999999998285034e+02 -8.065140099360061754e+01 9.345090640114568636e-02
3.489999999998275939e+02 -8.065887947458271867e+01 9.328113786237267335e-02
3.499999999998266844e+02 -8.066625673592756129e+01 9.311378136460657373e-02
3.509999999998257749e+02 -8.067353522068314930e+01 9.294878052740349061e-02
3.519999999998248654e+02 -8.068071721989586820e+01 9.278608072393663975e-02
3.529999999998239559e+02 -8.068780489245450838e+01 9.262562901583272501e-02
3.539999999998230464e+02 -8.069480028168712238e+01 9.246737409080048320e-02
3.549999999998221369e+02 -8.070170532926756835e+01 9.231126620292152973e-02
3.559999999998212274e+02 -8.070852188689104878e+01 9.215725711547556598e-02
3.569999999998203180e+02 -8.071525172609915444e+01 9.200530004618176494e-02
3.579999999998194085e+02 -8.072189654656915536e+01 9.185534961474003945e-02
3.589999999998184990e+02 -8.072845798312827981e+01 9.170736179256325227e-02
3.599999999998175895e+02 -8.073493761170779237e+01 9.156129385459697845e-02
3.609999999998166800e+02 -8.074133695441743441e+01 9.141710433312721928e-02
3.619999999998157705e+02 -8.074765748388499276e+01 9.127475297348149053e-02
3.629999999998148610e+02 -8.075390062698652116e+01 9.113420069153503611e-02
3.639999999998139515e+02 -8.076006776806590892e+01 9.099540953293834555e-02
3.649999999998130420e+02 -8.076616025172907598e+01 9.085834263398288868e-02
3.659999999998121325e+02 -8.077217938528205821e+01 9.072296418403215379e-02
3.669999999998112230e+02 -8.077812644087035210e+01 9.058923938944386800e-02
3.679999999998103135e+02 -8.078400265736759422e+01 9.045713443891591210e-02
3.689999999998094040e+02 -8.078980924205266945e+01 9.032661647019074591e-02
3.699999999998084945e+02 -8.079554737210884241e+01 9.019765353805701824e-02
3.709999999998075850e+02 -8.080121819597150079e+01 9.007021458359021349e-02
3.719999999998066755e+02 -8.080682283454774506e+01 8.994426940457699027e-02
3.729999999998057660e+02 -8.081236238232641256e+01 8.981978862707065692e-02
3.739999999998048565e+02 -8.081783790839415360e+01 8.969674367802864257e-02
3.749999999998039470e+02 -8.082325045737135838e+01 8.957510675898378016e-02
3.759999999998030376e+02 -8.082860105027751274e+01 8.945485082070533944e-02
3.769999999998021281e+02 -8.083389068533668365e+01 8.933594953880746870e-02
3.779999999998012186e+02 -8.083912033872992708e+01 8.921837729026366182e-02
3.789999999998003091e+02 -8.084429096530092806e+01 8.910210913078946138e-02
3.799999999997993996e+02 -8.084940349922106861e+01 8.898712077305712120e-02
3.809999999997984901e+02 -8.085445885461737703e+01 8.887338856570675683e-02
3.819999999997975806e+02 -8.085945792616858796e+01 8.876088947312117672e-02
3.829999999997966711e+02 -8.086440158967123182e+01 8.864960105593318318e-02
3.839999999997957616e+02 -8.086929070257967567e+01 8.853950145223532520e-02
3.849999999997948521e+02 -8.087412610452157935e+01 8.843056935946264074e-02
3.859999999997939426e+02 -8.087890861779176532e+01 8.832278401692300607e-02
3.869999999997930331e+02 -8.088363904782508484e+01 8.821612518894680899e-02
3.879999999997921236e+02 -8.088831818365130744e+01 8.811057314863314505e-02
3.889999999997912141e+02 -8.089294679833193413e+01 8.800610866216795891e-02
3.899999999997903046e+02 -8.089752564938115142e+01 8.790271297369176007e-02
3.909999999997893951e+02 -8.090205547917126694e+01 8.780036779069515240e-02
3.919999999997884856e+02 -8.090653701532394848e+01 8.769905526992202716e-02
3.929999999997875761e+02 -8.091097097108831804e+01 8.759875800376065724e-02
3.939999999997866666e+02 -8.091535804570571599e+01 8.749945900710344449e-02
3.949999999997857572e+02 -8.091969892476254245e+01 8.740114170465797250e-02
3.959999999997848477e+02 -8.092399428053225563e+01 8.730378991869168492e-02
3.969999999997839382e+02 -8.092824477230506375e+01 8.720738785719425734e-02
3.979999999997830287e+02 -8.093245104670870660e+01 8.711192010244069028e-02
3.989999999997821192e+02 -8.093661373801802483e+01 8.701737159994225868e-02
3.999999999997812097e+02 -8.094073346845580375e+01 8.692372764776851168e-02
4.009999999997803002e+02 -8.094481084848416685e+01 8.683097388622754154e-02
4.019999999997793907e+02 -8.094884647708688874e+01 8.673909628789172599e-02
4.029999999997784812e+02 -8.095284094204374981e+01 8.664808114795552463e-02
4.039999999997775717e+02 -8.095679482019640716e+01 8.655791507491288062e-02
4.049999999997766622e+02 -8.096070867770673374e+01 8.646858498154348649e-02
4.059999999997757527e+02 -8.096458307030749779e+01 8.638007807619582645e-02
4.069999999997748432e+02 -8.096841854354568113e+01 8.629238185435654518e-02
4.079999999997739337e+02 -8.097221563301893354e+01 8.620548409049598459e-02
4.089999999997730242e+02 -8.097597486460561811e+01 8.611937283017975786e-02
4.099999999997721147e+02 -8.097969675468756634e+01 8.603403638243625751e-02
4.109999999997712052e+02 -8.098338181036729111e+01 8.594946331237243720e-02
4.119999999997702957e+02 -8.098703052967871940e+01 8.586564243402730612e-02
4.129999999997693862e+02 -8.099064340179231181e+01 8.578256280345591955e-02
4.139999999997684768e+02 -8.099422090721436973e+01 8.570021371203516425e-02
4.149999999997675673e+02 -8.099776351798064411e+01 8.561858467998338662e-02
4.159999999997666578e+02 -8.100127169784536818e+01 8.553766545008736899e-02
4.169999999997657483e+02 -8.100474590246422224e+01 8.545744598162768879e-02
4.179999999997648388e+02 -8.100818657957314883e+01 8.537791644449706230e-02
4.189999999997639293e+02 -8.101159416916181044e+01 8.529906721350449805e-02
4.199999999997630198e+02 -8.101496910364282655e+01 8.522088886285798803e-02
4.209999999997621103e+02 -8.101831180801617904e+01 8.514337216082137894e-02
4.219999999997612008e+02 -8.102162270002936850e+01 8.506650806453688873e-02
4.229999999997602913e+02 -8.102490219033352048e+01 8.499028771501032642e-02
4.239999999997593818e+02 -8.102815068263502951e+01 8.491470243225121561e-02
4.249999999997584723e+02 -8.103136857384374991e+01 8.483974371056401953e-02
4.259999999997575628e+02 -8.103455625421686648e+01 8.476540321398395861e-02
4.269999999997566533e+02 -8.103771410749943982e+01 8.469167277185413178e-02
4.279999999997557438e+02 -8.104084251106102954e+01 8.461854437453748823e-02
4.289999999997548343e+02 -8.104394183602894941e+01 8.454601016926019397e-02
4.299999999997539248e+02 -8.104701244741816879e+01 8.447406245608185538e-02
4.309999999997530153e+02 -8.105005470425790293e+01 8.440269368398754801e-02
4.319999999997521059e+02 -8.105306895971506265e+01 8.433189644709861155e-02
4.329999999997511964e+02 -8.105605556121433608e+01 8.426166348099750625e-02
4.339999999997502869e+02 -8.105901485055572664e+01 8.419198765916315053e-02
4.349999999997493774e+02 -8.106194716402879408e+01 8.412286198951303418e-02
4.359999999997484679e+02 -8.106485283252413865e+01 8.405427961104890155e-02
4.369999999997475584e+02 -8.106773218164248362e+01 8.398623379060154992e-02
4.379999999997466489e+02 -8.107058553180043248e+01 8.391871791967309147e-02
4.389999999997457394e+02 -8.107341319833426496e+01 8.385172551137178021e-02
4.399999999997448299e+02 -8.107621549160094787e+01 8.378525019743758573e-02
4.409999999997439204e+02 -8.107899271707658784e+01 8.371928572535473900e-02
4.419999999997430109e+02 -8.108174517545273829e+01 8.365382595554889111e-02
4.429999999997421014e+02 -8.108447316273026217e+01 8.358886485866616478e-02
4.439999999997411919e+02 -8.108717697031123350e+01 8.352439651293067091e-02
4.449999999997402824e+02 -8.108985688508808209e+01 8.346041510157942156e-02
4.459999999997393729e+02 -8.109251318953106136e+01 8.339691491036997639e-02
4.469999999997384634e+02 -8.109514616177411028e+01 8.333389032516079487e-02
4.479999999997375539e+02 -8.109775607569704903e+01 8.327133582956022795e-02
4.489999999997366444e+02 -8.110034320100803029e+01 8.320924600264284487e-02
4.499999999997357349e+02 -8.110290780332253746e+01 8.314761551673056916e-02
4.509999999997348255e+02 -8.110545014424101851e+01 8.308643913523661162e-02
4.519999999997339160e+02 -8.110797048142507037e+01 8.302571171057018806e-02
4.529999999997330065e+02 -8.111046906867113648e+01 8.296542818210028702e-02
4.539999999997320970e+02 -8.111294615598322366e+01 8.290558357417598945e-02
4.549999999997311875e+02 -8.111540198964371484e+01 8.284617299420266034e-02
4.559999999997302780e+02 -8.111783681228220644e+01 8.278719163077113974e-02
4.569999999997293685e+02 -8.112025086294357834e+01 8.272863475183864224e-02
4.579999999997284590e+02 -8.112264437715396070e+01 8.267049770296004685e-02
4.589999999997275495e+02 -8.112501758698508070e+01 8.261277590556750927e-02
4.599999999997266400e+02 -8.112737072111772818e+01 8.255546485529743905e-02
4.609999999997257305e+02 -8.112970400490358713e+01 8.249856012036267672e-02
4.619999999997248210e+02 -8.113201766042551810e+01 8.244205733996921859e-02
4.629999999997239115e+02 -8.113431190655674641e+01 8.238595222277521335e-02
4.639999999997230020e+02 -8.113658695901855822e+01 8.233024054539195280e-02
4.649999999997220925e+02 -8.113884303043691659e+01 8.227491815092451144e-02
4.659999999997211830e+02 -8.114108033039769907e+01 8.221998094755184061e-02
4.669999999997202735e+02 -8.114329906550111104e+01 8.216542490714438818e-02
4.679999999997193640e+02 -8.114549943941432275e+01 8.211124606391802250e-02
4.689999999997184545e+02 -8.114768165292318258e+01 8.205744051312413578e-02
4.699999999997175451e+02 -8.114984590398337616e+01 8.200400440977312355e-02
4.709999999997166356e+02 -8.115199238776959589e+01 8.195093396739229485e-02
4.719999999997157261e+02 -8.115412129672456842e+01 8.189822545681524346e-02
4.729999999997148166e+02 -8.115623282060617782e+01 8.184587520500298530e-02
4.739999999997139071e+02 -8.115832714653437563e+01 8.179387959389571028e-02
4.749999999997129976e+02 -8.116040445903632872e+01 8.174223505929333056e-02
4.759999999997120881e+02 -8.116246494009149615e+01 8.169093808976563009e-02
4.769999999997111786e+02 -8.116450876917510016e+01 8.163998522558915671e-02
4.779999999997102691e+02 -8.116653612330102874e+01 8.158937305771182813e-02
4.789999999997093596e+02 -8.116854717706350186e+01 8.153909822674332286e-02
4.799999999997084501e+02 -8.117054210267848191e+01 8.148915742197083978e-02
4.809999999997075406e+02 -8.117252107002350670e+01 8.143954738039946295e-02
4.819999999997066311e+02 -8.117448424667719564e+01 8.139026488581671548e-02
4.829999999997057216e+02 -8.117643179795817332e+01 8.134130676787994230e-02
4.839999999997048121e+02 -8.117836388696238714e+01 8.129266990122631376e-02
4.849999999997039026e+02 -8.118028067460049613e+01 8.124435120460486714e-02
4.859999999997029931e+02 -8.118218231963389542e+01 8.119634764002953142e-02
4.869999999997020836e+02 -8.118406897871049921e+01 8.114865621195284373e-02
4.879999999997011741e+02 -8.118594080639947208e+01 8.110127396645981646e-02
4.889999999997002647e+02 -8.118779795522554821e+01 8.105419799048120544e-02
4.899999999996993552e+02 -8.118964057570219950e+01 8.100742541102527727e-02
4.909999999996984457e+02 -8.119146881636503110e+01 8.096095339442868632e-02
4.919999999996975362e+02 -8.119328282380332951e+01 8.091477914562444917e-02
4.929999999996966267e+02 -8.119508274269210801e+01 8.086889990742779366e-02
4.939999999996957172e+02 -8.119686871582273113e+01 8.082331295983821717e-02
4.949999999996948077e+02 -8.119864088413348213e+01 8.077801561935864239e-02
4.959999999996938982e+02 -8.120039938673907898e+01 8.073300523833006059e-02
4.969999999996929887e+02 -8.120214436096006239e+01 8.068827920428137124e-02
4.979999999996920792e+02 -8.120387594235124595e+01 8.064383493929493107e-02
4.989999999996911697e+02 -8.120559426472992470e+01 8.059966989938609216e-02
4.999999999996902602e+02 -8.120729946020325940e+01 8.055578157389728378e-02
5.000000000000000000e+02 -8.120729946020378520e+01 8.055578157388372518e-02
