1.000000000000000666e+00 -7.216992816728144078e+01 7.360213704305924864e-02
2.000000000000001332e+00 -6.327705458016193774e+01 7.364106146095106276e-02
2.999999999999980016e+00 -6.979693430067488435e+00 7.375265355647202259e-02
3.999999999999958700e+00 3.630549839678089796e+01 7.889573367001948001e-02
4.999999999999937828e+00 3.023515231575463957e+01 9.230501484383360489e-02
5.999999999999916511e+00 2.566029672339432111e+01 1.108480165766235065e-01
6.999999999999895195e+00 2.288378402471204964e+01 1.306112860559789646e-01
7.999999999999873879e+00 2.144061393895141876e+01 1.483717904871201254e-01
8.999999999999852562e+00 2.085040859704279725e+01 1.625328516620862529e-01
9.999999999999831246e+00 2.076451058303935326e+01 1.729129784872012743e-01
1.099999999999980993e+01 2.095734913816588829e+01 1.800976937044793391e-01
1.199999999999978861e+01 2.129042300729393133e+01 1.849068763338884147e-01
1.299999999999976730e+01 2.168106769390411515e+01 1.881057100456260955e-01
1.399999999999974598e+01 2.208059018041377541e+01 1.902955279807573841e-01
1.499999999999972466e+01 2.245998176279586644e+01 1.918997624057045825e-01
1.599999999999970335e+01 2.280074899606332650e+01 1.931891000542395598e-01
1.699999999999985789e+01 2.308885629128003458e+01 1.943170932557940767e-01
1.800000000000001421e+01 2.331021969825954088e+01 1.953533752877809615e-01
1.900000000000017053e+01 2.344642040071989086e+01 1.963091739140015723e-01
2.000000000000032685e+01 2.346952943590197194e+01 1.971534267848054911e-01
2.100000000000048317e+01 2.333723904413443861e+01 1.978235820031666592e-01
2.200000000000063949e+01 2.300400309094365880e+01 1.982533425502062963e-01
2.300000000000079581e+01 2.248695499600853509e+01 1.984408345421593556e-01
2.400000000000095213e+01 2.190819771524681414e+01 1.984662427326705225e-01
2.500000000000110845e+01 2.137123322311323292e+01 1.984065293184046619e-01
2.600000000000126477e+01 2.089939395385933096e+01 1.983031466751908611e-01
2.700000000000142109e+01 2.048396923098123779e+01 1.981788343489558624e-01
2.800000000000157740e+01 2.011443730442710276e+01 1.980474891900924350e-01
2.900000000000173372e+01 1.978396513215447428e+01 1.979174073651694121e-01
3.000000000000189004e+01 1.948823302015997072e+01 1.977930589865820599e-01
3.100000000000204636e+01 1.922393043418635727e+01 1.976764413311632718e-01
3.200000000000220268e+01 1.898798936033299611e+01 1.975680529978825206e-01
3.300000000000200373e+01 1.877736348239307773e+01 1.974675366213988481e-01
3.400000000000180478e+01 1.858905288892091789e+01 1.973740858936444686e-01
3.500000000000160583e+01 1.842019332691423372e+01 1.972866990894437955e-01
3.600000000000140687e+01 1.826813362446398870e+01 1.972043331710769676e-01
3.700000000000120792e+01 1.813048086035872331e+01 1.971259924556834076e-01
3.800000000000100897e+01 1.800511558508562260e+01 1.970507742860139466e-01
3.900000000000081002e+01 1.789018574696665809e+01 1.969778872668729586e-01
4.000000000000061107e+01 1.778408783103220969e+01 1.969066529469944149e-01
4.100000000000041211e+01 1.768544167196466077e+01 1.968364983540148161e-01
4.200000000000021316e+01 1.759306325387704106e+01 1.967669441997043356e-01
4.300000000000001421e+01 1.750593810757385071e+01 1.966975917090766357e-01
4.399999999999981526e+01 1.742319672339512238e+01 1.966281097522676879e-01
4.499999999999961631e+01 1.734409262391561057e+01 1.965582231316029549e-01
4.599999999999941735e+01 1.726798326960876651e+01 1.964877023697857439e-01
4.699999999999921840e+01 1.719431370310925900e+01 1.964163550543353565e-01
4.799999999999901945e+01 1.712260270056727762e+01 1.963440186405920607e-01
4.899999999999882050e+01 1.705243114122441028e+01 1.962705545467805512e-01
4.999999999999862155e+01 1.698343229548128619e+01 1.961958433541374780e-01
5.099999999999842260e+01 1.691528374623307940e+01 1.961197809305141038e-01
5.199999999999822364e+01 1.684770068511761210e+01 1.960422753136242813e-01
5.299999999999802469e+01 1.678043035683670325e+01 1.959632442124064067e-01
5.399999999999782574e+01 1.671324745650484189e+01 1.958826130076086192e-01
5.499999999999762679e+01 1.664595031474526721e+01 1.958003131535662189e-01
5.599999999999742784e+01 1.657835773193390239e+01 1.957162809013882898e-01
5.699999999999722888e+01 1.651030634624429538e+01 1.956304562792029189e-01
5.799999999999702993e+01 1.644164844003587689e+01 1.955427822778786073e-01
5.899999999999683098e+01 1.637225010591199492e+01 1.954532042010620474e-01
5.999999999999663203e+01 1.630198970780707768e+01 1.953616691467726374e-01
6.099999999999643308e+01 1.623075658411097422e+01 1.952681255945358241e-01
6.199999999999623412e+01 1.615844994946036195e+01 1.951725230774070674e-01
6.299999999999603517e+01 1.608497795974383138e+01 1.950748119225092780e-01
6.399999999999583622e+01 1.601025691136290163e+01 1.949749430470895106e-01
6.499999999999634781e+01 1.593421055110912832e+01 1.948728677997885184e-01
6.599999999999685940e+01 1.585676947736644848e+01 1.947685378389342747e-01
6.699999999999737099e+01 1.577787061689574521e+01 1.946619050413539997e-01
6.799999999999788258e+01 1.569745676435664450e+01 1.945529214365325499e-01
6.899999999999839417e+01 1.561547617408113986e+01 1.944415391619959688e-01
6.999999999999890576e+01 1.553188219553742933e+01 1.943277104366381847e-01
7.099999999999941735e+01 1.544663294548874966e+01 1.942113875493713393e-01
7.199999999999992895e+01 1.535969101112705104e+01 1.940925228610051179e-01
7.300000000000044054e+01 1.527102317949857913e+01 1.939710688176826958e-01
7.400000000000095213e+01 1.518060018938252576e+01 1.938469779745271293e-01
7.500000000000146372e+01 1.508839650246934738e+01 1.937202030284190524e-01
7.600000000000197531e+01 1.499439009124308519e+01 1.935906968590322130e-01
7.700000000000248690e+01 1.489856224142429575e+01 1.934584125774186925e-01
7.800000000000299849e+01 1.480089736719765803e+01 1.933233035815611900e-01
7.900000000000351008e+01 1.470138283774639021e+01 1.931853236184133682e-01
8.000000000000402167e+01 1.460000881385725080e+01 1.930444268520216944e-01
8.100000000000453326e+01 1.449676809355564799e+01 1.929005679373821391e-01
8.200000000000504485e+01 1.439165596588926377e+01 1.927537020997248662e-01
8.300000000000555644e+01 1.428467007210719508e+01 1.926037852189500521e-01
8.400000000000606803e+01 1.417581027358591861e+01 1.924507739189569855e-01
8.500000000000657963e+01 1.406507852593813190e+01 1.922946256616142047e-01
8.600000000000709122e+01 1.395247875880937016e+01 1.921352988451252020e-01
8.700000000000760281e+01 1.383801676092349098e+01 1.919727529065356209e-01
8.800000000000811440e+01 1.372170006998440606e+01 1.918069484281195725e-01
8.900000000000862599e+01 1.360353786707918999e+01 1.916378472473710681e-01
9.000000000000913758e+01 1.348354087525958178e+01 1.914654125703018628e-01
9.100000000000964917e+01 1.336172126200545129e+01 1.912896090877352351e-01
9.200000000001016076e+01 1.323809254529637336e+01 1.911104030942533394e-01
9.300000000001067235e+01 1.311266950303759948e+01 1.909277626094350588e-01
9.400000000001118394e+01 1.298546808560342924e+01 1.907416575009926452e-01
9.500000000001169553e+01 1.285650533127714823e+01 1.905520596093881747e-01
9.600000000001220712e+01 1.272579928438083918e+01 1.903589428734791256e-01
9.700000000001271871e+01 1.259336891590153407e+01 1.901622834567187059e-01
9.800000000001323031e+01 1.245923404643305155e+01 1.899620598734012566e-01
9.900000000001374190e+01 1.232341527126492942e+01 1.897582531144193507e-01
1.000000000000142535e+02 1.218593388746152151e+01 1.895508467719713430e-01
1.010000000000147651e+02 1.204681182278621243e+01 1.893398271626297036e-01
1.020000000000152767e+02 1.190607156633651975e+01 1.891251834481592897e-01
1.030000000000157883e+02 1.176373610076758958e+01 1.889069077534517582e-01
1.040000000000162999e+02 1.161982883599220528e+01 1.886849952809233621e-01
1.050000000000168114e+02 1.147437354425654377e+01 1.884594444207067787e-01
1.060000000000173230e+02 1.132739429650156637e+01 1.882302568559561518e-01
1.070000000000178346e+02 1.117891539993031103e+01 1.879974376625741517e-01
1.080000000000183462e+02 1.102896133671162104e+01 1.877609954026656924e-01
1.090000000000188578e+02 1.087755670376075123e+01 1.875209422110226953e-01
1.100000000000193694e+02 1.072472615354663894e+01 1.872772938739484250e-01
1.110000000000198810e+02 1.057049433588505494e+01 1.870300698997371114e-01
1.120000000000203926e+02 1.041488584068482837e+01 1.867792935801422249e-01
1.130000000000209042e+02 1.025792514162307789e+01 1.865249920421833130e-01
1.140000000000214158e+02 1.009963654073207096e+01 1.862671962896667865e-01
1.150000000000219273e+02 9.940044113887759991e+00 1.860059412338257723e-01
1.160000000000224389e+02 9.779171657195686151e+00 1.857412657125219746e-01
1.170000000000229505e+02 9.617042634275412283e+00 1.854732124974880492e-01
1.180000000000234621e+02 9.453680124449421740e+00 1.852018282891410850e-01
1.190000000000239737e+02 9.289106771845803578e+00 1.849271636985438394e-01
1.200000000000244853e+02 9.123344735427542318e+00 1.846492732161477968e-01
1.210000000000249969e+02 8.956415639963019260e+00 1.843682151670120450e-01
1.220000000000255085e+02 8.788340527954018100e+00 1.840840516522556369e-01
1.230000000000260201e+02 8.619139812537900625e+00 1.837968484765683530e-01
1.240000000000265317e+02 8.448833231380591613e+00 1.835066750616741460e-01
1.250000000000270433e+02 8.277439801575983580e+00 1.832136043457180119e-01
1.260000000000275548e+02 8.104977775565759046e+00 1.829177126686173660e-01
1.270000000000280664e+02 7.931464598091220175e+00 1.826190796434978281e-01
1.280000000000285638e+02 7.756916864185839700e+00 1.823177880144104535e-01
1.290000000000276543e+02 7.581350278213692562e+00 1.820139235006037748e-01
1.300000000000267448e+02 7.404779613953609285e+00 1.817075746276949622e-01
1.310000000000258353e+02 7.227218675727750785e+00 1.813988325461719509e-01
1.320000000000249258e+02 7.048680260563500610e+00 1.810877908377146739e-01
1.330000000000240163e+02 6.869176121375861754e+00 1.807745453099050548e-01
1.340000000000231068e+02 6.688716931150425538e+00 1.804591937799567281e-01
1.350000000000221974e+02 6.507312248101313479e+00 1.801418358481573501e-01
1.360000000000212879e+02 6.324970481772570707e+00 1.798225726617755094e-01
1.370000000000203784e+02 6.141698860045275765e+00 1.795015066702338735e-01
1.380000000000194689e+02 5.957503397006657764e+00 1.791787413724004185e-01
1.390000000000185594e+02 5.772388861631296386e+00 1.788543810568837267e-01
1.400000000000176499e+02 5.586358747218632459e+00 1.785285305362590558e-01
1.410000000000167404e+02 5.399415241525152176e+00 1.782012948761700633e-01
1.420000000000158309e+02 5.211559197524180398e+00 1.778727791202805442e-01
1.430000000000149214e+02 5.022790104720751714e+00 1.775430880120544841e-01
1.440000000000140119e+02 4.833106060944257543e+00 1.772123257143526365e-01
1.450000000000131024e+02 4.642503744536963239e+00 1.768805955278293929e-01
1.460000000000121929e+02 4.450978386852283641e+00 1.765479996091059156e-01
1.470000000000112834e+02 4.258523744973201630e+00 1.762146386896800143e-01
1.480000000000103739e+02 4.065132074557933350e+00 1.758806117965065474e-01
1.490000000000094644e+02 3.870794102717365792e+00 1.755460159751575655e-01
1.500000000000085549e+02 3.675499000827013418e+00 1.752109460164327503e-01
1.510000000000076454e+02 3.479234357174480596e+00 1.748754941872508462e-01
1.520000000000067359e+02 3.281986149343117720e+00 1.745397499666086760e-01
1.530000000000058265e+02 3.083738716232270693e+00 1.742037997873384092e-01
1.540000000000049170e+02 2.884474729615448041e+00 1.738677267843475593e-01
1.550000000000040075e+02 2.684175165139160324e+00 1.735316105499621619e-01
1.560000000000030980e+02 2.482819272667661004e+00 1.731955268969347927e-01
1.570000000000021885e+02 2.280384545881976255e+00 1.728595476296208022e-01
1.580000000000012790e+02 2.076846691045935778e+00 1.725237403237584177e-01
1.590000000000003695e+02 1.872179594857098062e+00 1.721881681152276633e-01
1.599999999999994600e+02 1.666355291306787612e+00 1.718528894980985711e-01
1.609999999999985505e+02 1.459343927481005165e+00 1.715179581322183455e-01
1.619999999999976410e+02 1.251113728242761569e+00 1.711834226605266907e-01
1.629999999999967315e+02 1.041630959746556284e+00 1.708493265362281965e-01
1.639999999999958220e+02 8.308598917475027434e-01 1.705157078598998066e-01
1.649999999999949125e+02 6.187627586809518743e-01 1.701825992265588172e-01
1.659999999999940030e+02 4.052997195037445488e-01 1.698500275826703432e-01
1.669999999999930935e+02 1.904288163055323779e-01 1.695180140930325485e-01
1.679999999999921840e+02 -2.589406828157025248e-02 1.691865740174458288e-01
1.689999999999912745e+02 -2.437152548269534980e-01 1.688557165970371587e-01
1.699999999999903650e+02 -4.630833119192933056e-01 1.685254449500984131e-01
1.709999999999894555e+02 -6.840491019621576241e-01 1.681957559772759292e-01
1.719999999999885461e+02 -9.066658278083732370e-01 1.678666402759481369e-01
1.729999999999876366e+02 -1.130989080066186814e+00 1.675380820636312995e-01
1.739999999999867271e+02 -1.357076884868624989e+00 1.672100591102641254e-01
1.749999999999858176e+02 -1.584989751853960183e+00 1.668825426792483468e-01
1.759999999999849081e+02 -1.814790722056233152e+00 1.665554974771554508e-01
1.769999999999839986e+02 -2.046545415350354613e+00 1.662288816120524870e-01
1.779999999999830891e+02 -2.280322077035441986e+00 1.659026465604597211e-01
1.789999999999821796e+02 -2.516191623072891570e+00 1.655767371430189872e-01
1.799999999999812701e+02 -2.754227683420661599e+00 1.652510915090349974e-01
1.809999999999803606e+02 -2.994506642822836628e+00 1.649256411301435465e-01
1.819999999999794511e+02 -3.237107678322137083e+00 1.646003108034710949e-01
1.829999999999785416e+02 -3.482112792662869882e+00 1.642750186647684019e-01
1.839999999999776321e+02 -3.729606842641745690e+00 1.639496762121401274e-01
1.849999999999767226e+02 -3.979677561343886616e+00 1.636241883411357900e-01
1.859999999999758131e+02 -4.232415573071110160e+00 1.632984533921377490e-01
1.869999999999749036e+02 -4.487914399628419204e+00 1.629723632111517995e-01
1.879999999999739941e+02 -4.746270456483671296e+00 1.626458032253003672e-01
1.889999999999730846e+02 -5.007583037154630823e+00 1.623186525345174935e-01
1.899999999999721751e+02 -5.271954284008442571e+00 1.619907840211597116e-01
1.909999999999712657e+02 -5.539489143481216793e+00 1.616620644794694306e-01
1.919999999999703562e+02 -5.810295303551855639e+00 1.613323547670479086e-01
1.929999999999694467e+02 -6.084483111115523535e+00 1.610015099807413363e-01
1.939999999999685372e+02 -6.362165466738111341e+00 1.606693796595597967e-01
1.949999999999676277e+02 -6.643457694109542011e+00 1.603358080174846489e-01
1.959999999999667182e+02 -6.928477381379261502e+00 1.600006342092256117e-01
1.969999999999658087e+02 -7.217344191458413327e+00 1.596636926321851335e-01
1.979999999999648992e+02 -7.510179638327857177e+00 1.593248132680507856e-01
1.989999999999639897e+02 -7.807106826420096013e+00 1.589838220675533487e-01
1.999999999999630802e+02 -8.108250150271270940e+00 1.586405413820011490e-01
2.009999999999621707e+02 -8.413734951899158432e+00 1.582947904451922072e-01
2.019999999999612612e+02 -8.723687133790376080e+00 1.579463859092120059e-01
2.029999999999603517e+02 -9.038232726018389229e+00 1.575951424374238130e-01
2.039999999999594422e+02 -9.357497406913100946e+00 1.572408733576144413e-01
2.049999999999585327e+02 -9.681605977916440509e+00 1.568833913777605282e-01
2.059999999999576232e+02 -1.001068179484408560e+01 1.565225093661883338e-01
2.069999999999567137e+02 -1.034484615978969835e+01 1.561580411969855919e-01
2.079999999999558042e+02 -1.068421768040787967e+01 1.557898026603626307e-01
2.089999999999548947e+02 -1.102891160633822132e+01 1.554176124362043887e-01
2.099999999999539853e+02 -1.137903915610863947e+01 1.550412931272976691e-01
2.109999999999530758e+02 -1.173470685197422370e+01 1.546606723466202593e-01
2.119999999999521663e+02 -1.209601588475599954e+01 1.542755838506364996e-01
2.129999999999512568e+02 -1.246306153573372200e+01 1.538858687077502563e-01
2.139999999999503473e+02 -1.283593268783238805e+01 1.534913764879604625e-01
2.149999999999494378e+02 -1.321471146345356829e+01 1.530919664563669680e-01
2.159999999999485283e+02 -1.359947303096784310e+01 1.526875087495976335e-01
2.169999999999476188e+02 -1.399028562563164080e+01 1.522778855105667850e-01
2.179999999999467093e+02 -1.438721083294999481e+01 1.518629919534168482e-01
2.189999999999457998e+02 -1.479030418262867386e+01 1.514427373272506372e-01
2.199999999999448903e+02 -1.519961609855261031e+01 1.510170457445973446e-01
2.209999999999439808e+02 -1.561519324400791042e+01 1.505858568387933860e-01
2.219999999999430713e+02 -1.603708029102259758e+01 1.501491262139360572e-01
2.229999999999421618e+02 -1.646532212777921345e+01 1.497068256521627283e-01
2.239999999999412523e+02 -1.689996649833870279e+01 1.492589430460612154e-01
2.249999999999403428e+02 -1.734106704452316094e+01 1.488054820293389924e-01
2.259999999999394333e+02 -1.778868669126121560e+01 1.483464612867022581e-01
2.269999999999385238e+02 -1.824290128499832520e+01 1.478819135343019120e-01
2.279999999999376143e+02 -1.870380336142372002e+01 1.474118841750399478e-01
2.289999999999367049e+02 -1.917150588579400861e+01 1.469364296482087162e-01
2.299999999999357954e+02 -1.964614577907810755e+01 1.464556155098673262e-01
2.309999999999348859e+02 -2.012788701899699007e+01 1.459695142983052085e-01
2.319999999999339764e+02 -2.061692309013944424e+01 1.454782032569260364e-01
2.329999999999330669e+02 -2.111347855527421657e+01 1.449817620037386900e-01
2.339999999999321574e+02 -2.161780953431691898e+01 1.444802702510033787e-01
2.349999999999312479e+02 -2.213020291137564399e+01 1.439738056890127460e-01
2.359999999999303384e+02 -2.265097414627501493e+01 1.434624421529930582e-01
2.369999999999294289e+02 -2.318046364582932384e+01 1.429462481903081006e-01
2.379999999999285194e+02 -2.371903175045048329e+01 1.424252861353638988e-01
2.389999999999276099e+02 -2.426705250879748021e+01 1.418996117810597812e-01
2.399999999999267004e+02 -2.482490653861641405e+01 1.413692747081741197e-01
2.409999999999257909e+02 -2.539297339313258561e+01 1.408343192983455838e-01
2.419999999999248814e+02 -2.597162395371195487e+01 1.402947864140380863e-01
2.429999999999239719e+02 -2.656121343359972542e+01 1.397507156828771413e-01
2.439999999999230624e+02 -2.716207558940898892e+01 1.392021482779508823e-01
2.449999999999221529e+02 -2.777451868631329646e+01 1.386491300447918462e-01
2.459999999999212434e+02 -2.839882364880965326e+01 1.380917147947677004e-01
2.469999999999203339e+02 -2.903524466116529013e+01 1.375299675679092226e-01
2.479999999999194245e+02 -2.968401228038906581e+01 1.369639676688155228e-01
2.489999999999185150e+02 -3.034533891690660212e+01 1.363938112980312700e-01
2.499999999999176055e+02 -3.101942635274543392e+01 1.358196136364649143e-01
2.509999999999166960e+02 -3.170647482813735252e+01 1.352415102878003206e-01
2.519999999999157865e+02 -3.240669314980058857e+01 1.346596580374476715e-01
2.529999999999148770e+02 -3.312030926090076122e+01 1.340742349395838140e-01
2.539999999999139675e+02 -3.384758075592949211e+01 1.334854397899491729e-01
2.549999999999130580e+02 -3.458880490770250304e+01 1.328934910764859589e-01
2.559999999999121485e+02 -3.534432787896150074e+01 1.322986255200454542e-01
2.569999999999112674e+02 -3.611455289863713602e+01 1.317010963230161036e-01
2.579999999999103579e+02 -3.689994727700965171e+01 1.311011712366574045e-01
2.589999999999094484e+02 -3.770104820375472343e+01 1.304991305413928382e-01
2.599999999999085389e+02 -3.851846731180476979e+01 1.298952650122234820e-01
2.609999999999076294e+02 -3.935289399536023325e+01 1.292898739175715184e-01
2.619999999999067199e+02 -4.020509744238207617e+01 1.286832630775683606e-01
2.629999999999058105e+02 -4.107592731591872592e+01 1.280757429893268906e-01
2.639999999999049010e+02 -4.196631281909362343e+01 1.274676270134310341e-01
2.649999999999039915e+02 -4.287725979224786954e+01 1.268592296099211869e-01
2.659999999999030820e+02 -4.380984543225007144e+01 1.262508646110296617e-01
2.669999999999021725e+02 -4.476520986387978951e+01 1.256428435217656070e-01
2.679999999999012630e+02 -4.574454357479213940e+01 1.250354738488302087e-01
2.689999999999003535e+02 -4.674906939944307283e+01 1.244290574714770059e-01
2.699999999998994440e+02 -4.778001734807470768e+01 1.238238890839192391e-01
2.709999999998985345e+02 -4.883859012785269726e+01 1.232202547568792966e-01
2.719999999998976250e+02 -4.992591671090919192e+01 1.226184306850295891e-01
2.729999999998967155e+02 -5.104299081069763844e+01 1.220186822064164844e-01
2.739999999998958060e+02 -5.219059071911119929e+01 1.214212631982533042e-01
2.749999999998948965e+02 -5.336917678431368728e+01 1.208264159689283607e-01
2.759999999998939870e+02 -5.457876311997360119e+01 1.202343717760439579e-01
2.769999999998930775e+02 -5.581876129754351012e+01 1.196453521008714049e-01
2.779999999998921680e+02 -5.708779627676173618e+01 1.190595707952983029e-01
2.789999999998912585e+02 -5.838349924568007054e+01 1.184772371811225883e-01
2.799999999998903490e+02 -5.970228886669148238e+01 1.178985601154103752e-01
2.809999999998894396e+02 -6.103916177038427548e+01 1.173237529325058953e-01
2.819999999998885301e+02 -6.238752423357485100e+01 1.167530390304042515e-01
2.829999999998876206e+02 -6.373910757779036373e+01 1.161866576934046796e-01
2.839999999998867111e+02 -6.508401585096157760e+01 1.156248695565377238e-01
2.849999999998858016e+02 -6.641095035690541692e+01 1.150679609615502946e-01
2.859999999998848921e+02 -6.770763665941372267e+01 1.145162463862349211e-01
2.869999999998839826e+02 -6.896144472716690643e+01 1.139700682063295861e-01
2.879999999998830731e+02 -7.016014780713256016e+01 1.134297933050699980e-01
2.889999999998821636e+02 -7.129272364024372166e+01 1.128958064616823881e-01
2.899999999998812541e+02 -7.235007891656444201e+01 1.123685009474388874e-01
2.909999999998803446e+02 -7.332558565893472746e+01 1.118482672143946144e-01
2.919999999998794351e+02 -7.421535616059954066e+01 1.113354808565624604e-01
2.929999999998785256e+02 -7.501823845048882333e+01 1.108304910838518731e-01
2.939999999998776161e+02 -7.573556813705371837e+01 1.103336107783597919e-01
2.949999999998767066e+02 -7.637074901028276486e+01 1.098451088699042982e-01
2.959999999998757971e+02 -7.692874735651622586e+01 1.093652053741975133e-01
2.969999999998748876e+02 -7.741557661999104312e+01 1.088940690760488439e-01
2.979999999998739781e+02 -7.783782843974199750e+01 1.084318175709010901e-01
2.989999999998730686e+02 -7.820228231437258160e+01 1.079785192205856004e-01
2.999999999998721592e+02 -7.851560557014536812e+01 1.075341965227003954e-01
3.009999999998712497e+02 -7.878414076533863408e+01 1.070988304109123518e-01
3.019999999998703402e+02 -7.901376928489958118e+01 1.066723650661882267e-01
3.029999999998694307e+02 -7.920983638555541972e+01 1.062547129015234404e-01
3.039999999998685212e+02 -7.937712269862136338e+01 1.058457594677002789e-01
3.049999999998676117e+02 -7.951984875005361175e+01 1.054453681046635810e-01
3.059999999998667022e+02 -7.964170138348137584e+01 1.050533842274764679e-01
3.069999999998657927e+02 -7.974587343065611833e+01 1.046696391863477793e-01
3.079999999998648832e+02 -7.983511022039944294e+01 1.042939536778065973e-01
3.089999999998639737e+02 -7.991175840347918324e+01 1.039261407106118612e-01
3.099999999998630642e+02 -7.997781406481553290e+01 1.035660081475662103e-01
3.109999999998621547e+02 -8.003496822484015638e+01 1.032133608551280973e-01
3.119999999998612452e+02 -8.008464865380651077e+01 1.028680024983721353e-01
3.129999999998603357e+02 -8.012805749791471044e+01 1.025297370209081599e-01
3.139999999998594262e+02 -8.016620460190682707e+01 1.021983698489944692e-01
3.149999999998585167e+02 -8.019993665859615817e+01 1.018737088571401994e-01
3.159999999998576072e+02 -8.022996246133959630e+01 1.015555651296356499e-01
3.169999999998566977e+02 -8.025687461146236501e+01 1.012437535491217261e-01
3.179999999998557882e+02 -8.028116806202538669e+01 1.009380932398428188e-01
3.189999999998548788e+02 -8.030325587876657778e+01 1.006384078898101275e-01
3.199999999998539693e+02 -8.032348258031680643e+01 1.003445259728757005e-01
3.209999999998530598e+02 -8.034213539100348100e+01 1.000562808887508898e-01
3.219999999998521503e+02 -8.035945370613477223e+01 9.977351103632914331e-02
3.229999999998512408e+02 -8.037563703510446089e+01 9.949605983330221670e-02
3.239999999998503313e+02 -8.039085165413349898e+01 9.922377569298346245e-02
3.249999999998494218e+02 -8.040523616919843164e+01 9.895651196745355871e-02
3.259999999998485123e+02 -8.041890616132285174e+01 9.869412686459823336e-02
3.269999999998476028e+02 -8.043195806114539437e+01 9.843648334528785904e-02
3.279999999998466933e+02 -8.044447237750378576e+01 9.818344900583145241e-02
3.289999999998457838e+02 -8.045651638552843110e+01 9.793489594989507330e-02
3.299999999998448743e+02 -8.046814636317039060e+01 9.769070065328339103e-02
3.309999999998439648e+02 -8.047940945091954745e+01 9.745074382432424021e-02
3.319999999998430553e+02 -8.049034519742137661e+01 9.721491026204436003e-02
3.329999999998421458e+02 -8.050098684349489986e+01 9.698308871387412156e-02
3.339999999998412363e+02 -8.051136238844320303e+01 9.675517173424019735e-02
3.349999999998403268e+02 -8.052149547529968743e+01 9.653105554510003905e-02
3.359999999998394173e+02 -8.053140612557182010e+01 9.631063989921995194e-02
3.369999999998385078e+02 -8.054111134894353086e+01 9.609382794679310891e-02
3.379999999998375984e+02 -8.055062564913590961e+01 9.588052610582878388e-02
3.389999999998366889e+02 -8.055996144356086575e+01 9.567064393660966448e-02
3.399999999998357794e+02 -8.056912941143316687e+01 9.546409402040829939e-02
3.409999999998348699e+02 -8.057813878252561324e+01 9.526079184256749932e-02
3.419999999998339604e+02 -8.058699757669070607e+01 9.506065567998329968e-02
3.429999999998330509e+02 -8.059571280255397596e+01 9.486360649297645442e-02
3.439999999998321414e+02 -8.060429062235439801e+01 9.466956782149800464e-02
3.449999999998312319e+02 -8.061273648872207787e+01 9.447846568558439240e-02
3.459999999998303224e+02 -8.062105525819453078e+01 9.429022848995485817e-02
3.469999999998294129e+02 -8.062925128545406039e+01 9.410478693262654126e-02
3.479999999998285034e+02 -8.063732850158939414e+01 9.392207391741330680e-02
3.489999999998275939e+02 -8.064529047911723580e+01 9.374202447016624640e-02
3.499999999998266844e+02 -8.065314048603377728e+01 9.356457565860826220e-02
3.509999999998257749e+02 -8.066088153077581069e+01 9.338966651561739218e-02
3.519999999998248654e+02 -8.066851639964895071e+01 9.321723796581050936e-02
3.529999999998239559e+02 -8.067604768801375315e+01 9.304723275528253845e-02
3.539999999998230464e+02 -8.068347782629797393e+01 9.287959538436034446e-02
3.549999999998221369e+02 -8.069080910172124277e+01 9.271427204323139104e-02
3.559999999998212274e+02 -8.069804367646466403e+01 9.255121055031602373e-02
3.569999999998203180e+02 -8.070518360289253224e+01 9.239036029325277399e-02
3.579999999998194085e+02 -8.071223083632892781e+01 9.223167217237498994e-02
3.589999999998184990e+02 -8.071918724580602600e+01 9.207509854655951398e-02
3.599999999998175895e+02 -8.072605462312753843e+01 9.192059318133510848e-02
3.609999999998166800e+02 -8.073283469053431816e+01 9.176811119914304871e-02
3.619999999998157705e+02 -8.073952910720720411e+01 9.161760903164775649e-02
3.629999999998148610e+02 -8.074613947480266063e+01 9.146904437399952514e-02
3.639999999998139515e+02 -8.075266734218500631e+01 9.132237614095770062e-02
3.649999999998130420e+02 -8.075911420948662567e+01 9.117756442478609780e-02
3.659999999998121325e+02 -8.076548153161031962e+01 9.103457045483771826e-02
3.669999999998112230e+02 -8.077177072126352186e+01 9.089335655875005471e-02
3.679999999998103135e+02 -8.077798315160249842e+01 9.075388612517566733e-02
3.689999999998094040e+02 -8.078412015854794959e+01 9.061612356797758838e-02
3.699999999998084945e+02 -8.079018304282662655e+01 9.048003429182310819e-02
3.709999999998075850e+02 -8.079617307178054375e+01 9.034558465911095293e-02
3.719999999998066755e+02 -8.080209148098134619e+01 9.021274195817274855e-02
3.729999999998057660e+02 -8.080793947567903501e+01 9.008147437269085900e-02
3.739999999998048565e+02 -8.081371823211036087e+01 8.995175095227951612e-02
3.749999999998039470e+02 -8.081942889868732038e+01 8.982354158417639456e-02
3.759999999998030376e+02 -8.082507259708371805e+01 8.969681696599765552e-02
3.769999999998021281e+02 -8.083065042323335092e+01 8.957154857950878901e-02
3.779999999998012186e+02 -8.083616344825210831e+01 8.944770866536840004e-02
3.789999999998003091e+02 -8.084161271929484371e+01 8.932527019880286134e-02
3.799999999997993996e+02 -8.084699926035443696e+01 8.920420686617214212e-02
3.809999999997984901e+02 -8.085232407301020885e+01 8.908449304238988398e-02
3.819999999997975806e+02 -8.085758813713225379e+01 8.896610376916171126e-02
3.829999999997966711e+02 -8.086279241154642250e+01 8.884901473400751148e-02
3.839999999997957616e+02 -8.086793783466370655e+01 8.873320225003582251e-02
3.849999999997948521e+02 -8.087302532507855801e+01 8.861864323643905972e-02
3.859999999997939426e+02 -8.087805578213841784e+01 8.850531519968118932e-02
3.869999999997930331e+02 -8.088303008648745163e+01 8.839319621534920401e-02
3.879999999997921236e+02 -8.088794910058639687e+01 8.828226491064231074e-02
3.889999999997912141e+02 -8.089281366921132133e+01 8.817250044747268478e-02
3.899999999997903046e+02 -8.089762461993170461e+01 8.806388250615478086e-02
3.909999999997893951e+02 -8.090238276357000302e+01 8.795639126965969223e-02
3.919999999997884856e+02 -8.090708889464445974e+01 8.785000740841186762e-02
3.929999999997875761e+02 -8.091174379179541631e+01 8.774471206560804926e-02
3.939999999997866666e+02 -8.091634821819599210e+01 8.764048684303822612e-02
3.949999999997857572e+02 -8.092090292194950507e+01 8.753731378738903446e-02
3.959999999997848477e+02 -8.092540863647241167e+01 8.743517537701139819e-02
3.969999999997839382e+02 -8.092986608086494016e+01 8.733405450913518664e-02
3.979999999997830287e+02 -8.093427596026945992e+01 8.723393448751348700e-02
3.989999999997821192e+02 -8.093863896621761000e+01 8.713479901048117038e-02
3.999999999997812097e+02 -8.094295577696568955e+01 8.703663215941159770e-02
4.009999999997803002e+02 -8.094722705782015737e+01 8.693941838755712970e-02
4.019999999997793907e+02 -8.095145346145312715e+01 8.684314250925968814e-02
4.029999999997784812e+02 -8.095563562820746029e+01 8.674778968951685210e-02
4.039999999997775717e+02 -8.095977418639351697e+01 8.665334543389115185e-02
4.049999999997766622e+02 -8.096386975257647123e+01 8.655979557875065344e-02
4.059999999997757527e+02 -8.096792293185508527e+01 8.646712628182710858e-02
4.069999999997748432e+02 -8.097193431813263942e+01 8.637532401308271879e-02
4.079999999997739337e+02 -8.097590449437950610e+01 8.628437554587177483e-02
4.089999999997730242e+02 -8.097983403288841942e+01 8.619426794838926098e-02
4.099999999997721147e+02 -8.098372349552229821e+01 8.610498857539385098e-02
4.109999999997712052e+02 -8.098757343395513431e+01 8.601652506019742683e-02
4.119999999997702957e+02 -8.099138438990559052e+01 8.592886530691087876e-02
4.129999999997693862e+02 -8.099515689536478646e+01 8.584199748293722121e-02
4.139999999997684768e+02 -8.099889147281658097e+01 8.575591001170318473e-02
4.149999999997675673e+02 -8.100258863545306554e+01 8.567059156562191469e-02
4.159999999997666578e+02 -8.100624888738305174e+01 8.558603105927743704e-02
4.169999999997657483e+02 -8.100987272383498805e+01 8.550221764282416037e-02
4.179999999997648388e+02 -8.101346063135505915e+01 8.541914069559358724e-02
4.189999999997639293e+02 -8.101701308799889034e+01 8.533678981990144852e-02
4.199999999997630198e+02 -8.102053056351866189e+01 8.525515483504766956e-02
4.209999999997621103e+02 -8.102401351954493691e+01 8.517422577150345064e-02
4.219999999997612008e+02 -8.102746240976395597e+01 8.509399286527859207e-02
4.229999999997602913e+02 -8.103087768008985847e+01 8.501444655246284676e-02
4.239999999997593818e+02 -8.103425976883245596e+01 8.493557746393554098e-02
4.249999999997584723e+02 -8.103760910686044383e+01 8.485737642023841176e-02
4.259999999997575628e+02 -8.104092611776079025e+01 8.477983442660494418e-02
4.269999999997566533e+02 -8.104421121799320815e+01 8.470294266814121231e-02
4.279999999997557438e+02 -8.104746481704169980e+01 8.462669250515489350e-02
4.289999999997548343e+02 -8.105068731756077227e+01 8.455107546862454526e-02
4.299999999997539248e+02 -8.105387911551947866e+01 8.447608325580703570e-02
4.309999999997530153e+02 -8.105704060034027236e+01 8.440170772597709037e-02
4.319999999997521059e+02 -8.106017215503528917e+01 8.432794089629508383e-02
4.329999999997511964e+02 -8.106327415633903399e+01 8.425477493779903737e-02
4.339999999997502869e+02 -8.106634697483735863e+01 8.418220217151581308e-02
4.349999999997493774e+02 -8.106939097509359726e+01 8.411021506468879805e-02
4.359999999997484679e+02 -8.107240651577134827e+01 8.403880622711745740e-02
4.369999999997475584e+02 -8.107539394975420066e+01 8.396796840760505087e-02
4.379999999997466489e+02 -8.107835362426257575e+01 8.389769449051162620e-02
4.389999999997457394e+02 -8.108128588096781186e+01 8.382797749240809837e-02
4.399999999997448299e+02 -8.108419105610290956e+01 8.375881055882863913e-02
4.409999999997439204e+02 -8.108706948057135833e+01 8.369018696111818478e-02
4.419999999997430109e+02 -8.108992148005275169e+01 8.362210009337114891e-02
4.429999999997421014e+02 -8.109274737510617115e+01 8.355454346945996591e-02
4.439999999997411919e+02 -8.109554748127067114e+01 8.348751072014903851e-02
4.449999999997402824e+02 -8.109832210916385975e+01 8.342099559029182709e-02
4.459999999997393729e+02 -8.110107156457790722e+01 8.335499193610927671e-02
4.469999999997384634e+02 -8.110379614857305342e+01 8.328949372254551564e-02
4.479999999997375539e+02 -8.110649615756933883e+01 8.322449502069947935e-02
4.489999999997366444e+02 -8.110917188343591988e+01 8.315999000532929564e-02
4.499999999997357349e+02 -8.111182361357811033e+01 8.309597295242798776e-02
4.509999999997348255e+02 -8.111445163102291644e+01 8.303243823686737302e-02
4.519999999997339160e+02 -8.111705621450199999e+01 8.296938033010804736e-02
4.529999999997330065e+02 -8.111963763853339060e+01 8.290679379797430415e-02
4.539999999997320970e+02 -8.112219617350041290e+01 8.284467329849058703e-02
4.549999999997311875e+02 -8.112473208572995986e+01 8.278301357977931041e-02
4.559999999997302780e+02 -8.112724563756768248e+01 8.272180947801548168e-02
4.569999999997293685e+02 -8.112973708745275303e+01 8.266105591543942976e-02
4.579999999997284590e+02 -8.113220668998961571e+01 8.260074789842342113e-02
4.589999999997275495e+02 -8.113465469601977986e+01 8.254088051559159422e-02
4.599999999997266400e+02 -8.113708135269014576e+01 8.248144893599157479e-02
4.609999999997257305e+02 -8.113948690352118831e+01 8.242244840731571820e-02
4.619999999997248210e+02 -8.114187158847306591e+01 8.236387425417057706e-02
4.629999999997239115e+02 -8.114423564401035094e+01 8.230572187639326187e-02
4.639999999997230020e+02 -8.114657930316522538e+01 8.224798674741358451e-02
4.649999999997220925e+02 -8.114890279559952546e+01 8.219066441265945877e-02
4.659999999997211830e+02 -8.115120634766536512e+01 8.213375048800559963e-02
4.669999999997202735e+02 -8.115349018246421053e+01 8.207724065826275950e-02
4.679999999997193640e+02 -8.115575451990487466e+01 8.202113067570844518e-02
4.689999999997184545e+02 -8.115799957676016163e+01 8.196541635865474407e-02
4.699999999997175451e+02 -8.116022556672261601e+01 8.191009359005523016e-02
4.709999999997166356e+02 -8.116243270045853819e+01 8.185515831614767479e-02
4.719999999997157261e+02 -8.116462118566134620e+01 8.180060654513221508e-02
4.729999999997148166e+02 -8.116679122710324634e+01 8.174643434588439728e-02
4.739999999997139071e+02 -8.116894302668647754e+01 8.169263784670124928e-02
4.749999999997129976e+02 -8.117107678349319144e+01 8.163921323407952180e-02
4.759999999997120881e+02 -8.117319269383382618e+01 8.158615675152540436e-02
4.769999999997111786e+02 -8.117529095129533800e+01 8.153346469839524435e-02
4.779999999997102691e+02 -8.117737174678754286e+01 8.148113342876467380e-02
4.789999999997093596e+02 -8.117943526858947223e+01 8.142915935032774000e-02
4.799999999997084501e+02 -8.118148170239368255e+01 8.137753892332263983e-02
4.809999999997075406e+02 -8.118351123135045100e+01 8.132626865948548722e-02
4.819999999997066311e+02 -8.118552403611086277e+01 8.127534512102935205e-02
4.829999999997057216e+02 -8.118752029486877575e+01 8.122476491964969458e-02
4.839999999997048121e+02 -8.118950018340223096e+01 8.117452471555372528e-02
4.849999999997039026e+02 -8.119146387511389662e+01 8.112462121651406455e-02
4.859999999997029931e+02 -8.119341154107074487e+01 8.107505117694595309e-02
4.869999999997020836e+02 -8.119534335004290426e+01 8.102581139700661128e-02
4.879999999997011741e+02 -8.119725946854147480e+01 8.097689872171681680e-02
4.889999999997002647e+02 -8.119916006085637150e+01 8.092831004010379858e-02
4.899999999996993552e+02 -8.120104528909224939e+01 8.088004228436487808e-02
4.909999999996984457e+02 -8.120291531320472700e+01 8.083209242905113612e-02
4.919999999996975362e+02 -8.120477029103552979e+01 8.078445749027085565e-02
4.929999999996966267e+02 -8.120661037834661045e+01 8.073713452491171338e-02
4.939999999996957172e+02 -8.120843572885438277e+01 8.069012062988170642e-02
4.949999999996948077e+02 -8.121024649426240671e+01 8.064341294136771754e-02
4.959999999996938982e+02 -8.121204282429408750e+01 8.059700863411173311e-02
4.969999999996929887e+02 -8.121382486672429479e+01 8.055090492070428321e-02
4.979999999996920792e+02 -8.121559276741089661e+01 8.050509905089353602e-02
4.989999999996911697e+02 -8.121734667032494315e+01 8.045958831091158669e-02
4.999999999996902602e+02 -8.121908671758116327e+01 8.041437002281510982e-02
5.000000000000000000e+02 -8.121908671758170328e+01 8.041437002280114876e-02
