1.000000000000000666e+00 -7.217093858088352931e+01 7.360603210900565352e-02
2.000000000000001332e+00 -6.327924313663907441e+01 7.364825857204386483e-02
2.999999999999980016e+00 -7.070842273937096856e+00 7.375980847319685285e-02
3.999999999999958700e+00 3.631941351704486465e+01 7.885609477701607806e-02
4.999999999999937828e+00 3.024461356255521949e+01 9.222487438326244791e-02
5.999999999999916511e+00 2.566397718941191286e+01 1.107230574549146057e-01
6.999999999999895195e+00 2.288231919516545432e+01 1.304082665206049430e-01
7.999999999999873879e+00 2.143531240140680794e+01 1.480479081496424432e-01
8.999999999999852562e+00 2.084281528020670748e+01 1.620638097565881286e-01
9.999999999999831246e+00 2.075632608059487083e+01 1.723034078364185095e-01
1.099999999999980993e+01 2.095051390591311602e+01 1.793715004736564089e-01
1.199999999999978861e+01 2.128729197087819358e+01 1.840901631779595649e-01
1.299999999999976730e+01 2.168467224543405791e+01 1.872136423551759021e-01
1.399999999999974598e+01 2.209502833176822989e+01 1.893275222316584128e-01
1.499999999999972466e+01 2.249101941348092026e+01 1.908422258291690432e-01
1.599999999999970335e+01 2.285678268763946619e+01 1.920229595302530012e-01
1.699999999999985789e+01 2.318251425078032568e+01 1.930274258176729596e-01
1.800000000000001421e+01 2.346112037637285042e+01 1.939395527971711775e-01
1.900000000000017053e+01 2.368604589151032158e+01 1.947955420624108702e-01
2.000000000000032685e+01 2.384968903171704468e+01 1.956019144332892257e-01
2.100000000000048317e+01 2.394206929356928271e+01 1.963466007223108323e-01
2.200000000000063949e+01 2.394983137953438757e+01 1.970050640656959007e-01
2.300000000000079581e+01 2.385681228098793838e+01 1.975451632981815031e-01
2.400000000000095213e+01 2.365006459488177626e+01 1.979370241530526431e-01
2.500000000000110845e+01 2.333592102761585352e+01 1.981711866069283956e-01
2.600000000000126477e+01 2.295390145291180417e+01 1.982701123666147647e-01
2.700000000000142109e+01 2.255822011263288829e+01 1.982735727233480016e-01
2.800000000000157740e+01 2.218411691830512211e+01 1.982165004845599932e-01
2.900000000000173372e+01 2.184223929502875094e+01 1.981228068554959643e-01
3.000000000000189004e+01 2.153122807764704660e+01 1.980082832289560280e-01
3.100000000000204636e+01 2.124703491851716919e+01 1.978834584790356566e-01
3.200000000000220268e+01 2.098617312656992340e+01 1.977552225820895515e-01
3.300000000000200373e+01 2.074612336000872759e+01 1.976278789110036405e-01
3.400000000000180478e+01 2.052497972790918013e+01 1.975039328994705468e-01
3.500000000000160583e+01 2.032109676141697463e+01 1.973846816592596809e-01
3.600000000000140687e+01 2.013289845647287279e+01 1.972706329404889103e-01
3.700000000000120792e+01 1.995881815235357593e+01 1.971617921154602548e-01
3.800000000000100897e+01 1.979730740851930904e+01 1.970578562778799725e-01
3.900000000000081002e+01 1.964686883765428149e+01 1.969583455046296505e-01
4.000000000000061107e+01 1.950608907764774003e+01 1.968626914203540912e-01
4.100000000000041211e+01 1.937366255704305829e+01 1.967702960821789138e-01
4.200000000000021316e+01 1.924840438306595658e+01 1.966805698560285531e-01
4.300000000000001421e+01 1.912925394977697025e+01 1.965929543844751604e-01
4.399999999999981526e+01 1.901527179670249268e+01 1.965069351198821812e-01
4.499999999999961631e+01 1.890563213307884993e+01 1.964220467533973891e-01
4.599999999999941735e+01 1.879961296018887751e+01 1.963378740005452538e-01
4.699999999999921840e+01 1.869658519017073317e+01 1.962540495228327908e-01
4.799999999999901945e+01 1.859600169818109094e+01 1.961702502347038579e-01
4.899999999999882050e+01 1.849738688874640502e+01 1.960861928426183565e-01
4.999999999999862155e+01 1.840032710099083246e+01 1.960016291664779808e-01
5.099999999999842260e+01 1.830446200275074631e+01 1.959163415820432408e-01
5.199999999999822364e+01 1.820947701028745058e+01 1.958301387769184332e-01
5.299999999999802469e+01 1.811509670094426738e+01 1.957428519152613899e-01
5.399999999999782574e+01 1.802107914695596946e+01 1.956543312439191495e-01
5.499999999999762679e+01 1.792721107955313187e+01 1.955644431345864576e-01
5.599999999999742784e+01 1.783330378627273660e+01 1.954730675349527769e-01
5.699999999999722888e+01 1.773918964598853520e+01 1.953800957909645752e-01
5.799999999999702993e+01 1.764471921223821127e+01 1.952854287983270820e-01
5.899999999999683098e+01 1.754975876374539112e+01 1.951889754414862510e-01
5.999999999999663203e+01 1.745418825020617248e+01 1.950906512807855098e-01
6.099999999999643308e+01 1.735789957057718880e+01 1.949903774521140332e-01
6.199999999999623412e+01 1.726079512977200281e+01 1.948880797474377979e-01
6.299999999999603517e+01 1.716278662758593043e+01 1.947836878486872147e-01
6.399999999999583622e+01 1.706379404072354689e+01 1.946771346913324097e-01
6.499999999999634781e+01 1.696374476497942752e+01 1.945683559374747629e-01
6.599999999999685940e+01 1.686257288996494097e+01 1.944572895413881342e-01
6.699999999999737099e+01 1.676021858334444659e+01 1.943438753931380214e-01
6.799999999999788258e+01 1.665662756542908696e+01 1.942280550282241836e-01
6.899999999999839417e+01 1.655175065825303804e+01 1.941097713931640434e-01
6.999999999999890576e+01 1.644554339601081239e+01 1.939889686585969386e-01
7.099999999999941735e+01 1.633796568603437649e+01 1.938655920728873105e-01
7.199999999999992895e+01 1.622898151140746847e+01 1.937395878503751778e-01
7.300000000000044054e+01 1.611855866790616787e+01 1.936109030893949090e-01
7.400000000000095213e+01 1.600666852927355066e+01 1.934794857159914949e-01
7.500000000000146372e+01 1.589328583592504707e+01 1.933452844499380097e-01
7.600000000000197531e+01 1.577838850307944796e+01 1.932082487902092027e-01
7.700000000000248690e+01 1.566195744504674359e+01 1.930683290175242428e-01
7.800000000000299849e+01 1.554397641301027733e+01 1.929254762119514410e-01
7.900000000000351008e+01 1.542443184413538226e+01 1.927796422838710944e-01
8.000000000000402167e+01 1.530331272024094602e+01 1.926307800168501616e-01
8.100000000000453326e+01 1.518061043459995219e+01 1.924788431211855722e-01
8.200000000000504485e+01 1.505631866570276678e+01 1.923237862970360590e-01
8.300000000000555644e+01 1.493043325703401791e+01 1.921655653062039892e-01
8.400000000000606803e+01 1.480295210208952383e+01 1.920041370517208967e-01
8.500000000000657963e+01 1.467387503400163773e+01 1.918394596644874273e-01
8.600000000000709122e+01 1.454320371925527056e+01 1.916714925962709204e-01
8.700000000000760281e+01 1.441094155506874053e+01 1.915001967184142839e-01
8.800000000000811440e+01 1.427709357008696500e+01 1.913255344256460655e-01
8.900000000000862599e+01 1.414166632809340562e+01 1.911474697443989179e-01
9.000000000000913758e+01 1.400466783449429720e+01 1.909659684450605299e-01
9.100000000000964917e+01 1.386610744536625184e+01 1.907809981575846470e-01
9.200000000001016076e+01 1.372599577888856359e+01 1.905925284898878358e-01
9.300000000001067235e+01 1.358434462900584272e+01 1.904005311484530949e-01
9.400000000001118394e+01 1.344116688118615954e+01 1.902049800605509766e-01
9.500000000001169553e+01 1.329647643015597502e+01 1.900058514974717894e-01
9.600000000001220712e+01 1.315028809950624300e+01 1.898031241981562867e-01
9.700000000001271871e+01 1.300261756307545902e+01 1.895967794925833561e-01
9.800000000001323031e+01 1.285348126802452384e+01 1.893868014242671982e-01
9.900000000001374190e+01 1.270289635952696550e+01 1.891731768711921724e-01
1.000000000000142535e+02 1.255088060700529162e+01 1.889558956645008003e-01
1.010000000000147651e+02 1.239745233185091777e+01 1.887349507042353491e-01
1.020000000000152767e+02 1.224263033657161515e+01 1.885103380714168719e-01
1.030000000000157883e+02 1.208643383531597060e+01 1.882820571357430861e-01
1.040000000000162999e+02 1.192888238573024751e+01 1.880501106581700665e-01
1.050000000000168114e+02 1.176999582210822304e+01 1.878145048876441736e-01
1.060000000000173230e+02 1.160979418979973410e+01 1.875752496512508027e-01
1.070000000000178346e+02 1.144829768084847288e+01 1.873323584370471251e-01
1.080000000000183462e+02 1.128552657083449517e+01 1.870858484688577295e-01
1.090000000000188578e+02 1.112150115690082330e+01 1.868357407723255093e-01
1.100000000000193694e+02 1.095624169694825589e+01 1.865820602315257648e-01
1.110000000000198810e+02 1.078976834998556456e+01 1.863248356354777757e-01
1.120000000000203926e+02 1.062210111762622411e+01 1.860640997139187958e-01
1.130000000000209042e+02 1.045325978672541289e+01 1.857998891617332338e-01
1.140000000000214158e+02 1.028326387315380153e+01 1.855322446514777179e-01
1.150000000000219273e+02 1.011213256670645144e+01 1.852612108334807384e-01
1.160000000000224389e+02 9.939884677146990200e+00 1.849868363230514623e-01
1.170000000000229505e+02 9.766538581387891327e+00 1.847091736743804169e-01
1.180000000000234621e+02 9.592112171808407695e+00 1.844282793407829024e-01
1.190000000000239737e+02 9.416622805711590161e+00 1.841442136209890945e-01
1.200000000000244853e+02 9.240087255920983011e+00 1.838570405912645922e-01
1.210000000000249969e+02 9.062521662516699550e+00 1.835668280232037319e-01
1.220000000000255085e+02 8.883941485708325203e+00 1.832736472871204503e-01
1.230000000000260201e+02 8.704361459840590953e+00 1.829775732410342248e-01
1.240000000000265317e+02 8.523795548524033094e+00 1.826786841053251176e-01
1.250000000000270433e+02 8.342256900880496318e+00 1.823770613232125470e-01
1.260000000000275548e+02 8.159757808888947750e+00 1.820727894072902142e-01
1.270000000000280664e+02 7.976309665813515082e+00 1.817659557724265740e-01
1.280000000000285638e+02 7.791922925690723645e+00 1.814566505554204012e-01
1.290000000000276543e+02 7.606607063848986883e+00 1.811449664218735267e-01
1.300000000000267448e+02 7.420370538426196205e+00 1.808309983608162586e-01
1.310000000000258353e+02 7.233220752850538560e+00 1.805148434676923375e-01
1.320000000000249258e+02 7.045164019238770337e+00 1.801966007163721961e-01
1.330000000000240163e+02 6.856205522664639673e+00 1.798763707209281859e-01
1.340000000000231068e+02 6.666349286243348438e+00 1.795542554879563657e-01
1.350000000000221974e+02 6.475598136972401164e+00 1.792303581602862073e-01
1.360000000000212879e+02 6.283953672264047441e+00 1.789047827529556545e-01
1.370000000000203784e+02 6.091416227099120562e+00 1.785776338823742704e-01
1.380000000000194689e+02 5.897984841726995775e+00 1.782490164896206875e-01
1.390000000000185594e+02 5.703657229831518016e+00 1.779190355588465833e-01
1.400000000000176499e+02 5.508429747078173122e+00 1.775877958317797489e-01
1.410000000000167404e+02 5.312297359953392473e+00 1.772554015193180121e-01
1.420000000000158309e+02 5.115253614803118687e+00 1.769219560112157141e-01
1.430000000000149214e+02 4.917290606974029643e+00 1.765875615848514490e-01
1.440000000000140119e+02 4.718398949957991029e+00 1.762523191140578649e-01
1.450000000000131024e+02 4.518567744437471667e+00 1.759163277789679014e-01
1.460000000000121929e+02 4.317784547127798689e+00 1.755796847778100800e-01
1.470000000000112834e+02 4.116035339310605501e+00 1.752424850415476576e-01
1.480000000000103739e+02 3.913304494951787671e+00 1.749048209522179320e-01
1.490000000000094644e+02 3.709574748297323588e+00 1.745667820657856029e-01
1.500000000000085549e+02 3.504827160840605860e+00 1.742284548402708300e-01
1.510000000000076454e+02 3.299041087556197294e+00 1.738899223698613106e-01
1.520000000000067359e+02 3.092194142297049808e+00 1.735512641256579669e-01
1.530000000000058265e+02 2.884262162254970452e+00 1.732125557036481023e-01
1.540000000000049170e+02 2.675219171388142136e+00 1.728738685804309949e-01
1.550000000000040075e+02 2.465037342724168301e+00 1.725352698771651372e-01
1.560000000000030980e+02 2.253686959453244043e+00 1.721968221321351633e-01
1.570000000000021885e+02 2.041136374733076853e+00 1.718585830822768057e-01
1.580000000000012790e+02 1.827351970135685510e+00 1.715206054539372693e-01
1.590000000000003695e+02 1.612298112676243900e+00 1.711829367630799126e-01
1.599999999999994600e+02 1.395937110375452095e+00 1.708456191250936340e-01
1.609999999999985505e+02 1.178229166320371224e+00 1.705086890743049144e-01
1.619999999999976410e+02 9.591323312039047311e-01 1.701721773932461379e-01
1.629999999999967315e+02 7.386024543404308140e-01 1.698361089516808864e-01
1.639999999999958220e+02 5.165931331750606148e-01 1.695005025553574518e-01
1.649999999999949125e+02 2.930556613265404842e-01 1.691653708044192073e-01
1.659999999999940030e+02 6.793897522936494238e-02 1.688307199613810483e-01
1.669999999999930935e+02 -1.588104005298510146e-01 1.684965498285598828e-01
1.679999999999921840e+02 -3.872484090575797899e-01 1.681628536348435399e-01
1.689999999999912745e+02 -6.174335180083921903e-01 1.678296179316777492e-01
1.699999999999903650e+02 -8.494267772544767947e-01 1.674968224981667198e-01
1.709999999999894555e+02 -1.083291877109593848e+00 1.671644402552032171e-01
1.719999999999885461e+02 -1.319095206805915188e+00 1.668324371885800683e-01
1.729999999999876366e+02 -1.556905912859795738e+00 1.665007722810820656e-01
1.739999999999867271e+02 -1.796795956897218050e+00 1.661693974536164464e-01
1.749999999999858176e+02 -2.038840172436223064e+00 1.658382575155162575e-01
1.759999999999849081e+02 -2.283116320041694625e+00 1.655072901242423122e-01
1.769999999999839986e+02 -2.529705140176695455e+00 1.651764257548089809e-01
1.779999999999830891e+02 -2.778690402973257978e+00 1.648455876793877839e-01
1.789999999999821796e+02 -3.030158954033502994e+00 1.645146919576737088e-01
1.799999999999812701e+02 -3.284200755248302350e+00 1.641836474387602662e-01
1.809999999999803606e+02 -3.540908919484647033e+00 1.638523557754378301e-01
1.819999999999794511e+02 -3.800379737843987638e+00 1.635207114520222660e-01
1.829999999999785416e+02 -4.062712698031406333e+00 1.631886018270289063e-01
1.839999999999776321e+02 -4.328010492199924286e+00 1.628559071922309198e-01
1.849999999999767226e+02 -4.596379012444998580e+00 1.625225008498838164e-01
1.859999999999758131e+02 -4.867927331922749623e+00 1.621882492101540951e-01
1.869999999999749036e+02 -5.142767669353213833e+00 1.618530119110589971e-01
1.879999999999739941e+02 -5.421015334447496947e+00 1.615166419635108430e-01
1.889999999999730846e+02 -5.702788651575223078e+00 1.611789859243333844e-01
1.899999999999721751e+02 -5.988208858758661712e+00 1.608398841004257396e-01
1.909999999999712657e+02 -6.277399978866659680e+00 1.604991707875218498e-01
1.919999999999703562e+02 -6.570488659681551269e+00 1.601566745472749742e-01
1.929999999999694467e+02 -6.867603979346085907e+00 1.598122185266529216e-01
1.939999999999685372e+02 -7.168877213580828744e+00 1.594656208238496575e-01
1.949999999999676277e+02 -7.474441561019217417e+00 1.591166949051002477e-01
1.959999999999667182e+02 -7.784431823065212086e+00 1.587652500769025921e-01
1.969999999999658087e+02 -8.098984034874353810e+00 1.584110920181829585e-01
1.979999999999648992e+02 -8.418235044435428804e+00 1.580540233768759073e-01
1.989999999999639897e+02 -8.742322037339469887e+00 1.576938444351893565e-01
1.999999999999630802e+02 -9.071382005726432496e+00 1.573303538474673524e-01
2.009999999999621707e+02 -9.405551161165893959e+00 1.569633494540139951e-01
2.019999999999612612e+02 -9.744964292932531080e+00 1.565926291734557052e-01
2.029999999999603517e+02 -1.008975407535948676e+01 1.562179919751756352e-01
2.039999999999594422e+02 -1.044005033076992284e+01 1.558392389319866733e-01
2.049999999999585327e+02 -1.079597925796888980e+01 1.554561743515023020e-01
2.059999999999576232e+02 -1.115766264047160128e+01 1.550686069825638891e-01
2.069999999999567137e+02 -1.152521705356543968e+01 1.546763512905568461e-01
2.079999999999558042e+02 -1.189875309491441513e+01 1.542792287924871497e-01
2.089999999999548947e+02 -1.227837466960559709e+01 1.538770694392756488e-01
2.099999999999539853e+02 -1.266417836710345313e+01 1.534697130288871780e-01
2.109999999999530758e+02 -1.305625297419863884e+01 1.530570106296980926e-01
2.119999999999521663e+02 -1.345467917425628457e+01 1.526388259890109900e-01
2.129999999999512568e+02 -1.385952948828541764e+01 1.522150368970031642e-01
2.139999999999503473e+02 -1.427086851682330781e+01 1.517855364718433409e-01
2.149999999999494378e+02 -1.468875354249483678e+01 1.513502343275207052e-01
2.159999999999485283e+02 -1.511323555042945799e+01 1.509090575824324765e-01
2.169999999999476188e+02 -1.554436071655139351e+01 1.504619516643851129e-01
2.179999999999467093e+02 -1.598217240124689376e+01 1.500088808668439411e-01
2.189999999999457998e+02 -1.642671366739862648e+01 1.495498286124823384e-01
2.199999999999448903e+02 -1.687803031693841049e+01 1.490847973838320684e-01
2.209999999999439808e+02 -1.733617440903893225e+01 1.486138082875055888e-01
2.219999999999430713e+02 -1.780120818655665360e+01 1.481369002283690062e-01
2.229999999999421618e+02 -1.827320829673175240e+01 1.476541286833060740e-01
2.239999999999412523e+02 -1.875227014956019289e+01 1.471655640807252585e-01
2.249999999999403428e+02 -1.923851221553159618e+01 1.466712898113260721e-01
2.259999999999394333e+02 -1.973208002713731091e+01 1.461713999171799228e-01
2.269999999999385238e+02 -2.023314961988238991e+01 1.456659965288299163e-01
2.279999999999376143e+02 -2.074193013313285050e+01 1.451551871425568185e-01
2.289999999999367049e+02 -2.125866529386705750e+01 1.446390818505661202e-01
2.299999999999357954e+02 -2.178363353198536601e+01 1.441177906537857989e-01
2.309999999999348859e+02 -2.231714652825581879e+01 1.435914209982937784e-01
2.319999999999339764e+02 -2.285954607770404579e+01 1.430600756801952977e-01
2.329999999999330669e+02 -2.341119926221179526e+01 1.425238512582941985e-01
2.339999999999321574e+02 -2.397249206246306130e+01 1.419828370978131471e-01
2.349999999999312479e+02 -2.454382169243849532e+01 1.414371151410322991e-01
2.359999999999303384e+02 -2.512558809618487032e+01 1.408867604622955627e-01
2.369999999999294289e+02 -2.571818518420324295e+01 1.403318426168727595e-01
2.379999999999285194e+02 -2.632199249115145179e+01 1.397724277386472869e-01
2.389999999999276099e+02 -2.693736797447007092e+01 1.392085812849145898e-01
2.399999999999267004e+02 -2.756464264059226466e+01 1.386403712734232963e-01
2.409999999999257909e+02 -2.820411756819221338e+01 1.380678718134751015e-01
2.419999999999248814e+02 -2.885606370824631028e+01 1.374911667054033171e-01
2.429999999999239719e+02 -2.952072460042598223e+01 1.369103528756301646e-01
2.439999999999230624e+02 -3.019832188820200969e+01 1.363255434297884761e-01
2.449999999999221529e+02 -3.088906327852145850e+01 1.357368701428724456e-01
2.459999999999212434e+02 -3.159315240910901679e+01 1.351444852585512724e-01
2.469999999999203339e+02 -3.231079997894099876e+01 1.345485625325416046e-01
2.479999999999194245e+02 -3.304223547148881579e+01 1.339492975188438795e-01
2.489999999999185150e+02 -3.378771884727436969e+01 1.333469071545703155e-01
2.499999999999176055e+02 -3.454755168247381647e+01 1.327416287426204655e-01
2.509999999999166960e+02 -3.532208735884346851e+01 1.321337184579030877e-01
2.519999999999157865e+02 -3.611174004256767489e+01 1.315234495115292224e-01
2.529999999999148770e+02 -3.691699230555614264e+01 1.309111101004406530e-01
2.539999999999139675e+02 -3.773840132830597582e+01 1.302970012511945608e-01
2.549999999999130580e+02 -3.857660367095558485e+01 1.296814346409199958e-01
2.559999999999121485e+02 -3.943231860566979208e+01 1.290647304505426474e-01
2.569999999999112674e+02 -4.030634997060172964e+01 1.284472152792817679e-01
2.579999999999103579e+02 -4.119958647092069270e+01 1.278292201279773999e-01
2.589999999999094484e+02 -4.211300010660735893e+01 1.272110784436864817e-01
2.599999999999085389e+02 -4.304764235688783458e+01 1.265931242113792210e-01
2.609999999999076294e+02 -4.400463760295213689e+01 1.259756900776856370e-01
2.619999999999067199e+02 -4.498517290217858289e+01 1.253591054967344576e-01
2.629999999999058105e+02 -4.599048296175025285e+01 1.247436948992266675e-01
2.639999999999049010e+02 -4.702182878195971227e+01 1.241297759010315527e-01
2.649999999999039915e+02 -4.808046799406187688e+01 1.235176575856790637e-01
2.659999999999030820e+02 -4.916761441094052287e+01 1.229076389151048249e-01
2.669999999999021725e+02 -5.028438376717198821e+01 1.223000073438281349e-01
2.679999999999012630e+02 -5.143172210905925112e+01 1.216950377322688626e-01
2.689999999999003535e+02 -5.261031292219806943e+01 1.210929916736422640e-01
2.699999999998994440e+02 -5.382045905684178422e+01 1.204941173637122942e-01
2.709999999998985345e+02 -5.506193614979779483e+01 1.198986501505125701e-01
2.719999999998976250e+02 -5.633381600626364616e+01 1.193068138974421322e-01
2.729999999998967155e+02 -5.763426188479882484e+01 1.187188232717114184e-01
2.739999999998958060e+02 -5.896030344815042668e+01 1.181348870232797055e-01
2.749999999998948965e+02 -6.030760772497060884e+01 1.175552122390407933e-01
2.759999999998939870e+02 -6.167027355439813618e+01 1.169800094370154614e-01
2.769999999998930775e+02 -6.304068916871552375e+01 1.164094982060412814e-01
2.779999999998921680e+02 -6.440950243602419789e+01 1.158439129106431792e-01
2.789999999998912585e+02 -6.576575549247962726e+01 1.152835077991748447e-01
2.799999999998903490e+02 -6.709722393721872891e+01 1.147285607260162821e-01
2.809999999998894396e+02 -6.839097154905324771e+01 1.141793746865959885e-01
2.819999999998885301e+02 -6.963408688164236082e+01 1.136362765182411527e-01
2.829999999998876206e+02 -7.081451890216496281e+01 1.130996124526848223e-01
2.839999999998867111e+02 -7.192189218493192016e+01 1.125697406697878794e-01
2.849999999998858016e+02 -7.294817417180625796e+01 1.120470214918046631e-01
2.859999999998848921e+02 -7.388809388901024988e+01 1.115318062445552344e-01
2.869999999998839826e+02 -7.473926512392087318e+01 1.110244259937361727e-01
2.879999999998830731e+02 -7.550202851211594179e+01 1.105251813056851579e-01
2.889999999998821636e+02 -7.617907616194612785e+01 1.100343339223232020e-01
2.899999999998812541e+02 -7.677494719334218587e+01 1.095521008707425192e-01
2.909999999998803446e+02 -7.729548206281451428e+01 1.090786511501118383e-01
2.919999999998794351e+02 -7.774730541908887460e+01 1.086141048289823025e-01
2.929999999998785256e+02 -7.813738187386752543e+01 1.081585341819454177e-01
2.939999999998776161e+02 -7.847266494067457643e+01 1.077119663972369579e-01
2.949999999998767066e+02 -7.875984108376131587e+01 1.072743873751784011e-01
2.959999999998757971e+02 -7.900515943196769797e+01 1.068457461821345211e-01
2.969999999998748876e+02 -7.921433225146877533e+01 1.064259597987482903e-01
2.979999999998739781e+02 -7.939248996986593454e+01 1.060149178841331558e-01
2.989999999998730686e+02 -7.954417570012076055e+01 1.056124873564811273e-01
2.999999999998721592e+02 -7.967336653580137806e+01 1.052185166584372888e-01
3.009999999998712497e+02 -7.978351154300602843e+01 1.048328396301713011e-01
3.019999999998703402e+02 -7.987757888946167384e+01 1.044552789545448307e-01
3.029999999998694307e+02 -7.995810670875820847e+01 1.040856491686537877e-01
3.039999999998685212e+02 -8.002725403113757352e+01 1.037237592563604177e-01
3.049999999998676117e+02 -8.008684943813032930e+01 1.033694148492965426e-01
3.059999999998667022e+02 -8.013843607121593493e+01 1.030224200710845722e-01
3.069999999998657927e+02 -8.018331231121824487e+01 1.026825790627522023e-01
3.079999999998648832e+02 -8.022256791011585619e+01 1.023496972277560813e-01
3.089999999998639737e+02 -8.025711565684122206e+01 1.020235822336456183e-01
3.099999999998630642e+02 -8.028771883959132083e+01 1.017040448048896345e-01
3.109999999998621547e+02 -8.031501486511157850e+01 1.013908993382802159e-01
3.119999999998612452e+02 -8.033953543738751080e+01 1.010839643689717265e-01
3.129999999998603357e+02 -8.036172370388604236e+01 1.007830629118430521e-01
3.139999999998594262e+02 -8.038194876094436836e+01 1.004880226996519021e-01
3.149999999998585167e+02 -8.040051788076486616e+01 1.001986763364558358e-01
3.159999999998576072e+02 -8.041768678724808694e+01 9.991486138206899514e-02
3.169999999998566977e+02 -8.043366827078313008e+01 9.963642038090547715e-02
3.179999999998557882e+02 -8.044863939574173628e+01 9.936320084643932016e-02
3.189999999998548788e+02 -8.046274752030200261e+01 9.909505521067085709e-02
3.199999999998539693e+02 -8.047611531714981936e+01 9.883184074639846106e-02
3.209999999998530598e+02 -8.048884495588238508e+01 9.857341946873972305e-02
3.219999999998521503e+02 -8.050102158358043880e+01 9.831965802119729814e-02
3.229999999998512408e+02 -8.051271621886517948e+01 9.807042755059196260e-02
3.239999999998503313e+02 -8.052398815654814257e+01 9.782560357437143639e-02
3.249999999998494218e+02 -8.053488696442389028e+01 9.758506584312327814e-02
3.259999999998485123e+02 -8.054545414052805086e+01 9.734869820055438994e-02
3.269999999998476028e+02 -8.055572448799756557e+01 9.711638844273118298e-02
3.279999999998466933e+02 -8.056572725523247414e+01 9.688802817798825018e-02
3.289999999998457838e+02 -8.057548708113272085e+01 9.666351268859718626e-02
3.299999999998448743e+02 -8.058502477853379276e+01 9.644274079502640484e-02
3.309999999998439648e+02 -8.059435798340152246e+01 9.622561472341473188e-02
3.319999999998430553e+02 -8.060350169269959508e+01 9.601203997670779144e-02
3.329999999998421458e+02 -8.061246870996576774e+01 9.580192520977055815e-02
3.339999999998412363e+02 -8.062127001440211416e+01 9.559518210867971877e-02
3.349999999998403268e+02 -8.062991506659570007e+01 9.539172527431025173e-02
3.359999999998394173e+02 -8.063841206175037257e+01 9.519147211026342259e-02
3.369999999998385078e+02 -8.064676813944963385e+01 9.499434271512885442e-02
3.379999999998375984e+02 -8.065498955742940268e+01 9.480025977903183687e-02
3.389999999998366889e+02 -8.066308183555531741e+01 9.460914848438532754e-02
3.399999999998357794e+02 -8.067104987513803849e+01 9.442093641074394972e-02
3.409999999998348699e+02 -8.067889805783617874e+01 9.423555344363869490e-02
3.419999999998339604e+02 -8.068663032766829701e+01 9.405293168726072683e-02
3.429999999998330509e+02 -8.069425025904463666e+01 9.387300538085426027e-02
3.439999999998321414e+02 -8.070176111323270618e+01 9.369571081867586471e-02
3.449999999998312319e+02 -8.070916588525058444e+01 9.352098627337296355e-02
3.459999999998303224e+02 -8.071646734284014713e+01 9.334877192263801859e-02
3.469999999998294129e+02 -8.072366805888538011e+01 9.317900977899436221e-02
3.479999999998285034e+02 -8.073077043840616795e+01 9.301164362257362261e-02
3.489999999998275939e+02 -8.073777674106229085e+01 9.284661893674824029e-02
3.499999999998266844e+02 -8.074468909994024557e+01 9.268388284648707010e-02
3.509999999998257749e+02 -8.075150953726247849e+01 9.252338405930665699e-02
3.519999999998248654e+02 -8.075823997754713446e+01 9.236507280869699077e-02
3.529999999998239559e+02 -8.076488225865622894e+01 9.220890079990366750e-02
3.539999999998230464e+02 -8.077143814109261655e+01 9.205482115795565745e-02
3.549999999998221369e+02 -8.077790931584597445e+01 9.190278837783182053e-02
3.559999999998212274e+02 -8.078429741103306583e+01 9.175275827666544426e-02
3.569999999998203180e+02 -8.079060399753888078e+01 9.160468794788985403e-02
3.579999999998194085e+02 -8.079683059382578847e+01 9.145853571723423781e-02
3.589999999998184990e+02 -8.080297867005168655e+01 9.131426110048211642e-02
3.599999999998175895e+02 -8.080904965161177245e+01 9.117182476291157966e-02
3.609999999998166800e+02 -8.081504492220076941e+01 9.103118848033783794e-02
3.619999999998157705e+02 -8.082096582647388061e+01 9.089231510168452322e-02
3.629999999998148610e+02 -8.082681367237206871e+01 9.075516851301396182e-02
3.639999999998139515e+02 -8.083258973316696938e+01 9.061971360295044409e-02
3.649999999998130420e+02 -8.083829524926844101e+01 9.048591622943231993e-02
3.659999999998121325e+02 -8.084393142983448399e+01 9.035374318773374547e-02
3.669999999998112230e+02 -8.084949945421220718e+01 9.022316217970093033e-02
3.679999999998103135e+02 -8.085500047323675687e+01 9.009414178414659746e-02
3.689999999998094040e+02 -8.086043561040953875e+01 8.996665142835480466e-02
3.699999999998084945e+02 -8.086580596297230272e+01 8.984066136064525199e-02
3.709999999998075850e+02 -8.087111260289384518e+01 8.971614262395380401e-02
3.719999999998066755e+02 -8.087635657777921949e+01 8.959306703038348585e-02
3.729999999998057660e+02 -8.088153891171374710e+01 8.947140713668642886e-02
3.739999999998048565e+02 -8.088666060604917618e+01 8.935113622063682592e-02
3.749999999998039470e+02 -8.089172264014003133e+01 8.923222825825773141e-02
3.759999999998030376e+02 -8.089672597203528426e+01 8.911465790186676172e-02
3.769999999998021281e+02 -8.090167153913102993e+01 8.899840045890608509e-02
3.779999999998012186e+02 -8.090656025878851665e+01 8.888343187152596137e-02
3.789999999998003091e+02 -8.091139302892067064e+01 8.876972869689016277e-02
3.799999999997993996e+02 -8.091617072855081005e+01 8.865726808817442350e-02
3.809999999997984901e+02 -8.092089421834531038e+01 8.854602777623149512e-02
3.819999999997975806e+02 -8.092556434112373154e+01 8.843598605189466333e-02
3.829999999997966711e+02 -8.093018192234674757e+01 8.832712174889519041e-02
3.839999999997957616e+02 -8.093474777058540326e+01 8.821941422737042404e-02
3.849999999997948521e+02 -8.093926267797138507e+01 8.811284335793882760e-02
3.859999999997939426e+02 -8.094372742063060855e+01 8.800738950631986635e-02
3.869999999997930331e+02 -8.094814275910104584e+01 8.790303351847876534e-02
3.879999999997921236e+02 -8.095250943873573135e+01 8.779975670627544748e-02
3.889999999997912141e+02 -8.095682819009159914e+01 8.769754083359841690e-02
3.899999999997903046e+02 -8.096109972930538845e+01 8.759636810296611564e-02
3.909999999997893951e+02 -8.096532475845671684e+01 8.749622114257721295e-02
3.919999999997884856e+02 -8.096950396591964250e+01 8.739708299379418677e-02
3.929999999997875761e+02 -8.097363802670287214e+01 8.729893709904286425e-02
3.939999999997866666e+02 -8.097772760277899806e+01 8.720176729011441807e-02
3.949999999997857572e+02 -8.098177334340364553e+01 8.710555777685274892e-02
3.959999999997848477e+02 -8.098577588542458727e+01 8.701029313621526373e-02
3.969999999997839382e+02 -8.098973585358184835e+01 8.691595830169220049e-02
3.979999999997830287e+02 -8.099365386079844598e+01 8.682253855307213442e-02
3.989999999997821192e+02 -8.099753050846217661e+01 8.673001950654110614e-02
3.999999999997812097e+02 -8.100136638669992806e+01 8.663838710510318730e-02
4.009999999997803002e+02 -8.100516207464310980e+01 8.654762760931122845e-02
4.019999999997793907e+02 -8.100891814068590691e+01 8.645772758829713134e-02
4.029999999997784812e+02 -8.101263514273557576e+01 8.636867391108989100e-02
4.039999999997775717e+02 -8.101631362845611761e+01 8.628045373821267849e-02
4.049999999997766622e+02 -8.101995413550463354e+01 8.619305451354809799e-02
4.059999999997757527e+02 -8.102355719176128446e+01 8.610646395646320839e-02
4.069999999997748432e+02 -8.102712331555248682e+01 8.602067005418392864e-02
4.079999999997739337e+02 -8.103065301586811131e+01 8.593566105441161063e-02
4.089999999997730242e+02 -8.103414679257248565e+01 8.585142545817232851e-02
4.099999999997721147e+02 -8.103760513661002562e+01 8.576795201289147408e-02
4.109999999997712052e+02 -8.104102853020449970e+01 8.568522970568553943e-02
4.119999999997702957e+02 -8.104441744705336248e+01 8.560324775686384280e-02
4.129999999997693862e+02 -8.104777235251688694e+01 8.552199561363293956e-02
4.139999999997684768e+02 -8.105109370380182554e+01 8.544146294399694586e-02
4.149999999997675673e+02 -8.105438195014039593e+01 8.536163963084694717e-02
4.159999999997666578e+02 -8.105763753296469076e+01 8.528251576623327446e-02
4.169999999997657483e+02 -8.106086088607571583e+01 8.520408164581400046e-02
4.179999999997648388e+02 -8.106405243580881859e+01 8.512632776347435482e-02
4.189999999997639293e+02 -8.106721260119446981e+01 8.504924480611109061e-02
4.199999999997630198e+02 -8.107034179411436980e+01 8.497282364857612624e-02
4.209999999997621103e+02 -8.107344041945437141e+01 8.489705534877413362e-02
4.219999999997612008e+02 -8.107650887525271344e+01 8.482193114290924318e-02
4.229999999997602913e+02 -8.107954755284477244e+01 8.474744244087527301e-02
4.239999999997593818e+02 -8.108255683700396332e+01 8.467358082178577661e-02
4.249999999997584723e+02 -8.108553710607930043e+01 8.460033802963799754e-02
4.259999999997575628e+02 -8.108848873212916430e+01 8.452770596910758050e-02
4.269999999997566533e+02 -8.109141208105167209e+01 8.445567670146875150e-02
4.279999999997557438e+02 -8.109430751271212046e+01 8.438424244063620627e-02
4.289999999997548343e+02 -8.109717538106701795e+01 8.431339554932471003e-02
4.299999999997539248e+02 -8.110001603428473516e+01 8.424312853532270329e-02
4.309999999997530153e+02 -8.110282981486398057e+01 8.417343404787636096e-02
4.319999999997521059e+02 -8.110561705974834013e+01 8.410430487417920598e-02
4.329999999997511964e+02 -8.110837810043867080e+01 8.403573393596602825e-02
4.339999999997502869e+02 -8.111111326310262370e+01 8.396771428620573852e-02
4.349999999997493774e+02 -8.111382286868125391e+01 8.390023910589107514e-02
4.359999999997484679e+02 -8.111650723299354127e+01 8.383330170092180567e-02
4.369999999997475584e+02 -8.111916666683777066e+01 8.376689549907789800e-02
4.379999999997466489e+02 -8.112180147609093694e+01 8.370101404708105153e-02
4.389999999997457394e+02 -8.112441196180569136e+01 8.363565100773986960e-02
4.399999999997448299e+02 -8.112699842030474429e+01 8.357080015717772981e-02
4.409999999997439204e+02 -8.112956114327319312e+01 8.350645538214003516e-02
4.419999999997430109e+02 -8.113210041784893178e+01 8.344261067737777926e-02
4.429999999997421014e+02 -8.113461652671034585e+01 8.337926014310609313e-02
4.439999999997411919e+02 -8.113710974816248722e+01 8.331639798253435980e-02
4.449999999997402824e+02 -8.113958035622093234e+01 8.325401849946646726e-02
4.459999999997393729e+02 -8.114202862069389255e+01 8.319211609596852131e-02
4.469999999997384634e+02 -8.114445480726234905e+01 8.313068527010170072e-02
4.479999999997375539e+02 -8.114685917755814160e+01 8.306972061371903360e-02
4.489999999997366444e+02 -8.114924198924092025e+01 8.300921681032293054e-02
4.499999999997357349e+02 -8.115160349607204182e+01 8.294916863298254506e-02
4.509999999997348255e+02 -8.115394394798870792e+01 8.288957094230883782e-02
4.519999999997339160e+02 -8.115626359117439392e+01 8.283041868448519363e-02
4.529999999997330065e+02 -8.115856266812923536e+01 8.277170688935218956e-02
4.539999999997320970e+02 -8.116084141773797000e+01 8.271343066854482118e-02
4.549999999997311875e+02 -8.116310007533664361e+01 8.265558521368057687e-02
4.559999999997302780e+02 -8.116533887277806514e+01 8.259816579459637598e-02
4.569999999997293685e+02 -8.116755803849531503e+01 8.254116775763377378e-02
4.579999999997284590e+02 -8.116975779756432985e+01 8.248458652396986612e-02
4.589999999997275495e+02 -8.117193837176456839e+01 8.242841758799303309e-02
4.599999999997266400e+02 -8.117409997963900992e+01 8.237265651572280023e-02
4.609999999997257305e+02 -8.117624283655229078e+01 8.231729894327093067e-02
4.619999999997248210e+02 -8.117836715474777520e+01 8.226234057534373423e-02
4.629999999997239115e+02 -8.118047314340356024e+01 8.220777718378440013e-02
4.639999999997230020e+02 -8.118256100868725866e+01 8.215360460615286908e-02
4.649999999997220925e+02 -8.118463095380910488e+01 8.209981874434348070e-02
4.659999999997211830e+02 -8.118668317907444987e+01 8.204641556323874485e-02
4.669999999997202735e+02 -8.118871788193507655e+01 8.199339108939800169e-02
4.679999999997193640e+02 -8.119073525703930727e+01 8.194074140978013787e-02
4.689999999997184545e+02 -8.119273549628087494e+01 8.188846267049929017e-02
4.699999999997175451e+02 -8.119471878884733940e+01 8.183655107561237096e-02
4.709999999997166356e+02 -8.119668532126668481e+01 8.178500288593766598e-02
4.719999999997157261e+02 -8.119863527745386023e+01 8.173381441790382451e-02
4.729999999997148166e+02 -8.120056883875545850e+01 8.168298204242782634e-02
4.739999999997139071e+02 -8.120248618399399732e+01 8.163250218382141210e-02
4.749999999997129976e+02 -8.120438748951130492e+01 8.158237131872464465e-02
4.759999999997120881e+02 -8.120627292921075480e+01 8.153258597506704564e-02
4.769999999997111786e+02 -8.120814267459870450e+01 8.148314273105385086e-02
4.779999999997102691e+02 -8.120999689482536610e+01 8.143403821417768973e-02
4.789999999997093596e+02 -8.121183575672438337e+01 8.138526910025502270e-02
4.799999999997084501e+02 -8.121365942485195433e+01 8.133683211248600442e-02
4.809999999997075406e+02 -8.121546806152511522e+01 8.128872402053749502e-02
4.819999999997066311e+02 -8.121726182685907247e+01 8.124094163964837301e-02
4.829999999997057216e+02 -8.121904087880379564e+01 8.119348182975685835e-02
4.839999999997048121e+02 -8.122080537318042559e+01 8.114634149464879098e-02
4.849999999997039026e+02 -8.122255546371596324e+01 8.109951758112618481e-02
4.859999999997029931e+02 -8.122429130207825665e+01 8.105300707819633466e-02
4.869999999997020836e+02 -8.122601303790968075e+01 8.100680701627971381e-02
4.879999999997011741e+02 -8.122772081886036233e+01 8.096091446643710610e-02
4.889999999997002647e+02 -8.122941479062086501e+01 8.091532653961480692e-02
4.899999999996993552e+02 -8.123109509695387942e+01 8.087004038590760169e-02
4.909999999996984457e+02 -8.123276187972548712e+01 8.082505319383923026e-02
4.919999999996975362e+02 -8.123441527893629654e+01 8.078036218965932436e-02
4.929999999996966267e+02 -8.123605543275090213e+01 8.073596463665719258e-02
4.939999999996957172e+02 -8.123768247752803973e+01 8.069185783449106530e-02
4.949999999996948077e+02 -8.123929654784900833e+01 8.064803911853273000e-02
4.959999999996938982e+02 -8.124089777654617706e+01 8.060450585922769584e-02
4.969999999996929887e+02 -8.124248629473112260e+01 8.056125546146941652e-02
4.979999999996920792e+02 -8.124406223182161568e+01 8.051828536398800140e-02
4.989999999996911697e+02 -8.124562571556860746e+01 8.047559303875274905e-02
4.999999999996902602e+02 -8.124717687208244854e+01 8.043317599038816990e-02
5.000000000000000000e+02 -8.124717687208293171e+01 8.043317599037506926e-02
