1.000000000000000666e+00 -7.216870339298505144e+01 7.359457786301415450e-02
2.000000000000001332e+00 -6.327275540998508063e+01 7.362422065376153513e-02
2.999999999999980016e+00 -6.762493911924997825e+00 7.372588901384306836e-02
3.999999999999958700e+00 3.630304882415576628e+01 7.886234900377411816e-02
4.999999999999937828e+00 3.023465183420911728e+01 9.225069645148945008e-02
5.999999999999916511e+00 2.566311175580881354e+01 1.107328948344015324e-01
6.999999999999895195e+00 2.289006548870503366e+01 1.303792966303031764e-01
7.999999999999873879e+00 2.145037930993746755e+01 1.479779902843097461e-01
8.999999999999852562e+00 2.086393753269648244e+01 1.619649030828613501e-01
9.999999999999831246e+00 2.078250998077335865e+01 1.721911179999114916e-01
1.099999999999980993e+01 2.098105988161704971e+01 1.792582368225789646e-01
1.199999999999978861e+01 2.132174961101653921e+01 1.839829430204034388e-01
1.299999999999976730e+01 2.172278331962128561e+01 1.871147321071540415e-01
1.399999999999974598e+01 2.213667377905910527e+01 1.892361036640260730e-01
1.499999999999972466e+01 2.253617412706685030e+01 1.907560565312611256e-01
1.599999999999970335e+01 2.290547879587670010e+01 1.919396236715615878e-01
1.699999999999985789e+01 2.323481291526588421e+01 1.929451088931713465e-01
1.800000000000001421e+01 2.351709244141203214e+01 1.938574210575248480e-01
1.900000000000017053e+01 2.374576299074870178e+01 1.947138607040697911e-01
2.000000000000032685e+01 2.391322850738803396e+01 1.955220480788902870e-01
2.100000000000048317e+01 2.400953401646753704e+01 1.962710101704328858e-01
2.200000000000063949e+01 2.402135711367752080e+01 1.969372954701002210e-01
2.300000000000079581e+01 2.393240573511844715e+01 1.974895122649060752e-01
2.400000000000095213e+01 2.372881032221696529e+01 1.978971607378759712e-01
2.500000000000110845e+01 2.341435675860657994e+01 1.981478010286447933e-01
2.600000000000126477e+01 2.302599945187954233e+01 1.982602640899262525e-01
2.700000000000142109e+01 2.261921239324659894e+01 1.982731095248893294e-01
2.800000000000157740e+01 2.223319929603319522e+01 1.982220862419069585e-01
2.900000000000173372e+01 2.188141167545896337e+01 1.981321252795368582e-01
3.000000000000189004e+01 2.156335859499877472e+01 1.980197234233479209e-01
3.100000000000204636e+01 2.127482754059905545e+01 1.978958970745560986e-01
3.200000000000220268e+01 2.101185460197266508e+01 1.977678952639783660e-01
3.300000000000200373e+01 2.077144340273544287e+01 1.976402861562124857e-01
3.400000000000180478e+01 2.055130254597484551e+01 1.975157648745957117e-01
3.500000000000160583e+01 2.034949662064248344e+01 1.973957608724237756e-01
3.600000000000140687e+01 2.016423492956431218e+01 1.972808726562280957e-01
3.700000000000120792e+01 1.999379015271328441e+01 1.971711668891760472e-01
3.800000000000100897e+01 1.983649119222621948e+01 1.970663810552552575e-01
3.900000000000081002e+01 1.969074512242881170e+01 1.969660606694115246e-01
4.000000000000061107e+01 1.955506297685727546e+01 1.968696520757455826e-01
4.100000000000041211e+01 1.942807869767849738e+01 1.967765644487411980e-01
4.200000000000021316e+01 1.930855866984812153e+01 1.966862100108718869e-01
4.300000000000001421e+01 1.919540288538851414e+01 1.965980287612221766e-01
4.399999999999981526e+01 1.908763994707406297e+01 1.965115023139100137e-01
4.499999999999961631e+01 1.898441814091867386e+01 1.964261602711525612e-01
4.599999999999941735e+01 1.888499439944838443e+01 1.963415816702221151e-01
4.699999999999921840e+01 1.878872248467173023e+01 1.962573933504980772e-01
4.799999999999901945e+01 1.869504128071978144e+01 1.961732665456617231e-01
4.899999999999882050e+01 1.860346374295628280e+01 1.960889125927297860e-01
4.999999999999862155e+01 1.851356680207651806e+01 1.960040783430957445e-01
5.099999999999842260e+01 1.842498235227368397e+01 1.959185416405259117e-01
5.199999999999822364e+01 1.833738934306663992e+01 1.958321070778781259e-01
5.299999999999802469e+01 1.825050692798748031e+01 1.957446021413137838e-01
5.399999999999782574e+01 1.816408858661127113e+01 1.956558737840889683e-01
5.499999999999762679e+01 1.807791711936126333e+01 1.955657854307982224e-01
5.599999999999742784e+01 1.799180040998820118e+01 1.954742143890923212e-01
5.699999999999722888e+01 1.790556785364908521e+01 1.953810496335019742e-01
5.799999999999702993e+01 1.781906735576924206e+01 1.952861899209326624e-01
5.899999999999683098e+01 1.773216281618757861e+01 1.951895421968164457e-01
5.999999999999663203e+01 1.764473202308099431e+01 1.950910202529014259e-01
6.099999999999643308e+01 1.755666489101212235e+01 1.949905436010014037e-01
6.199999999999623412e+01 1.746786198667015810e+01 1.948880365309367813e-01
6.299999999999603517e+01 1.737823329424431762e+01 1.947834273248957304e-01
6.399999999999583622e+01 1.728769717979218967e+01 1.946766476042561811e-01
6.499999999999634781e+01 1.719617952044247389e+01 1.945676317884071638e-01
6.599999999999685940e+01 1.710361296985498214e+01 1.944563166482167760e-01
6.699999999999737099e+01 1.700993633612664269e+01 1.943426409395159482e-01
6.799999999999788258e+01 1.691509405237398411e+01 1.942265451043038715e-01
6.899999999999839417e+01 1.681903572362488930e+01 1.941079710293866500e-01
6.999999999999890576e+01 1.672171573650592080e+01 1.939868618538453937e-01
7.099999999999941735e+01 1.662309292059368815e+01 1.938631618181558269e-01
7.199999999999992895e+01 1.652313025227953247e+01 1.937368161489733676e-01
7.300000000000044054e+01 1.642179459364090022e+01 1.936077709745887832e-01
7.400000000000095213e+01 1.631905646017126799e+01 1.934759732668934473e-01
7.500000000000146372e+01 1.621488981234221782e+01 1.933413708063706493e-01
7.600000000000197531e+01 1.610927186689354684e+01 1.932039121672050053e-01
7.700000000000248690e+01 1.600218292450564661e+01 1.930635467200677025e-01
7.800000000000299849e+01 1.589360621112886740e+01 1.929202246505202500e-01
7.900000000000351008e+01 1.578352773075271465e+01 1.927738969913013745e-01
8.000000000000402167e+01 1.567193612781134426e+01 1.926245156670121361e-01
8.100000000000453326e+01 1.555882255775937395e+01 1.924720335499356672e-01
8.200000000000504485e+01 1.544418056462562916e+01 1.923164045258901611e-01
8.300000000000555644e+01 1.532800596457436626e+01 1.921575835691539669e-01
8.400000000000606803e+01 1.521029673468276222e+01 1.919955268256101355e-01
8.500000000000657963e+01 1.509105290628837714e+01 1.918301917033404247e-01
8.600000000000709122e+01 1.497027646237643772e+01 1.916615369699669058e-01
8.700000000000760281e+01 1.484797123857056533e+01 1.914895228560838658e-01
8.800000000000811440e+01 1.472414282736563962e+01 1.913141111641601666e-01
8.900000000000862599e+01 1.459879848530146518e+01 1.911352653823122638e-01
9.000000000000913758e+01 1.447194704282424560e+01 1.909529508023623534e-01
9.100000000000964917e+01 1.434359881662154557e+01 1.907671346416018043e-01
9.200000000001016076e+01 1.421376552424750450e+01 1.905777861676760387e-01
9.300000000001067235e+01 1.408246020088027528e+01 1.903848768260010538e-01
9.400000000001118394e+01 1.394969711807424595e+01 1.901883803691138408e-01
9.500000000001169553e+01 1.381549170438649909e+01 1.899882729873375864e-01
9.600000000001220712e+01 1.367986046777126496e+01 1.897845334401343231e-01
9.700000000001271871e+01 1.354282091964810419e+01 1.895771431874938018e-01
9.800000000001323031e+01 1.340439150056031004e+01 1.893660865206918953e-01
9.900000000001374190e+01 1.326459150734921799e+01 1.891513506917330834e-01
1.000000000000142535e+02 1.312344102177874738e+01 1.889329260407732469e-01
1.010000000000147651e+02 1.298096084055255517e+01 1.887108061208041254e-01
1.020000000000152767e+02 1.283717240667338544e+01 1.884849878188660510e-01
1.030000000000157883e+02 1.269209774210168007e+01 1.882554714730449996e-01
1.040000000000162999e+02 1.254575938167719151e+01 1.880222609844991177e-01
1.050000000000168114e+02 1.239818030827398054e+01 1.877853639237608008e-01
1.060000000000173230e+02 1.224938388916581644e+01 1.875447916305510720e-01
1.070000000000178346e+02 1.209939381358504917e+01 1.873005593063560570e-01
1.080000000000183462e+02 1.194823403146407159e+01 1.870526860990162910e-01
1.090000000000188578e+02 1.179592869335410477e+01 1.868011951785967240e-01
1.100000000000193694e+02 1.164250209152158533e+01 1.865461138038244093e-01
1.110000000000198810e+02 1.148797860222717837e+01 1.862874733784022352e-01
1.120000000000203926e+02 1.133238262919726047e+01 1.860253094965395593e-01
1.130000000000209042e+02 1.117573854830167335e+01 1.857596619770750246e-01
1.140000000000214158e+02 1.101807065345520265e+01 1.854905748856072178e-01
1.150000000000219273e+02 1.085940310376333251e+01 1.852180965440968774e-01
1.160000000000224389e+02 1.069975987193526556e+01 1.849422795274543174e-01
1.170000000000229505e+02 1.053916469398907907e+01 1.846631806466862424e-01
1.180000000000234621e+02 1.037764102027520430e+01 1.843808609182339409e-01
1.190000000000239737e+02 1.021521196784492425e+01 1.840953855192047073e-01
1.200000000000244853e+02 1.005190027419061316e+01 1.838068237282673989e-01
1.210000000000249969e+02 9.887728252383878313e+00 1.835152488520586100e-01
1.220000000000255085e+02 9.722717747636176355e+00 1.832207381370220267e-01
1.230000000000260201e+02 9.556890095304998667e+00 1.829233726666826265e-01
1.240000000000265317e+02 9.390266080365883283e+00 1.826232372444434870e-01
1.250000000000270433e+02 9.222865898367670567e+00 1.823204202620690717e-01
1.260000000000275548e+02 9.054709117884922165e+00 1.820150135541075131e-01
1.270000000000280664e+02 8.885814644477267876e+00 1.817071122385853499e-01
1.280000000000285638e+02 8.716200686161295508e+00 1.813968145443878299e-01
1.290000000000276543e+02 8.545884720395815037e+00 1.810842216258246873e-01
1.300000000000267448e+02 8.374883462575098747e+00 1.807694373649464115e-01
1.310000000000258353e+02 8.203212836022768073e+00 1.804525681622681232e-01
1.320000000000249258e+02 8.030887943468833612e+00 1.801337227166079913e-01
1.330000000000240163e+02 7.857923039990478919e+00 1.798130117948296414e-01
1.340000000000231068e+02 7.684331507389795313e+00 1.794905479923275260e-01
1.350000000000221974e+02 7.510125829976492362e+00 1.791664454851542576e-01
1.360000000000212879e+02 7.335317571717838270e+00 1.788408197747329009e-01
1.370000000000203784e+02 7.159917354712588278e+00 1.785137874261425450e-01
1.380000000000194689e+02 6.983934838940266232e+00 1.781854658009953685e-01
1.390000000000185594e+02 6.807378703231987238e+00 1.778559727859518325e-01
1.400000000000176499e+02 6.630256627403971592e+00 1.775254265179407043e-01
1.410000000000167404e+02 6.452575275490429085e+00 1.771939451071584126e-01
1.420000000000158309e+02 6.274340280007892900e+00 1.768616463589278154e-01
1.430000000000149214e+02 6.095556227179204534e+00 1.765286474954908813e-01
1.440000000000140119e+02 5.916226643041659905e+00 1.761950648787963813e-01
1.450000000000131024e+02 5.736353980360565430e+00 1.758610137353271152e-01
1.460000000000121929e+02 5.555939606266488084e+00 1.755266078839786970e-01
1.470000000000112834e+02 5.374983790532197325e+00 1.751919594679728076e-01
1.480000000000103739e+02 5.193485694403076280e+00 1.748571786917448578e-01
1.490000000000094644e+02 5.011443359893226202e+00 1.745223735636986240e-01
1.500000000000085549e+02 4.828853699458313997e+00 1.741876496456716827e-01
1.510000000000076454e+02 4.645712485955428406e+00 1.738531098098952399e-01
1.520000000000067359e+02 4.462014342799738742e+00 1.735188540041721628e-01
1.530000000000058265e+02 4.277752734227984632e+00 1.731849790259321897e-01
1.540000000000049170e+02 4.092919955579080060e+00 1.728515783057551491e-01
1.550000000000040075e+02 3.907507123503096036e+00 1.725187417008839652e-01
1.560000000000030980e+02 3.721504166010990211e+00 1.721865552991730941e-01
1.570000000000021885e+02 3.534899812279158393e+00 1.718551012338518091e-01
1.580000000000012790e+02 3.347681582124715227e+00 1.715244575094026502e-01
1.590000000000003695e+02 3.159835775069865793e+00 1.711946978387849094e-01
1.599999999999994600e+02 2.971347458916279827e+00 1.708658914921603600e-01
1.609999999999985505e+02 2.782200457753447598e+00 1.705381031572084372e-01
1.619999999999976410e+02 2.592377339328435060e+00 1.702113928110478291e-01
1.629999999999967315e+02 2.401859401708040576e+00 1.698858156037168776e-01
1.639999999999958220e+02 2.210626659168609454e+00 1.695614217531022927e-01
1.649999999999949125e+02 2.018657827253129700e+00 1.692382564511433207e-01
1.659999999999940030e+02 1.825930306940120706e+00 1.689163597810889594e-01
1.669999999999930935e+02 1.632420167874182981e+00 1.685957666455247805e-01
1.679999999999921840e+02 1.438102130613715168e+00 1.682765067048498930e-01
1.689999999999912745e+02 1.242949547857638226e+00 1.679586043258328998e-01
1.699999999999903650e+02 1.046934384619652381e+00 1.676420785398446966e-01
1.709999999999894555e+02 8.500271973260290492e-01 1.673269430103318522e-01
1.719999999999885461e+02 6.521971118208252927e-01 1.670132060090674664e-01
1.729999999999876366e+02 4.534118002712275719e-01 1.667008704006950892e-01
1.739999999999867271e+02 2.536374569753588326e-01 1.663899336350679325e-01
1.749999999999858176e+02 5.283877308515823323e-02 1.660803877468730594e-01
1.759999999999849081e+02 -1.490210897313788141e-01 1.657722193620281004e-01
1.769999999999839986e+02 -3.519805266515562692e-01 1.654654097103375188e-01
1.779999999999830891e+02 -5.560795180328508280e-01 1.651599346439056037e-01
1.789999999999821796e+02 -7.613596586543555089e-01 1.648557646608135585e-01
1.799999999999812701e+02 -9.678641877825268081e-01 1.645528649335894211e-01
1.809999999999803606e+02 -1.175638019959341030e+00 1.642511953420217885e-01
1.819999999999794511e+02 -1.384727776390724419e+00 1.639507105098995665e-01
1.829999999999785416e+02 -1.595181816790148144e+00 1.636513598452976892e-01
1.839999999999776321e+02 -1.807050271507258277e+00 1.633530875840668029e-01
1.849999999999767226e+02 -2.020385073743388826e+00 1.630558328362369525e-01
1.859999999999758131e+02 -2.235239991625167733e+00 1.627595296350955179e-01
1.869999999999749036e+02 -2.451670659873406599e+00 1.624641069887617362e-01
1.879999999999739941e+02 -2.669734610767014349e+00 1.621694889341415147e-01
1.889999999999730846e+02 -2.889491304060558541e+00 1.618755945932236762e-01
1.899999999999721751e+02 -3.111002155468608699e+00 1.615823382317492229e-01
1.909999999999712657e+02 -3.334330563280520021e+00 1.612896293203771036e-01
1.919999999999703562e+02 -3.559541932614771476e+00 1.609973725985515691e-01
1.929999999999694467e+02 -3.786703696762740989e+00 1.607054681413778163e-01
1.939999999999685372e+02 -4.015885335007295609e+00 1.604138114299158979e-01
1.949999999999676277e+02 -4.247158386231720151e+00 1.601222934254059038e-01
1.959999999999667182e+02 -4.480596457559262724e+00 1.598308006480600174e-01
1.969999999999658087e+02 -4.716275227182919139e+00 1.595392152611719849e-01
1.979999999999648992e+02 -4.954272440459126514e+00 1.592474151614264866e-01
1.989999999999639897e+02 -5.194667898248955140e+00 1.589552740764168526e-01
1.999999999999630802e+02 -5.437543436392615170e+00 1.586626616705261172e-01
2.009999999999621707e+02 -5.682982895113197763e+00 1.583694436604531908e-01
2.019999999999612612e+02 -5.931072077034706069e+00 1.580754819418222490e-01
2.029999999999603517e+02 -6.181898692409649065e+00 1.577806347284524680e-01
2.039999999999594422e+02 -6.435552290052095614e+00 1.574847567060071729e-01
2.049999999999585327e+02 -6.692124172383826064e+00 1.571876992018838848e-01
2.059999999999576232e+02 -6.951707292924026227e+00 1.568893103733419447e-01
2.069999999999567137e+02 -7.214396134493522794e+00 1.565894354159870772e-01
2.079999999999558042e+02 -7.480286566369835022e+00 1.562879167948453274e-01
2.089999999999548947e+02 -7.749475678629080377e+00 1.559845945003447976e-01
2.099999999999539853e+02 -8.022061591955829130e+00 1.556793063315949355e-01
2.109999999999530758e+02 -8.298143241305917073e+00 1.553718882093789444e-01
2.119999999999521663e+02 -8.577820131985880892e+00 1.550621745212687197e-01
2.129999999999512568e+02 -8.861192066984619586e+00 1.547499985012057433e-01
2.139999999999503473e+02 -9.148358844778664789e+00 1.544351926457686597e-01
2.149999999999494378e+02 -9.439419927355933382e+00 1.541175891691431155e-01
2.159999999999485283e+02 -9.734474078889036264e+00 1.537970204985204259e-01
2.169999999999476188e+02 -1.003361897636418298e+01 1.534733198112485375e-01
2.179999999999467093e+02 -1.033695079456273724e+01 1.531463216145426687e-01
2.189999999999457998e+02 -1.064456376912196767e+01 1.528158623679002626e-01
2.199999999999448903e+02 -1.095654974299079853e+01 1.524817811475509544e-01
2.209999999999439808e+02 -1.127299770345619478e+01 1.521439203512860716e-01
2.219999999999430713e+02 -1.159399331904593744e+01 1.518021264408387916e-01
2.229999999999421618e+02 -1.191961848799720336e+01 1.514562507176251127e-01
2.239999999999412523e+02 -1.224995091257795998e+01 1.511061501260874407e-01
2.249999999999403428e+02 -1.258506371629209930e+01 1.507516880771376244e-01
2.259999999999394333e+02 -1.292502512378802138e+01 1.503927352822611307e-01
2.269999999999385238e+02 -1.326989822598513236e+01 1.500291705867710934e-01
2.279999999999376143e+02 -1.361974085535066514e+01 1.496608817885379250e-01
2.289999999999367049e+02 -1.397460559817969283e+01 1.492877664263162485e-01
2.299999999999357954e+02 -1.433453997189030105e+01 1.489097325196656885e-01
2.309999999999348859e+02 -1.469958679545447744e+01 1.485266992405055719e-01
2.319999999999339764e+02 -1.506978477983505194e+01 1.481385974947160844e-01
2.329999999999330669e+02 -1.544516936238639460e+01 1.477453703910462657e-01
2.339999999999321574e+02 -1.582577380432669578e+01 1.473469735741032294e-01
2.349999999999312479e+02 -1.621163056338577491e+01 1.469433753985474600e-01
2.359999999999303384e+02 -1.660277294444917473e+01 1.465345569230177558e-01
2.369999999999294289e+02 -1.699923701945317944e+01 1.461205117048874902e-01
2.379999999999285194e+02 -1.740106379408737425e+01 1.457012453808786967e-01
2.389999999999276099e+02 -1.780830158335588465e+01 1.452767750238938005e-01
2.399999999999267004e+02 -1.822100854125603320e+01 1.448471282731852716e-01
2.409999999999257909e+02 -1.863925527246878744e+01 1.444123422430994841e-01
2.419999999999248814e+02 -1.906312743693024458e+01 1.439724622249261843e-01
2.429999999999239719e+02 -1.949272824256031811e+01 1.435275402065821493e-01
2.439999999999230624e+02 -1.992818070850913159e+01 1.430776332455693245e-01
2.449999999999221529e+02 -2.036962957242128880e+01 1.426228017413778415e-01
2.459999999999212434e+02 -2.081724271186608988e+01 1.421631076636764857e-01
2.469999999999203339e+02 -2.127121195371502083e+01 1.416986128015814139e-01
2.479999999999194245e+02 -2.173175315727925039e+01 1.412293771063118653e-01
2.489999999999185150e+02 -2.219910547865951855e+01 1.407554572039126095e-01
2.499999999999176055e+02 -2.267352975584654118e+01 1.402769051557205271e-01
2.509999999999166960e+02 -2.315530599684996105e+01 1.397937675412522507e-01
2.519999999999157865e+02 -2.364473000581143936e+01 1.393060849306663462e-01
2.529999999999148770e+02 -2.414210924271006675e+01 1.388138918015918155e-01
2.539999999999139675e+02 -2.464775807742224956e+01 1.383172169378880101e-01
2.549999999999130580e+02 -2.516199266346392704e+01 1.378160843261544422e-01
2.559999999999121485e+02 -2.568512571406406053e+01 1.373105145403650529e-01
2.569999999999112674e+02 -2.621746150626043459e+01 1.368005265772108126e-01
2.579999999999103579e+02 -2.675929145911067053e+01 1.362861400764583952e-01
2.589999999999094484e+02 -2.731089062543881241e+01 1.357673778342113891e-01
2.599999999999085389e+02 -2.787251539810407763e+01 1.352442684949388407e-01
2.609999999999076294e+02 -2.844440266357396752e+01 1.347168492930287398e-01
2.619999999999067199e+02 -2.902677054255634914e+01 1.341851687085139355e-01
2.629999999999058105e+02 -2.961982074934395825e+01 1.336492889057456779e-01
2.639999999999049010e+02 -3.022374249069169494e+01 1.331092878382885147e-01
2.649999999999039915e+02 -3.083871772449875337e+01 1.325652609270153159e-01
2.659999999999030820e+02 -3.146492751961699952e+01 1.320173222489345599e-01
2.669999999999021725e+02 -3.210255920839455257e+01 1.314656052084348936e-01
2.679999999999012630e+02 -3.275181400592677505e+01 1.309102626967038885e-01
2.689999999999003535e+02 -3.341291478241321045e+01 1.303514667755885370e-01
2.699999999998994440e+02 -3.408611371158157510e+01 1.297894079462567629e-01
2.709999999998985345e+02 -3.477169957047017590e+01 1.292242940789145311e-01
2.719999999998976250e+02 -3.547000452487921507e+01 1.286563490869370441e-01
2.729999999998967155e+02 -3.618141029208421600e+01 1.280858114276211268e-01
2.739999999998958060e+02 -3.690635362115335028e+01 1.275129325037869521e-01
2.749999999998948965e+02 -3.764533106657725625e+01 1.269379750276323771e-01
2.759999999998939870e+02 -3.839890304993140546e+01 1.263612113927546077e-01
2.769999999998930775e+02 -3.916769720538035671e+01 1.257829220841607254e-01
2.779999999998921680e+02 -3.995241098724574158e+01 1.252033941411254681e-01
2.789999999998912585e+02 -4.075381350063013031e+01 1.246229196751933305e-01
2.799999999998903490e+02 -4.157274643812001358e+01 1.240417944359677588e-01
2.809999999998894396e+02 -4.241012382656085578e+01 1.234603164121857166e-01
2.819999999998885301e+02 -4.326693041853590671e+01 1.228787844542010010e-01
2.829999999998876206e+02 -4.414421825017996781e+01 1.222974969045942384e-01
2.839999999998867111e+02 -4.504310076059064016e+01 1.217167502283090369e-01
2.849999999998858016e+02 -4.596474366555360547e+01 1.211368376412397391e-01
2.859999999998848921e+02 -4.691035152093652272e+01 1.205580477459582273e-01
2.869999999998839826e+02 -4.788114860075009460e+01 1.199806631949169033e-01
2.879999999998830731e+02 -4.887835234972589404e+01 1.194049594146582849e-01
2.889999999998821636e+02 -4.990313725743526163e+01 1.188312034389149008e-01
2.899999999998812541e+02 -5.095658656400727438e+01 1.182596529135604840e-01
2.909999999998803446e+02 -5.203962879804682728e+01 1.176905553515070479e-01
2.919999999998794351e+02 -5.315295586180290144e+01 1.171241477298214789e-01
2.929999999998785256e+02 -5.429691937953518988e+01 1.165606565329159044e-01
2.939999999998776161e+02 -5.547140256415492132e+01 1.160002983521282172e-01
2.949999999998767066e+02 -5.667566629149587243e+01 1.154432811496361455e-01
2.959999999998757971e+02 -5.790817085316797375e+01 1.148898062783805518e-01
2.969999999998748876e+02 -5.916637946752926780e+01 1.143400713132380064e-01
2.979999999998739781e+02 -6.044655640142443076e+01 1.137942736854219428e-01
2.989999999998730686e+02 -6.174358137592730600e+01 1.132526150168376849e-01
2.999999999998721592e+02 -6.305081177550147942e+01 1.127153059234436150e-01
3.009999999998712497e+02 -6.436003266513512244e+01 1.121825709053742154e-01
3.019999999998703402e+02 -6.566153785599409787e+01 1.116546527891021240e-01
3.029999999998694307e+02 -6.694437856257002295e+01 1.111318160709325320e-01
3.039999999998685212e+02 -6.819679601151423753e+01 1.106143484795436283e-01
3.049999999998676117e+02 -6.940682110017978346e+01 1.101025601719235747e-01
3.059999999998667022e+02 -7.056298440545351980e+01 1.095967802205086161e-01
3.069999999998657927e+02 -7.165504562685879364e+01 1.090973504142303818e-01
3.079999999998648832e+02 -7.267463623399689254e+01 1.086046168096661407e-01
3.089999999998639737e+02 -7.361572065382480901e+01 1.081189198293221188e-01
3.099999999998630642e+02 -7.447481757081585840e+01 1.076405839190312380e-01
3.109999999998621547e+02 -7.525097183408351498e+01 1.071699077961931201e-01
3.119999999998612452e+02 -7.594551305755246062e+01 1.067071561562621534e-01
3.129999999998603357e+02 -7.656166665658776083e+01 1.062525534177737180e-01
3.139999999998594262e+02 -7.710409217517239711e+01 1.058062797588477516e-01
3.149999999998585167e+02 -7.757841550950610099e+01 1.053684694037910347e-01
3.159999999998576072e+02 -7.799080344867996928e+01 1.049392109022322384e-01
3.169999999998566977e+02 -7.834760841114207608e+01 1.045185490188210303e-01
3.179999999998557882e+02 -7.865509357210000019e+01 1.041064878089438400e-01
3.189999999998548788e+02 -7.891923604556052396e+01 1.037029944732422854e-01
3.199999999998539693e+02 -7.914559848583168389e+01 1.033080036370072063e-01
3.209999999998530598e+02 -7.933925633693093005e+01 1.029214217696928085e-01
3.219999999998521503e+02 -7.950476761181167262e+01 1.025431315307741148e-01
3.229999999998512408e+02 -7.964617332085518342e+01 1.021729958926412690e-01
3.239999999998503313e+02 -7.976701861525235415e+01 1.018108619452820218e-01
3.249999999998494218e+02 -7.987038681237682169e+01 1.014565643301561654e-01
3.259999999998485123e+02 -7.995894042173092942e+01 1.011099282826160017e-01
3.269999999998476028e+02 -8.003496495287406276e+01 1.007707722849501553e-01
3.279999999998466933e+02 -8.010041262298199172e+01 1.004389103473733308e-01
3.289999999998457838e+02 -8.015694410804904635e+01 1.001141539437281069e-01
3.299999999998448743e+02 -8.020596724011480205e+01 9.979631363379075359e-02
3.309999999998439648e+02 -8.024867209301024218e+01 9.948520040609985793e-02
3.319999999998430553e+02 -8.028606226911983867e+01 9.918062677512709535e-02
3.329999999998421458e+02 -8.031898244174831802e+01 9.888240766512737534e-02
3.339999999998412363e+02 -8.034814235656716619e+01 9.859036111068091024e-02
3.349999999998403268e+02 -8.037413757863480157e+01 9.830430880118581904e-02
3.359999999998394173e+02 -8.039746730941152464e+01 9.802407649362880615e-02
3.369999999998385078e+02 -8.041854960638222849e+01 9.774949431506194109e-02
3.379999999998375984e+02 -8.043773432740611895e+01 9.748039697344249022e-02
3.389999999998366889e+02 -8.045531410048374710e+01 9.721662389293174444e-02
3.399999999998357794e+02 -8.047153359256400051e+01 9.695801928742657505e-02
3.409999999998348699e+02 -8.048659732181103266e+01 9.670443218402734187e-02
3.419999999998339604e+02 -8.050067622864983719e+01 9.645571640632408239e-02
3.429999999998330509e+02 -8.051391319325503559e+01 9.621173052579573559e-02
3.439999999998321414e+02 -8.052642766167311095e+01 9.597233778824618144e-02
3.449999999998312319e+02 -8.053831951982964199e+01 9.573740602102909225e-02
3.459999999998303224e+02 -8.054967233433403351e+01 9.550680752581004740e-02
3.469999999998294129e+02 -8.056055606118781043e+01 9.528041896076862305e-02
3.479999999998285034e+02 -8.057102930806084373e+01 9.505812121542880910e-02
3.489999999998275939e+02 -8.058114122249979516e+01 9.483979928070661314e-02
3.499999999998266844e+02 -8.059093306705656801e+01 9.462534211626139058e-02
3.509999999998257749e+02 -8.060043953262791661e+01 9.441464251682310516e-02
3.519999999998248654e+02 -8.060968983307455460e+01 9.420759697881866956e-02
3.529999999998239559e+02 -8.061870861722862003e+01 9.400410556833826980e-02
3.539999999998230464e+02 -8.062751672852982665e+01 9.380407179124335137e-02
3.549999999998221369e+02 -8.063613183759007086e+01 9.360740246602936021e-02
3.559999999998212274e+02 -8.064456896883241654e+01 9.341400759989627878e-02
3.569999999998203180e+02 -8.065284093886758399e+01 9.322380026835284939e-02
3.579999999998194085e+02 -8.066095872135201716e+01 9.303669649857791712e-02
3.589999999998184990e+02 -8.066893175062674004e+01 9.285261515667794785e-02
3.599999999998175895e+02 -8.067676817439313197e+01 9.267147783891445390e-02
3.609999999998166800e+02 -8.068447506397411928e+01 9.249320876692285198e-02
3.619999999998157705e+02 -8.069205858928236808e+01 9.231773468690190887e-02
3.629999999998148610e+02 -8.069952416442760068e+01 9.214498477272269061e-02
3.639999999998139515e+02 -8.070687656890140715e+01 9.197489053288031291e-02
3.649999999998130420e+02 -8.071412004845170429e+01 9.180738572119480356e-02
3.659999999998121325e+02 -8.072125839906642852e+01 9.164240625115316341e-02
3.669999999998112230e+02 -8.072829503691494324e+01 9.147989011377621882e-02
3.679999999998103135e+02 -8.073523305661241523e+01 9.131977729888833550e-02
3.689999999998094040e+02 -8.074207527977904419e+01 9.116200971966359479e-02
3.699999999998084945e+02 -8.074882429552876317e+01 9.100653114032125623e-02
3.709999999998075850e+02 -8.075548249425081337e+01 9.085328710684408005e-02
3.719999999998066755e+02 -8.076205209581453914e+01 9.070222488059331845e-02
3.729999999998057660e+02 -8.076853517313885789e+01 9.055329337469790463e-02
3.739999999998048565e+02 -8.077493367190673723e+01 9.040644309309639470e-02
3.749999999998039470e+02 -8.078124942707547973e+01 9.026162607211742073e-02
3.759999999998030376e+02 -8.078748417672156279e+01 9.011879582448352466e-02
3.769999999998021281e+02 -8.079363957366886950e+01 8.997790728563130613e-02
3.779999999998012186e+02 -8.079971719527245000e+01 8.983891676224337042e-02
3.789999999998003091e+02 -8.080571855166775208e+01 8.970178188289183729e-02
3.799999999997993996e+02 -8.081164509274113072e+01 8.956646155069780679e-02
3.809999999997984901e+02 -8.081749821403664669e+01 8.943291589791596552e-02
3.819999999997975806e+02 -8.082327926177590882e+01 8.930110624235611250e-02
3.829999999997966711e+02 -8.082898953713755930e+01 8.917099504555960066e-02
3.839999999997957616e+02 -8.083463029991987980e+01 8.904254587265092447e-02
3.849999999997948521e+02 -8.084020277168744428e+01 8.891572335378837566e-02
3.859999999997939426e+02 -8.084570813848709747e+01 8.879049314714415608e-02
3.869999999997930331e+02 -8.085114755320203983e+01 8.866682190334240765e-02
3.879999999997921236e+02 -8.085652213760428708e+01 8.854467723129420820e-02
3.889999999997912141e+02 -8.086183298415240017e+01 8.842402766536411329e-02
3.899999999997903046e+02 -8.086708115757586768e+01 8.830484263381184473e-02
3.909999999997893951e+02 -8.087226769627905298e+01 8.818709242845271246e-02
3.919999999997884856e+02 -8.087739361359278689e+01 8.807074817548335433e-02
3.929999999997875761e+02 -8.088245989889786358e+01 8.795578180742294472e-02
3.939999999997866666e+02 -8.088746751863760664e+01 8.784216603612136909e-02
3.949999999997857572e+02 -8.089241741723834878e+01 8.772987432678824860e-02
3.959999999997848477e+02 -8.089731051794920802e+01 8.761888087300126471e-02
3.969999999997839382e+02 -8.090214772361341034e+01 8.750916057265001324e-02
3.979999999997830287e+02 -8.090692991738089290e+01 8.740068900477714064e-02
3.989999999997821192e+02 -8.091165796336902361e+01 8.729344240728012516e-02
3.999999999997812097e+02 -8.091633270727876948e+01 8.718739765543598308e-02
4.009999999997803002e+02 -8.092095497697229689e+01 8.708253224121655089e-02
4.019999999997793907e+02 -8.092552558301531462e+01 8.697882425336120327e-02
4.029999999997784812e+02 -8.093004531918951727e+01 8.687625235817597602e-02
4.039999999997775717e+02 -8.093451496297797121e+01 8.677479578103020064e-02
4.049999999997766622e+02 -8.093893527602578786e+01 8.667443428852111831e-02
4.059999999997757527e+02 -8.094330700457932437e+01 8.657514817128179885e-02
4.069999999997748432e+02 -8.094763087990523331e+01 8.647691822740467826e-02
4.079999999997739337e+02 -8.095190761869186247e+01 8.637972574645712276e-02
4.089999999997730242e+02 -8.095613792343364423e+01 8.628355249406549632e-02
4.099999999997721147e+02 -8.096032248280074839e+01 8.618838069704556903e-02
4.109999999997712052e+02 -8.096446197199425399e+01 8.609419302905772786e-02
4.119999999997702957e+02 -8.096855705308846041e+01 8.600097259676579842e-02
4.129999999997693862e+02 -8.097260837536080658e+01 8.590870292648200568e-02
4.139999999997684768e+02 -8.097661657561059201e+01 8.581736795127674344e-02
4.149999999997675673e+02 -8.098058227846649970e+01 8.572695199853715142e-02
4.159999999997666578e+02 -8.098450609668455513e+01 8.563743977795675033e-02
4.169999999997657483e+02 -8.098838863143573974e+01 8.554881636993967586e-02
4.179999999997648388e+02 -8.099223047258492159e+01 8.546106721440337173e-02
4.189999999997639293e+02 -8.099603219896137318e+01 8.537417809996598883e-02
4.199999999997630198e+02 -8.099979437861989595e+01 8.528813515350257279e-02
4.209999999997621103e+02 -8.100351756909547873e+01 8.520292483005720285e-02
4.219999999997612008e+02 -8.100720231764933033e+01 8.511853390309753742e-02
4.229999999997602913e+02 -8.101084916150760762e+01 8.503494945509820768e-02
4.239999999997593818e+02 -8.101445862809417520e+01 8.495215886844319220e-02
4.249999999997584723e+02 -8.101803123525603212e+01 8.487014981663217050e-02
4.259999999997575628e+02 -8.102156749148151960e+01 8.478891025578272345e-02
4.269999999997566533e+02 -8.102506789611372540e+01 8.470842841641547383e-02
4.279999999997557438e+02 -8.102853293955722336e+01 8.462869279551304968e-02
4.289999999997548343e+02 -8.103196310347890119e+01 8.454969214884187900e-02
4.299999999997539248e+02 -8.103535886100372920e+01 8.447141548352858631e-02
4.309999999997530153e+02 -8.103872067690458891e+01 8.439385205088069386e-02
4.319999999997521059e+02 -8.104204900778741205e+01 8.431699133944324520e-02
4.329999999997511964e+02 -8.104534430227077735e+01 8.424082306828258038e-02
4.339999999997502869e+02 -8.104860700116141459e+01 8.416533718048994916e-02
4.349999999997493774e+02 -8.105183753762439380e+01 8.409052383689627486e-02
4.359999999997484679e+02 -8.105503633734883806e+01 8.401637340999064396e-02
4.369999999997475584e+02 -8.105820381870965718e+01 8.394287647803592989e-02
4.379999999997466489e+02 -8.106134039292453508e+01 8.387002381937390394e-02
4.389999999997457394e+02 -8.106444646420732170e+01 8.379780640691320004e-02
4.399999999997448299e+02 -8.106752242991686330e+01 8.372621540279419350e-02
4.409999999997439204e+02 -8.107056868070232269e+01 8.365524215322435453e-02
4.419999999997430109e+02 -8.107358560064494668e+01 8.358487818347752618e-02
4.429999999997421014e+02 -8.107657356739571242e+01 8.351511519305243603e-02
4.439999999997411919e+02 -8.107953295230976209e+01 8.344594505098446025e-02
4.449999999997402824e+02 -8.108246412057746966e+01 8.337735979130417308e-02
4.459999999997393729e+02 -8.108536743135194058e+01 8.330935160864033628e-02
4.469999999997384634e+02 -8.108824323787389687e+01 8.324191285395930728e-02
4.479999999997375539e+02 -8.109109188759235565e+01 8.317503603043802096e-02
4.489999999997366444e+02 -8.109391372228360240e+01 8.310871378946567412e-02
4.499999999997357349e+02 -8.109670907816612839e+01 8.304293892676900546e-02
4.509999999997348255e+02 -8.109947828601367803e+01 8.297770437865788218e-02
4.519999999997339160e+02 -8.110222167126438819e+01 8.291300321838618315e-02
4.529999999997330065e+02 -8.110493955412866285e+01 8.284882865262502283e-02
4.539999999997320970e+02 -8.110763224969308283e+01 8.278517401804329212e-02
4.549999999997311875e+02 -8.111030006802261028e+01 8.272203277799339283e-02
4.559999999997302780e+02 -8.111294331426027782e+01 8.265939851929739179e-02
4.569999999997293685e+02 -8.111556228872399288e+01 8.259726494913000039e-02
4.579999999997284590e+02 -8.111815728700169359e+01 8.253562589199693600e-02
4.589999999997275495e+02 -8.112072860004377617e+01 8.247447528680337814e-02
4.599999999997266400e+02 -8.112327651425344754e+01 8.241380718401038197e-02
4.609999999997257305e+02 -8.112580131157491792e+01 8.235361574287733410e-02
4.619999999997248210e+02 -8.112830326957968907e+01 8.229389522878494123e-02
4.629999999997239115e+02 -8.113078266155096685e+01 8.223464001063914008e-02
4.639999999997230020e+02 -8.113323975656543041e+01 8.217584455835094670e-02
4.649999999997220925e+02 -8.113567481957360883e+01 8.211750344039081551e-02
4.659999999997211830e+02 -8.113808811147858080e+01 8.205961132141527392e-02
4.669999999997202735e+02 -8.114047988921267063e+01 8.200216295996221039e-02
4.679999999997193640e+02 -8.114285040581196995e+01 8.194515320621395538e-02
4.689999999997184545e+02 -8.114519991048982206e+01 8.188857699982514393e-02
4.699999999997175451e+02 -8.114752864870841620e+01 8.183242936781331967e-02
4.709999999997166356e+02 -8.114983686224844917e+01 8.177670542251072594e-02
4.719999999997157261e+02 -8.115212478927790585e+01 8.172140035957448090e-02
4.729999999997148166e+02 -8.115439266441826760e+01 8.166650945605384571e-02
4.739999999997139071e+02 -8.115664071881056429e+01 8.161202806851271252e-02
4.749999999997129976e+02 -8.115886918017865526e+01 8.155795163120521662e-02
4.759999999997120881e+02 -8.116107827289214072e+01 8.150427565430298782e-02
4.769999999997111786e+02 -8.116326821802712743e+01 8.145099572217263939e-02
4.779999999997102691e+02 -8.116543923342625533e+01 8.139810749170081627e-02
4.789999999997093596e+02 -8.116759153375694780e+01 8.134560669066705219e-02
4.799999999997084501e+02 -8.116972533056878092e+01 8.129348911616074425e-02
4.809999999997075406e+02 -8.117184083234917580e+01 8.124175063304350797e-02
4.819999999997066311e+02 -8.117393824457846563e+01 8.119038717245234682e-02
4.829999999997057216e+02 -8.117601776978305850e+01 8.113939473034521843e-02
4.839999999997048121e+02 -8.117807960758830177e+01 8.108876936608566677e-02
4.849999999997039026e+02 -8.118012395476942800e+01 8.103850720106647865e-02
4.859999999997029931e+02 -8.118215100530191819e+01 8.098860441737057436e-02
4.869999999997020836e+02 -8.118416095041061453e+01 8.093905725646800831e-02
4.879999999997011741e+02 -8.118615397861768201e+01 8.088986201794812203e-02
4.889999999997002647e+02 -8.118813027578987374e+01 8.084101505828547585e-02
4.899999999996993552e+02 -8.119009002518474460e+01 8.079251278963935079e-02
4.909999999996984457e+02 -8.119203340749561448e+01 8.074435167868426744e-02
4.919999999996975362e+02 -8.119396060089583500e+01 8.069652824547209058e-02
4.929999999996966267e+02 -8.119587178108194792e+01 8.064903906232376296e-02
4.939999999996957172e+02 -8.119776712131644558e+01 8.060188075275043218e-02
4.949999999996948077e+02 -8.119964679246885453e+01 8.055504999040226377e-02
4.959999999996938982e+02 -8.120151096305681904e+01 8.050854349804505150e-02
4.969999999996929887e+02 -8.120335979928557890e+01 8.046235804656295953e-02
4.979999999996920792e+02 -8.120519346508754666e+01 8.041649045398710505e-02
4.989999999996911697e+02 -8.120701212216006581e+01 8.037093758454912085e-02
4.999999999996902602e+02 -8.120881593000292753e+01 8.032569634775858780e-02
5.000000000000000000e+02 -8.120881593000348175e+01 8.032569634774461287e-02
