1.000000000000000666e+00 -7.216664843754385572e+01 7.341876859227769447e-02
2.000000000000001332e+00 -6.326851117498904387e+01 7.329881424912228216e-02
2.999999999999980016e+00 -6.583319381963600669e+00 7.327144008157088217e-02
3.999999999999958700e+00 3.629316024661276430e+01 7.832258486708447431e-02
4.999999999999937828e+00 3.021805914785031177e+01 9.165779858929666568e-02
5.999999999999916511e+00 2.564345722116597059e+01 1.101001947717561574e-01
6.999999999999895195e+00 2.286914998808988742e+01 1.297064634555855633e-01
7.999999999999873879e+00 2.142895168498730030e+01 1.472617335220804957e-01
8.999999999999852562e+00 2.084218839521112798e+01 1.612080591478991520e-01
9.999999999999831246e+00 2.076037166012552149e+01 1.714053900135897313e-01
1.099999999999980993e+01 2.095835972379443746e+01 1.784619386016221554e-01
1.199999999999978861e+01 2.129827497845416318e+01 1.831970475546929877e-01
1.299999999999976730e+01 2.169830208511337233e+01 1.863594381097661568e-01
1.399999999999974598e+01 2.211093386826917850e+01 1.885286767729652535e-01
1.499999999999972466e+01 2.250889191840989412e+01 1.901098674816424916e-01
1.599999999999970335e+01 2.287631879969816495e+01 1.913640182147324786e-01
1.699999999999985789e+01 2.320335720392137802e+01 1.924457254657626626e-01
1.800000000000001421e+01 2.348279552137038451e+01 1.934366402633150017e-01
1.900000000000017053e+01 2.370788508712681875e+01 1.943711475430364155e-01
2.000000000000032685e+01 2.387073826912632768e+01 1.952540149880794274e-01
2.100000000000048317e+01 2.396097691742434321e+01 1.960711082948838613e-01
2.200000000000063949e+01 2.396472567942886300e+01 1.967952209980143863e-01
2.300000000000079581e+01 2.386520560719781159e+01 1.973908896212797082e-01
2.400000000000095213e+01 2.364887372917908337e+01 1.978248521398480453e-01
2.500000000000110845e+01 2.332179785376099446e+01 1.980857981105434151e-01
2.600000000000126477e+01 2.292417579166532704e+01 1.981974793830377779e-01
2.700000000000142109e+01 2.251207746867902415e+01 1.982033182028390961e-01
2.800000000000157740e+01 2.212272937918133309e+01 1.981418942727080912e-01
2.900000000000173372e+01 2.176789466099315362e+01 1.980397162735533234e-01
3.000000000000189004e+01 2.144647812725398950e+01 1.979142983147859358e-01
3.100000000000204636e+01 2.115423436217367126e+01 1.977773230378847003e-01
3.200000000000220268e+01 2.088731083200539373e+01 1.976364458344018749e-01
3.300000000000200373e+01 2.064280406681815450e+01 1.974964581398128138e-01
3.400000000000180478e+01 2.041846822914870074e+01 1.973601574054561769e-01
3.500000000000160583e+01 2.021237983666857829e+01 1.972289985147537561e-01
3.600000000000140687e+01 2.002274477443369349e+01 1.971035579221269152e-01
3.700000000000120792e+01 1.984782909732773959e+01 1.969838523632717331e-01
3.800000000000100897e+01 1.968595760434146058e+01 1.968695547497092690e-01
3.900000000000081002e+01 1.953553741645781017e+01 1.967601402643720243e-01
4.000000000000061107e+01 1.939508337770215718e+01 1.966549849391498184e-01
4.100000000000041211e+01 1.926323590327760371e+01 1.965534311869190087e-01
4.200000000000021316e+01 1.913876935205566099e+01 1.964548299535931741e-01
4.300000000000001421e+01 1.902059223333317917e+01 1.963585662913675256e-01
4.399999999999981526e+01 1.890774152155226062e+01 1.962640733361618872e-01
4.499999999999961631e+01 1.879937328549070941e+01 1.961708383939197720e-01
4.599999999999941735e+01 1.869475140208873043e+01 1.960784038697158671e-01
4.699999999999921840e+01 1.859323562981223432e+01 1.959863650149696879e-01
4.799999999999901945e+01 1.849426988560581719e+01 1.958943658789084330e-01
4.899999999999882050e+01 1.839737123691779885e+01 1.958020944035557820e-01
4.999999999999862155e+01 1.830211988183999949e+01 1.957092772725896879e-01
5.099999999999842260e+01 1.820815022896726276e+01 1.956156748898543463e-01
5.199999999999822364e+01 1.811514308514706784e+01 1.955210767014063933e-01
5.299999999999802469e+01 1.802281889725453823e+01 1.954252969670069728e-01
5.399999999999782574e+01 1.793093196043697546e+01 1.953281710177372787e-01
5.499999999999762679e+01 1.783926549025139963e+01 1.952295519941576740e-01
5.599999999999742784e+01 1.774762745289514498e+01 1.951293080354302989e-01
5.699999999999722888e+01 1.765584705156683754e+01 1.950273198777674188e-01
5.799999999999702993e+01 1.756377177472223039e+01 1.949234788160969234e-01
5.899999999999683098e+01 1.747126492154842836e+01 1.948176849829257595e-01
5.999999999999663203e+01 1.737820353007404961e+01 1.947098459010633276e-01
6.099999999999643308e+01 1.728447664318689192e+01 1.945998752708518187e-01
6.199999999999623412e+01 1.718998385701127063e+01 1.944876919570351914e-01
6.299999999999603517e+01 1.709463410439204978e+01 1.943732191448970248e-01
6.399999999999583622e+01 1.699834463356879510e+01 1.942563836395489463e-01
6.499999999999634781e+01 1.690104014851102576e+01 1.941371152861149363e-01
6.599999999999685940e+01 1.680265208288303924e+01 1.940153464919721904e-01
6.699999999999737099e+01 1.670311798429307615e+01 1.938910118351896972e-01
6.799999999999788258e+01 1.660238098945185925e+01 1.937640477458577315e-01
6.899999999999839417e+01 1.650038937420456975e+01 1.936343922491786385e-01
6.999999999999890576e+01 1.639709616519937896e+01 1.935019847610236210e-01
7.099999999999941735e+01 1.629245880229045085e+01 1.933667659282018170e-01
7.199999999999992895e+01 1.618643884271414990e+01 1.932286775069785023e-01
7.300000000000044054e+01 1.607900169968782578e+01 1.930876622744517046e-01
7.400000000000095213e+01 1.597011640940968213e+01 1.929436639682920174e-01
7.500000000000146372e+01 1.585975542153710194e+01 1.927966272510848456e-01
7.600000000000197531e+01 1.574789440912289251e+01 1.926464976961310693e-01
7.700000000000248690e+01 1.563451209473080894e+01 1.924932217920637678e-01
7.800000000000299849e+01 1.551959009005880930e+01 1.923367469640515914e-01
7.900000000000351008e+01 1.540311274689517873e+01 1.921770216097024586e-01
8.000000000000402167e+01 1.528506701763751785e+01 1.920139951480584750e-01
8.100000000000453326e+01 1.516544232393432878e+01 1.918476180802942133e-01
8.200000000000504485e+01 1.504423043227650858e+01 1.916778420609200617e-01
8.300000000000555644e+01 1.492142533558275908e+01 1.915046199784317948e-01
8.400000000000606803e+01 1.479702313999869290e+01 1.913279060444663948e-01
8.500000000000657963e+01 1.467102195627022532e+01 1.911476558906127499e-01
8.600000000000709122e+01 1.454342179516597788e+01 1.909638266720975752e-01
8.700000000000760281e+01 1.441422446651480627e+01 1.907763771776142536e-01
8.800000000000811440e+01 1.428343348149753567e+01 1.905852679446015108e-01
8.900000000000862599e+01 1.415105395789124643e+01 1.903904613793039324e-01
9.000000000000913758e+01 1.401709252801102146e+01 1.901919218809554057e-01
9.100000000000964917e+01 1.388155724913202960e+01 1.899896159694381415e-01
9.200000000001016076e+01 1.374445751620520539e+01 1.897835124157654929e-01
9.300000000001067235e+01 1.360580397670416275e+01 1.895735823747277393e-01
9.400000000001118394e+01 1.346560844746123387e+01 1.893597995190367811e-01
9.500000000001169553e+01 1.332388383336673421e+01 1.891421401742815755e-01
9.600000000001220712e+01 1.318064404781959986e+01 1.889205834539998963e-01
9.700000000001271871e+01 1.303590393482916454e+01 1.886951113941469915e-01
9.800000000001323031e+01 1.288967919267802742e+01 1.884657090862295881e-01
9.900000000001374190e+01 1.274198629906517688e+01 1.882323648083527590e-01
1.000000000000142535e+02 1.259284243765666034e+01 1.879950701534136015e-01
1.010000000000147651e+02 1.244226542597866647e+01 1.877538201536592399e-01
1.020000000000152767e+02 1.229027364459539484e+01 1.875086134008193406e-01
1.030000000000157883e+02 1.213688596752033888e+01 1.872594521610065621e-01
1.040000000000162999e+02 1.198212169381687531e+01 1.870063424835811117e-01
1.050000000000168114e+02 1.182600048034983509e+01 1.867492943031702768e-01
1.060000000000173230e+02 1.166854227565609214e+01 1.864883215340372435e-01
1.070000000000178346e+02 1.150976725490817110e+01 1.862234421560023945e-01
1.080000000000183462e+02 1.134969575595021851e+01 1.859546782911327967e-01
1.090000000000188578e+02 1.118834821639140920e+01 1.856820562704351862e-01
1.100000000000193694e+02 1.102574511174648819e+01 1.854056066898098765e-01
1.110000000000198810e+02 1.086190689461804837e+01 1.851253644545566845e-01
1.120000000000203926e+02 1.069685393491927528e+01 1.848413688117570841e-01
1.130000000000209042e+02 1.053060646113954135e+01 1.845536633698990625e-01
1.140000000000214158e+02 1.036318450265870972e+01 1.842622961051595953e-01
1.150000000000219273e+02 1.019460783311831342e+01 1.839673193538139684e-01
1.160000000000224389e+02 1.002489591486034293e+01 1.836687897902971878e-01
1.170000000000229505e+02 9.854067844445468793e+00 1.833667683905096379e-01
1.180000000000234621e+02 9.682142299263638563e+00 1.830613203800268984e-01
1.190000000000239737e+02 9.509137485250112931e+00 1.827525151669454340e-01
1.200000000000244853e+02 9.335071085719603090e+00 1.824404262591764192e-01
1.210000000000249969e+02 9.159960211330259838e+00 1.821251311660761762e-01
1.220000000000255085e+02 8.983821351187353699e+00 1.818067112843890221e-01
1.230000000000260201e+02 8.806670325094396290e+00 1.814852517685594802e-01
1.240000000000265317e+02 8.628522236956515101e+00 1.811608413855606559e-01
1.250000000000270433e+02 8.449391429337492099e+00 1.808335723544693407e-01
1.260000000000275548e+02 8.269291439167888669e+00 1.805035401711092280e-01
1.270000000000280664e+02 8.088234954597558257e+00 1.801708434181646112e-01
1.280000000000285638e+02 7.906233772980613139e+00 1.798355835612550357e-01
1.290000000000276543e+02 7.723298759976461092e+00 1.794978647315398912e-01
1.300000000000267448e+02 7.539439809743138099e+00 1.791577934955003171e-01
1.310000000000258353e+02 7.354665806197590250e+00 1.788154786126236739e-01
1.320000000000249258e+02 7.168984585306352741e+00 1.784710307817768682e-01
1.330000000000240163e+02 6.982402898367928046e+00 1.781245623771263165e-01
1.340000000000231068e+02 6.794926376240558064e+00 1.777761871745149602e-01
1.350000000000221974e+02 6.606559494463223103e+00 1.774260200692586720e-01
1.360000000000212879e+02 6.417305539211571208e+00 1.770741767863683591e-01
1.370000000000203784e+02 6.227166574024736612e+00 1.767207735842412641e-01
1.380000000000194689e+02 6.036143407232950509e+00 1.763659269528893569e-01
1.390000000000185594e+02 5.844235560010561770e+00 1.760097533077972509e-01
1.400000000000176499e+02 5.651441234973579419e+00 1.756523686805108175e-01
1.410000000000167404e+02 5.457757285236004563e+00 1.752938884070628089e-01
1.420000000000158309e+02 5.263179183834562735e+00 1.749344268153363580e-01
1.430000000000149214e+02 5.067700993427217249e+00 1.745740969124557063e-01
1.440000000000140119e+02 4.871315336167089782e+00 1.742130100732707521e-01
1.450000000000131024e+02 4.674013363650212582e+00 1.738512757309750856e-01
1.460000000000121929e+02 4.475784726832605642e+00 1.734890010708624586e-01
1.470000000000112834e+02 4.276617545810125876e+00 1.731262907281828634e-01
1.480000000000103739e+02 4.076498379352831769e+00 1.727632464910114074e-01
1.490000000000094644e+02 3.875412194084689510e+00 1.723999670089902125e-01
1.500000000000085549e+02 3.673342333198939880e+00 1.720365475087428930e-01
1.510000000000076454e+02 3.470270484600155303e+00 1.716730795166999946e-01
1.520000000000067359e+02 3.266176648364793156e+00 1.713096505900053579e-01
1.530000000000058265e+02 3.061039103414192830e+00 1.709463440561029279e-01
1.540000000000049170e+02 2.854834373296642358e+00 1.705832387615357770e-01
1.550000000000040075e+02 2.647537190978871191e+00 1.702204088304128393e-01
1.560000000000030980e+02 2.439120462551940705e+00 1.698579234329271603e-01
1.570000000000021885e+02 2.229555229762200330e+00 1.694958465642367462e-01
1.580000000000012790e+02 2.018810631284893908e+00 1.691342368339481261e-01
1.590000000000003695e+02 1.806853862666057742e+00 1.687731472663746568e-01
1.599999999999994600e+02 1.593650134867828916e+00 1.684126251116735140e-01
1.609999999999985505e+02 1.379162631363314073e+00 1.680527116679035593e-01
1.619999999999976410e+02 1.163352463739758091e+00 1.676934421139901488e-01
1.629999999999967315e+02 9.461786257832873748e-01 1.673348453535293545e-01
1.639999999999958220e+02 7.275979460350215922e-01 1.669769438693157193e-01
1.649999999999949125e+02 5.075650388272052727e-01 1.666197535884428593e-01
1.659999999999940030e+02 2.860322538292578431e-01 1.662632837577883438e-01
1.669999999999930935e+02 6.294962415797920874e-02 1.659075368296753783e-01
1.679999999999921840e+02 -1.617351868664407832e-01 1.655525083574856671e-01
1.689999999999912745e+02 -3.880769402077596242e-01 1.651981869009940262e-01
1.699999999999903650e+02 -6.161328766934810464e-01 1.648445539411996508e-01
1.709999999999894555e+02 -8.459627735059874754e-01 1.644915838044453682e-01
1.719999999999885461e+02 -1.077629001350969284e+00 1.641392435956433027e-01
1.729999999999876366e+02 -1.311196582025088153e+00 1.637874931404635914e-01
1.739999999999867271e+02 -1.546733246047680144e+00 1.634362849364010550e-01
1.749999999999858176e+02 -1.784309489959545747e+00 1.630855641126928157e-01
1.759999999999849081e+02 -2.023998632822654908e+00 1.627352683991496740e-01
1.769999999999839986e+02 -2.265876871377332513e+00 1.623853281040515961e-01
1.779999999999830891e+02 -2.510023333227425990e+00 1.620356661013754029e-01
1.789999999999821796e+02 -2.756520127328431435e+00 1.616861978277461531e-01
1.799999999999812701e+02 -3.005452390947710661e+00 1.613368312896504009e-01
1.809999999999803606e+02 -3.256908332148913399e+00 1.609874670816091591e-01
1.819999999999794511e+02 -3.510979266724001402e+00 1.606379984161887819e-01
1.829999999999785416e+02 -3.767759648355158753e+00 1.602883111669231864e-01
1.839999999999776321e+02 -4.027347090634664895e+00 1.599382839254356314e-01
1.849999999999767226e+02 -4.289842379403696171e+00 1.595877880742802013e-01
1.859999999999758131e+02 -4.555349473690665008e+00 1.592366878772694949e-01
1.869999999999749036e+02 -4.823975493337063547e+00 1.588848405893186766e-01
1.879999999999739941e+02 -5.095830691194290551e+00 1.585320965881133748e-01
1.889999999999730846e+02 -5.371028407562444151e+00 1.581782995301984351e-01
1.899999999999721751e+02 -5.649685004322678950e+00 1.578232865343721647e-01
1.909999999999712657e+02 -5.931919775990716737e+00 1.574668883955845367e-01
1.919999999999703562e+02 -6.217854834710061951e+00 1.571089298328165462e-01
1.929999999999694467e+02 -6.507614965996270762e+00 1.567492297747196950e-01
1.939999999999685372e+02 -6.801327451871271634e+00 1.563876016870544561e-01
1.949999999999676277e+02 -7.099121857893311294e+00 1.560238539462106278e-01
1.959999999999667182e+02 -7.401129780517385015e+00 1.556577902632867993e-01
1.969999999999658087e+02 -7.707484551238855452e+00 1.552892101633455979e-01
1.979999999999648992e+02 -8.018320894110539498e+00 1.549179095245227511e-01
1.989999999999639897e+02 -8.333774533521554062e+00 1.545436811816268963e-01
1.999999999999630802e+02 -8.653981749630395015e+00 1.541663155987080536e-01
2.009999999999621707e+02 -8.979078879611829933e+00 1.537856016147489679e-01
2.019999999999612612e+02 -9.309201763970897048e+00 1.534013272661336469e-01
2.029999999999603517e+02 -9.644485138667098667e+00 1.530132806888125363e-01
2.039999999999594422e+02 -9.985061975755472830e+00 1.526212511020957618e-01
2.049999999999585327e+02 -1.033106277776247595e+01 1.522250298747052089e-01
2.059999999999576232e+02 -1.068261483414565127e+01 1.518244116720730841e-01
2.069999999999567137e+02 -1.103984145199099842e+01 1.514191956818423668e-01
2.079999999999558042e+02 -1.140286117761035101e+01 1.510091869120682717e-01
2.089999999999548947e+02 -1.177178703089674450e+01 1.505941975537193056e-01
2.099999999999539853e+02 -1.214672578010440773e+01 1.501740483957091643e-01
2.109999999999530758e+02 -1.252777729098135318e+01 1.497485702768832083e-01
2.119999999999521663e+02 -1.291503399063534907e+01 1.493176055551615755e-01
2.129999999999512568e+02 -1.330858049277323119e+01 1.488810095694985403e-01
2.139999999999503473e+02 -1.370849343649718755e+01 1.484386520655825159e-01
2.149999999999494378e+02 -1.411484159501088165e+01 1.479904185514630266e-01
2.159999999999485283e+02 -1.452768631259630538e+01 1.475362115448136113e-01
2.169999999999476188e+02 -1.494708232719037433e+01 1.470759516696408253e-01
2.179999999999467093e+02 -1.537307903089877215e+01 1.466095785573466870e-01
2.189999999999457998e+02 -1.580572221096083041e+01 1.461370515055724073e-01
2.199999999999448903e+02 -1.624505629828806974e+01 1.456583498487064587e-01
2.209999999999439808e+02 -1.669112712927238817e+01 1.451734729968193749e-01
2.219999999999430713e+02 -1.714398519901278206e+01 1.446824401055271936e-01
2.229999999999421618e+02 -1.760368935086407660e+01 1.441852893482707121e-01
2.239999999999412523e+02 -1.807031080929582245e+01 1.436820767749069083e-01
2.249999999999403428e+02 -1.854393742217466468e+01 1.431728747563433546e-01
2.259999999999394333e+02 -1.902467793717233846e+01 1.426577700339227150e-01
2.269999999999385238e+02 -1.951266609818734210e+01 1.421368614137810127e-01
2.279999999999376143e+02 -2.000806431523064788e+01 1.416102571695488366e-01
2.289999999999367049e+02 -2.051106663948312558e+01 1.410780722402598109e-01
2.299999999999357954e+02 -2.102190076884681957e+01 1.405404253326381081e-01
2.309999999999348859e+02 -2.154082882299715962e+01 1.399974360562226960e-01
2.319999999999339764e+02 -2.206814666500950750e+01 1.394492222341063292e-01
2.329999999999330669e+02 -2.260418161233641854e+01 1.388958975393947692e-01
2.339999999999321574e+02 -2.314928847455265881e+01 1.383375696059309379e-01
2.349999999999312479e+02 -2.370384397711480062e+01 1.377743387497930294e-01
2.359999999999303384e+02 -2.426823977346019134e+01 1.372062974145213388e-01
2.369999999999294289e+02 -2.484287440079753040e+01 1.366335304177720977e-01
2.379999999999285194e+02 -2.542814468410506734e+01 1.360561160310858886e-01
2.389999999999276099e+02 -2.602443720797259630e+01 1.354741278700648810e-01
2.399999999999267004e+02 -2.663212055797796651e+01 1.348876375134669958e-01
2.409999999999257909e+02 -2.725153902901080016e+01 1.342967177117680988e-01
2.419999999999248814e+02 -2.788300843030415166e+01 1.337014459951281209e-01
2.429999999999239719e+02 -2.852681446397615872e+01 1.331019084538775932e-01
2.439999999999230624e+02 -2.918321394059532636e+01 1.324982034472063919e-01
2.449999999999221529e+02 -2.985243884717500151e+01 1.318904450011675888e-01
2.459999999999212434e+02 -3.053470303593861246e+01 1.312787656857650753e-01
2.469999999999203339e+02 -3.123021109175439491e+01 1.306633188096454901e-01
2.479999999999194245e+02 -3.193916878999536735e+01 1.300442798334725258e-01
2.489999999999185150e+02 -3.266179448894969539e+01 1.294218469710539388e-01
2.499999999999176055e+02 -3.339833081077335208e+01 1.287962410118257128e-01
2.509999999999166960e+02 -3.414905603821142677e+01 1.281677044516009722e-01
2.519999999999157865e+02 -3.491429476861291192e+01 1.275365000552658723e-01
2.529999999999148770e+02 -3.569442749733114795e+01 1.269029089931044685e-01
2.539999999999139675e+02 -3.648989892703227866e+01 1.262672286925690113e-01
2.549999999999130580e+02 -3.730122490067395091e+01 1.256297705328306979e-01
2.559999999999121485e+02 -3.812899792317973890e+01 1.249908574851165965e-01
2.569999999999112674e+02 -3.897389126484806354e+01 1.243508217727934129e-01
2.579999999999103579e+02 -3.983666162690654744e+01 1.237100025961027638e-01
2.589999999999094484e+02 -4.071815031081231950e+01 1.230687439410704798e-01
2.599999999999085389e+02 -4.161928274868915167e+01 1.224273924725336332e-01
2.609999999999076294e+02 -4.254106596849227628e+01 1.217862954996828395e-01
2.619999999999067199e+02 -4.348458365681309346e+01 1.211457989991524403e-01
2.629999999999058105e+02 -4.445098809183512856e+01 1.205062456825444772e-01
2.639999999999049010e+02 -4.544148796035217686e+01 1.198679731041447233e-01
2.649999999999039915e+02 -4.645733074853910693e+01 1.192313118186350412e-01
2.659999999999030820e+02 -4.749977798918359184e+01 1.185965836162844178e-01
2.669999999999021725e+02 -4.857007117519469119e+01 1.179640998832998389e-01
2.679999999999012630e+02 -4.966938562385350764e+01 1.173341601566277453e-01
2.689999999999003535e+02 -5.079876903773800478e+01 1.167070509643527154e-01
2.699999999998994440e+02 -5.195906103923490349e+01 1.160830450635446653e-01
2.709999999998985345e+02 -5.315078970716600537e+01 1.154624012050437520e-01
2.719999999998976250e+02 -5.437404136676255462e+01 1.148453645664549577e-01
2.729999999998967155e+02 -5.562830095779916917e+01 1.142321679964267145e-01
2.739999999998958060e+02 -5.691226275086614095e+01 1.136230341993184761e-01
2.749999999998948965e+02 -5.822361561923963791e+01 1.130181789520323943e-01
2.759999999998939870e+02 -5.955881407610182521e+01 1.124178153753463832e-01
2.769999999998930775e+02 -6.091285605729003549e+01 1.118221591724936764e-01
2.779999999998921680e+02 -6.227910027125932402e+01 1.112314345943525573e-01
2.789999999998912585e+02 -6.364916759242743893e+01 1.106458806999672806e-01
2.799999999998903490e+02 -6.501297816235992855e+01 1.100657572766014225e-01
2.809999999998894396e+02 -6.635897267626637586e+01 1.094913496098363498e-01
2.819999999998885301e+02 -6.767454720745186592e+01 1.089229712142621431e-01
2.829999999998876206e+02 -6.894669423755470916e+01 1.083609637140601212e-01
2.839999999998867111e+02 -7.016279426469395730e+01 1.078056933387360056e-01
2.849999999998858016e+02 -7.131145660638510719e+01 1.072575439542240855e-01
2.859999999998848921e+02 -7.238328253051955130e+01 1.067169070961699329e-01
2.869999999998839826e+02 -7.337143129690056753e+01 1.061841699740855849e-01
2.879999999998830731e+02 -7.427191005218656983e+01 1.056597027364955532e-01
2.889999999998821636e+02 -7.508356804292962750e+01 1.051438463476223467e-01
2.899999999998812541e+02 -7.580783362925433266e+01 1.046369022300999013e-01
2.909999999998803446e+02 -7.644827170203326716e+01 1.041391244551319734e-01
2.919999999998794351e+02 -7.701005218880982284e+01 1.036507148257887756e-01
2.929999999998785256e+02 -7.749941087957701313e+01 1.031718208046610297e-01
2.939999999998776161e+02 -7.792316133057195771e+01 1.027025359484244060e-01
2.949999999998767066e+02 -7.828829104093543378e+01 1.022429023485478816e-01
2.959999999998757971e+02 -7.860165325455461982e+01 1.017929145251802864e-01
2.969999999998748876e+02 -7.886975053194795748e+01 1.013525242491657291e-01
2.979999999998739781e+02 -7.909859766337154952e+01 1.009216458417898088e-01
2.989999999998730686e+02 -7.929364808837557632e+01 1.005001615957443889e-01
2.999999999998721592e+02 -7.945976794740195714e+01 1.000879270551446043e-01
3.009999999998712497e+02 -7.960124368135055306e+01 9.968477597653120637e-02
3.019999999998703402e+02 -7.972181163297565831e+01 9.929052486199298200e-02
3.029999999998694307e+02 -7.982470072976369124e+01 9.890497700905381828e-02
3.039999999998685212e+02 -7.991268169612433780e+01 9.852792606113444651e-02
3.049999999998676117e+02 -7.998811821173791259e+01 9.815915906948524672e-02
3.059999999998667022e+02 -8.005301697942771000e+01 9.779845909498956213e-02
3.069999999998657927e+02 -8.010907482707864347e+01 9.744560738846430592e-02
3.079999999998648832e+02 -8.015772180585859985e+01 9.710038519303648696e-02
3.089999999998639737e+02 -8.020015982809623267e+01 9.676257521343482881e-02
3.099999999998630642e+02 -8.023739677406274495e+01 9.643196279585841690e-02
3.109999999998621547e+02 -8.027027623948627877e+01 9.610833685938677262e-02
3.119999999998612452e+02 -8.029950323636133191e+01 9.579149061635465479e-02
3.129999999998603357e+02 -8.032566623027696551e+01 9.548122211519194380e-02
3.139999999998594262e+02 -8.034925592165626540e+01 9.517733463524992443e-02
3.149999999998585167e+02 -8.037068117297054926e+01 9.487963695929296781e-02
3.159999999998576072e+02 -8.039028246110109421e+01 9.458794354575719709e-02
3.169999999998566977e+02 -8.040834320169922478e+01 9.430207461962460125e-02
3.179999999998557882e+02 -8.042509925605153853e+01 9.402185619786210258e-02
3.189999999998548788e+02 -8.044074689401952583e+01 9.374712006282343024e-02
3.199999999998539693e+02 -8.045544945118382429e+01 9.347770369479788122e-02
3.209999999998530598e+02 -8.046934288553971726e+01 9.321345017298195146e-02
3.219999999998521503e+02 -8.048254040951925958e+01 9.295420805252521679e-02
3.229999999998512408e+02 -8.049513634692239350e+01 9.269983122391986519e-02
3.239999999998503313e+02 -8.050720934144773366e+01 9.245017875984293254e-02
3.249999999998494218e+02 -8.051882502371690009e+01 9.220511475358489362e-02
3.259999999998485123e+02 -8.053003822669683132e+01 9.196450815238864374e-02
3.269999999998476028e+02 -8.054089482494403285e+01 9.172823258834580940e-02
3.279999999998466933e+02 -8.055143326081173427e+01 9.149616620894289454e-02
3.289999999998457838e+02 -8.056168581038109267e+01 9.126819150888915155e-02
3.299999999998448743e+02 -8.057167963314411452e+01 9.104419516448493399e-02
3.309999999998439648e+02 -8.058143764212728399e+01 9.082406787148139538e-02
3.319999999998430553e+02 -8.059097922500116340e+01 9.060770418713379182e-02
3.329999999998421458e+02 -8.060032084158179089e+01 9.039500237695133333e-02
3.339999999998412363e+02 -8.060947651883917331e+01 9.018586426648404764e-02
3.349999999998403268e+02 -8.061845826094952372e+01 8.998019509835808449e-02
3.359999999998394173e+02 -8.062727638895218263e+01 8.977790339467106584e-02
3.369999999998385078e+02 -8.063593982208733735e+01 8.957890082477765192e-02
3.379999999998375984e+02 -8.064445631083489729e+01 8.938310207843280786e-02
3.389999999998366889e+02 -8.065283262995727398e+01 8.919042474421530475e-02
3.399999999998357794e+02 -8.066107473843028686e+01 8.900078919311561754e-02
3.409999999998348699e+02 -8.066918791196451366e+01 8.881411846714756808e-02
3.419999999998339604e+02 -8.067717685283912488e+01 8.863033817282503501e-02
3.429999999998330509e+02 -8.068504578096046487e+01 8.844937637933027175e-02
3.439999999998321414e+02 -8.069279850938340815e+01 8.827116352119594722e-02
3.449999999998312319e+02 -8.070043850697540222e+01 8.809563230531590461e-02
3.459999999998303224e+02 -8.070796895044135510e+01 8.792271762210100705e-02
3.469999999998294129e+02 -8.071539276754559467e+01 8.775235646059675876e-02
3.479999999998285034e+02 -8.072271267304837750e+01 8.758448782738262328e-02
3.489999999998275939e+02 -8.072993119861459377e+01 8.741905266907783190e-02
3.499999999998266844e+02 -8.073705071773223096e+01 8.725599379828220814e-02
3.509999999998257749e+02 -8.074407346650131956e+01 8.709525582278926370e-02
3.519999999998248654e+02 -8.075100156100320703e+01 8.693678507791209598e-02
3.529999999998239559e+02 -8.075783701183816277e+01 8.678052956177104149e-02
3.539999999998230464e+02 -8.076458173631763771e+01 8.662643887339945004e-02
3.549999999998221369e+02 -8.077123756871250748e+01 8.647446415352727511e-02
3.559999999998212274e+02 -8.077780626888973359e+01 8.632455802791397237e-02
3.569999999998203180e+02 -8.078428952961239418e+01 8.617667455310408509e-02
3.579999999998194085e+02 -8.079068898273000343e+01 8.603076916448702816e-02
3.589999999998184990e+02 -8.079700620444739911e+01 8.588679862654984010e-02
3.599999999998175895e+02 -8.080324271982689766e+01 8.574472098521555841e-02
3.609999999998166800e+02 -8.080940000665280820e+01 8.560449552216621572e-02
3.619999999998157705e+02 -8.081547949876484438e+01 8.546608271105567145e-02
3.629999999998148610e+02 -8.082148258894714843e+01 8.532944417552117133e-02
3.639999999998139515e+02 -8.082741063144715099e+01 8.519454264890866102e-02
3.649999999998130420e+02 -8.083326494418435004e+01 8.506134193562991941e-02
3.659999999998121325e+02 -8.083904681069786591e+01 8.492980687407612750e-02
3.669999999998112230e+02 -8.084475748187520594e+01 8.479990330101426499e-02
3.679999999998103135e+02 -8.085039817749624547e+01 8.467159801739883307e-02
3.689999999998094040e+02 -8.085597008762094617e+01 8.454485875553181817e-02
3.699999999998084945e+02 -8.086147437384404668e+01 8.441965414751190222e-02
3.709999999998075850e+02 -8.086691217043681945e+01 8.429595369491295342e-02
3.719999999998066755e+02 -8.087228458539240705e+01 8.417372773963667509e-02
3.729999999998057660e+02 -8.087759270138720069e+01 8.405294743588773154e-02
3.739999999998048565e+02 -8.088283757667134921e+01 8.393358472322126618e-02
3.749999999998039470e+02 -8.088802024589654138e+01 8.381561230061498891e-02
3.759999999998030376e+02 -8.089314172088907640e+01 8.369900360152275620e-02
3.769999999998021281e+02 -8.089820299137603854e+01 8.358373276986597045e-02
3.779999999998012186e+02 -8.090320502566846983e+01 8.346977463692221988e-02
3.789999999998003091e+02 -8.090814877130758020e+01 8.335710469907436915e-02
3.799999999997993996e+02 -8.091303515567793170e+01 8.324569909638236676e-02
3.809999999997984901e+02 -8.091786508658938715e+01 8.313553459194335249e-02
3.819999999997975806e+02 -8.092263945283326620e+01 8.302658855200775734e-02
3.829999999997966711e+02 -8.092735912471306392e+01 8.291883892681953250e-02
3.839999999997957616e+02 -8.093202495455221879e+01 8.281226423215097554e-02
3.849999999997948521e+02 -8.093663777718204244e+01 8.270684353150313528e-02
3.859999999997939426e+02 -8.094119841040999574e+01 8.260255641894598266e-02
3.869999999997930331e+02 -8.094570765546954760e+01 8.249938300257100843e-02
3.879999999997921236e+02 -8.095016629745468606e+01 8.239730388853262755e-02
3.889999999997912141e+02 -8.095457510573739057e+01 8.229630016565477046e-02
3.899999999997903046e+02 -8.095893483437177451e+01 8.219635339058020684e-02
3.909999999997893951e+02 -8.096324622248354785e+01 8.209744557344092475e-02
3.919999999997884856e+02 -8.096750999464687482e+01 8.199955916402941469e-02
3.929999999997875761e+02 -8.097172686124879704e+01 8.190267703845154068e-02
3.939999999997866666e+02 -8.097589751884132170e+01 8.180678248624145832e-02
3.949999999997857572e+02 -8.098002265048370418e+01 8.171185919792230135e-02
3.959999999997848477e+02 -8.098410292607208305e+01 8.161789125299356851e-02
3.969999999997839382e+02 -8.098813900266064536e+01 8.152486310833087502e-02
3.979999999997830287e+02 -8.099213152477211963e+01 8.143275958698110994e-02
3.989999999997821192e+02 -8.099608112469886123e+01 8.134156586733820582e-02
3.999999999997812097e+02 -8.099998842279539701e+01 8.125126747268589245e-02
4.009999999997803002e+02 -8.100385402776169030e+01 8.116185026109291878e-02
4.019999999997793907e+02 -8.100767853691866094e+01 8.107330041564819734e-02
4.029999999997784812e+02 -8.101146253647539197e+01 8.098560443502274275e-02
4.039999999997775717e+02 -8.101520660178864830e+01 8.089874912434676102e-02
4.049999999997766622e+02 -8.101891129761480670e+01 8.081272158638984349e-02
4.059999999997757527e+02 -8.102257717835506412e+01 8.072750921303360749e-02
4.069999999997748432e+02 -8.102620478829319950e+01 8.064309967702608384e-02
4.079999999997739337e+02 -8.102979466182688384e+01 8.055948092400694316e-02
4.089999999997730242e+02 -8.103334732369279436e+01 8.047664116479455454e-02
4.099999999997721147e+02 -8.103686328918475112e+01 8.039456886792502310e-02
4.109999999997712052e+02 -8.104034306436683721e+01 8.031325275243438033e-02
4.119999999997702957e+02 -8.104378714627954139e+01 8.023268178087469837e-02
4.129999999997693862e+02 -8.104719602314146698e+01 8.015284515255641229e-02
4.139999999997684768e+02 -8.105057017454453216e+01 8.007373229700841255e-02
4.149999999997675673e+02 -8.105391007164479333e+01 7.999533286764837214e-02
4.159999999997666578e+02 -8.105721617734728568e+01 7.991763673565549508e-02
4.169999999997657483e+02 -8.106048894648665737e+01 7.984063398403899725e-02
4.179999999997648388e+02 -8.106372882600250307e+01 7.976431490189564433e-02
4.189999999997639293e+02 -8.106693625511034895e+01 7.968866997884864467e-02
4.199999999997630198e+02 -8.107011166546833181e+01 7.961368989966284559e-02
4.209999999997621103e+02 -8.107325548133886173e+01 7.953936553902907214e-02
4.219999999997612008e+02 -8.107636811974677471e+01 7.946568795651266781e-02
4.229999999997602913e+02 -8.107944999063296621e+01 7.939264839165967313e-02
4.239999999997593818e+02 -8.108250149700423037e+01 7.932023825925564597e-02
4.249999999997584723e+02 -8.108552303507940451e+01 7.924844914473189172e-02
4.259999999997575628e+02 -8.108851499443132127e+01 7.917727279971432941e-02
4.269999999997566533e+02 -8.109147775812552084e+01 7.910670113770863765e-02
4.279999999997557438e+02 -8.109441170285558087e+01 7.903672622991950170e-02
4.289999999997548343e+02 -8.109731719907469483e+01 7.896734030119700876e-02
4.299999999997539248e+02 -8.110019461112416650e+01 7.889853572610736054e-02
4.309999999997530153e+02 -8.110304429735870713e+01 7.883030502512312909e-02
4.319999999997521059e+02 -8.110586661026833610e+01 7.876264086092893413e-02
4.329999999997511964e+02 -8.110866189659785164e+01 7.869553603483903093e-02
4.339999999997502869e+02 -8.111143049746277711e+01 7.862898348332265919e-02
4.349999999997493774e+02 -8.111417274846276371e+01 7.856297627463423860e-02
4.359999999997484679e+02 -8.111688897979222190e+01 7.849750760554334572e-02
4.369999999997475584e+02 -8.111957951634828135e+01 7.843257079816308430e-02
4.379999999997466489e+02 -8.112224467783600801e+01 7.836815929687226956e-02
4.389999999997457394e+02 -8.112488477887120553e+01 7.830426666532894209e-02
4.399999999997448299e+02 -8.112750012908082908e+01 7.824088658357170045e-02
4.409999999997439204e+02 -8.113009103320089821e+01 7.817801284520650706e-02
4.419999999997430109e+02 -8.113265779117195109e+01 7.811563935467528974e-02
4.429999999997421014e+02 -8.113520069823248093e+01 7.805376012460503443e-02
4.439999999997411919e+02 -8.113772004501042545e+01 7.799236927323316415e-02
4.449999999997402824e+02 -8.114021611761168629e+01 7.793146102190770530e-02
4.459999999997393729e+02 -8.114268919770746891e+01 7.787102969265997932e-02
4.469999999997384634e+02 -8.114513956261889405e+01 7.781106970584615590e-02
4.479999999997375539e+02 -8.114756748540034437e+01 7.775157557785734863e-02
4.489999999997366444e+02 -8.114997323492038106e+01 7.769254191889399253e-02
4.499999999997357349e+02 -8.115235707594079884e+01 7.763396343080426754e-02
4.509999999997348255e+02 -8.115471926919431667e+01 7.757583490498284884e-02
4.519999999997339160e+02 -8.115706007146006584e+01 7.751815122032965077e-02
4.529999999997330065e+02 -8.115937973563760011e+01 7.746090734126563626e-02
4.539999999997320970e+02 -8.116167851081904416e+01 7.740409831580349898e-02
4.549999999997311875e+02 -8.116395664236003427e+01 7.734771927367305178e-02
4.559999999997302780e+02 -8.116621437194851296e+01 7.729176542449776866e-02
4.569999999997293685e+02 -8.116845193767234434e+01 7.723623205602210551e-02
4.579999999997284590e+02 -8.117066957408547978e+01 7.718111453238757358e-02
4.589999999997275495e+02 -8.117286751227244679e+01 7.712640829245562268e-02
4.599999999997266400e+02 -8.117504597991160153e+01 7.707210884817686236e-02
4.609999999997257305e+02 -8.117720520133669027e+01 7.701821178300402582e-02
4.619999999997248210e+02 -8.117934539759758650e+01 7.696471275034862114e-02
4.629999999997239115e+02 -8.118146678651925185e+01 7.691160747207780035e-02
4.639999999997230020e+02 -8.118356958275975899e+01 7.685889173705304223e-02
4.649999999997220925e+02 -8.118565399786662340e+01 7.680656139970715168e-02
4.659999999997211830e+02 -8.118772024033242474e+01 7.675461237865877084e-02
4.669999999997202735e+02 -8.118976851564902120e+01 7.670304065536404092e-02
4.679999999997193640e+02 -8.119179902636035706e+01 7.665184227280381901e-02
4.689999999997184545e+02 -8.119381197211464496e+01 7.660101333420511749e-02
4.699999999997175451e+02 -8.119580754971504177e+01 7.655055000179594726e-02
4.709999999997166356e+02 -8.119778595316964243e+01 7.650044849559269056e-02
4.719999999997157261e+02 -8.119974737373986784e+01 7.645070509221876809e-02
4.729999999997148166e+02 -8.120169199998839815e+01 7.640131612375371251e-02
4.739999999997139071e+02 -8.120362001782596906e+01 7.635227797661191251e-02
4.749999999997129976e+02 -8.120553161055664759e+01 7.630358709044980647e-02
4.759999999997120881e+02 -8.120742695892323582e+01 7.625523995710115077e-02
4.769999999997111786e+02 -8.120930624115067076e+01 7.620723311953880863e-02
4.779999999997102691e+02 -8.121116963298941016e+01 7.615956317086310101e-02
4.789999999997093596e+02 -8.121301730775707028e+01 7.611222675331526244e-02
4.799999999997084501e+02 -8.121484943638009213e+01 7.606522055731558540e-02
4.809999999997075406e+02 -8.121666618743378763e+01 7.601854132052580926e-02
4.819999999997066311e+02 -8.121846772718228635e+01 7.597218582693361644e-02
4.829999999997057216e+02 -8.122025421961694747e+01 7.592615090596128991e-02
4.839999999997048121e+02 -8.122202582649482849e+01 7.588043343159457665e-02
4.849999999997039026e+02 -8.122378270737539196e+01 7.583503032153411649e-02
4.859999999997029931e+02 -8.122552501965753891e+01 7.578993853636631362e-02
4.869999999997020836e+02 -8.122725291861502228e+01 7.574515507875520526e-02
4.879999999997011741e+02 -8.122896655743166150e+01 7.570067699265309313e-02
4.889999999997002647e+02 -8.123066608723588899e+01 7.565650136253047886e-02
4.899999999996993552e+02 -8.123235165713423100e+01 7.561262531262372133e-02
4.909999999996984457e+02 -8.123402341424439044e+01 7.556904600620148460e-02
4.919999999996975362e+02 -8.123568150372777552e+01 7.552576064484756158e-02
4.929999999996966267e+02 -8.123732606882121843e+01 7.548276646776085064e-02
4.939999999996957172e+02 -8.123895725086813968e+01 7.544006075107181908e-02
4.949999999996948077e+02 -8.124057518934908728e+01 7.539764080717470396e-02
4.959999999996938982e+02 -8.124218002191169319e+01 7.535550398407515893e-02
4.969999999996929887e+02 -8.124377188440016084e+01 7.531364766475308337e-02
4.979999999996920792e+02 -8.124535091088408478e+01 7.527206926653935704e-02
4.989999999996911697e+02 -8.124691723368673024e+01 7.523076624050786809e-02
4.999999999996902602e+02 -8.124847098341263063e+01 7.518973607088054456e-02
5.000000000000000000e+02 -8.124847098341311380e+01 7.518973607086787414e-02
